2.07519505681483
1.78682242281224
1.61602215284591
1.68053537108169
1.78852667305454
1.88695359613803
1.81107642963869
1.81835339231374
1.8860760051812
1.69506650232776
1.67497905327406
1.87977295250619
1.78180665143032
1.71068646077658
1.78240627566887
1.77814363556778
1.85654700854648
1.85570920808083
1.90114596582668
1.85157838268093
1.7887553637511
1.78910794051078
1.75219871374648
1.62598420487396
1.72973670645559
1.82815742339027
1.72488471608438
1.65341279205319
1.62293444497254
1.71545816032781
1.73405421491343
1.69722543607872
1.87782386532247
1.77193506133607
1.73800258653589
1.68226126098613
1.49490406872294
1.90079453248529
1.76380457917733
1.7645084273726
1.57486198124651
1.61035564322404
1.71396282337678
1.72342647570705
1.77227129929175
1.76403607708821
1.74861244860504
1.72162840649782
1.66430483042158
1.62224514352052
1.68375986695674
1.7274803020622
1.76662636691105
1.7208796212773
1.84906113445557
1.85955406661628
1.6835635356445
1.8459916006612
1.67477286704949
1.7316214436116
1.96949788981888
1.77596631432479
1.78067125243934
1.71817104027347
1.7877434458032
1.85018965561551
1.69486300582955
1.74157839680575
1.7269741155115
1.89536013311541
1.9043475516584
1.7122780216726
1.77390720802356
1.77947150428292
1.77529886807446
1.69236564694442
1.74701697929511
1.74047555215833
1.76120945000598
1.75523942139943
1.69037013856184
1.84075801953749
1.78944123733405
1.80746212549833
1.70276903029688
1.76714191154604
1.75290818291565
1.70041406063959
1.77244467940889
1.77459132461682
1.78971499549811
1.75133601562275
1.77512224469409
1.78436894374952
1.78518160000227
1.78024058673535
1.77267073090805
1.7763772634799
1.76527287199268
1.7690178369575
1.77509706508773
1.76412256612753
1.6974486194051
1.76261556276406
1.85063954477685
1.80483277005269
1.74305718166714
2.10816734761956
1.94606090887974
1.80687228759223
1.70245931213695
1.8122363087755
1.7922686365541
1.61535277989802
1.69225794020118
1.87859756160359
1.68694795719417
1.92291773710182
1.83408128290166
1.97595692796073
1.83019314395696
1.67209889694007
1.75772181376503
1.8004325081895
1.84884041740013
1.70369904209216
1.74121452754075
1.82433510604809
1.82097730396212
1.71313901307816
1.77794547770665
1.77794704032733
1.7779734515483
1.77798939711487
1.77797809930171
1.77794750531197
1.77798592410496
1.77797143170046
1.77799622312621
1.77803221865607
1.7780618676733
1.7781419707046
1.7779783393331
1.77799437232982
1.77796867374014
1.77762669992513
1.77525645104909
1.77712782369201
1.78184077072475
1.77906123037885
1.77836084122843
1.7823066955889
1.78979293319668
1.78448975812249
1.79651677264856
1.78459721149758
1.82230674409453
1.57884864078515
1.82794369681923
1.74707908366838
2.0264580694656
1.8579717822273
1.68405488505166
1.8043455859603
1.73438534218842
1.679531148144
1.68686292167853
1.70457178890374
1.78419950679565
1.97287807428965
1.69371511945915
1.73906289528516
1.77039970194056
1.76583688205409
1.69866855557954
1.484691425989
1.66981248103015
1.58448344646541
1.83183985046168
2.03036822126583
1.94016315464228
1.63601093015778
1.91600668844335
1.74190459421138
1.55379922307714
1.53612787172855
1.79779559673058
1.74559492361171
1.8036654372987
1.7538742030884
1.74324048514461
1.68830823791448
1.72386140233304
1.67313209300945
1.61798669461779
1.45517657901872
1.77594729533057
1.61480319043384
1.68520483718695
1.82845673238743
1.94515689647034
1.7695117076751
1.77507241751013
1.74545558971732
1.79557405502383
1.65430500815432
1.66230985518003
1.72705831411392
1.79894077641257
1.79124039330811
1.52073028365792
1.76673405380892
1.79828022555986
1.76298145401657
1.86892547331075
1.64007750165282
1.89785044277746
1.84612670696551
1.690421668542
1.70021547324109
1.87469375777033
1.81847983518844
1.64903010637254
1.58178243779146
1.65217458688948
1.7119512577958
1.69965307694255
1.82850406347331
1.75801310858225
2.03372105901741
1.69426174117828
1.78088668655318
1.6133295223525
1.78100408353996
1.95849620173292
1.7438408059069
1.67797279547727
1.60104261526215
1.77779363793516
1.77534857589825
1.58343512800213
1.6928423711284
1.87295104988836
1.70634922250731
1.6816154390308
1.68936916355258
1.60322255647653
1.88988861403645
1.77950742693446
1.76554818386852
1.80067331094288
1.80515223025303
1.81411104948206
1.78800433336939
1.8290796550208
1.82343485463549
1.79163952785918
1.7802380652524
1.79353934420376
1.93864935967348
1.87227677922585
1.75606728665146
1.75773088477911
1.69672861992109
1.77954885514911
1.70513984248281
1.77969758425793
1.8357195798611
1.82015001029295
1.80390667996031
1.68909530198684
1.70171894819715
1.88219696406375
1.67813720680333
1.60376796395961
1.73387821280962
1.74372183765375
1.70144060190696
1.75805885357003
1.72270853578565
1.76099896767049
1.71447698859249
1.76879611782596
1.72775303352437
1.7692880587481
1.87654529031953
1.73166096871188
1.67188860007585
1.85976176015872
2.02685719619161
1.74162688277482
1.76074287599487
1.74182216966967
1.75112656737394
1.99383808834514
1.62765807322374
2.0570105876653
1.65606941161582
1.74557956580814
1.75482226604795
1.75551903678738
1.74419060013685
1.75623682451378
1.7630581695181
1.68586451598488
1.78862270688386
1.77652640963344
1.73586196863233
1.74125670627676
1.74791191570242
1.74676374465118
1.74176032279592
1.73151607958925
1.74022212221575
1.67709390509174
1.69834991896153
1.81424475378018
1.80780789592194
1.74673286215828
1.67385934895077
1.61823966591985
1.79408385278922
1.75132656647458
1.8627336181751
1.91230156784552
1.81575272225003
1.81573212029175
1.75657301649381
1.60110211075225
1.79465409791077
1.74249359151881
1.65344670252464
1.75683720172767
1.75908891981703
1.82063691931082
1.78023908516006
1.79203291328371
1.84124738628443
1.83525257238231
1.82406163937214
1.70863502081609
1.67092757521124
1.63247649537748
1.7287173092274
1.73937784687212
1.84593390991519
1.78165962899494
1.7450859436266
1.85142337370421
1.78557207414685
1.71894136989866
1.77870917174015
1.59663158818199
1.69188275419612
2.02563154020508
1.78428179501311
1.64716642870634
1.88485898149227
1.75649672614542
1.69255794769733
1.74287117391722
1.7416228510427
1.70905624095794
1.77202217740935
1.74117189016533
1.68033948625125
1.81591591467771
1.97580308716573
1.76149766292326
1.51269279783905
1.83989806613674
1.67885596742304
1.61544573016753
1.80116971137051
1.80773553901163
1.60582636118451
1.63644647544879
1.72787331983075
1.72863586294907
1.6993485407904
1.78613641690158
1.83843901285229
1.788091066855
1.77149125120777
1.76020934460321
1.65956756466795
1.86530997171364
1.90453991115425
1.78987661693191
1.72731659543353
1.73613120703547
1.67982314568094
1.67535882950572
1.71831159357915
1.79344779929092
1.79145005871774
1.95929696040213
1.93629805973093
1.78546223413297
1.81161385384604
2.1030172613658
1.72123806865577
1.6669927142703
1.88455246130463
1.26877860695246
1.70135047909494
1.76623577552516
1.7165429029213
1.69914416648876
1.51217406656069
1.52500089892043
1.71239683466404
1.53096763643798
1.84733827096359
1.76377248253357
1.84797318863471
2.11078929194705
1.73424491386856
1.64660840839145
1.86330612256734
1.73878625692599
1.97340896066119
1.7896227814799
1.86886776770659
1.53047025232097
1.90715541593402
1.77735975448587
1.74131534827609
2.07556283291034
1.66789164960954
1.74166414519614
1.73290701495437
1.80781441202576
1.75637616658178
1.89164379488466
1.82261055859347
1.80231996183421
1.79929518193106
1.80774872269236
1.8041244217877
1.80486541533837
1.80694881924298
1.81656045417251
1.74348623722756
1.81790709018232
1.79339385313263
1.78663310772997
1.69530850681551
1.82709026217454
1.66448667459966
1.62243104274486
1.6977448847404
1.71218694073122
1.63148098745714
2.09330749371157
1.48044042484605
1.6269351568873
1.89263331486842
1.74052447225034
1.64220307225353
1.65908398238433
1.87032207733415
1.85136432667473
1.73045517077818
1.47330958693998
1.78204321900706
1.59321878997043
1.57677722272015
1.53315026098866
1.81940507804276
1.73296634431679
1.62797693195306
1.65896552545994
1.7886776591097
1.7378208180707
1.71320544356218
1.63535014611069
1.75288643864167
1.76712914633606
1.78989205040837
1.70952638741436
1.78742099086748
1.73400924719345
1.5121629614362
1.71755625748094
1.6815000700081
1.59024893571089
1.79045340103214
1.79717588364001
1.6840006994952
1.68756114039881
1.65021336716044
1.65364022742053
1.6147995611017
1.61551529020314
1.63375992752848
1.76296486115079
1.72670857820696
1.82096130601093
1.68133966444836
1.72945259307055
1.75096834801267
1.67884971151258
1.49133162819505
1.90770392834512
1.68073696029004
1.64993982685798
1.74041784446316
1.79645166340544
1.77118184926041
1.83180380920502
1.85610627478518
1.8665283399195
1.69326911455343
2.05787570298749
1.78815210219557
1.7923881890832
1.83749292627775
2.06222413949768
1.73267402823349
1.89450254128315
1.68849107257952
1.65695838328865
1.85133677684658
1.76800367377798
1.75706565862205
1.54395911904392
1.61884654273574
1.70625212690427
1.98442934603933
1.67610245342149
1.68897818206304
1.82383476565523
1.72810640734414
1.8345476875265
1.80990606098418
1.76043507173958
1.62571859766635
2.04785520805551
1.91238873320126
1.65464370392479
1.63155184986008
1.73912026579962
1.7184101341333
1.80306744917829
1.67403146470141
1.79184643126869
1.76499931465386
1.73315606842677
1.81805919552444
1.76574615841062
1.48803506599453
1.83271532831925
1.83535846495509
1.68295999824331
1.85414649757205
1.69768764297156
1.7921738305077
1.57187783939451
1.70465331732592
1.8462317359277
1.6497569433529
1.78677875875722
1.54511271363179
1.66575178324439
1.74586747611396
1.74722848910522
1.77837209453396
1.53714486151244
1.85592322830692
1.98753508347208
1.90401943050086
1.68982953933356
1.64569351339177
1.76436096403476
1.75662568216986
1.66953847737212
1.76504797433533
1.76957546733358
1.89372394460612
1.75086027676252
1.70196822030577
1.62347157080614
1.52611466861306
1.80806451489351
1.82462671260254
1.64272997199402
1.88833207917407
1.74173304803618
1.62891440134594
1.75793094151649
1.76051811024421
1.68925573123828
1.84096919590353
1.81186612778319
1.80929299412497
1.80184629383237
1.74575876001655
1.7219261028993
1.73274638809916
1.85882957688376
1.74199929876079
1.73290297787634
1.7168143476418
1.75013156244285
1.73170754157464
1.74985981757146
1.77348680727217
1.79033586011789
1.88354551959948
1.8209719969149
1.87228571305928
1.87625948957067
1.87467043864122
1.87496442753426
1.87816119478039
1.87677829131387
1.87518621965796
1.88612484469454
1.8692736441041
1.87249646846659
1.8783793511848
1.8666156193163
1.86681044908584
1.84315729410036
1.84321101777557
1.88706758891199
1.82870907066556
1.90324812839504
1.75882597278617
1.73294776401597
1.73842498245992
1.84115501130149
1.77745392486681
1.84887440096723
1.82265961114582
1.80929689850023
1.84858302973499
1.71301017614168
1.5895912080186
1.62855059293361
1.72722510548086
1.73367126423113
1.77471917178574
1.68949538205563
1.67918765798579
1.80951304618235
1.80646953548716
1.89691934227636
1.97944686204349
1.85505727446317
1.58672647741941
1.66746460050547
1.7094255357634
1.59578261294238
1.86168348395663
1.88143097586198
1.83972499751322
1.86212574236371
1.83835567945483
1.82484200180846
1.7434463004389
1.74914633700781
1.68203211995111
1.67407321333746
1.65864342721435
1.64513783981166
1.87945722677133
1.68949676681735
1.78984156332524
1.80357531533866
1.58216397339239
1.77531678288676
1.69598886348462
1.82283696357857
1.75470240200673
1.74626969095652
1.94486324592028
1.57589359175544
1.78763216928198
1.97559829534669
1.73910549061274
1.59394462119924
1.67535796213883
1.70400933395209
1.75825174513613
1.76934324066237
1.66128679487928
1.74829883296056
1.7985451199559
1.78603398267693
1.76757159358617
1.6379080041977
1.6433533485269
1.7268074669137
1.75404318700923
1.76337699253509
1.6484642919507
1.61059913593411
1.563800985336
1.73663394710989
1.75689189126782
1.7300204029144
1.65029499792161
1.96150175281591
1.81114518055149
1.75539838440979
1.76823669177377
1.85060596163869
1.72329389914731
1.73142755721665
1.75950527780869
1.77470859248034
1.77505474224054
1.79739934341921
1.70799242469026
1.98064639258458
1.62302093977623
1.80508121604102
1.72491787049949
1.66908733139038
1.74657796042009
1.74731048604115
1.73233370422816
1.91180278387753
1.7620070530274
1.8506644380776
1.87202816777226
1.81857558043173
1.82353768004643
1.7159951093863
1.75331014339928
1.64972827610981
1.71461502724436
1.76987472509276
1.86396015574022
1.74654630667313
1.59510429504438
1.74969879552219
1.84042684523239
1.83703113255291
1.69726141146581
1.59920735727614
1.65871573816893
1.70859469596363
1.77028419146282
1.98909769823825
1.79111872734771
1.73693407900537
1.71126485406263
1.74035531220887
1.7109717288321
1.73869194844726
1.74559169551009
1.61423053714611
1.73697234370719
1.64939074540419
1.69409337834052
1.60782279840101
1.71839114615274
1.66691102055693
1.73036436299144
1.82831280654315
1.7152457852358
1.73567469050275
1.75791385900563
1.75246852409432
1.75260522999015
1.74386219176793
1.74030857992754
1.72710126752291
1.74705817008218
1.77139551058631
1.76953151079498
1.77461322289357
1.77862300195781
1.78630499142891
1.77181140092387
1.8479755771152
1.80572755546266
1.81619231882775
1.84635168679988
1.86408666550048
1.71196338636252
1.94659940134357
1.90912845964106
1.71412957422261
1.78288815031281
1.70444000118801
1.6982327786568
1.73870879606705
1.69109758351681
1.81826729131292
1.77380593980214
1.73197446847314
1.87104456473106
1.76965152160191
1.74643950084642
1.67766208393172
1.60790206774495
1.76514903057175
1.75679521610977
1.7473391894526
1.75723127535394
1.76252440710792
1.78536383527298
1.76685609436678
1.73410986391539
1.75427518116376
1.74232677080828
1.76378761766548
1.76407232843584
1.62727063419661
1.73546548969324
1.74246685506394
1.66225519945585
1.76777639559205
1.67052058125386
1.67118313304535
1.72015909849858
1.84459945574401
1.73637888834327
1.65933640312192
1.77166720693535
1.82148080357823
1.8945097234304
1.79562701073341
1.78959274438954
1.47763584032252
1.74654259886231
1.70415171746779
1.80709251430676
1.82257293591618
1.77965046569163
1.56739615641119
1.74240834398184
1.70446602118881
1.7785842247074
1.84122000907781
1.79459298414257
1.70602758620234
1.78110273702675
1.77586187523413
1.75124412244594
1.71332497780611
1.6925480267349
1.75362611184673
1.76572947671407
1.77245975588747
1.73449385456093
1.77227554468556
1.75872201355752
1.76501644757398
1.73344916804395
1.73918006898817
1.72160830696296
1.74630433116897
1.78411731492421
1.67634811954536
1.75997521606368
1.6647750559517
1.73201669329152
1.57789178788652
1.64823371867964
1.75777850650493
1.6204343345102
1.8136276466805
1.84406163632198
1.68357633642582
1.80803253986365
1.61768267955884
1.71678410502559
1.64836872863587
1.65550007842289
1.96010348063044
1.73048917032255
1.84245306494292
1.87943145163762
1.84768907633055
1.82671185654658
1.53719739891213
1.64685552215152
1.88999118889717
1.79481652199118
1.96640493203019
1.4392368280476
1.58508811101259
1.74684146968368
1.6230377364662
1.75020547590065
1.68420670744293
1.86639105462293
1.90559746852614
1.91369299951093
1.55815744627643
1.77421090724908
1.75128391857096
1.70984435922711
1.59200506931308
1.56653030231877
1.70070092192307
1.83360105601692
1.86334080273368
1.61622687188199
1.58484981398367
1.78524696442628
1.64616892316995
1.7666866502661
1.13337666679821
1.9179662028324
1.60911484263937
1.45078237389823
1.7018879415438
1.68471189480636
1.72928611778217
1.70105395863448
1.70746123293382
1.69924974500503
1.67951969029812
1.73198696853706
1.70623107379003
1.76315634273898
1.51377136700484
1.5478700710762
1.71136969478279
1.63792394220297
1.77995814169551
1.69685607787968
1.72771059703589
1.67310905610054
1.79946031868981
1.8554761608301
1.79165482922911
1.92836138993143
1.73226542426294
1.74226343279948
1.86217031887865
1.81376399123473
1.82058722304344
1.86946659319122
1.53627169666843
1.81435802270603
1.8868154186143
1.73071778660849
1.76062748156415
1.77924626923768
1.71801349152507
1.76040270880107
1.75022907379475
1.71028458566029
1.56457552774743
1.42983884301469
1.66009925364783
1.51142670283103
1.74084445024022
1.58214890539179
1.73802450261303
1.77360336838032
1.79273223656521
1.82900506872052
1.42207447409167
1.66460169911642
1.93811731769918
1.73789675598072
1.71133251996105
1.73557928020104
1.66607363337532
1.75420511665923
1.79594961276196
1.6646058285663
1.61321663351175
1.70914793539568
1.87719733225233
1.63007526612371
1.76260902006241
1.70931662268816
1.67338135293946
1.62061792203236
1.76994919561866
1.70538654592315
1.63805303601855
1.79744889043673
1.7259034021037
1.70240167999032
1.7422241778267
1.77374246604957
1.80723587657004
1.70902824691286
1.72757130576673
1.72628297445811
1.81879776246625
1.67527673898567
1.64193882911788
1.71656437935068
1.6938007141926
1.61541266496865
1.66919250137647
1.79967093490545
1.61221219443863
1.60653123935582
1.73413736275786
1.84851109885903
1.8647323183189
1.71694953240828
1.74777478646702
1.63782856261507
1.68460448174252
1.9685310910415
1.79919275389253
1.66675258117915
1.92362867940114
1.73614358362543
1.61031875947259
1.92981217669896
1.83068638093896
1.79646163422467
1.956703674825
1.66986149476588
1.65832362745789
1.87000650954272
1.76464975550493
1.92198008082662
1.6990472646679
1.71432640960307
1.7355836396257
1.69575295575777
1.65670159998577
1.71244464001058
1.84431673149361
1.82435151518407
1.73995561483155
1.8739384574638
1.25346545127578
1.7601858225557
1.79364652852156
1.82477665644206
1.69113609661977
1.83918929943925
1.83024706210818
1.86985539284763
1.76932808932053
1.78784649852433
1.75547315795502
1.53532813896715
1.74753129600674
1.77780913023332
1.88479055701599
1.83344196082161
1.74389636737342
1.74235783835434
1.67509835997469
1.71439385153156
1.56102198428797
1.83651779321668
1.64924653812302
1.49288529323258
1.69523252064699
1.71006218340969
1.88125756497711
1.82288448201838
1.7031936504212
1.67383407102598
1.75150127193984
1.86181899685922
1.78319374197842
1.93831658739186
1.74697441839475
1.74895989593003
1.79232233972264
1.7537407186358
1.74748514706132
1.89243078263169
1.74145951606002
1.81118895730929
1.69273378557635
1.89214745499452
1.57799445002551
1.86118599718102
1.70438360380607
1.81497500333608
1.73240473293222
1.59670867556169
1.77857799384947
1.82008977851596
1.82379520398533
1.82396363022651
1.82592937722719
1.8263529063702
1.82817250050445
1.81450043003349
1.89728894271014
1.78964776189565
1.8583729342263
1.61093257598459
1.56611652438387
1.74805572820848
1.49256135039807
1.72608482741156
1.72610827046178
1.80257747921474
1.81810098507258
1.70233297566701
1.9575146238887
1.8234372439735
1.94306252439331
1.72033056161577
1.65330138832373
1.81326984894787
1.55442391674642
1.94878939454942
1.71833336245877
1.80377522825494
1.87852947998654
1.63659798222151
1.62152815156759
1.65555543970837
1.75615404441807
1.73503906673412
1.7093264789233
1.72864624688649
1.72082175414315
1.72234973988712
1.7531068306936
1.92765257523059
1.81749050203562
1.84322794528246
1.78151134270139
1.77705539525612
1.79752865903335
1.77363929433155
1.76509572652073
1.68874631399992
1.75012672625093
1.78414338078859
1.95911700377487
1.83583686781246
1.57872618027788
1.54441898752249
1.89266442489157
1.70950192581228
1.62333984326197
1.8403057845697
1.64404710263715
1.97223374946441
1.65366179322683
1.71792023432539
1.82563251581351
1.80677186841478
1.73618066394799
1.5916229486227
1.79277592804353
1.77769115112908
1.68363827468032
1.67116645168358
1.68806980666783
1.68698658775297
1.66685372437118
1.69560663415305
1.8437320330939
1.80187167859902
2.03365088392952
1.70859283243273
2.33583892577227
1.69450783000062
1.54972376894229
1.73349605395167
1.65876344640339
1.7928372626143
1.75749266439989
1.70228831074919
1.87569828297984
1.86512980380134
1.60785072005395
1.61908814744425
1.75911761222525
1.69814237060838
1.83385573170724
1.7142116912333
1.75356296647642
1.73929820032182
1.72196046379802
1.71436792026038
1.65291284488177
1.70590274036744
1.67300188407885
1.41270987455535
1.81175980001783
1.87218827516681
1.64815929083574
1.78690713339324
1.50956108389293
1.73528119525829
1.47746348312043
1.85886973312871
1.73900764476682
1.79130071375222
1.72557589244401
1.69533894653037
1.77456534088518
1.67054959651287
1.82954269479157
1.74181938162976
1.60444392819581
1.58268139625899
1.811647389606
1.77921866578276
1.82662724897901
1.77810847241804
1.80176106474502
1.77173226821772
1.79805876047761
1.76800635607511
1.7753351159771
1.88909908382027
1.81214058665324
1.83946868816771
1.68686636377356
1.66306372671957
2.16161209371375
1.63104842852953
2.16783036517863
1.89935139847299
1.81676684518022
1.5719682865885
1.63654430048837
1.65358430264522
1.68272671715334
1.73202100999295
1.64557567752165
1.7501135380894
1.91958504982521
1.71512050782001
1.7317477846179
1.75196561980114
1.77294445119795
1.82012064979405
1.61788895223817
1.90707464026726
1.8108208763769
1.9451765144864
1.97117001580405
1.691439863427
1.70007417437359
1.66004393387455
1.78882380395502
1.74082709663198
1.75791083003133
1.85240128592936
1.75064384813803
1.84945587642632
1.88449520651091
1.69399045734474
1.7490596455172
1.86611102628803
1.78047196274554
1.80046196628504
1.77539034190601
1.7838573268998
1.7786802586158
1.88538993440193
1.87576544825501
1.80509418550815
1.73538218269053
1.71213782688737
1.85029845926748
1.81418690110252
1.930949657194
1.80363795828824
1.60522772502523
1.80431853178106
1.97813826308117
1.59478127519805
1.78311106425612
1.82894504750483
1.87928820043798
1.77070437408814
1.84379202472415
1.78157579463273
1.67909538187632
1.77075982743726
1.78346726900651
1.67697859532294
1.63082161991539
1.45660012631373
1.98423071645273
1.80501794352435
1.72521061474869
1.67026368978398
2.10009403305694
1.76121457421002
1.94764389072831
1.75819422552972
1.77416879245005
1.6424794420888
1.7150097757797
1.82561728257331
1.78037636034185
1.74118441386037
1.74241021262598
1.79698281923694
1.68872744819389
1.75522289399237
1.72560598231343
1.73621877983779
1.74540091992331
1.74555251514677
1.77276998325208
1.76259275322014
1.78647314758262
1.67443940355406
1.6553589292501
1.54458403515237
1.8404687757209
1.68727823637679
1.84936086057421
1.67711811110598
1.74720326880255
1.63345039934234
1.71226607428135
1.91859730328817
1.60870335903699
1.76225791820893
1.75837689314351
1.72254708848365
1.77517150107246
1.71899624051366
1.81790417489707
1.70946914415181
1.94751555486144
1.78290420302295
1.75654038339461
1.57669296319543
1.77992250232146
1.86345859820349
1.87024173920817
1.79344598919493
1.65748137236324
1.76905589106018
1.74994080958777
1.82025238992954
1.74045716987444
1.70118836174323
1.7844281899619
1.61589166345251
1.55130758256546
1.70268926484637
1.85585392848739
1.84913134771974
1.79536150237263
1.78274757430055
1.83008194036155
1.78817113717402
1.82530084522641
1.64590596757166
1.6736018937808
1.6182113840253
1.80881842383481
1.79256007300094
1.9119073492941
1.86876266258698
1.86196917083613
1.76909941363966
1.64898846908569
1.68118405081536
1.68032736863673
1.83540491316383
1.85980890995355
1.96377469576535
1.68206322416691
1.64667133388028
1.72805880432816
1.52250402179625
1.65763138528599
1.75650560331809
1.54435453687512
1.80219931588114
1.77078513817973
1.65130738968955
1.87930710350085
1.57639502682448
1.88115153885937
1.64634113189007
1.74583708203782
1.71693499850621
1.70592600022685
1.74457259421064
1.87404960220194
1.75450349451116
1.62177888021516
1.69674328632301
1.82347933844666
1.72125580616884
1.62523810756666
1.79338278321493
1.76639312020161
1.82584821134397
1.61592643957245
1.72345609045592
1.73478754348121
1.68158290758107
1.60351819297461
1.82401563344674
1.59238101219561
1.73987686987338
1.79657235742895
1.7784320316654
1.67022158864895
1.55864425020825
1.81747910895274
2.08280197677442
1.73461646534866
1.76220040323408
1.77583328239689
1.68070285543904
1.74930440498867
1.76460173326659
1.77041841622963
1.69318500064369
1.74399210105302
1.84524321642603
1.86304777618798
1.84780560111953
1.70773372011367
1.67814144547658
1.75037425865409
1.73162976525085
1.6101314854395
1.68554538671433
1.86318648506079
1.96004514962942
1.77732264861148
1.58342025653976
1.79246506226346
1.69046615697823
1.82567788158824
1.82112651370306
1.72548567432715
1.78098955052133
1.86800260149464
1.71854346692633
1.42676075099585
1.48799730182637
1.37965976018095
1.5972690646409
1.79031772320584
1.84555327897409
1.70679856437807
1.6926258242611
1.7403589244738
1.64376083637556
1.80777714050732
1.6816924461279
1.69215899590487
1.67550139302305
1.68536465569602
1.6828562310906
1.68360961343949
1.67199760681093
1.66941187150969
1.67072101031866
1.67068411006733
1.6700669634787
1.67037258981133
1.67578880639929
1.67573859192297
1.6766114867139
1.67668740454012
1.67673362843056
1.6761945041814
1.67733623938597
1.67562160829989
1.68321085569665
1.6729802857106
1.67606129624001
1.6730062356601
1.864598124114
1.45018693194921
1.76770372518653
1.72690109370287
1.69625491490849
1.69336918181557
1.7483733660217
1.74894314197442
1.66734507586054
1.75162301458485
1.77778753385733
1.76208651081652
1.80747967646256
1.93170717741532
1.78126028365092
1.73595865741527
1.75188231399012
1.74315055741382
1.76229246548381
1.75903324932786
1.76089405129734
1.75947479385069
1.77094323213315
1.76860065984106
1.79476045713203
1.66582294080955
1.58080151246327
1.69485598288464
1.79341843557564
1.68259738670399
1.74160783891812
1.68149878841325
1.74991604175949
1.84122103780392
1.6750124543855
1.74005142410028
1.74203102312918
1.78837360472248
1.75697290195667
1.81600842805668
1.78438352179041
1.80133994319893
1.88091416696745
1.8306584721989
1.73405323434999
1.73517056719227
1.78879464916163
1.70208734234858
1.78318387173338
1.62626082981104
1.66941646203586
1.71749101788977
1.70496090567124
1.87998629057138
1.8335618671704
1.91932573971289
1.57575510800465
1.65670110183304
1.67311712345974
1.7604514389645
1.7930372706445
1.61056365748035
1.46961584529176
1.68828185991465
1.80357511952299
1.60963284251381
1.72782256239109
1.82892095853132
1.88163895621491
1.77983381987071
1.76149691547879
1.76365357906745
1.83296480679948
1.63196417693704
1.65133855879776
1.57628017767984
1.6646830068134
1.92772580488125
1.76845144620287
1.88216501738685
1.83160925937926
1.85521370275672
1.84130166753354
1.77925813076819
1.91127998224353
1.80657152891294
1.88704485485943
1.50932792536208
1.76471812856042
1.58031802296212
1.84766207877367
1.39730945536125
1.61284691136865
1.80409697726239
1.89199690467789
1.96145982807474
2.01778315033165
1.96432401765082
1.8254248912068
1.72333503077133
1.93019184450292
1.71309092501258
1.67462317731375
1.62959674264749
1.68161980507286
1.777981514758
1.87250998150376
1.77365121900473
1.7059953114284
1.59647122325029
1.89003316164599
1.59664286051106
1.70975583377073
1.6713685792822
1.86520859133553
1.85043146917577
1.76262042343751
1.72489494143502
1.62824550048563
1.74155729112656
1.79152931938038
1.79583532705283
1.62284315468188
1.82564916532523
1.61175069110995
1.76065547235281
1.81125951802829
1.74927579056182
1.77142631233091
1.83001148801724
1.93271597454801
1.83657363563763
1.731334815832
1.69077525342049
1.79324785532796
1.75457200101036
1.80082434760987
1.77965630963573
1.78539735437619
1.80488590301327
1.74915254716719
1.73908013159828
1.80115182477896
1.83297569968878
1.62513811944162
1.66285813110204
1.60163683687076
1.79241226894036
1.53774578942702
1.72515215349038
1.57696551284563
1.86605723585958
1.77045636084621
1.62967202072035
1.71891511074336
1.99877725076408
1.62892310212449
1.59912697124418
1.74804692998704
1.63956370765647
1.84143453780327
1.90080095270924
1.81245861568209
1.83559022213477
1.78421539422091
1.73553530067842
1.57027115915477
1.8199742269672
1.86754154635703
1.70417668980501
1.77900625320642
1.82554824375585
1.66310970026815
1.80434289468284
1.7484188194755
1.63017759196988
1.6736509158075
1.54519423213152
1.68434520252162
1.4460646023357
1.69454742853857
1.84029150926051
1.62316086790217
1.64671151471338
1.70379725815152
1.69872705479293
1.82281772072283
1.74951088348565
1.67878590160055
1.68775563263558
1.71616437926624
1.71247376772676
1.82826394945862
1.69548654898683
1.89337616584685
1.76396495234481
1.70266839868418
1.86020632212686
1.72441433202527
1.48410263312951
1.56171479779518
1.66136380733608
1.72343678852085
1.62678070682706
1.82519041381434
1.71492916138093
1.73584026504571
1.82152238205492
1.88770733528349
1.84905827615771
1.65905750226191
1.6790378910713
1.70950888111093
1.73652745154156
1.73803967546297
1.75414216445571
1.74795572442894
1.87351053684757
1.73200683150387
2.17990512282416
1.79309217257141
1.79475590798947
1.75967587564353
1.76746619994254
1.80285330737604
1.84552900179096
1.79992165429905
1.73841841157962
1.70912867257312
1.7997716584116
1.57037582505425
1.78987148960533
1.65382510152926
1.56001831106702
1.65048611157331
1.6524774018318
1.72963578772833
1.73173335221101
1.68055318855059
1.74786719749919
1.68217089384749
1.6355976175373
1.89300343790563
1.87900058794525
1.89280585350133
1.8585936771631
1.86279566056306
1.84440661198453
1.68544969991034
1.8017178882184
1.70991508337368
2.06937532242185
1.63025072759664
1.70843980633744
1.73929387498408
1.67767179390434
1.71976298388202
1.74413856801044
1.79145265399199
1.75722599013373
1.3345065510088
1.70607644505964
1.68821298150577
1.69864911333804
1.7229820672095
1.76122012561842
1.85142064067873
1.80065076891642
1.80244361223546
1.71841824141522
1.57286776390849
1.9040393652992
1.66699969025543
1.69113482692929
1.84492186659156
1.74535718701684
1.68970119384056
1.75130962891815
1.91547144487432
1.84162891103325
1.86527651011291
1.7731818608958
1.8684829901486
1.80553166810631
1.74149154601005
1.7614762957746
1.67084223326568
1.6849840516658
1.85615110318931
1.74270462852403
1.44629067848838
1.71328333502723
1.71395157043617
1.63673438717329
1.69491061015873
1.82020313229685
1.70431845652508
1.83316930570833
1.8291696408256
1.82689249097463
1.78186430225285
1.76039255485499
1.76617501177974
1.77562492211294
1.84146964846693
1.76410018283589
1.67059408568706
1.59067537218454
1.49239446596411
1.64747273658292
1.64629173326111
1.71817607114112
1.61584722289342
1.5378307398563
1.73993233727298
1.84245880099585
1.68031253821292
1.64735237203087
1.90467775151307
1.53780274933793
1.67380822761141
1.91375974300963
1.62252461907207
1.72363843446687
2.28666341638093
1.7024783056142
1.77310309615863
1.88307864681317
1.89217802123766
1.68423790954029
1.5499784334807
1.64592314187389
1.80646132595623
1.72461379747165
1.80954362291508
1.77275025812296
1.65106713048644
1.7601257925679
1.85613521026937
1.74740032662516
1.76828087354211
1.67382523350987
1.69122253076253
1.75836766898607
1.79174462144879
1.61346536515091
1.71359532488968
1.64225275840731
1.76609176127111
1.76054105194414
1.7780081774891
1.78301109271478
1.71296154963036
1.60580352893074
1.78427862850668
1.76190283002259
1.87011177999453
1.87564889902869
1.76412554571962
1.74454187875103
1.72133119437574
1.76923841425073
1.54804353897148
1.67112752814227
1.61198833362605
1.52793596890224
1.7637408352701
1.90488874567702
1.90484898368982
1.90477181288544
1.90484379310147
1.90471634187386
1.90670382894485
1.90519247626675
1.90664286808098
1.90884006277377
1.90072886907425
1.90977782842443
1.91108393571999
1.91471212661684
1.91129530323639
1.91802507478513
1.92139102245009
1.92044594920563
1.92363279451193
1.91994989484503
1.92660500014141
1.92084341878199
1.91562198661901
1.92831046873704
1.90030762461114
1.88916956297478
1.91419675974619
1.95849326736738
1.91894589483767
1.89443260157171
1.82215023549203
1.67555577936004
1.79475903253773
1.79524254446924
1.78387353455926
1.7654901602855
1.7782566954076
1.78605500375743
1.82451909827595
1.7386583155281
1.72856874090031
1.73824130871795
1.74374202821941
1.75095793529478
1.6758967117543
1.78365379479408
1.58339114103328
1.90480868167738
1.69741205529229
1.76002683422938
1.58779669062187
1.48048940951945
1.55061465358831
1.72332115661244
1.53760342895709
1.6384746504849
1.53275464821743
1.89321777527888
1.65435490576167
1.79710004540225
1.5295855297835
1.27662229764002
1.8319488646747
1.80140476364748
1.85529637144299
1.83329673884543
1.71357435219397
1.67384223018311
1.79832147469707
1.75039646812933
1.88191316680999
1.76721451665738
1.81838782973396
1.8581278238387
1.82055541221104
1.78506179548829
1.61850173837167
1.78941633449171
2.00563588662817
1.78781218700498
1.55786888754722
1.68713749669714
1.74883242964529
1.77313061203031
1.61852296261478
1.86088113987517
1.68051730119093
1.88811508786958
2.0142021787641
1.57507803414341
1.929112770836
1.90726444080497
1.6928313586917
1.59987572782038
1.66682086480181
1.58775276416084
1.57079920636763
1.63801636053705
1.75686466501142
1.64188736444046
1.52921183761881
1.69620278041821
1.73862710759276
1.63872027180626
1.82177216564635
1.72164826434433
1.93729032817158
1.84848875042432
1.80915029207615
1.84381942608842
1.86448200846828
1.89867195476439
1.79814495238023
1.82944193702623
1.7995806228208
1.82441825837786
1.74773017998757
1.77524513083063
1.96384768981327
1.67119757628364
1.62085009208027
1.95169433360687
1.74554864796259
1.82790852156993
1.64775106943425
1.91380937327574
1.7406965789898
1.67773921304289
1.78743945437612
1.78783282465891
1.75760142401022
1.78316567137742
1.80768623510245
1.83559446640673
1.69656286939035
1.77927078015212
1.80589562787755
1.8146806352878
1.78838717847588
1.66038197057761
1.74698485814676
1.79469503550526
1.7176098701211
1.71643196893344
1.7408341943596
1.7309466803417
1.72743170133117
1.7215862677623
1.74254061856756
1.76616480991135
1.8109639307852
1.75058166423794
1.67682062394087
1.89071617287291
1.68845959877784
1.75303973607075
1.75497681010332
1.99212731485592
1.67177191862106
1.65765278680209
1.71422336198637
1.78742068797253
1.73958562162456
1.7142474911567
1.69698162573673
1.81699011480471
1.76106000024314
1.80619510144723
1.84645090975676
1.71927791464803
1.66084438159028
1.6897673304139
1.75527974376235
1.793776142252
2.01971294990379
1.97666505939073
1.89829560884499
1.95871972518946
1.8222217323385
1.65476388027316
1.72160586128638
1.89176723457293
1.85262195216037
1.89697163618024
1.72454732130958
1.75466680282642
1.68899826110045
1.76011424992777
1.72977333664046
1.73141419442926
1.83670633895347
1.77316224729416
1.57600258020688
1.66026075328601
1.70677156123815
1.80947540772598
1.71247016908869
1.76192944896223
1.80773023679828
1.87889350493461
1.71920290409996
1.8304308778453
1.88597117965361
1.8183831386904
1.95531736523032
1.71800677449519
1.76468402742918
1.75152584992301
1.76269085011573
1.7529231129893
1.67448153411418
1.70811903010895
1.66459093830566
1.70396156815929
1.86971726582317
1.68332884512333
1.62198500403783
1.70598451482645
1.74619938436749
1.89869325711485
2.11401319689729
1.99378437725418
1.75735354661392
1.89777964766251
1.70674475472874
1.60103234188179
1.87215321372978
1.71599396554951
1.87878006326939
1.77942467063786
1.75451501500636
1.67951704100863
1.95670751776736
1.86392496835591
1.66177347435772
1.70638206623671
1.58785764546884
1.86816000038149
1.50379211160065
1.79647339015438
1.73753742082003
1.6665398368449
1.85844049070404
1.8416686215596
1.86481061317216
1.86550890609297
1.84192011749836
1.76194227483532
1.83454020669864
1.72128560385287
1.74124092006152
1.71055247283147
1.72765790032689
1.71982474568327
1.72680558115586
1.71871730392392
1.73852793213905
1.58854872932101
1.76598510870444
1.66790080661061
1.71037864401388
1.66725195293782
1.7351344059656
1.70549654811287
1.74606565465707
1.6160190184012
1.79830186203966
1.68737472824757
1.75891674771723
1.6188210647726
1.60506965459094
1.85962465699967
1.74363574354929
1.65043451248751
1.80664812497975
1.77827226684257
1.79738127807661
1.7023410361234
1.52433755345454
1.70258169003885
1.61146138600011
1.79180196168797
1.68373403994507
1.89554162064458
1.82920830986575
1.8365985540773
1.64715368584564
2.02051933877102
1.85986328198487
1.86153328781014
1.81566101926833
1.87201833364217
1.64677997371255
1.88617405284176
2.12287149258812
1.8540817021445
1.57239729655126
1.95536552849568
1.76911737656839
1.69029936520302
2.04616268699761
1.59864899899495
1.64361948563045
1.59783693351367
1.91337311497028
1.79127583729455
1.70189226974119
1.74744215439238
1.60555709625008
1.41495561468335
1.80713698428176
1.77272448593176
1.76052317368837
1.84068381274695
2.12803274900501
1.94046644834072
1.72598020869699
1.66737589951886
1.88398845092999
1.77862755435697
1.79253472871808
1.64447546355892
1.72346416678362
1.73904067857467
1.73954666492235
1.7445888808214
1.7479549307849
1.74011565871952
1.75232631742979
1.74403606235084
1.65907476665393
1.65694003576647
1.75644371448007
1.78961831648705
1.82079092218326
1.73464219975571
1.73028806725043
1.73292578588866
1.69054546150882
1.70741137664842
1.72713612863642
1.76287710204748
1.77917688896919
1.75337781771881
1.8998754253546
1.74239196779178
1.74252806108022
1.76371160997629
1.76646782125796
1.78722291897216
1.76179623655936
1.78014859197636
1.78305384922219
1.77821574255908
1.66759732461022
1.7397633577213
1.71682823140141
1.72734685353758
1.70733293093377
1.69107780809876
1.64893360750866
1.65991516406713
1.65392848743492
1.64407101734911
1.62849231712841
1.6243131433422
1.6264046801098
1.62776065550876
1.62847508319447
1.62116129046647
1.61568853679418
1.60413481458063
1.62402034811305
1.60860745393511
1.55498953126575
1.96339852290496
1.69678309081254
1.59945357790072
1.79243831757061
1.75465943538877
1.63651529003391
1.70056262079125
1.74105725461064
1.53984041654884
1.60553895334419
1.7145392936896
1.60805765338939
1.66800437130522
1.60150957888547
1.60998728980082
1.64561465933042
1.51338058151663
1.67617947837093
1.87102948217459
1.66303237083664
1.94708665707636
1.80861432945088
1.73530717219758
1.67890053441228
1.72721492799889
1.82076079268973
1.79310315608901
1.85573554842064
1.76413171251245
1.69328517015153
1.67868573773727
1.82026854764651
1.56697041871994
1.84058656498277
1.83046603860582
1.71873651693751
1.73447642377461
1.85114235279716
1.76877208733695
1.78145434669854
1.73284752260043
1.67559547371583
1.77031346331099
1.77189565669893
1.74080667038483
1.82540952672761
1.69591532008681
1.68714347496192
1.66607583232961
1.78967630408423
2.04597988408332
1.69769768301811
1.77495070505252
1.68608046986452
1.80354378469951
1.77836283171339
1.8522982767795
1.79893096976506
1.94634355899002
1.76223365444627
1.75575730669924
1.73882209640256
1.74889929602833
1.63298167384861
1.69578473485639
1.71417987280307
1.76577848647598
1.7727477566475
1.70918482809216
1.81007477665528
1.70225825851302
1.67048153776568
1.67751061302509
1.74565911367732
1.8296280170674
1.87469839067557
1.87142757051057
1.84036369836757
1.59728323786048
1.77539322782414
1.74106338912453
1.76949178409531
1.7383837487296
1.77340971621736
1.77616940583073
1.6839030163409
1.6907877273643
1.69745710236592
1.7300698758886
1.64977709369304
1.74958128038893
1.78296679299835
1.71080941152275
1.78709979959086
1.74575351847311
1.75633909318717
1.73968694267883
1.75381179494799
1.64446997447905
1.59888219550228
1.72636143896376
1.64835093521114
1.69824200126987
1.74469605229791
1.73654534016717
1.75133147842451
1.67078666865476
1.7670549841392
1.75795158827461
1.59694749612554
1.76538853079823
1.81626979754654
1.70182356496173
1.70296499507593
1.74998071644419
1.72388913124958
1.91043598046214
