4.51199696482674
3.11226429592563
4.77515456117754
4.31101417134058
3.77739119085545
2.5499112401982
4.57522790729572
3.84326220897272
3.87472761677846
3.88045626728721
2.96241830825001
3.07595914917325
2.09654119512776
2.71647600407738
4.6682932565422
2.86031241115255
3.92424066497497
4.67042656919313
4.87328995227045
4.63240226657662
4.17922707527184
3.69335122724584
4.09828584088374
3.1732405233486
4.08167986477776
3.99640973993657
3.48966841811094
2.99942284079804
4.30929249311053
3.94785173152181
3.0668593999491
2.85675538627326
2.56636768946735
4.65094610801768
3.21122581912854
3.96190884349677
3.98580605441467
3.62711282228921
3.29941927463652
2.81632269305122
3.0761592632309
4.18150599595991
3.23279381205931
3.10712117994789
2.66682944933752
2.70150485917697
3.54967516770368
3.76642026056754
2.77531066907822
3.00019367778042
2.84468864657026
2.82844317916596
2.80264192590867
3.90059858634237
3.33353715538319
2.33234425646793
1.38300053463289
2.98013005074436
3.26629722765018
4.2972959239919
3.33259032935689
4.29200248635314
4.4053272536146
4.21525571316659
3.39228960165929
4.23799653566615
4.24359496888385
3.92794914502925
3.86163927930013
4.3326892186514
4.30727313347828
4.67225818193678
4.27819886239484
3.7962370368902
2.8336837371324
4.64731721418914
3.95602733149257
3.68242972250343
2.85623283433622
2.95784553954073
2.77917473995056
3.91931086699664
3.28668566262134
3.22130200964695
3.18328791458013
4.33613783641139
3.75078058119223
3.41713234405459
3.3361936385779
3.10941986676869
2.43507252139887
2.5796127726142
3.81299868809975
3.57438038993939
2.4008671265757
3.18985999257078
3.46093379070956
2.94562866538361
3.42976568541168
3.47207225332725
2.99230354012886
3.57632085245946
3.27031762566612
3.73911729489963
3.1946921039195
2.43913061313962
3.78837615421179
2.63580154164497
2.43207249273994
4.27328058769318
3.83680843751794
2.36216962838163
2.94666277823893
3.68593208380292
3.75127988522465
3.59239339570234
2.97455856737519
3.55757374842136
3.12873819216095
3.89800264954057
2.36283633109156
2.90077485545533
3.25788406645504
2.65459804591557
2.9816041692017
2.10273674848465
2.64634025203435
2.85930268674845
3.47887589261008
4.48848012088411
3.00405808437666
3.93340014880271
3.58127545229859
3.32322126464301
3.27334252180017
3.50450307299164
3.07385465282764
5.2605767777917
2.82839468049813
3.77081662490823
3.28185758253842
2.48895428670873
3.74684373827799
3.56434660668233
4.08033004135647
2.87317279148001
3.13852016187414
2.03570404303839
3.3525332765693
3.19996802801845
2.18422777011256
3.61650485416807
2.69940104480374
2.88702387983283
3.18409057049898
2.32805196815618
4.67904565066649
3.88485230730444
3.6800851876236
3.33836553131669
2.73419561500433
2.34147001893284
2.72940621167479
2.88820365512358
2.95687532398111
3.26340874470445
2.44906596559316
3.27165086725045
3.40588706562215
2.99039701650052
3.27226159926533
3.36880407946687
4.05800012910676
3.9814295091961
3.11509529245836
2.5718604470941
4.48921373602229
2.63451016846884
2.66897952702261
3.00023594319063
3.48986617316162
3.08645141335385
4.10273285186153
2.51112923142861
3.17656780772761
2.48976385153533
2.53557514439817
3.14240260599225
3.1788713280837
2.6473772849069
2.80359792268941
2.66943386106841
2.32000163858501
1.81722504664867
3.61064746880049
3.05120412158918
2.61105183708085
2.92011566278402
2.70124749683665
2.00017227554451
4.05347695779061
2.0178191439274
3.7085788065074
2.51006742565166
3.36847163266571
2.65227193486109
2.85462836517655
3.9296092665517
3.57285673849678
2.04127455619812
3.54339729458043
3.1581739954217
2.89514861669137
2.91505327085161
3.61004346947216
2.46525118780713
3.2012101909796
3.051026873715
3.34906277416803
3.27488463842533
3.11915859734444
3.26162237628629
3.34740040166019
3.06962972618824
3.82131818359078
4.31062472030888
3.78019333462542
2.80667854749668
3.86962394894576
2.57116773011358
3.15424102805872
2.94546830045031
4.17046185390541
2.91717597148854
2.62798261308212
3.04599404223204
2.36384686171422
3.23455247560226
3.52273675281868
3.08642660031618
4.22429696941023
2.65652872162663
3.60903953732741
2.45800798717591
4.01423192963723
2.68153928269837
2.5852367301939
3.98543392884932
2.50446738157324
3.61179188432564
1.54353977456296
2.12165670161846
3.13453246407088
2.20993873160735
3.51776402978169
2.55901557821584
2.43683882930255
2.96022968065899
1.97322886064312
2.99893411950729
3.41366754541913
2.69555073774654
2.4574216135666
4.26051612393211
2.50961798857401
2.51696036892768
2.95333506188898
2.10898967939895
3.09656112651608
3.2987026359296
3.80953867415682
3.50931648177782
2.79123092824005
2.20976059560071
2.93820480649627
3.57133335367022
3.31573298500176
3.74378467083067
2.62838617117502
3.2035987873319
2.27454080335366
2.85153138853573
2.84385555016647
2.14693182024234
2.06211888686347
3.57233813728618
4.03357513323119
2.9519188595264
2.72777898395118
2.93555045135323
2.69331227095589
3.36219176310452
2.47195016535331
2.1025360365769
2.57966029068174
3.72505631026421
2.43065549292179
2.90187477896984
2.90540959517918
2.97181304351615
2.87095349011902
3.49539882383732
2.49476767316646
2.80061186943417
3.15717362924242
3.26221898448841
3.24787433841341
3.02000961398036
2.65709304302908
3.38577006645316
2.88829586205918
2.81109435758369
3.34398419544333
3.02867246309523
1.8774840324121
2.43364214645946
2.55991077217112
3.32752112434145
3.24855131965963
3.87481540497489
3.11486555526543
4.06677742575904
3.5185724547978
3.58897632606188
3.04321557966358
3.05471164903508
4.85838553176973
3.52305446204375
2.41453068638017
3.21540764234468
2.7716314783605
2.49200981693884
3.4258268474468
3.17567550744901
4.48287592629419
2.41688732058021
2.78017068674595
4.19729995757218
2.63755655087246
3.39164475657467
2.60614019073445
2.76836045625783
4.00089890544898
3.2649647457531
2.56541428957026
3.06770792523302
3.21100036299803
3.67348545166715
4.36398803426486
4.55463393742882
3.8650380140737
2.77633024441999
3.57304653460755
2.12000788977482
3.18759606687022
3.27877287398915
2.58387353132715
3.33671736121427
2.44316937848636
3.79589320452927
3.52227607322056
2.68185215507176
3.78673573973005
5.14811700309723
3.01629945665144
3.62326021366949
2.74558681325356
3.52372331216638
3.08596215204562
3.98861364870674
2.34727284064886
2.91509818908603
2.46182092113452
2.63627201097895
2.51452888481084
4.10705043443402
3.54462692646806
3.4109859066298
2.89494356988483
3.28713497378848
3.82988352464907
3.83474097851335
3.39580342102269
3.07698563203619
5.80344137058481
3.44540803168839
4.2795299935102
3.71500562145532
3.43331474902398
2.3904190995917
4.55509771651504
3.33763973662579
4.87452299386733
3.31615902426956
3.06548123343235
3.22021680413679
5.29242545740909
4.04251440721847
3.50513109284376
3.08138576777198
3.34382947837286
2.52604761173145
3.67586030747736
2.75581790026676
2.29888249497598
3.10169194441352
3.77192783067003
2.29180677442946
2.73610740255206
3.26823808782015
2.56133304568278
4.27278874066322
2.35509597992877
2.97782141576901
2.94898164597101
3.73624331173326
4.48879369658733
2.85789508740907
2.48533910912003
2.99807646087102
2.66116869921919
2.92174595852652
3.97790794584077
1.98311297415377
2.57501596092047
4.16814984869941
3.43404150747679
4.48174648474749
4.11371882458337
3.5154927969506
2.75884825397497
3.75065007983408
3.47124772897503
2.7093534846119
2.86646919645555
3.55699323558401
2.55352306197705
2.80294542346665
3.15364582410855
3.20207771824199
4.10873924685971
3.69760850208208
2.66423834633053
2.93420721041467
3.6612362056603
2.43339059369089
2.81565837015715
3.34326814031082
3.20488136078898
3.1692021430612
2.45896493379236
3.92927255125648
2.99903549095918
3.77706997374329
3.23212344534714
2.62479289872485
3.46052464007554
3.46642602834522
2.97472210432293
3.25147648669221
4.14256135103656
3.36456424721153
3.19358090537342
3.88508553265636
3.09264462784342
5.52991487322973
3.74058934139556
5.17058268174755
4.39320575676345
3.47758130008674
2.69464525751661
2.80435904593261
4.55993679342568
3.19195134211238
2.66026005865022
2.11317340025983
2.88012131921707
3.33369675660883
4.33417248665909
4.34345312177091
3.1590253920288
2.86278211639247
4.15881210859514
3.15443532688362
3.70198936173662
3.3385360283629
3.14283989021973
4.21079413246886
4.21668370870766
3.78042873421648
2.54663950567694
2.46180645079184
5.20549899120138
4.23642981386308
2.49712334941668
2.69441709918201
3.98641109042827
2.98707921563683
2.9678721093757
3.36145055011491
3.1757515295243
2.94542092301137
3.3227710178902
3.9267329486344
3.76861950822414
2.96952310004301
3.91192797779131
1.70113431845415
3.27171126819542
3.29066347657676
3.80414317248432
6.67463679505267
4.21968843181963
4.61895946847164
2.75219209663656
4.38652479763435
2.05287378972508
3.85581550306929
2.63390507023923
2.95842731565471
4.19601922871173
2.6364202003615
3.26849072612183
2.83206084684494
3.43268410150343
2.5647854053405
3.10862885220023
4.23097152948331
2.51311033087199
3.16118919561665
2.97292479467663
2.93423203683563
2.29729214323341
2.51423614293562
2.78735043859028
2.65183188540936
3.67491440679079
2.06118520657986
4.77321543660536
3.66182065892643
3.76608123165014
2.7575376820327
3.17784765946443
2.46930230056773
3.65460092676196
3.47344817860678
3.38530383855507
3.44691934343446
3.07656299743662
4.07524276894293
2.66201162008931
3.08871734906842
2.94634656271166
3.74689550122418
4.11720009158042
4.36808788840949
4.51772126230821
3.15949710255773
3.49585400661134
3.16127518826978
2.47675361520177
2.97773710551977
5.01983208518469
4.76219018735673
3.2979098571278
4.21754043622266
4.52117238122822
2.57682941340819
3.62937842841325
3.48418798039919
3.30774354280206
2.93141148966109
3.11396826770499
2.86115892802453
4.0539310015
2.66890040992033
4.90077766350585
3.09855712087561
2.89287823368865
3.98491621363671
3.27197864532291
4.07742694062438
3.84470982529595
3.54024124094901
2.86765088799328
3.27552664715972
3.38091012747408
3.90850774629495
4.59937730424203
3.2166901360794
3.92862280395277
3.4511075634878
2.645310245827
3.43256284664546
3.68530483158056
2.3944828678789
4.69188880199171
3.49627265191568
4.18593069915974
3.04358056273444
1.90856756767354
3.84269573245372
2.89452341516707
3.59554045651579
2.66579379705558
2.67460609736202
2.68021294227837
4.00124757393958
2.36140411274823
2.54774056567357
3.91636815850134
2.82719464063238
3.66788411384294
2.83580957760705
2.49071153186515
3.14160145228843
2.26111051736792
3.43824407727462
3.74316471175432
3.35807437527417
3.29217398579172
3.38866505285548
2.67283052327856
3.68583055301434
3.20466426811132
4.55177538697626
2.28044714067746
3.61784778234548
3.77933583463543
2.87440297896509
3.24949328192135
1.83109538602307
3.32666632395088
3.09688791866206
4.81710023276194
2.60919594095593
4.2149289560504
2.85553900446064
3.38397270282039
3.40574488801725
3.5959180542929
4.29879232010483
2.71353187236075
3.9100098999519
2.52908718152416
2.49050818014704
3.32856018634037
2.34041454071716
3.06001295109776
2.31228764289216
3.31216555641997
2.9759026375651
4.52242691894994
3.31897296202504
3.14471757888373
2.29891674758603
4.05078322076355
4.73374214161653
3.905132805255
3.49337100857733
3.17393395158994
3.44140653763771
3.05801768440749
2.83545722778378
4.11337272131082
2.80783232717496
2.40488552631505
2.72302695220952
2.42078455875846
3.76080137453455
3.87620868592883
2.09928245205579
2.74428878657035
4.24779021944821
3.77040780010275
3.54318708943375
3.8385990992784
5.35104663564461
3.47564222026311
3.35411859689857
3.22994890774512
3.98647573584665
3.32450302223661
4.46983840719145
4.37672833279195
3.2971123853111
2.67513189941764
4.00047922633052
3.43114061537318
4.00954481736384
4.11250778559341
3.87782993091934
3.7212913242001
4.54009235015467
3.68007790353721
4.10537630747002
3.66393429213236
3.99069335405964
2.58236310148185
1.83720124494605
2.80710026563189
3.05642274066071
3.38687535675168
3.01564215815114
4.25233859372044
3.53396683387567
3.01099494276135
3.27709203809955
2.67553036683899
4.14525607725636
3.43551596713161
3.11479248945473
3.11648008889022
2.29979274393494
2.79009330028002
4.78625326797616
3.30496182839273
4.43894944703457
5.13357148903229
3.55534129093541
2.74413833210783
3.16967064579241
3.56323498598449
3.85157475675956
2.87854014684377
3.89225525590139
3.35783757641155
3.68314667293608
5.28245960308634
2.28382680665802
3.06970554989521
2.93482539840973
2.88857977626916
2.6209427265346
3.51992875791369
2.82689154361607
2.50874418684503
3.15941963606027
2.91110875383781
2.18016762239656
2.27979143758845
2.41332595197341
3.65524382048559
2.7189473282549
3.32216676332188
3.55324304534076
3.6505119192445
2.87101224500398
2.18236336503273
4.55941813881857
4.69329698453439
3.30206294838386
2.40070157179358
4.13531270868845
3.42316156308514
2.07809218653281
2.64953350825551
4.05087479471258
2.85551828771196
4.21739610307706
2.82944629175499
3.54128707146781
2.37765701795761
2.51349139869865
3.03691271864166
3.54469548332162
3.04316052861803
2.98490637343533
2.17371296135442
3.78457505008858
3.81352548851804
2.94951985951283
3.31914016133401
3.16764002633633
3.27164252810148
4.70602304678921
3.69137042652947
3.45963955548566
3.30929066889819
4.23544092174725
3.53180216594029
4.98137835676973
2.46350280998311
4.13903516129966
3.16614945139564
3.9381319610528
2.50592162075991
3.04117404491898
2.58352048914636
2.17759922031644
3.80961623973749
3.35358843623477
2.71975716664694
3.99762271197238
3.3471133395305
2.37163302047215
2.76268287013769
3.64293727324076
2.75518006633484
4.86381105897585
2.17465977643102
2.50538655751528
3.97488957846123
3.04883033681888
4.15880444645293
2.92731045751898
3.19002292436949
3.20252748074983
2.92914714444522
3.25435171554598
3.355110498819
4.17607709128134
3.93680478198988
5.35244437643746
1.75364336784855
2.55777272866767
3.59259433037039
3.25159386050835
3.11978582702061
1.78234378884275
3.24726575984743
3.01796138079333
2.59742463519109
2.91869916099374
2.26166838363449
3.90387408156818
3.66090386503434
2.80004060389308
2.11459980435394
3.01896310813377
3.50483186563957
4.63981329053453
2.83321556912315
2.61525883423283
1.86204530290264
3.18255975838288
2.8567906915977
2.85166562413198
3.25097655125507
2.45589326126199
3.073267320655
2.53779766067193
2.42993224498655
2.11821604955612
2.56566000714435
2.64042503806783
2.7173746379752
3.683906600522
2.80837482433726
2.76530050514802
3.06463488793683
2.95798258011893
3.10456370002263
3.36580214539739
3.32334991291758
3.52048298005405
1.99010858985399
3.1129434294389
3.13222056952319
2.67746513142353
2.77067556553966
3.38240136269708
2.14015388537367
3.0237076972931
3.4054974434205
3.27403481218179
2.58514273736405
2.32303948784429
2.68304115677409
3.06701283272694
3.27985415662732
3.23952405079054
3.1947808416097
3.10070200899399
2.56137718793582
2.97719633225257
2.80791629126557
2.5933068018436
1.58422352517294
2.85800841993186
3.10750889473673
2.87691602685774
2.21437995421767
3.63598609231805
2.41915123601593
3.53523078329152
2.7319168800214
3.64943801970939
3.00134553905728
3.26060581712858
2.53519573099187
3.33465928416314
2.71028507131768
3.39250711494199
2.72670155149431
3.32717691029244
2.87594609824444
3.18144633477129
3.41670532932822
2.71703957135643
2.65841913804926
2.75487540457286
3.42855326688471
4.19206562370769
4.30166869284843
3.42549040236557
2.90654786207807
2.59283659386346
2.79221374521951
3.34071636388108
3.19519730815477
3.36098887829478
2.90543626287536
4.09832238287617
3.42904060233622
2.58055334288754
2.33741627720367
3.79133881806413
3.52811406563368
1.94299787768776
2.4005314379253
3.40426353794304
2.19341099161672
3.70820389118841
3.51569279842872
3.7736661651809
3.82602118551536
2.44836988966223
2.37726704812191
3.64743064413815
3.53520452876336
2.75663057490196
3.85132093379732
2.90048814163321
3.705544403741
4.13805505919323
2.20753764917833
4.28499866206757
3.58009299041766
2.86532997096958
3.26995697903366
3.57997087491518
4.68459825972083
3.68402506144705
3.5334540511926
3.28418056890905
3.4222265284661
3.46967557199489
3.53887567944382
4.17274445679988
2.9603262685587
3.25423605921558
2.96072966293933
2.5073648976546
2.66500759302015
3.69746597161974
2.64514687306183
3.93318809194117
2.32976815673388
2.42461841577463
2.48874121607927
3.2077814123087
4.21934345315703
3.96663383916856
3.61807577917881
2.56289177813796
3.66611860861933
2.79469553039712
4.55727862565642
3.69075889519713
2.82583619051448
2.91565181318784
2.21591482569055
3.16384049243919
3.20322367698225
3.47929639008327
4.49329098304318
3.43575526014962
3.72929413701057
3.45287006272026
2.39319830993533
3.26940825434892
4.36380931696712
4.55070585354024
3.25417488331931
3.84681317128372
4.3282911676259
2.9291729617353
3.34468585217401
3.49759168603975
4.16419417929987
4.29255439192817
3.05136651730062
5.31251745399448
3.63999462075098
3.64344676809905
4.80558526611259
5.15487565138306
2.61240925141052
4.76239658143452
2.91997702455685
3.26492053150343
2.88345008149015
2.95368026556088
4.40343587421685
3.42077835894775
4.10994155589316
2.94284123312361
3.1927474882097
3.35986767498214
3.52838079415787
3.34532516481433
3.42877433102772
3.0523793414988
3.6708341530312
2.81681419896321
3.50620991881231
3.44298655382522
3.21109200083734
3.37028715608756
3.29227256694054
2.34829645878267
3.48453913625741
2.68879657965049
3.31549676031506
3.59713239160937
3.09583232702108
3.51100092707089
2.54309696682013
2.91336724163001
3.10997511655841
5.53133806835258
2.94957705738231
3.19533799808979
2.85051042556515
2.80639286917744
2.23328336559602
3.52847894962272
2.64962744202447
2.6659696265301
2.81522007560988
3.61961725404555
4.31210271821864
4.65006188511705
2.35702132152299
4.75757126802591
2.32746216347606
3.05017184230914
2.72960166420304
2.64964165969306
3.38961286431493
2.87987623792278
2.30591008033902
3.57257815760187
2.23551888259467
4.40520687175769
3.15168145554172
2.11756069031138
2.95507153827995
3.31384781640647
1.90967207496362
2.29292986514981
2.36705060043138
3.4066800313954
3.03554024219881
2.88304008502209
2.76059297511798
2.91263581531711
3.19071148645991
3.35254359343194
3.01529753796617
5.21153042751612
3.33133647070237
3.78312151470857
2.93136368660171
4.02432865013262
2.20582002295767
4.31168715494085
2.53823659088078
4.75358798481868
3.2968753454458
2.11121977007556
3.48018033031278
3.37427082547286
2.95832577783798
3.45851480962831
3.92526257083302
3.81997272784583
3.09135886238651
3.22501661137197
3.08540085544052
2.98641237084939
3.83339877416623
3.69533561535833
2.80734615225151
4.51805341279219
3.67606132732419
3.76162524399586
2.93194841137823
3.49285725840735
3.00865715690878
1.85055097080772
3.92336059407894
3.13574717064947
2.78585217706356
3.05270042093086
3.69489651561667
3.64346267941257
2.74754356668275
2.1888212176636
4.09734090306589
3.17232875039213
3.0387373779005
4.14006825201357
4.08122855430728
2.83437061387718
3.4564791475425
2.44458867199116
2.32260887469999
3.18914269826732
2.7687254699343
2.92071432449167
3.62993555264551
4.20707717375586
3.22281744168199
3.28023309538923
2.36493992766982
2.83961044098237
2.47230221362205
2.64244514163365
3.13182926121745
3.59616497985568
3.28711047808781
2.78263728619368
2.6561287592785
3.63414169725758
3.05321983777922
4.27000490173103
1.85479127698831
2.48540099572362
2.76933417288829
3.32961442606967
4.55830759800846
3.92384884055581
4.17151025434495
4.70052700747896
3.10528976413664
4.28347991274709
3.43896261194786
3.58286106468417
4.02919110966875
3.13474817661902
2.72845074414557
2.53951725595922
1.76712513241694
4.36609434097725
2.95444919446698
2.7970927188356
2.79863262322399
3.74324750310744
2.33620741211056
3.12938330651621
2.51718248217264
3.23588079127765
3.40176665919928
3.09370911246668
3.36484037381063
2.95287429619577
4.03263127142146
2.81256105581347
3.00424371943494
3.90979208515473
2.89201799450067
4.83469346013709
3.20640079203095
2.94513741845425
3.18994922810621
3.72994826267947
3.03255707560851
3.12426992575862
2.73695981158947
2.5640784895922
3.86651376685958
3.98980787443646
4.5819271698101
3.528982008251
3.93294405127259
3.10230365510793
3.49618700553319
4.05904966236301
2.8652885689159
3.4552607554899
3.1307766833829
2.97704780291059
2.45546103818687
3.98111655447256
2.80866516239925
3.09732869127223
4.67492610998504
4.08211716428004
2.46697379975631
3.02419627987956
3.04264085487078
3.12353006973055
3.56383245889203
3.14876893945481
3.96279687696013
3.88354940338591
2.47975448590704
3.48508721970611
3.54581662258102
2.07642296458312
2.81715623431684
4.92397560757953
3.17471447575367
3.51804637179067
2.47409327638232
3.2235796624251
2.20203689219864
2.74890497446814
3.0952432018135
2.30661978310762
2.67406681875808
2.90243899276023
3.23084170834395
3.08995856561433
2.19250497170587
2.35553659999485
2.58073735773393
2.67172867864642
3.60419405078493
2.60357808961481
2.35688868549635
3.21158635766973
3.37599841248301
3.48942502572084
3.22316812477735
3.20162260687986
3.43381153229009
3.80102864378457
3.63972745431899
3.12001634378439
3.24922394287769
3.21684063219785
3.22033838282163
2.99275649311582
2.4974258967879
2.95295612139912
3.83551052877161
2.69417110692959
2.41267268414689
3.36588526900236
3.38237734061405
3.08553927185871
3.53239719959115
3.46417554298954
3.26421353681669
3.09740649223112
2.22816329231609
2.74253245504834
3.17712423626635
2.9456375188372
3.24645616683993
2.59655172505766
4.22918622754375
3.38759692952592
2.99115665297007
3.57986920549818
4.04594912816565
2.54468235699781
2.64800220387625
2.94532559700559
4.91604925609596
2.09704814444198
3.55338006876255
4.16160755203068
2.68585244205439
4.0015835510559
4.02888175632762
3.36190821390849
3.85486871115867
2.7056129735963
2.57031702513682
3.61066474454525
4.91919488666068
2.21794818945628
2.92194857397999
2.65384035500228
3.0947380173675
3.1495925587513
2.91604804546707
3.49824370133782
4.51655806199661
2.6577299579575
3.46529809191617
4.1969286877695
3.65992576534337
4.7286217694324
3.18648666611091
3.27537862999896
2.73251366098949
4.05171441194022
3.52688701835075
3.78997018287685
2.80683185298374
2.90101341904819
4.29669830666906
4.37045823982838
3.66202833880556
4.67460052840866
2.95991200948652
4.28417650916747
2.43409652659327
2.71986498855979
3.35230040854084
3.10323040460047
4.22270242966937
3.37547164159701
4.06594117036603
1.82485885557862
2.15547058235621
3.92255728500337
2.52115815716541
2.74851480586372
2.46625882219561
4.24175455255266
3.14562370765907
3.8806703639313
2.89651143233818
5.0048912131996
4.59596692318314
3.33390470362797
2.36115270163179
4.48814748917503
2.99073579773959
2.64167578322439
2.62756717607443
3.78956617487359
3.80397682355325
3.1487555596368
3.23496539032311
2.66120112835441
3.55841752720053
2.64571072726361
2.0751454589408
2.68561485101246
3.15452397919658
2.76759363887369
2.50026698035
2.66625720127412
2.88577322013182
2.66592295810364
2.88289643399721
2.63313477891175
1.8952121429314
3.9298103696816
3.69466459229002
3.13908079505375
2.66197861634172
2.29080361156632
2.45589556078546
2.61466681092919
3.36530244057229
2.84034413875548
4.13187358219117
2.3467609053432
2.56117901274093
3.63700856710399
3.42830540503308
4.49670778324738
3.52359848596879
3.90261200853575
2.29605231021426
2.78320329224632
3.7235764937629
2.68634517925795
3.63750122763021
2.55536608771066
2.64501886039968
3.40858825869149
3.81981237035593
3.44117297908108
2.41648162647631
3.33673138391413
4.49413314785987
4.14199913423179
2.64194623870652
2.30162734060993
3.12785848290044
3.18726391901234
4.06480932683807
3.94863402078086
2.7044108567804
2.97178362858719
3.49565293501079
3.00707681089622
3.71650015462272
2.57224169116247
3.74312665264087
2.72336617745839
3.49143231746688
2.99586692585044
2.49871836213463
3.64257675230644
3.25141448930585
3.73507732412295
2.97018608376112
4.52182751046631
2.64439416548633
3.43221634319881
4.22908169859256
3.22723782908517
3.12532823490756
3.40186487578832
1.64793408700369
2.97429558669605
3.67076964453985
3.22210247948586
3.15805181600694
3.18825163331555
3.46902278508902
4.24512005493956
3.4931830860473
2.48612999062048
3.33898300861771
2.54597831172354
3.26994721186011
3.41927334047298
3.35800470193799
3.02447900868092
4.02649088879197
3.35777452419383
2.7765287943481
3.22410737691851
3.23969766488858
4.23101926270891
4.51471470805835
2.86462105892372
2.64804392525685
4.03485260212423
2.93459819608826
3.21543101373774
3.36284335930837
2.73683882863515
2.37014344240958
4.07916956337562
3.2992686220441
2.97001890048875
2.80400163274611
3.42081003905483
3.55696297033567
2.95136133963629
3.13197346365527
4.86519732351105
3.26960847348935
2.77698465842475
3.73837552540281
1.85674985509306
2.88964033841949
3.70171771387332
2.64539345885579
3.75327877549268
2.40674759449604
3.22797315225173
2.96326449466941
2.95032654300176
3.40289795496582
2.30598288526501
3.82740138103911
3.15274760737121
2.60481920951866
1.73606450585359
1.99202529042756
3.94955631461916
3.78253703408474
3.28804619303489
2.64167571931658
3.65128086546265
3.02711197609934
2.63338643199457
3.46825821907928
4.61189903580613
3.09980257434219
4.12813646221896
4.85418567695773
3.65930775405712
4.95283344492906
2.7593904306731
4.74921053999117
3.21945573700691
3.84037085945713
3.73375125362159
2.39622422236388
4.10610732493553
2.88778298176048
4.17922341346161
2.23782675200808
3.11526811619824
2.59489267552001
4.18538958099719
2.54779380545072
4.50793353267689
2.54357362811294
3.62814639433765
3.26291472997204
3.96802788965545
4.53645453975173
3.2423262157725
4.43757082425252
3.67863683649009
3.43065587424149
3.86528500808337
1.59877230623845
4.18100755533247
4.66282971712236
2.80388493897249
4.31237066595784
4.90539153916273
3.89730676621007
3.09215465140677
4.00573793178393
2.89566863812247
3.1988891304499
3.34695053822419
2.83910053089258
3.91897369360205
3.46539409957467
2.3876411114603
3.023195343935
5.50434517557228
3.65126556420716
4.85320358489239
2.80263116622441
3.18934822285226
2.9924350135174
2.30662904502264
2.9958069168717
3.61419991939288
3.12045186926424
2.86258711430141
3.19314611763978
2.78833285124217
2.5088930942906
3.1483760896621
3.2876749512029
3.3251430187108
3.22452665317198
2.78962895880753
2.66832156793728
2.52457104860218
1.87857055703504
3.18705192137777
1.80663279072991
2.63497576443286
2.95428582302223
3.05187934852153
1.79836974817557
2.57597446465721
3.43187425572158
3.57694161815006
3.80071743565313
2.97943627436853
2.77100172202626
2.28561777119654
2.7500214901008
3.66018251892225
2.69877495629982
2.13719221259834
3.17679592048622
2.15390881626274
3.2425552703091
3.66492060649603
2.4825218833956
3.08497092683487
3.31203631814598
2.55580027707188
3.29279859019566
2.5929247088948
2.90290009232828
3.30736142547388
3.01053363376922
3.72876784469225
3.19560597351268
3.17179057134888
3.72848818474808
3.21072981751048
3.5543696264949
1.97251509761299
3.48900940495559
4.08368528774499
2.38914037316154
2.8415230949115
3.10409557316044
3.18727387124731
2.89651256400123
2.84134016209404
3.22497445512093
2.94732938104973
3.46214069930638
2.5942640660576
2.92385602256347
3.15573459185341
3.09006336561382
2.72761575660114
4.23301485930242
1.88384873604543
3.69284604664308
2.78206945965981
3.62112519454455
2.9328687692349
2.19978179361667
3.31943811814359
2.93182285479275
3.44559974434484
3.57812830108443
3.90804142055012
3.71269251207389
2.39996563787555
3.15940629816906
2.48476611475824
2.52270726984234
1.9069878985154
3.78493353335535
2.16852241895114
1.98752528269549
2.21163232578211
2.05806413332484
3.12774831505342
3.54273156150591
3.51060971661158
1.98862553988182
2.96635318602341
3.34463530110064
2.2014278271008
3.26967661846727
2.94714831689471
3.39916332505591
2.20414171577232
2.40830396092003
3.50675384948733
2.63106979742046
3.60915992586487
2.57903656270883
3.09354708594874
2.07095863402766
4.18241658399942
3.72813580035033
2.60875829211922
1.87926147492552
3.56695383574394
4.06131633407647
2.72284413628775
2.72001146791748
3.30840919097485
2.68333268093824
3.62426641220553
3.3725823268753
3.10840532174266
1.96758441635544
3.60090199202701
3.33518031059943
3.63223274217312
3.06455455157268
3.96097646049803
3.37018305370576
3.90000404924761
3.62258834594233
2.96500665532162
3.33269362571551
3.99605030329297
3.18581196961366
3.70024539152229
3.07900345690499
2.78854987414304
3.27230598769695
3.58421518967893
2.65797938656526
3.20685642518647
4.26807632708618
3.02091601894845
2.37882094989853
2.80140004864773
3.35726681637322
3.67465387952997
3.82385956275808
5.53281479618921
5.56331131969299
2.93378587139568
2.50469495921235
3.79389295443991
4.64263995390456
3.33016740682969
3.20026360702306
3.84847768068735
4.62496186320495
3.20091188897762
3.78631740411315
3.29157455765803
2.87402984722214
2.31747350766024
2.98419610841353
2.90286014618569
3.97695689189772
3.86039536121367
2.23992550990603
2.28251432276112
2.38285241845241
2.50241377468865
3.41525101277172
3.71616765122017
2.95804897100099
3.69977070171049
4.02391929350692
2.93556521965495
3.30917373511091
2.69697915918745
3.30706797090091
4.08439069215845
3.31024816200955
3.36174009511433
3.25184770387585
3.24428618943557
3.05964602942286
4.1299803847969
3.32027905785713
3.33905840069066
4.24403494755492
3.38251128414994
3.8018160664961
3.53486200385198
4.45686719626429
4.28680278126792
3.14538521424798
2.98327327379316
4.354223774876
3.62287616331032
4.22581402501168
4.86475471455563
2.88684735601721
3.60171757442028
3.40477406932895
2.50923661687975
3.36052817274051
3.95146505745489
3.24432822954059
3.9626835106042
3.49363387285271
4.24215963345566
3.15809306641022
2.49278278563327
4.31843572233169
3.52039890533376
3.09637326070542
2.70744422652361
2.62117923167575
2.95875637507355
4.26266469155872
2.1891625999931
4.22119827497113
5.20110266702709
2.10021756521749
2.69246127473423
2.50349429011126
3.45023948317147
3.92003922842933
2.1049045159156
3.87157084367283
3.21627941858271
3.19364454516852
3.13315743712319
3.51610408499014
2.57982588976183
3.32587693456513
3.83840532034162
3.49979926048672
3.17158345375136
4.11322050354021
3.18284977728137
3.29539235307776
4.25441874977816
4.87279131133617
4.70677240859063
4.04438004522335
3.35401120464181
4.43324617032997
2.70341512154848
5.455403070278
2.54389628359769
2.83313268467347
3.96804173949994
2.98205305020891
1.98589676951067
2.80851163452631
3.42075202894804
3.01005166305647
3.02573761237556
3.29688587353616
3.47582798107788
4.52928851556994
3.63953523893347
4.88874799210243
3.6574559074579
3.34331159418455
3.24201228547577
4.55640414886019
3.26103293659971
3.45750781621781
3.97978454675318
3.08797965887325
3.37823290632845
4.08398875295146
3.2576913346898
3.18036321828778
4.79339050277709
3.47568510060072
3.39576575480889
4.12129746659907
3.49312935229251
2.41401379381085
4.22958418108349
4.91990475258794
2.772545366073
2.61824516412748
2.53870899499333
3.7285333598088
3.0107232114481
4.12629209532182
3.07075903235471
2.91627978774456
5.03587456122444
2.44297654875365
3.98930973828125
3.81012852758325
3.68668729435617
3.39897066340472
4.2958344498377
3.89150024564113
2.54852656526842
3.66062849898881
2.80292019089241
3.44140396941668
2.64527493729522
3.50342393102486
3.43036145096675
3.13127444358154
3.27938869658204
4.26897333404142
2.89357734824326
3.40865070858842
3.7441759754593
3.54646635567685
2.38321240407538
2.51851528783823
2.75351719805765
5.04063342055969
2.62028689543078
2.73970817216328
3.08807988933483
3.37707105534137
3.75382772470126
3.33017576756719
3.08809066852918
3.14561524738551
1.99237703739399
2.46995038974937
2.10097626902372
3.02224111266414
3.31197790596142
3.08598908774918
3.67693982946513
2.07655531776065
4.06024688105622
4.39040585910574
4.14078336180848
2.4174022569948
2.68099284702252
3.00542241910976
2.90192005063117
2.67553786678028
2.69748739822898
3.73929017052343
4.0929378330593
4.06291002817776
2.64550071318659
2.89302415257465
4.4732908637452
4.52826546127673
4.11741323136872
2.79635275852555
3.17125467409859
3.07880036662279
2.73641460457237
3.58857529242273
5.09731284810144
4.72953272105007
2.95534129566738
3.77436885713687
2.60367261085266
2.92520129796597
3.63285261758686
3.2978979493111
3.37293716150479
3.89270337961261
3.58088967113739
3.01020841961869
5.07783535347424
2.58212362032709
3.97469950522764
3.30427379323999
2.47536906643887
2.52597944801712
2.81459151110764
4.40311500320794
2.64620710059126
2.37503036682444
3.80371335378529
3.05966632668131
3.3507392144267
3.89230628174729
3.74483676516057
2.55364844946963
3.55105994455797
2.9713105055958
3.39485387710173
3.21936541618032
2.36869043227161
2.05980104160834
3.57632827096228
2.29891998769184
2.33648085417147
3.22491763908812
3.76567388844778
2.29952552721267
3.25112840351574
2.56540238895158
2.79332319647422
4.78059641283064
3.17365507035152
3.73544776538708
3.83873490909797
3.32648425971708
3.79628824940413
3.43674978972769
2.42650083520377
1.73605968829554
2.16177569877207
3.65657768090791
3.30818031626019
3.73409425140812
3.94225249273323
1.87451838182224
3.20486945447822
3.81851537627161
2.50525139549267
4.33076851423254
3.52753899074567
1.61731605847929
3.72361859174945
4.23300797646238
3.08959758256794
2.03576690892664
3.36246083841545
2.8504537288242
3.13362252710189
3.33169026916932
2.68918089845963
3.07596273874026
1.83671819721668
3.2272769279783
3.37934486446315
3.47145928859834
2.15003907710664
3.26640270652122
2.14560357566298
3.20911485027533
2.98316381650713
3.34699086329869
3.81575736254229
1.72496024991307
3.46022212599625
3.19900220524886
3.26736311427201
3.95222040899524
4.01765433057112
2.83798188012908
3.56222659547653
3.49131564060406
3.97690235594007
3.63073523696055
2.73423624907529
3.33544640008364
2.83062778591491
2.62563875094463
3.24212409922645
2.61685992597147
4.0468202674894
2.57990538976835
2.09753089772591
2.63456023326552
2.73082759205332
2.24636596117173
3.37483451974999
2.07260861310438
4.43111154879127
3.77022020995087
2.30632418583587
3.77913629024143
2.61227257472905
2.9251933492919
3.3763797944949
2.70144125410586
2.38090045152565
5.06294479901311
4.20947795412226
4.56015061338825
2.99955029365851
4.06963658644208
2.95702723970625
2.9359928535175
4.30280215055077
4.01775347710927
3.44513667082622
2.72090101505192
3.99425752302719
2.98345986009289
3.8307370463424
3.39963281736546
2.75672927175759
2.91550037887937
4.15503228763885
3.6432440727002
2.2032667942749
2.25585151453597
2.70277401521899
4.49512406988961
2.73562446504462
2.86502704339137
3.67882036209266
2.20776899736233
3.91739572292471
2.54740814712585
2.60473261007434
3.40572297249377
4.11197653944686
3.87717659991641
2.91903932395719
3.34546714348856
3.54301397094671
2.86376854874727
2.72126690638493
2.39895466862272
3.24980241369341
3.58186521803831
2.28959680594898
3.1281838612396
2.99605739800407
4.29120641889099
4.54547191163154
2.50674865159679
3.45477235044115
3.69174706850226
3.66784753237619
2.76891451461514
2.64645456527527
3.8478416154752
3.89538950210671
3.97863820410671
3.24662522321041
2.2223262726615
2.4511107405986
3.10385027665683
1.65379718063647
2.99896480680456
3.11240099518973
3.62885456778067
2.68003751845875
4.22970565081817
2.56112252108372
3.52266846802338
5.32246804190951
4.03807757112912
2.36173057043962
3.09738561659069
5.16881839834942
4.11341042107952
3.55878822863263
2.62331558723181
3.01769757592265
2.59939361637707
3.91412961452787
3.072605243654
3.35995819599065
3.2102797847944
2.83319040104428
3.83574245740867
5.03377453973151
2.76940864433999
3.5393102980433
2.23537091889964
1.99585679787686
2.9547226712803
1.89051105209005
3.46808943864341
3.52445342395206
4.43598504985858
2.44324006465625
2.62309190205002
3.13606131295565
3.1294495273768
3.2594996021446
2.19293045274911
2.84537872242012
2.487041395306
4.1145021208261
3.25778945275013
2.79305014514512
3.34587054591965
2.72328994792932
3.27905634871518
3.49394339469851
4.47473064254402
2.73939506023513
3.61706738738316
4.88450645200314
2.10908676033334
3.19716736311024
4.75393618911629
3.72837392668461
3.19383640409506
3.24696342464631
2.83362573696413
3.68667360697827
3.06863803912777
3.03956990859082
2.59551288491351
3.60082222076083
2.60441850244976
3.48256291423995
2.94818972115356
3.78705084433475
3.02697771075803
2.42877807760391
5.75640348787754
2.72822032906641
4.55982367230287
3.77185403276997
4.06476666223872
4.72225176480552
4.03878978466389
1.77845141634279
4.66242112168781
3.34065837475532
3.40953499122939
3.2599915520735
2.49222752734182
4.22607935076479
2.687303394259
2.73072231792305
2.73794850419107
3.13369635304972
3.68720671907664
3.65471872896142
2.85413303226695
2.2265033144822
2.81322322129822
3.61605876461647
2.4228057537585
2.60922759693162
3.24354811236895
3.00159241887118
2.27028202172749
2.69317625848986
2.59093920040052
3.9736715557356
1.5753658256886
2.83955495320176
2.75092296476699
2.67309078230376
2.2746089723516
2.91008803486123
2.99271128888077
2.86514000194353
1.94848585393603
3.41053226685277
2.8693397830994
4.08372091060933
3.21129447159838
2.7230766149477
2.81710216144193
3.05832189451404
2.9203433315746
3.71579084298371
3.63457112747379
2.98174710783332
2.66646295759466
3.34478493694235
2.12259725555074
3.17718437670341
3.44451114226564
2.61650708195389
2.84578082982345
2.55011979220278
2.1278227352
2.99562494553247
3.58448519041172
3.12156875028979
3.32823643414503
2.93644007612438
2.97704568698715
2.59739730891333
3.05853383347273
3.04807239860696
2.74604638020552
2.63098742717269
2.50634567294247
2.4558550076769
3.47317759585066
2.5654841430729
2.43755007960551
4.6423448843176
3.25278898204634
2.87619715397161
2.75059370175816
2.2908669181057
3.94527212071821
2.79924004848387
3.26515261433614
2.69033666605683
3.00984158567331
4.02755150813802
1.77895030812944
2.89585168647889
2.28560800249735
4.00362893580603
1.95915882280428
2.68624820690703
2.78907787523378
2.86373544450498
2.12152579654521
3.114682472993
3.17259201730141
2.21938336550574
4.30270274770241
2.55984866572814
3.07363392318502
3.88403888383237
2.93458518483991
3.24902710835883
3.19748725705394
3.17065245454393
4.78052147105441
4.57886770655207
3.4845519043985
2.99534596934336
4.09116959468657
4.59328884296288
3.12537075541462
3.12821814927894
2.93724953534827
2.08255540675013
3.06892697024531
3.05440822139995
4.06982217598653
2.7433767903686
4.87777357156134
2.67751791907699
2.58619015230001
2.81514822065882
1.5488360359227
2.40668796413791
2.3100734322842
2.52302750037807
1.44430808578294
3.39480799241059
2.20646689574347
2.36258651605261
2.59765385257151
4.27816957219855
2.65239145173157
3.68243509337536
3.57284370689073
2.87624247342094
3.7141954420639
3.98702815662567
3.28613139897093
1.57868555583467
3.3010965560127
3.45745321043301
2.64153508706309
2.24363674250684
2.74799833777218
4.69300878155247
3.10188492354381
4.6491341241101
2.84950692323659
2.08477171335485
3.5272763642779
3.82917828470282
3.37098013832841
3.08283959196092
2.6908270636204
2.89356819673971
2.63468426552015
4.02827806355324
4.69310844615847
4.6075397291803
4.73000476025468
3.37358448813783
3.38264972392564
2.16037933831631
3.24497757977143
3.43939664395521
3.82212142340651
3.88808600571278
3.43887432989755
4.59871966828429
3.72967514869961
2.590296665628
2.63394541588753
3.18350067782445
2.91300441754275
2.93258769060441
2.88316021879441
2.90817785122795
4.5883321374657
4.93289738906815
3.15524007714476
2.30496105917393
2.59385963398338
3.64071378900463
3.21945990496113
2.53546294646176
3.81569769436779
4.50874126196347
3.59997216298817
4.76254900865727
3.00668050290468
3.28282096897458
4.43341014962015
2.83390889554318
2.43283638351584
3.18543611562244
2.69492173511267
3.31540014156605
4.43470993903327
2.98790894625761
2.20285824469996
3.92617454123051
3.33736508040265
2.66382021281519
2.83598542052455
2.770698185175
3.48317199827009
2.89794124062932
3.91656010765999
2.80991591151011
3.28180079319752
3.50292944010974
3.68502462277566
2.89053359715164
3.92900619526373
3.50469414762928
2.97814352972244
4.06053914188844
2.07946254182441
3.56481234610788
4.58302990094735
3.00388239847798
2.7258309539706
4.32800850309115
3.76215246468919
2.80129615182201
3.25928908680582
5.63861333619742
2.96794254232485
2.54989423169988
2.94258976198302
3.46974107477803
2.80268588312603
2.87634736776529
2.5658548820647
3.57904004699589
2.79491475531737
2.06893880372441
2.57102943323305
3.56710284218996
3.18032514700236
3.76574129365691
3.64949135397826
4.16119792095025
3.2278180495024
3.30104936747253
3.11225869709983
2.88449478920385
2.43851259387061
2.92686797287887
4.42173937553833
3.40885620539551
2.8248285639176
2.30860347198629
3.07111290113057
4.35651505189307
2.18855783599639
3.79525772434402
3.83856187690702
3.3562260055635
4.37771237314694
3.0824607140078
3.27419814872372
3.29124677294207
3.76356184971545
3.02526430138707
3.53364105634204
2.5803819063158
2.73163351722897
1.88263753771613
4.35379604075139
5.17272165973656
3.44282716244668
4.01675728250888
3.52454582747944
3.11141478059708
2.87324060186886
3.00888423111959
2.31044747181249
3.28835732383313
2.9094411295201
2.66073591470514
2.65102247368813
3.93073912159278
3.59833795635818
4.39858104966618
4.73168947496264
3.86968303669984
2.32075428407741
4.52928580242853
4.23823859481699
4.4275089915223
3.05406747308013
3.76265615117725
3.00441086445243
4.10741575093243
2.99866061214292
3.07500230655446
3.13003137342245
3.35341841043679
5.59547516071575
2.66718744613778
3.61562677184857
4.03703453789927
4.56793384394882
3.8617559867513
3.33429057101639
2.79641067865115
4.2235563150867
4.66021643276155
3.01553810835016
3.92048433912767
2.53515388462926
2.75631550115625
3.07485696479056
3.26421953217631
3.36617736236934
4.12657324756608
3.16140271247141
2.83886334221705
2.71560177773054
1.72560201543646
2.04190249597892
1.06560391547242
3.22444393961862
4.25627920183463
3.5507701743719
3.48091310481708
3.7629963926533
4.93765498251689
3.21146723788235
3.91135620074259
3.9703284262001
3.60600905327104
2.84695946638996
4.07424995281923
3.86021713545854
2.18295643757551
1.87031029834508
3.32979520082344
2.71726883892958
2.65924129616014
3.62784544394085
1.83124425418277
3.01750016796938
3.37301482649661
3.00462250660823
2.96781158780299
4.24035765409207
3.31720878383076
3.63664417740996
3.25747318787264
1.96567125837024
2.50322820143055
3.43725937546417
2.64167941901357
2.89101066917629
4.64453068866944
2.88771878989689
3.25664119813
2.39258385478454
2.66668325263409
3.32439709985971
2.93257909150342
5.32137216296584
3.80505308442404
2.72182724244584
2.51712875463422
4.79174017066876
2.05744044630477
2.86282516301102
3.01323819911727
3.61889393203929
4.58973226427389
4.23092386432712
3.43952709718454
3.68484827372815
3.95316092216334
3.59381660699133
3.3484592778202
3.91267388333019
4.25239740841413
2.88030098288749
3.85216286851086
2.36983470129631
3.24591019838172
2.5881387815431
3.47638933474577
3.23488467031765
1.57805746823594
4.24226372612395
2.35942465847303
2.02022493206482
4.02609487261655
2.81083508344113
4.98604796095082
2.41300419674888
4.67211422327582
3.11028089391282
3.27121904113104
2.81803869990666
3.87220441172546
2.95028191779159
3.21631941774892
2.75289084517459
2.72694048781272
2.86594778731638
4.47714366564645
4.01430273313052
1.87137069241618
3.92787918966848
2.48272084555204
4.0078442351288
3.25264072545981
4.59145587528828
3.54376388945597
3.36291027248698
2.55728000550012
3.08362603086127
3.84792129472696
4.08804016008281
2.87373677488211
2.92240651830966
3.55794067468984
3.72852264223283
3.72611940813473
2.96528632767139
3.0679377533475
3.99155887093559
3.951349717483
3.44226142305489
2.72897820520253
3.18849470389326
3.54242535832625
3.26785171705321
2.36984814857027
3.41629536968132
5.22619648394354
4.2495083273761
4.01162660489067
5.18805224828318
4.54193480535691
2.30297222617074
3.64775949343207
3.93222372823605
2.31878309372883
2.98639865384285
4.33138252442358
3.43261921557987
3.27835884930155
5.2633714147017
4.89130739538498
3.36399638622751
4.67305246871717
3.13789209278467
3.8824581947351
2.56076197081199
3.33043770212195
3.06644444966958
5.69016577524187
3.38145442010322
2.69924904932931
3.48773407976645
3.31328746674494
3.48338054861727
2.99375540055881
3.47289897998465
3.89454678747046
4.13819630638648
3.9228038221127
2.46919386657729
2.4709597188711
3.57853120684233
3.20823038205712
1.97676117339074
2.08428749240436
3.91292287935186
3.54193647142637
4.15974648395666
3.99764731749989
3.54893962245253
5.01188442846854
5.7219399537732
4.01386194918548
4.27844019023947
3.0565599162504
3.8005243261682
2.19218806905478
2.77414853896661
3.55251752463752
3.79948409223372
2.91316007724765
3.72592290621437
3.75557113380978
2.23590901166111
3.74120997322229
3.04553362389148
3.16975045698054
5.57250957447337
3.03343136328666
3.62636751595537
3.64680538331133
4.12657273199546
4.73000999650767
3.63737625715355
3.21067153307857
2.7331694964552
3.40821857428191
2.94635488827128
3.17709365472544
3.08806177353409
2.6553657412877
3.01033173262361
3.23905105525861
3.76658430098267
3.57081078388805
3.20753286791299
3.80259524460274
3.57319777247403
1.90659133450651
4.08612647402236
2.36540636466684
2.81534825075819
3.28546652311296
3.14075724333029
4.18348423860841
1.85513151459956
3.95128625209101
3.79291452586875
2.98661536627787
2.94631814995721
2.18578176521978
3.11052558172385
4.20137177342916
3.20617582853275
3.74676146171491
3.3794382077123
3.69500317442715
2.51015900106602
3.77872420500576
2.1497050788674
2.84896751970413
3.34039240914682
2.15387513637616
2.78689012064031
4.01000092806998
3.37601442065515
3.67406466743123
4.91528751509594
3.80912407426786
3.86975076609844
2.859340699321
4.11078175552999
3.48990429205629
5.38811449635132
6.00292916430493
3.1228753141911
4.19349682562424
3.55399439463607
3.15414633078714
3.06200594256065
3.6320181727545
3.003349040623
2.90267140753232
2.7783682842135
2.57861378669042
3.14537043893423
2.62675399012907
3.6453568933364
2.09635048347076
2.87268026283609
3.87186740291904
2.80395279918004
2.24468623827272
3.24707221819263
2.91846987044514
3.71773637960581
2.35556023922304
3.79522017792706
2.98993279777435
4.03410371778959
3.69571302872175
2.89543469938923
3.22926991344948
3.03687676676821
3.2748752252523
2.76321775987063
2.70334437884681
2.77217902757605
2.47510959750328
2.59488794160196
3.18139583329685
2.58573459305528
2.91290473564238
3.1397478549107
1.69597956631462
3.35564121496886
2.6208287573963
5.1544366772224
4.75226482094913
2.6362621079464
3.20702107140718
2.91285765335047
2.60745784071207
2.65157209150454
3.23253727730668
2.83446097358375
3.06187068696557
3.2904736212654
1.86634230988191
2.36189740141877
3.03757148596301
2.5419770007592
2.6760124123117
2.96185046769111
3.45766939774239
3.09483755431688
3.02751845298474
4.0426444874972
3.36657021084324
2.75206740198733
3.3627059665673
3.26362988773757
2.98910725286777
2.64853951641727
2.88417454336061
3.46936194103114
3.98662828059098
2.59912488256466
2.70181962975325
3.56578920875158
3.01918467323404
3.92939338108151
2.23918572283538
2.58866430513989
2.46544252431774
2.10255466285364
3.85074317039455
2.04064308408611
2.48175600178208
3.18906546071813
4.45214298611807
2.95526899134383
2.70341574889371
2.67432303702988
3.41263851209772
2.55135420176389
4.50644501450364
2.0430823793447
2.61013920637074
3.21686538665337
3.52506525361574
3.04574068958628
2.24234278031791
3.02856381215988
2.82529403266603
3.7281565035853
3.42871684708301
2.58058930571636
1.61945781069339
2.8932535351932
3.31356105429557
2.91299483029689
2.06321517059922
3.272185239265
2.12165981157825
3.07964049485925
4.3352107614662
1.87179483827858
3.21275884794688
2.91622325027494
2.60937934953252
3.45413472263357
2.38649226427102
3.23209645212833
2.38692347611814
2.31107548418354
2.72151136863698
3.44685690935973
4.4917294533363
2.5710479711501
4.0535034678965
2.65797765222293
2.30254259067458
3.14203127131642
3.60953191403309
2.91653574243941
2.39560496682134
3.35323148652318
3.69593650721345
2.40260113281536
3.71391927058637
3.2481143231212
4.33691030258087
3.42179789614885
4.13196601037301
3.67093480458063
3.19177382725236
3.54921544117036
2.60550905072041
3.09965871841169
2.4743926613523
3.40115826180156
3.04962397444411
3.18000341183356
2.08347972293928
3.32076308704488
3.06881936362446
2.01040992626796
1.63487690876467
2.35239011861911
3.47453784741931
2.55283054996237
2.7364773784576
3.24975414743935
2.62040066020331
2.99322456689787
3.13411187754366
2.34556617066749
2.4667916701112
2.52906447796178
2.91978187578452
2.38109918223304
2.88281848111462
1.95704899921465
3.31894269136079
2.42093322498167
2.28869298316077
3.34602201703183
2.85998683420025
3.50595009709423
4.07405410731031
3.74183021330891
3.93520840204927
3.63377180788056
3.29319094304079
4.25847059778066
4.18855990499813
4.1162931555753
4.58266815539677
3.51302782594468
4.28808417901942
3.8019008212377
2.09057687650655
2.28098719261987
4.06355171836221
3.08867188473916
3.53801248828033
2.75584232642823
3.89901572012832
3.55746169287774
4.43288159450432
4.73382185097702
4.27923717767118
2.77497653403954
2.93404951591981
3.39063801020522
3.34981379069474
3.22674986648926
3.97928911036994
4.38726431850089
3.23547469340684
3.12194901918503
2.71851185915301
3.57728207895456
3.42638218864578
3.62570268609598
2.90889244603808
3.28946959095559
3.41743719074096
2.98418986216199
4.45396858304826
2.96338647725291
3.25243845331756
3.40569456859723
5.53248702639602
4.62013678232434
3.76427005511147
4.02602630619982
2.6534689699293
2.65792670973744
3.07753886263385
2.37590211773352
4.30120152159701
3.49574965673702
2.7758258392885
2.84978862300314
5.85293640616741
3.14802179559222
3.91113738423093
3.45143534514704
3.2017527138374
2.43057199408146
4.50558063806099
2.22215267968987
3.42422188167223
2.95507143992297
4.15764838847014
3.92615409604251
3.20648708728185
2.66529172567035
3.53630164250258
4.20757962520763
3.61342723397959
2.56355462759347
4.20741581014118
3.47531071097458
2.99855313328885
4.02904493792712
4.20933803737056
3.1567809487976
3.91514813349453
5.87980402750517
3.54963076443921
5.63421410323499
5.96168455880699
3.85155997802211
5.18208891862288
4.67376812788715
3.9753288809306
3.53502274604019
4.73145301614464
2.75575990972533
3.97907519693948
3.08133984149055
3.25408674829307
2.80531890540309
3.48346384556754
2.54990696509869
3.64342342191844
3.4038098644348
2.18156483172955
3.19188577483228
3.40491105837276
2.60399811156928
4.37824842618305
3.26348341205789
3.02938920676323
3.85200932267146
2.59206552953607
3.0550139704527
3.35057016234704
2.82124147296227
2.05869607113595
2.27951696859582
1.93975725910572
2.56179435280698
4.79043914306494
2.30945934269377
2.41336152228051
2.1463408302079
2.41529510462574
2.82984963234719
3.65059544591827
3.34620098232729
4.35812631026621
2.21409267491862
3.85288854023659
2.57882711953384
3.51466169266924
3.35469957230567
3.18291883584534
2.26026899413235
2.46116819987097
2.96216428337497
3.35510319013247
3.70563369298522
4.27824780942654
3.05637956475989
3.04571921857588
2.73054935694426
3.69579471170523
4.24375968794376
3.48067292980686
2.76768403585008
3.34801404721011
5.23390217263922
2.55936010158337
2.68281496942013
4.25052966649374
2.32852438480693
4.01547652051786
3.63310163737246
2.85521155393743
4.06702387396998
3.31044613420404
3.88783376990885
2.7553498490028
3.10065220163135
2.34919711564814
3.55341275571675
4.52712950323943
3.68148425803681
3.82868856466766
4.42796528953526
3.47002431283237
4.44725236687582
3.9588294391169
4.54846774569435
2.23024191175558
2.93975085226825
1.81143282782986
2.69831639512607
1.99649031621171
2.80512976169216
3.16665425483641
2.20673412634331
2.8091487531804
2.22587332307859
3.00659759928522
3.58068727114329
3.53916109770894
2.92764589660085
2.23999776511007
2.59545380065402
2.50786807234469
2.67630039274393
4.25918568024925
2.63588950752682
2.53155169987887
4.20714111053782
4.10083999468918
3.45651340545749
3.40983178604924
4.10710888834643
2.83443734152455
5.01771246193767
3.50452750520757
3.63165819346934
2.87354887943681
3.30106499827656
3.42340249137031
4.22227716916169
4.80107633939912
2.79879586351589
2.7398687132389
3.95939537458694
2.78106924142061
3.33174694066096
2.36283023198076
2.24752818865713
2.77609729971521
2.28307629791145
3.07978663386373
4.13396405929969
3.49838491699023
3.38670433888277
2.86682398742639
2.72540855546772
2.98216633709333
3.10564066607776
3.20140836498021
4.42776044670349
4.16201952029523
4.3527423055226
3.46715352341427
2.01228147502292
3.5764073394973
3.23439380564089
4.26639985042949
3.50446906465302
4.17112639004856
2.09207062419397
2.18255058798211
2.46958543533807
4.10709509698577
3.37512811723411
2.8090483156502
3.72374070504668
2.65907649263559
2.55840255515496
3.91700338130617
2.79998407626166
3.50330050061796
2.50522859934628
2.18631831442023
2.23370391536972
3.23269215024066
4.96431937704282
3.8415570515481
2.56057311149367
3.25553015420407
2.12123820391271
2.94530343267626
3.56214351459313
2.18359771069426
3.13937648189087
2.83666210494015
2.95396497650916
3.11033794494507
3.05246681633099
3.13347509046099
3.53926386151853
3.65053527043052
2.64529075781084
4.43566129500162
3.1342452474556
4.07775922599615
2.7202401669128
2.89168955131288
2.26360452403345
3.2403647271372
3.27683738370492
3.09382856146224
2.92162014040459
2.63045213566255
2.2979155631706
3.07584619129809
3.68349098486856
2.58299072706493
2.10108991442659
2.59611664540017
3.25407659297099
5.09526074479649
2.59361511509773
3.45362974715616
3.39646709906564
3.30496384010561
2.94194549073878
2.83047501567855
3.34071689736012
3.69737611413841
2.67498403278287
3.20663866313562
3.33647967516139
3.6575165841395
4.29958236288116
3.23513494935827
3.59562254417202
4.17650166016334
2.28952435869394
3.4377172539795
2.81706911667684
2.69005659630257
3.64783297163662
2.65379540639458
3.12695364782906
3.1125635367946
2.80024609666633
3.95274581938596
4.05536727567384
2.75209694290637
3.11211804411812
3.38728979512693
2.76197367005679
2.24317081886938
3.99210056789089
3.55785822937744
2.49943855723011
3.68549780941336
3.51041522255616
3.24830604120607
2.80253721713632
2.61151690440449
3.04462118399113
3.400985947687
3.86306042122183
3.45370150360362
4.18610361509803
3.22770728088733
3.86351926789204
2.53528442802571
2.96707781245327
2.61480674466087
3.01737950473353
2.1233793984588
4.08647262339408
2.48780220059706
3.12822970358633
2.30570867762797
3.85337770760299
3.54898628799736
2.04669842248065
2.72669293113791
3.81999790690204
2.47641067574072
3.20602350561104
3.75973095581953
3.91294337543294
4.26639750627101
2.84424355152351
3.52956394128073
4.175055685345
4.0303596972701
3.06891519932934
3.34241198308478
4.29830371634503
3.187185588326
3.71810877694304
2.72786289127303
3.63880201927271
3.25135559602158
2.47269365069333
3.46812340901188
2.5677903620182
3.47814732966729
4.05405374754138
2.20379785679886
3.79798644788978
2.6996964788686
3.48616917804741
2.74293343043734
2.44125622096536
4.03209212225525
3.77561321783432
2.94022571289661
2.80801252962296
3.41279733770944
3.28025841031649
3.83248494643475
1.41900027575324
3.84792954931035
2.84930147485403
3.05731141512021
2.74778978970436
3.33348508725281
3.49385401538127
2.23300565381342
2.67467523494215
2.5634462535485
2.59235330430681
2.52941994452692
3.48653395544346
2.44039584806115
2.65976856100341
4.41258159868447
2.44850250717091
2.31012432118756
2.1446536458922
3.3224407322726
2.89443133397294
3.03090265728965
3.15456222846001
3.06420027238865
3.27339107223646
2.96101773212357
3.80367849763685
2.65029159340896
3.36341056882243
3.63579302388342
3.50474044589341
3.13911547097317
3.95769357976411
2.7636399607108
3.83403430685241
3.6740726307257
2.34729901027829
3.30401668420038
4.42545480628687
2.30242616706417
3.13777061687707
4.76211148155275
3.09684448868938
1.94660482350144
3.5880605534388
2.52677362169586
3.14363306666316
3.73643441309998
3.10047801033208
3.23134993108216
2.72731308169316
2.43091104350479
2.41852600544228
3.47089521043072
2.75405908681007
2.48333302104167
2.22226159929691
2.17757859508339
2.94720575433676
2.97708339522144
2.74159102227864
3.10301793835882
3.37324270902818
2.87979025548178
3.27828188721218
2.47275591432529
1.93140749245998
3.43522678960088
2.86902736253626
2.48646890557507
3.45800013679268
4.2177098499243
2.78185883574248
3.24415760676266
2.92806533422859
2.70030750898616
3.83958495448724
3.50150736219569
3.36237510986655
4.05250499808952
5.00106422018271
2.53878704443832
4.0500415131847
3.31177594264635
4.14960283560999
3.09511188174455
3.49525259694195
2.76228883547006
3.74933984913391
3.76807186959525
4.74387743415221
2.5907245696079
3.57507003630922
3.94995530932294
2.84959465884987
3.62778610672694
4.57246129785327
4.01537031519048
3.82675724223186
3.43759257301624
3.64173828365609
2.61136178528747
3.20856375632992
4.43855933887287
4.96806472072511
2.70917636028167
2.924189639849
3.18427336063683
3.41385873428819
3.1636360930913
4.42220139591638
5.73058422178839
3.56387210451117
4.18394512039852
4.43471671723709
4.06813652126503
1.60657280861953
5.14404740988997
2.99393499577244
3.52071039518529
3.34412363342365
5.27571375552364
3.32787604190734
3.54977271891831
4.16179817690046
4.22148612541444
2.23859485147217
3.07127458828106
3.39090453196582
2.34652983456181
4.25263400180642
3.62576882765037
2.87600187207273
3.24301656798605
3.62175936506145
4.13077207191982
2.92684719888056
2.98251013403631
4.03915183614559
3.58288996876993
3.16602759062195
1.66630336685297
3.02088362275777
2.27741986782376
4.49463424503003
3.7951086353322
4.85444466891544
3.32610567205696
3.60830325649844
3.32557020748518
2.76731931275731
2.79762367894951
3.22896271938008
2.87121156589556
3.37536674367854
2.96674674164766
3.50829605445077
2.51956609963314
2.33416772354139
3.59678760269164
3.21025922727326
1.52898314270605
2.0422821772742
2.74785192000994
4.12411075042243
3.26190156411972
3.02482960400859
3.79641510781741
3.56955054227426
3.8569791315129
4.15414602607639
2.96937575551894
3.28011239610073
3.20977163612826
3.67303399141204
2.62438900175895
2.00121846940112
2.1524132144343
2.79085781980452
2.50544160894338
3.06655953956557
3.21949320882936
2.96354693103903
4.6614741346943
3.47231901057962
2.84224100415556
3.76962712113473
2.5690377972233
2.82457397052596
2.99051768465374
2.42677412164843
2.83246882276452
3.70150372487305
3.39619873633301
2.15426718493475
4.8694127850306
3.8195778568028
4.4095549508299
4.28466426009729
4.4124298283183
2.18704312561668
3.30715058916074
2.42080773101415
1.80549044396909
3.3646053694478
3.40224093484463
3.87460355791621
3.15494129409998
4.5179557231634
2.9123432996999
3.10518454479311
4.2227240264053
3.61067810021591
3.02389997530055
4.03346604912338
2.59777494114658
3.68824231102227
3.12389223507867
2.6792853166159
2.75764876500677
3.20501564664528
2.83569517334419
4.10334161854227
4.26957823296394
2.87636343885099
4.1968256049861
2.61583544395278
2.1107817562236
2.40362732115045
2.88117618085272
2.59456253251502
3.23807602658317
3.09754815518193
3.79785054994107
2.7518262023101
2.84132589356418
3.03679023229554
3.93820790474179
2.51370581260415
3.61553643853139
2.73237333683959
2.56602211037205
3.68948557053218
2.7715265103001
3.39927709929383
3.33615481175387
3.63583988944811
3.76274519794991
2.7389088237319
2.28991857871895
3.54086644972199
3.4583758177105
2.81279200117148
2.8440531644838
3.53860603286016
2.56294031550665
3.76729570529632
4.33695482109476
3.18366796224133
2.844287503694
3.06502484785253
2.50249422615816
2.90375111438759
3.21733100223934
3.82522568946317
2.89612578464684
2.85977192356901
3.00833186321546
3.19564520779823
3.17808283764941
2.18494230766477
1.79864611652237
2.6039263955785
3.23667841940391
3.67128286163609
2.63651221772141
3.12144608205327
2.97969731221538
3.18579645630768
2.52011601601814
2.26715439311287
2.54849699849628
2.69103334538839
4.02705219307591
3.14108192598348
2.71237454415775
2.87218325895406
2.95989590989342
3.62174782300346
2.27543067375625
2.75071298955594
2.90738030898126
3.05425065360343
3.06880574837921
3.75545166892958
3.35107305009202
3.25645730799718
3.12034338464136
2.5967769648652
3.05781063546141
2.66076325581608
2.08239374831211
2.95401867691038
3.50403593935344
3.69644707346483
2.74995203428784
3.75718900968273
3.41220556244073
3.0608719357262
2.85519937343853
3.95501020996198
3.57276889164962
3.14384172294925
3.83086028761408
2.81163764964473
2.8517753724649
2.86222136330834
3.20017543309119
3.25286822737911
2.56315609465278
2.16239797854612
2.84521359985501
3.81289977102956
3.07802520803714
4.79401835418139
2.32411387220578
2.66510435562127
2.80426281805729
3.46784779655498
4.41290710904151
3.79427090058056
4.68553221622415
5.0203581039897
2.4635592041409
3.91236537792975
2.77574778326782
2.76142320792106
4.51261416563384
3.22574625042976
3.74174702493871
3.7160859948934
3.4448109038118
2.68367061438043
2.75901839648551
3.24868081145222
