5.74754897244315
1.79624165400777
4.26689493139612
3.91701019409167
5.3700042543661
3.17704071622059
5.01039123067725
2.90284704871253
3.4209620605278
3.59123205159764
3.745937472984
2.58577093630015
2.16118954662373
3.42946968875513
2.8246405204707
3.97352963387214
4.0201236400825
2.33486276216557
3.4941372655131
3.17417871412789
4.18725195588047
3.45044537244653
3.25558127210628
4.12407863630427
6.0085005986769
5.22070337164546
4.3246206995882
4.53888450405418
1.8499334932845
4.18266804711348
1.36309686589713
3.52452456673804
4.06173549592836
4.98238487516551
3.27181012214837
3.58592877127036
3.35438867368951
0.964304202019441
4.7641148073452
4.0148181591727
3.11723080792371
4.28229407253995
1.93982048720615
3.5425459200795
3.00342400890957
2.51590562708934
4.51472847811429
4.38713402140119
3.45208817272284
2.79092582657904
3.03571684900619
3.60913073734127
4.63357932242364
4.18018989473535
4.15856073832547
2.08916138915014
3.72505442014045
2.87646251778085
2.90233075009023
3.96971027703594
3.37649150902368
4.28889135541042
3.87936969097537
2.75139426338588
3.08491697976336
1.73379968024686
2.7727020629719
3.39369533478669
3.96132962460563
1.17104391893545
3.8161189390394
2.39793628286412
3.76331354797148
3.04784409670687
4.06192722889912
4.65396550516922
4.34663728598815
3.09233627263157
3.19429670512484
2.88518109924334
3.23221299023337
4.23139323631427
3.81115040657856
3.08447278256898
2.20672188721941
3.20003871877982
2.97497371640376
2.00019679696308
2.63139907440309
4.34524309647291
2.99347040447362
2.93260810394624
5.02857691989999
6.01337427420549
5.38987430586874
1.34057419977268
2.36841211756487
5.01474373497451
3.63231355253631
2.77173268452214
4.03008844082468
4.59372132090993
3.01289340629839
1.44523347212153
3.84725731724288
3.72352040605041
3.69639968135331
1.91748520227784
2.22408207647084
2.90138199576065
4.03427555709472
3.12269856991545
4.98999453821822
3.05044584122342
3.06177377498807
3.39172287552375
3.00076706255995
1.39331654448526
3.81473886529371
3.21616544151143
3.62856871980902
3.78545567837173
4.99838618347424
2.92037813312251
4.42722589666412
4.54950319035026
4.58099089783998
2.95704688772266
4.49691681192797
2.94743163946023
4.58851704468858
3.11788793880774
4.08170782602362
3.92108013280927
5.78434514119163
3.18342636703558
3.85896319576229
4.00652450829695
1.84142206436422
5.09224879381317
1.86625914099931
1.8795859763543
4.38784720799227
3.83784041083103
6.06853345500877
3.48409571004078
4.56857749787891
1.87434557140083
3.47236036250467
4.68895649606995
2.07687070968575
2.56026468187627
4.06361409609037
4.01325166366587
1.19505567745332
4.22785245684645
1.91663718072466
4.0208340977095
3.28780155383404
3.67566028705646
3.12840367859642
2.54490490377323
3.73679866361421
4.04786701329818
3.03555669869547
2.76769110520142
3.78447145648494
5.4964125847209
3.9528977743421
3.7568402389103
4.24034542558495
3.90255034098787
3.68628119625264
1.75172058662076
3.93575869389811
2.39065176024734
2.37507105758251
1.51470204275999
1.52175397131216
3.59970051820579
3.65025791849961
3.51240522466207
2.88666411170424
4.37939141673997
2.17710230650687
3.29830339153965
2.32192252568135
4.18452276634063
5.49352831274103
5.79577812338542
2.35608294939263
2.74235210528543
3.14589724300556
1.97542121461162
2.06074703041996
2.80303287648001
3.90068362279469
3.76118958942607
3.14207724800883
3.75727576019268
2.47448269886704
1.60298741546031
4.05877131187245
3.08681618500215
4.12966764579674
3.70833022121392
2.5193038137972
2.09235148111366
5.25550324277006
3.13192024552134
5.30935098226917
2.37650911834532
5.83124526588131
4.58482083812914
2.23412584672129
4.79814621185418
1.7866738208435
3.69749862477959
3.12278744453485
3.74246313996788
4.32365439369887
2.63780904328954
3.83763448673587
3.09712522455772
2.73744362553755
4.43185862383324
1.89917079697987
1.670346493497
3.22999658143476
1.85043884356258
3.4336779608704
3.23401218893764
3.64643263907527
3.85800432507884
2.41893383024182
3.14179941712069
4.20086489130206
2.94634559605824
3.75748087247502
3.57007745660077
3.79990615838771
2.01247428383262
6.04381740490034
2.54083530095468
3.66249024956061
2.43835880257355
3.52620909806272
3.05084401161333
3.02830203714999
3.28785380391773
5.24252026691648
2.83964830553501
4.5520005936537
1.7399377750307
3.40412235944789
2.39951964516883
4.06664245371717
1.58834813592469
3.46251763301917
3.39822999629431
3.96793564912566
1.59225884527939
2.96446324181496
2.2817659398445
5.19090881949673
4.02846464425027
3.10739806219256
4.37365551658627
2.19207487832819
2.60691110301438
2.43427293696222
2.44858406793658
1.8107971159195
5.51495768878845
3.08253280911953
5.28322238753464
3.46332591218165
5.16881636749264
2.88810070474792
4.34079879942858
3.82639195305579
3.57414464202487
2.33400198661668
6.38749405206413
4.37481062981851
3.76781313111107
2.51596188774937
4.10632372333394
3.64063850668015
2.90077515320547
4.06828140579407
3.25324651257375
4.09484386414136
3.11647795655699
3.88984427705415
3.50060988609191
2.48986940842126
2.76390036402559
5.01413215955871
2.78133545102478
2.00537798593299
2.5044006321356
2.96804855509812
5.7127421779255
5.12439581960039
2.35537899097022
4.9277898960641
1.72485692364855
4.73114054779142
3.25381090151496
3.48696298040631
3.51712891164303
1.73682545176476
3.60084891606955
1.73150997828888
3.89121843954631
1.75885456801942
4.30506994269418
3.59494824947996
3.42685830544553
2.28997283258848
4.11337544855765
3.74796490906897
3.86442719316013
2.66536358339366
2.28818663326724
3.47880306292285
4.64966625584969
1.79625414301279
2.28643556927496
2.88154431289164
4.27103161404317
4.30317852001038
3.58979703935004
2.68927110566991
2.06552019662403
2.28095134601056
3.32858943973468
2.98750964289002
3.40356193538336
1.32973682539138
2.23184099927918
2.14905352032626
5.3369856810604
2.63790194736629
1.52194468994293
3.27319329678034
1.87622688394657
2.93592695455724
5.16125054598784
3.77764058618487
3.08918940475249
3.9376979591859
4.17870005881578
3.78579760268836
5.29754364781012
3.82900047399886
3.24451281315607
4.12823709076251
2.47827765343681
2.80883023966468
3.45891138374087
3.82155491668729
3.08124519799797
3.51692478729953
2.36012752042273
3.96370373081567
1.74457008717269
1.07073489885478
2.54366549219938
3.13925071969983
4.38006865822132
3.51148290494717
5.72810608667051
2.93084901616091
4.02268305391987
4.6850824892555
2.66164658932762
2.43716351976289
2.17062661448803
2.3274897676352
3.81277915115909
5.2707936434381
3.57424458769705
5.0965733481917
3.98166703704424
4.67225845166765
4.45952365401965
5.56437228090976
2.82636441351388
6.84148116194807
4.1110995562994
2.66745537098767
3.40727197339734
3.70933593786772
1.88143812618379
2.54896952739845
3.51242990884082
2.63409949937769
4.60642165158857
6.82491413397571
5.19672522669993
5.49268142070221
3.39684116888348
2.23877179587947
4.03485515140347
2.86730608000191
3.91110169516849
3.75313088058676
3.473553301552
5.3317973556968
4.2181289491119
2.66074107442755
1.53775502962483
2.59001461273564
2.98343643849499
3.68909841862552
4.01868064377889
5.1252896292314
4.94435256289282
2.5451895933404
3.45628308316302
1.60225303791991
4.68792697318809
5.04187501172342
4.7703139983263
3.55042390540368
1.96222086207733
2.46386778348515
4.15276688261473
5.76630609501036
3.22629970847618
2.41853698043068
1.76710803568863
2.17126619126093
4.87492666868182
4.19425781628468
2.61594816616388
2.44070753892141
2.49198988952785
5.25818633191819
2.82449879553162
3.12058755721504
5.56710166982686
3.29375380435394
3.35197642363638
2.8134834340432
3.20362662287395
2.8441369505409
3.7603823313708
3.03379971211368
2.76535430454337
3.56100336372212
3.39892790788317
2.51719213217652
1.80691935608389
3.87595957976834
4.43250722284703
5.0158625283449
4.56790000962318
4.22980362352889
3.55677878852983
5.18753839681107
4.89652425543813
2.96476916247114
2.71430259538489
1.8896149071635
2.63324748739071
5.48237276683647
6.08997815370721
4.02016244668953
1.66744012543511
2.44285266995539
1.86626643809426
3.8454215679017
3.11361577063044
2.90650795627159
4.1349272026001
3.43931775276145
5.80402142904199
3.95893516156068
2.82158089014674
4.50351773549649
4.6202520552458
3.91730703750823
2.0776673742631
0.684904570802829
2.33983784372534
5.05699392081069
3.3149057274824
4.87939305836862
4.39627150233278
3.93709954101037
3.10986427020709
3.71079590017667
1.65782945633303
3.78075873927845
4.53753941918992
4.00281226638421
4.44537055318202
2.05227372984584
4.65238957028053
4.20486562084738
2.80212796562725
1.98892807655427
4.78534609463352
3.02972363221065
5.3309141877193
1.83152368305957
2.91198584122311
2.20661526221622
1.69289786447711
3.7324336056822
2.86125588074938
1.29989441405933
4.5871432281612
4.20336850812427
3.20988263853553
3.62567234061889
3.15542886326934
4.05314672248875
3.71807766924646
3.69869470223236
1.48460177476289
1.44930101858543
3.82284746307599
4.57360081545704
2.67221160646129
1.45674868675652
2.47413675968667
3.65767656298987
4.54399050958263
2.05043522172286
3.75940763523935
2.33715963167801
4.20719079227223
3.53400504219654
3.7404085167207
6.59702788166633
3.10790894850358
3.31678323712545
4.17748317385879
1.88421678324817
3.64197147590648
3.15179999490644
3.5505572462933
1.49735207014773
1.82932833516403
2.39889506433374
4.35172774506134
2.47800949620331
5.56454316548272
2.89880918006475
3.97218940486307
2.56027419882052
4.36035999527892
2.75797377511912
3.35363712337694
3.40123627675971
4.57708846201192
3.56431454393769
2.37207749946773
5.13230662594888
3.65540307426193
4.4300091741612
3.12584401098307
2.53195917129619
2.58220403956134
3.14612659879286
3.01462495187955
2.77597344099875
2.8142952258523
2.33921729014492
5.09150571192577
3.51241106993906
4.0101830430972
4.43715213727492
3.07607615750819
2.85484598205768
5.14669783490309
3.77821280243731
4.36515824243788
5.66597983815722
6.43646636066479
5.14176116179263
3.80487365936619
3.10910228744426
3.58663942712509
3.63507713731598
4.34298529153843
3.64293937821687
4.74836353346474
5.45146962989217
2.73578834545111
6.00348208037904
1.31239126405884
1.77218532700778
4.98704328701172
2.05808416798466
2.49929499376334
4.62217408022975
2.53005947753593
1.98768706765878
3.29924754765895
3.50089907779584
5.3559904023612
3.93190866650055
3.03385385871475
3.17558398254143
3.56346164285549
2.47263120930236
4.3421220685104
3.00751108002554
1.6231079954708
2.54941953420865
2.52621152278473
5.06498745097643
3.43568055322494
4.11912474923285
4.53651821450267
3.74683230183089
2.95942591712079
2.4864435056933
2.75309656874857
5.49633427714308
4.89649767432245
1.36194459099866
2.63859417951748
3.55242243916787
5.24861999243494
1.21454687395994
2.78477771929869
3.84517580644705
2.84978799041221
3.27518012702056
4.75821729137606
1.64152866631835
0.99150868182636
2.84463134610199
2.75849587648895
5.23861759143128
4.79617662267683
4.90733595418915
2.88828696861175
3.04919651427533
4.01727081379922
4.49404661568256
3.31885085267015
2.04214486285773
1.74165840836148
1.85729772434517
2.79812067149178
2.94607790119843
2.96625222019288
5.47924480408737
2.43856100720005
3.28320396494841
4.45612448184325
4.491661939269
4.04977743067493
3.20338661944937
4.21219343013621
3.2304844239552
3.36847841834644
4.0093983433597
3.48924238559434
2.35650705514441
2.5274565545739
3.68629772622094
3.5503807763603
2.01921127709216
3.83334499872526
2.21676984735266
1.03937839599605
3.07153305217062
3.2537234308127
5.8377765668854
2.90522323106379
4.8338111147371
4.65099270183916
3.87392220978208
5.87787533968276
6.28990443791944
3.37714981290801
6.0178796070954
4.19473148070338
1.81986275869448
3.20297338774965
5.7827429281433
2.88355974288522
4.01497186195508
3.57167726576912
3.72338556940186
5.6453542187343
4.2146349879766
3.9914092663683
4.48652629854051
1.796456190665
3.62752849347094
2.7361832057352
3.07039845752736
4.6765906325336
4.63955861757534
7.45253229657894
4.3674041218835
3.01415011850651
3.30201275058509
3.39708772551222
5.01604027522581
1.7213170893223
2.68874820324669
3.8781041403492
6.82423961822075
3.05672849529212
3.34911358009831
3.74957781941135
3.6584048372803
3.27124323338226
4.36556912736025
4.55183857981651
5.24379978490329
3.78099445259519
3.23488348039653
4.21027050947866
2.90762518131152
3.87124441086056
3.51277456008078
4.8979908752811
3.85610892439941
2.85876569939257
3.09721808051297
1.52758285631024
2.06804147714997
1.36125446653714
3.35938112601327
2.90885050774713
3.06200111986829
3.22384160796297
5.19465697936206
3.58655943933567
3.36568370989349
5.48839701129716
3.63197783609017
1.82320370346271
2.74569827111949
4.49648898552006
4.89524139817316
3.86915928552344
3.27819419609211
2.64943800899241
2.42732992230864
2.52551615868945
2.9275575947125
3.79444003665257
4.60427392723841
4.58662037831197
4.30117530779069
2.94097987958882
3.15069977672884
2.94603942636141
2.7864691504771
2.9475246432036
3.37889800112278
2.17604731657114
3.53954496647227
2.96569981961221
3.55515879733142
4.19364546580718
3.39502728793145
3.08384727655418
2.45703623659507
2.6562715384557
5.85943850616512
3.36821704294727
5.05283246028956
5.817885783904
4.31558247124116
4.67065995545231
2.10417130380908
4.67669030141596
4.10877532181591
4.33077322144197
3.66585943685911
2.25251052976965
2.83571565117287
2.80088934862513
4.95525050861444
2.42080835805556
2.64495586310508
2.79714492091131
5.78987839988461
6.22049375724659
3.36782243255637
1.98297297291756
4.03741148156862
4.02642829263571
5.06673205218218
5.92260369649983
5.14605690487543
2.56996719211811
6.11484833225549
3.68729744097245
3.17052723540466
1.28202992627585
3.62237210168503
4.63381524796469
4.74814806746124
2.43645491990332
2.4925088619524
3.30393271753348
3.2073615361934
2.55397824545839
2.80324493242951
1.87562431586662
4.20614556502669
2.77369648709314
4.9235757405191
2.96184282681487
4.07882104402259
3.68027827227278
2.14995285620484
2.62886724726725
1.40479250084981
2.08486609497867
1.39786719054929
2.60205207543469
4.94882754203217
5.73455763021366
4.91608818173101
3.71687432945009
4.30769026038869
2.53668951455297
4.29878110568667
2.18060375235524
4.62262260605881
2.73049886904812
5.63853568985692
2.00994262643739
4.19851308078854
4.3237020829833
2.89668334685283
4.68416513690818
3.33220461204005
4.8335014360903
2.95073484009478
3.3254256412581
3.0841287748388
2.79306169113977
2.11565112083988
3.27763123489246
2.12987895327188
2.72819532710966
3.73715240394389
3.95521014746459
3.29612659716234
1.43024132048546
2.53680174403239
4.08021106898083
3.05237953999434
2.89587046066035
3.35285989625822
2.749638710095
1.61994181064177
3.33774533359724
2.97026454268005
2.62177928944956
5.64965560567624
4.41094750406765
2.24943215868123
3.93156158573372
3.508656593378
3.68988713291666
3.47384678683511
3.02849720641477
3.11995946451088
5.5775312831562
1.26771283343541
3.55417903413206
1.62258144165727
5.42357369086775
4.60387727971676
0.390058194627221
5.0016274583088
2.73520819644664
2.03478946872367
2.34593159579782
3.49383201326733
4.47232949917684
2.89856523706469
3.64011431851534
1.56734936506182
3.82053315881888
2.44854032077119
3.85521421875413
3.39047950193894
3.64602413888124
3.0059534562228
3.21353501631077
2.05176167054201
3.55236912633363
1.93226540465665
2.74278596064704
4.06711909367929
3.2133650351387
2.57060951228915
1.45415979156773
3.29793994316113
3.14455520657462
2.38197682506159
2.00644286085353
4.6904597329898
3.51209402447006
2.47817678476388
3.75348812456671
2.68134218813264
2.96199276750846
4.66828239243039
2.03085151642344
3.55472270057756
5.90905464090657
4.74311029226085
5.80066942832989
1.92486070851537
3.33186800917945
1.77101906474834
3.9383604239417
2.1463285538843
2.80405001993078
5.70465701228914
2.72824690376686
4.31005015002621
4.93199327059696
3.12734739791218
7.7028205696829
2.54314646276527
5.90797794274371
3.21496650930749
3.95092677277377
2.43847858111799
2.86045958910249
3.16341881313075
3.4180725748652
3.22162009707127
5.15899888312788
5.93780120511901
4.61159315477185
2.43137989279578
3.96957684634726
2.03168882174155
3.51155646605479
6.65779733189488
1.91081045441928
3.63548818940551
2.47089712106316
4.72189909995361
2.75517836860747
3.70564087290125
3.41699781638563
2.16762580933131
1.24807654699051
5.71873776232855
3.75808825635066
3.04216927048428
1.76111138106536
5.72159815203871
4.69176232982409
4.43561531171701
4.11213599373311
4.33589040247963
2.94719804382486
2.69778140925773
2.96327359725157
3.18014097156491
1.85874427288293
2.55585038375074
5.23666355921597
2.25610556971956
3.43850648553331
1.91152493457688
6.05527187228063
4.17614425645237
1.65084559078083
4.57993190127434
3.33000501494298
3.33125734669064
4.24410552608801
0.948418923004364
4.90274000432909
5.58077035414952
3.15278932198105
1.93591553701217
4.86824959790027
3.60942657114112
3.06348222590273
5.04592465355607
3.22078246871729
4.71548139667615
2.73690556444804
4.57057105735887
5.37753862143626
3.07324488479238
3.89514094044085
7.55821275842278
2.27211048976267
3.75074583625698
4.68300649391903
1.97160385965138
3.59199130355953
2.6026472328777
4.84743372608189
2.97603685076419
1.18650022662019
3.17398367809841
2.69970566980563
4.74854687117626
3.92793401475428
2.94971047724459
4.24604700341481
5.36091767986832
2.69478099176196
4.79295920901409
4.32978317848347
4.02042767219312
2.8250373089885
2.75058622763537
1.72800944568439
3.98381341653678
4.22202669982408
4.90820888474226
4.99855996036737
4.90849950020198
3.71290380950036
2.43955695250343
2.09222200267615
3.12806614303479
2.65760367989743
3.3859150429751
4.0208883574518
3.88996506708251
2.29249915123369
3.5322753095306
6.36457651231543
2.05791456705048
3.9105830316414
2.40025501464698
2.61306281296129
4.21153368394974
3.01896188718739
4.36791877460646
1.50803068460295
2.49666208558363
3.64734922902957
4.14906014300897
3.39862812784007
2.97230129196678
2.23789629873315
5.90671842266533
0.315786154003423
2.64713802712935
3.94408012013623
2.2181343873343
2.01367315608074
3.72452902638142
3.01089966199585
2.61818800001321
3.75638012035002
2.65941460244644
2.61435973821183
3.27085252942656
3.63025183473561
1.53983781981638
3.4354014357306
2.93991256222121
3.47483816966801
4.02730207974844
4.67121721350161
4.50965413369005
5.11605495356489
2.66592071529628
5.27092135027114
2.89714910341609
1.69510770005088
3.12103308554136
5.84645761669066
2.64708621239352
2.05067351758298
5.22540938272639
1.80599836832762
2.8012249303169
1.74437656242262
6.01526558329786
6.0388526495461
6.14092102831213
3.82229609382692
3.65001334719512
2.96335798621753
4.09021092531039
4.53999717814098
2.49085854042833
2.76527441454731
3.13523323092222
2.50087913047735
2.74288662439863
3.18753274552975
3.48030709547279
4.63075621284336
2.69056342170478
3.69309858107601
1.95181883932709
4.23396933964729
1.79800616327344
4.47775194892115
2.80957336676481
4.42181807761141
3.01577591938787
3.889534646286
4.17937277078732
3.33842799889878
3.85488261926243
6.8904237236953
3.22744375896871
3.08282200064215
5.48631930853102
3.79823075915804
4.40536696788435
3.6758305631301
5.09971466802862
5.39472088616624
3.51524627135506
3.28819817005498
2.41503469098835
1.81567523444863
3.05306380361273
2.66766952386535
2.04825698330078
5.8018399136457
5.10184067695137
3.67567256134545
4.57396638583187
4.94049816208588
2.20059976736522
4.41997388805172
3.74659241655559
5.39907930150936
4.2490939559439
3.58198736043738
3.60675218074854
2.87336866693836
4.87765299424002
2.21739888043423
3.57618967559296
3.20504877938111
5.39549750952002
5.90863071156197
3.54701424285451
4.19311055142297
3.67774317441145
2.64053036183911
3.3905172396464
3.2815322489576
4.29220229984244
4.91701479177821
2.74554951828541
4.85741441523475
3.86232323809161
3.31740450947686
6.28433786359389
2.64876955192206
2.88372197569416
4.5882634388573
4.10637998587247
3.32287457827832
4.38829175040624
5.09931388361975
2.68632683738755
4.44205370568667
2.2626579598352
2.74014533746762
2.27007422695328
1.43411779161022
3.06096697788856
5.32429766650022
4.31616431284103
4.63562192068676
2.21439274312969
2.90652990541511
4.82223482681922
5.26681353462378
1.82510303396987
4.78081676929255
3.16253520967733
3.48808501236999
3.4917475847301
5.13940300006401
4.37040928830489
1.62903325497352
5.15424606568182
3.01872920134331
2.50221255715333
5.45416650235383
2.1860357932611
3.39897315713282
4.36299717969858
3.7564768347079
3.45928262602877
2.50963179507739
4.99036239944087
3.8776038994881
2.35913281994424
4.73220028552468
2.30044751259445
4.84125423640631
2.95582365723841
3.54139437171272
5.79896364156256
4.68513758924812
3.81136378592091
1.69906554338257
3.34646823125585
3.22811030287962
4.70522755666397
3.18834460988207
1.25726037642386
3.58913816464597
4.88189927298211
2.51996677714451
3.59263391126415
2.18242178416583
4.698232077607
3.38082301602785
1.75596258115344
2.75172684693369
5.39451228207022
3.4134309647343
3.57283207872462
2.76624631416747
3.16699083412755
3.17885750533509
3.73570430652841
4.51881476797499
3.55704655316421
2.26495122815007
4.28657698439966
3.26672935942833
5.00095366280762
2.87162413900578
3.49507751414578
2.44345867085312
5.05088214752454
2.18080648861991
3.01694837870932
3.97454079834924
2.5321554765169
1.66401794482633
3.20703845550462
3.44527250322455
3.06596782518612
5.14061755946873
3.13800154613363
3.91236126616171
4.12666868994258
3.07663292339836
4.95418565964606
5.97145451122782
2.09033623631597
4.13649330274567
2.36716744701981
2.58420315793956
3.5071435930801
5.829108074581
2.90082928706875
3.64104861409908
3.23197127750831
5.33190010580252
3.54545874976424
2.44237756973845
3.04356734918689
3.21376685485048
4.53524295273992
3.71033015988622
3.2299344050864
3.21832850452129
4.5575256609564
2.6187300626816
3.4996669553521
4.86833446699945
3.82435695844622
4.32737845191588
2.45576717972696
3.68021082755029
3.76584686776271
4.59502038473296
3.46428421743776
3.50933144654946
3.95553189399576
2.4428276708551
3.63161889720811
3.63532601292611
5.77502721947413
4.19659890431896
1.94105044233267
3.75094923435233
5.14985491419261
2.1467973597066
3.1286376181825
3.24661602068251
3.14408540028611
3.53614462590153
3.31256291525685
3.33972996508098
3.07716747801129
2.53745823501868
2.44679426007979
2.76800469278129
5.46906696021654
2.50817929586862
6.45901481540111
3.15777745681563
3.61159193715238
4.22533985097422
4.38119839430231
5.32726835843657
3.62688207187865
4.54586920313735
3.89195598558471
5.01223046943557
3.12183145051871
3.90300156909226
4.02021556328709
3.2673173036315
3.96185879292175
2.14845502921407
4.1823655368852
2.51237925203947
3.76558698860273
3.28843528176711
3.74574951123326
4.1178153039253
2.35827619164177
4.06341743008665
3.40818187637294
3.22877946825874
1.9730463034551
2.47687398369317
1.66280930492922
3.77315653995772
2.39262322337134
1.31443796786647
3.28678664234606
1.25104987255135
2.60933544268224
3.67404879501975
2.47389438625928
4.7258589157326
4.10271892082546
4.78607753802364
2.40319986535593
5.32829865114566
3.98207937960986
3.79796453702029
4.67179484774507
2.66155336474586
3.33119858471547
4.82642273373518
3.43117605679585
4.33007540478998
4.94555550728959
2.76394903004933
4.41431362324446
3.21894637164095
3.35406432587525
4.67742684926185
3.45174374290761
4.39719775664971
2.36720688584468
2.90273570441561
2.82224258492897
3.42215496937123
1.79367414792573
4.46730997253787
4.12260994432302
4.27753104613251
4.39374816916339
4.73092883413129
2.65477203722938
2.47245022533569
2.48023169257058
2.39674246117954
3.78140522284183
2.26102009074966
2.35927294521769
2.94675566658304
1.98398831400395
1.81785251500789
2.41233861170414
1.6806398856211
4.33351068348092
2.940591680079
2.88013735857215
4.31224691880658
2.18679122301876
2.0122366456121
4.87710380494104
2.12335163532162
4.38018465939833
4.94987889502618
5.73118768435911
2.01734707907568
2.5471001252561
2.46353686314923
2.25967777684302
2.15677109922896
4.27696939781647
3.47577091632797
2.51388308330231
4.37894281324676
3.31458029580503
2.85905810860149
3.20820141547839
3.45582963463699
5.64444635917482
4.6282249401557
3.86964028267074
6.01302213363909
2.54880046841189
3.35276507495314
4.4214402098328
4.77973053954594
1.92399412162501
3.87427307305666
2.45878155577284
2.08993568406217
2.88220521011254
4.46895591490936
1.89777048371981
5.2492863411421
4.84728390410752
3.12405285128818
2.31950760975497
2.17220626076181
3.17342382649846
1.95726675734633
3.32640424014768
5.28300457946429
2.06597395074444
5.0294371140583
2.82715003551621
3.47953551350705
2.69425927826851
3.46423315874695
3.92709714652499
4.16148436884737
2.97698376082994
1.91122419326854
2.28483600123377
2.39046454936264
3.06950318307533
3.72512597744025
4.1008276854013
2.85209356903419
1.86966579520516
1.97025196270507
3.16102580228792
3.15614080445391
2.50388017555413
2.86023166085448
4.20974064871127
4.16985031222333
2.27197843376112
2.09439579282731
5.61638339076405
3.99753504318062
2.82983462295426
4.04203988681848
3.57089061217458
2.62337038930345
4.38348539749689
1.99362225988161
1.67905929389858
2.16190613351229
2.72171236298211
3.28934113351466
5.67606132526658
2.95474582275619
1.40807927211292
4.0064790035303
4.21915912632047
2.81315060265546
2.61182247134058
1.29187471525977
2.47703655977264
2.89935399990988
3.87987943540177
2.57972620641935
3.79650680671836
3.53175613474579
3.5345215609479
3.32340591356869
1.58506738008073
5.16892006729328
4.70022367985059
1.70781279485691
1.3884423039136
3.55669326740684
3.87067306725255
4.29127300206936
6.3772776672835
4.37868168609628
3.80908104215032
2.43621259566001
2.88487631152319
5.66040239468522
2.51895431171582
2.48552744761367
4.47937995428346
3.64661480417186
3.89955029519127
7.23208873877157
4.4410900058813
2.74863275467305
5.34938682586341
5.07445130019677
3.70670857643371
3.55683170020515
4.21523953442068
1.81048600160199
1.66549605612118
3.61027210156954
1.74833229199652
3.90971926230223
3.98387216604887
2.80923021229958
2.02312578077904
3.59687351903762
5.41299933948592
1.50110018918874
4.49872980792805
4.10753145819623
7.66203090585624
4.66019087260957
3.40133431624039
3.17410470324763
2.89106907142859
4.78556306948928
2.73377370020819
3.41924129164271
1.78574447083332
4.45260112756194
2.39973375295675
0.907702483175811
2.75454427446822
1.72230264928056
2.91822615056488
4.51417828163742
4.08379568181946
2.58699771018567
3.25405182914056
3.47868374556501
3.88945737188269
2.14372031362299
4.57657454963758
2.46294660334917
3.24684457741966
2.77202409556551
1.3843082573535
1.95630947462028
4.4429100569556
3.33938392444082
1.95001055712855
2.37948928906266
5.42803993243622
2.58474738109981
3.80099755110772
4.8081411771017
4.18780766972289
3.622018319813
4.31869987224683
1.93353556666915
3.2427345455623
2.94997650854411
3.74795152459972
2.41499835916276
4.78546804039429
3.12403939597281
2.99088921417705
3.2420928686414
2.98752650574233
4.3886767536021
3.82944104938828
2.76345103749843
2.2177144104483
1.70289198883973
4.04597667565655
3.07205471795844
2.19976651749636
1.91364436910626
2.5852318832519
1.34035487703058
3.12999989910683
2.54701422069018
2.94036716278212
1.15958810597641
3.73404066491377
3.87077394138907
2.057523398162
5.48503219297074
3.33789430986384
3.44589172784518
4.46248894696386
2.59126984293412
3.64152222513655
1.87880200782091
2.0210485521269
4.6685204213352
6.24312702755607
3.57575902519355
4.61717698304981
2.61093749277641
3.91054772114678
4.60050160811073
1.7012858672826
3.42704405356032
1.53960471558792
4.15620678739757
3.01954613805396
5.91385693317529
2.88418305699795
4.48432953531123
3.70978259510353
3.95999656279988
2.62157998512065
5.29550283353496
2.65485181885669
3.2685807814341
4.15564903283378
5.36367061582577
4.27815148895039
4.16622781454675
4.09298061505634
3.44615291145826
4.15537586683826
2.59246159820097
1.73739419836627
2.9466500850555
3.34884575225595
3.91576712994512
2.91738946085792
2.80884328464155
1.57866502018138
5.73162142782235
2.35594644565425
2.6319577321677
2.74841506459624
3.05424642919103
4.96617952322293
3.41565005882607
5.84684534460294
2.50767984921141
4.90182188712957
1.44672039182751
4.46392042854807
3.32545709889283
2.07903839149278
4.50553524024296
3.60603399192185
5.01854652795327
3.7940596150485
3.42506267321856
3.71738150264929
3.23664117391782
3.87256399721513
4.65047787846051
5.16524731156561
3.56681214069151
4.78027930715788
3.51693900086173
2.52869709661999
4.90326371714482
3.7455493145328
3.63169190448972
3.3690387142945
2.99560837365954
5.68739300584629
2.88798019822546
3.65867680635101
3.86681756199055
3.92005197031724
2.45441400086502
3.88980160637171
4.5505572261078
4.88508468754229
2.79128929008422
4.4789955223369
3.79663167523443
4.07280035723289
3.62666258747623
5.58938235751137
3.41156461054898
4.48461147952232
3.38242110582316
1.70782885101532
1.70979348451814
6.28716547165402
4.45044241923266
3.90095887810182
7.16504549869043
5.89205642372754
1.62676033371424
4.1178408001289
2.09912975062581
4.33358681808727
3.58452467526138
2.57444086247425
3.80273434100955
0.661108037196462
4.96121950782692
3.85021164689142
2.37348408099232
5.1508763916335
1.32220544689371
2.59926418626437
3.06566524540637
4.32966967063885
4.46830982249685
2.44082296146048
5.15184117787199
2.11548262535231
3.42921770719005
4.46637080388429
3.48093083100459
4.69633582060328
3.87558249438915
2.59195964836182
5.24722411333776
5.11972666801152
4.25348125249555
3.81066628921615
3.86194775697865
5.70642105895794
4.56917537381294
5.56278383278085
3.09536238262778
4.47229034250653
5.46733408598249
3.34974311173984
4.36031112442925
2.23024477922859
2.85725151355635
3.73844146750434
1.74806960298088
1.91088267305922
4.69246698723512
3.4877684996113
3.70842137504879
3.96745657829722
3.44626887327317
3.19597055161843
4.41864507424894
3.89801963089214
2.38179145605798
2.09260883723671
4.47735655062724
2.31707357745603
2.7593640764132
3.14633872682623
3.00960917705429
4.99427222451558
4.59848643195502
2.78466789674848
2.93188947596597
3.82408744938947
5.68328741999139
4.00881072057282
3.95049110588668
4.82377101559293
5.5479904321104
5.86820118275071
5.04825024439643
3.92795550515181
2.4519776526068
1.82728663099481
4.18679805486529
4.22338602334399
1.68468940797539
3.49835746125147
2.17208680069803
5.04319978435071
4.3864363948784
3.66141574067295
2.94676756265246
4.79560027669153
4.45163697137911
6.17199531685495
2.68791112216829
4.76019700254169
5.6118210080907
3.37425134602771
2.41672708296735
4.35019782352851
5.17087991680956
4.66341823025825
4.01606410848317
3.47092764972189
3.87131479385206
3.53426579034994
3.80302149350492
3.22599424743931
4.25159541816064
2.42136806425093
3.19007398382001
4.30612832380137
1.93940496037532
2.27534117363477
3.30729090134644
1.75603400942449
2.32431378433322
3.95842189357477
2.83795740060688
5.82451629235242
3.50080453823545
3.98311449094875
5.67126208267524
2.68194806480739
4.77341545352748
3.70378914998354
3.66054888221723
2.43404423884682
5.31881881673812
4.51104801477108
4.41211959617686
2.49398085551617
2.6760201476506
3.48723235517045
3.25864158496124
1.79376236464502
2.1671743061097
3.61347081027224
3.48078913212004
4.47126653048223
4.84422536148765
2.59638654401373
1.84560126258151
4.33987830126437
2.31157767740831
2.49286930376831
2.76519150919993
3.47409432952942
4.73037326097621
2.21525618106406
2.73928783095963
2.98142337309411
4.76676806332573
4.19868366134147
3.37770110185588
1.71281470598775
2.01095957000292
3.90542309295989
4.30316049411944
2.78347131613811
3.49370556803462
1.98151428756499
3.37001148461178
3.84938948872587
3.01083358198407
3.77214618384996
2.33832291436631
5.21564190685161
4.39892856255952
2.99832646660018
3.50754710807927
4.97289441301541
3.76200187944923
4.93058946436279
2.67809874780728
2.11927120016983
1.74586545154333
3.78820021130269
1.96004980317116
3.45768591066476
4.14045068732119
1.95912516991914
6.03009820914053
3.46590994962419
1.88587345835199
3.84365764347468
5.11502377508082
4.5182743579939
3.99294369792568
3.44960891807908
3.02499502160218
4.03087637191986
3.57805444759066
3.2478256884702
4.81057752790982
4.12236349079082
4.48816624891384
4.5214388155442
5.08117313218917
2.36649861329765
3.27777360918949
3.35976493492694
1.94484530553867
3.45813869494924
3.66313355767494
4.41669418540837
2.99122161718792
2.73545426004863
3.35111516011393
2.45528668421488
4.71600466541432
3.13763947341606
2.4331382000078
2.12565883424974
3.97901222313126
3.11805315877972
2.70663834940229
4.96439284122176
3.22379074202369
5.54103381128089
3.5022742628443
2.86512595544786
3.14602626165636
3.58640700202608
4.38274691314781
4.1151237465165
4.01333382484329
4.00829034808137
3.18973360910447
4.25888621074302
4.20237089269158
2.65798445086403
3.47100449474111
1.98987564951969
3.2273806439492
2.78042344415355
2.98980057561783
2.17248019383103
3.78348385967694
3.65883692266733
6.76856325060343
3.06328607246298
4.01025108920603
1.99250012921306
2.8488636043032
4.19180237777695
3.03743021149267
2.59217724510262
4.47897179321401
2.50350416786257
3.08011168652375
3.90668517982037
2.99192349883667
2.19749088953305
3.81098611229158
2.22897352979827
1.78780663638385
4.71567332321161
2.91553771963229
2.82954414497597
3.46022877697565
4.81648649442337
3.20994183193883
2.80797419429639
6.28916040900513
2.11424409074431
3.19558281710079
2.40055772223165
3.85980257322699
2.93628638900747
2.30739828835727
6.09224737006061
2.59733357467339
3.80250458851621
2.06169914904858
4.05314812369841
3.82813072672406
3.43567546270086
4.50801935851217
5.63557936947726
5.34367824308939
1.05491168424738
2.75157018642682
3.24321089973129
2.51154882429645
3.80294020026013
3.2470117690983
2.46554924970904
1.44738984489891
2.22045627053279
4.82965948982785
3.98799450473003
1.6005291659252
2.7506827471662
2.9729327421771
5.02362420566348
4.41889655429335
4.13109997576088
1.61887205534665
5.58683816422732
2.51324335828351
3.27971728470544
7.56637067965479
2.03336777558702
1.88662307761795
2.20619666806055
2.18589250714493
3.58613107439396
1.72397450900062
4.44906405631148
4.06203782913199
2.4218097381825
4.25759585802168
6.24844297889928
4.75117048921267
2.15591135500552
3.47463802776008
4.74507072643579
5.16394434997731
4.69684613735804
3.64411825172793
2.53762398954184
2.91324732107491
3.96968452439298
1.84138775487437
1.99066085358821
3.77344044486051
3.12303219510832
4.01674555185059
3.4816300013271
4.64259618488466
4.3762961749524
5.25886406218235
3.59291781723209
5.17167324424643
3.06914749722991
2.62297981206443
2.98190036889411
2.69047232227267
2.60468095560415
3.64446995352008
3.22995643376475
3.89008587434449
3.86699207331585
2.35035786836419
2.76270499703881
1.9281072318863
2.79715425025249
2.93400306200623
1.79418897229807
2.82957983017043
2.27212740048493
3.14758850568413
4.36865229135611
3.05232385645584
3.04211462436162
3.4455504141069
4.0152191852227
2.91602864325026
4.57648866791552
4.71003126848107
2.63950906433802
5.3724716858085
5.8195124559606
3.04474192045545
4.22260497442207
1.97994439001625
3.09361918994444
4.00992670817271
3.29097993555538
3.5714010969488
1.9656380587215
2.35880223643086
3.12557504814082
4.38242031832785
4.72225392219672
5.13560060067477
1.71243322033881
3.3472658579793
3.98180324649186
6.89952562588635
3.33064463994079
4.66286236498889
2.5077753984544
2.57239696601052
1.37959473023784
4.47413951703041
2.49003051113344
4.59376717205087
3.63705755303326
3.03106642906254
2.44269819985989
3.22098353076197
2.7308987198784
2.83415793956477
3.37427015819653
5.10506752281445
1.46355452682679
1.75177695849071
4.97481653523171
2.63022061895858
3.97746369909428
2.09473838480495
3.50456552650196
1.79382371943867
5.54373535542437
2.31768971936136
5.18030175753991
3.22649634015871
2.66648695187128
2.67382073900487
2.03343522492282
2.02498322780016
3.76019960151161
2.41843669328292
2.76457965131543
3.3967210300377
3.15582751648656
3.94264884663893
3.98822659241586
3.9503901240253
2.69017773602537
4.33653399219295
3.70648851672556
4.40490581231017
3.93444025227001
4.23790128357941
3.10622274335751
2.54465328610747
4.29833118498669
2.9171587928544
5.75317565591025
1.20076764841837
4.69597405258021
3.76250607171385
4.49770480363625
3.03265574112674
5.09626752582732
2.15926511742287
3.09728355241762
2.1776809713828
3.34160237115732
3.797986792578
3.50642920980805
4.3410571522676
4.68283072383535
4.11624540730019
3.44553933443928
2.69645635700956
3.89007356163144
3.90702596380093
3.60987141406417
3.87840269511337
3.57843751516391
2.10014699940441
1.91472462816096
5.74773820755472
4.14068020835118
5.63857389179164
3.36191085222087
2.99345669478746
4.74268704639174
3.42434815499546
4.61923915467153
2.692861864149
5.08846364816848
4.08049899628375
2.95370870151803
3.87619228344726
3.56150791221381
2.89193974909354
3.33902104978753
3.02187162054947
3.26694400858237
3.81018628253831
3.47806556964501
3.30673863853675
3.76967090222552
2.29567284760124
2.83091133109915
4.86533655854959
3.70838982129688
3.34499344024763
3.11484396378122
4.92935504900026
3.90831995163467
1.63288602627876
3.94777516756427
3.66432632841876
3.62067069602991
3.24591259917504
1.36100769216426
1.6942365429164
1.94052500618513
2.15238801352459
1.48465685781251
2.96680112742897
3.14529089840246
4.31402679384895
2.8333585336628
3.96910844812633
3.15610063666679
2.5108277593786
3.25073300466135
4.36330049380051
4.92940583743531
4.24503412478811
2.79182842538327
3.13813678103274
6.41383187236835
1.8531127288597
3.37932035801766
2.65492324662877
2.45001564242318
2.51664746701077
3.65071697994753
4.28823812188024
4.55649739054706
2.56601782906691
2.64879953445102
3.9751244444963
4.02878659924224
1.67281103086748
3.30454884901891
4.24342668828711
2.72067678504142
4.27305672859172
3.73085841572326
4.89422206401335
2.77019015022473
3.95354595789786
4.08894023858899
2.41045924210066
3.91512987226422
3.25145559612277
2.75376801180226
4.50443885775229
5.47249503422693
3.84960266221344
2.91278134104216
4.39357624301755
4.52123374733637
3.55868272648253
2.52040301538741
3.63324082991473
5.82988676789393
2.96226150601564
1.91801916114517
5.14276281934892
5.65849774603408
4.82947061423649
4.55462749748339
1.74268593669022
2.78562238212514
3.22942514499109
2.95889630255773
2.69492474414985
2.07097239945585
2.65074489159509
3.13328146567647
2.15913107798491
4.1437148609085
4.18022449649121
3.86329621471497
3.75510458565703
3.6980968097255
3.80556709134553
2.30530784133441
2.75671688161455
2.92551476477151
2.13576449945557
2.44955968956815
1.66677236828842
3.33225091585998
3.15213373721863
2.9149777409041
2.95959775993432
2.61643379191085
2.59634824278705
5.53473007875736
1.97768151217459
4.96703140409891
4.19411744276366
5.65182019337085
1.1624335868097
3.45019044468886
3.91610655313287
3.43703678168843
4.02383647785346
3.16499199476948
3.0421298634389
3.59284925888861
2.34738975262588
2.45542257444975
3.40537990198386
2.7655942368717
2.89621822691762
3.8030764893653
2.35285077295475
2.77346509153378
4.39760128922802
6.38665632757363
4.40538077815362
2.78366059128793
3.54460228983009
2.10536279103537
3.66170172043217
2.84777799312786
2.97038718353297
3.70375418439949
2.7565766136909
3.51226241170362
2.44130111932396
3.6170327918022
4.27238543319027
4.63737660862013
2.37365399446551
1.9192113881496
3.80842315672494
3.20607417997492
5.79016005094886
6.23890985699341
2.61541381219952
2.87440713854271
5.21052481764036
2.54315152458131
4.86629226078635
4.7550575891802
2.17877198018422
3.06381348172473
2.69033969610499
2.71116320496622
4.1765243693246
3.67720618407829
6.17626976532628
6.07265125962479
1.54842813133173
4.04527991512836
3.59983554658826
4.74986673440397
2.01052308962831
4.44974873484079
5.03185094645517
2.10951079838232
4.45493861791762
2.4488471663995
4.43929281384699
3.28505300815616
2.59716675121901
3.64868348801769
5.4144655407394
4.26614688979858
4.2506916583765
3.19594609928503
2.79292182535924
2.29951395500278
1.21044603992827
4.58193855961143
6.04617501122282
3.36875914651064
2.52224108068799
6.71840522619472
4.52431370870111
3.71576239635704
4.04575269731788
3.06581387369358
3.40663502916008
1.92039878585466
2.93295012001861
4.03404129775804
3.15146018469976
3.90703962306717
3.16125008841179
3.19908455710352
1.75749333030065
1.63298958796779
6.12339623743458
2.35583709973017
3.30920082745256
1.43106152224832
3.35692598035828
4.28942005432409
2.66053442102558
2.82733708498708
2.68097421259781
4.45039466025369
3.76255584331856
2.75052012223356
2.4033787219907
4.66534269936868
2.69463492248045
3.68389633447162
1.89757259044524
2.66167356714174
5.40582226357513
4.17004988993115
3.29434006657282
4.49286643321337
2.35055493608817
1.870646985229
3.76969664479762
1.81188417598241
2.93288602500089
3.23720609100209
5.85895656145021
5.52591663381006
3.11336075494065
1.40507663765719
3.80899719778181
2.1781745915161
4.50457735799547
5.11723642774609
2.17907435610955
5.70675574263761
2.30053378013058
3.39013136645183
2.36447703088152
2.07649173043878
2.0050755834662
1.77994649697723
5.85399790176453
3.24992442516468
3.63637204765222
5.08497523742959
4.47832155845117
6.44677792744279
5.67691108694791
2.92941276907126
1.92258415066783
4.60471428832358
4.90599249264315
3.43298844927904
4.64443813285029
4.35590491141986
3.65362411463973
4.13236705926514
2.28663344790165
2.62055386741012
2.57974117271798
4.0195525588812
3.22190550225511
2.28844503961531
3.40926835133384
2.90237366861975
2.34172417514977
2.93315146215276
3.19896517072565
3.90019377308812
3.7766731304201
3.34566997677434
2.14800876758183
2.28706309446766
2.69935204700449
4.08891693070555
3.62940890891764
3.72956814035279
4.01294789038981
2.25999951221154
3.27594886114285
4.00685929352149
2.55946689287682
4.15705490702197
3.40917311151921
2.43649665968514
3.01095066172089
2.38323561342011
5.04542902612199
3.59891694555882
3.43955368299509
4.10432151101547
5.61230506585925
4.07817944991867
3.43763050787494
3.57008152706618
5.44994588107853
3.13889821055824
2.5504704552106
2.81144046549832
2.98399544854244
2.64453438908569
3.51461690697371
3.51106255378312
3.49572542814688
2.50108987588615
4.98112674960914
3.95460460262553
2.44822613213036
3.91231316395191
3.78031936816667
3.95138427905713
2.06624368166035
4.84408693566256
2.88357178603247
1.80807662075271
3.13970463704788
3.77014915033265
5.67810380607395
3.62065698472636
2.87059024133716
4.96462120356104
4.38336051660571
3.88320366081179
4.13677628443294
2.65401561413264
2.67088425256812
3.56089693989009
6.35085477420069
1.84351061762623
2.11045768941624
4.36576052064562
2.7311495836737
4.81486594305353
2.44972325319531
3.85481688249579
3.44417015989893
4.09366429135473
3.47548382965352
5.91277279383248
5.72420076930014
4.16813529677084
3.26881418625329
3.34733427440528
2.84691680257278
5.28099412991649
3.99159880956001
2.12473879555473
4.65371115667692
5.53237227029514
6.83848178853184
5.2295861252313
4.97369212973566
3.45475765271963
4.38587702887043
4.82610547588484
3.46261600523838
3.02095398672732
2.61033700126651
4.16861337205775
1.93103665981152
3.14675082161443
2.10108428134932
4.07560184987451
2.24332701421813
2.67182758110156
4.41032622998772
3.32705202185407
4.22904222095937
3.4974697559423
4.20448537401088
2.43530670399156
2.69832213798282
1.87284112020489
4.62514616518623
3.50221925706879
2.11570323370139
3.56095556682146
5.55116881243519
4.80839033199504
1.32844280554376
3.40431638411876
5.40901310027034
3.75539463885036
3.54066344361084
5.92229029085277
5.54452378046049
5.33141634228412
4.8211173527877
3.7640388188251
3.60008879576332
3.63465735818449
2.70362576648336
5.07323457918273
2.74987899104939
2.92565143284109
3.21736705989799
2.34363674062904
3.43162436679769
2.85149118037769
4.70247728064112
4.47613939634972
2.50985478690806
2.76197245289664
4.06751473297019
3.15357476147983
3.23719541575544
4.51108235974416
5.12935656092475
3.66314168783521
2.07556596228038
2.93366107967118
4.57300479429961
5.21113584833192
4.31726814132999
2.83441519179115
3.85201961562231
2.45134822462632
1.45472841887984
3.58208930455021
1.10999524401746
5.25180944807065
3.76192910974647
7.32484007445979
3.91312313512502
1.92955398990871
4.01452720019381
2.53039446058118
1.96326792113035
4.85117132610596
4.01986485768689
3.50163920139969
2.91151643018597
3.73628916333375
3.94272870695662
4.8810891960818
2.9019488429553
2.64191056957022
4.43704263348464
2.19678887851099
1.46997519640953
4.48628510993546
2.80446076602297
2.33611688349473
3.28926208574061
3.68689589806017
3.770848904463
2.85683119112935
3.74051986446121
2.79865246718607
5.38407440942484
4.75806582608453
5.24203129860153
3.1651114098081
1.30791438059388
4.58938395490144
2.76259846381008
1.90558960609663
5.16277283096765
4.04564957045418
6.38893420884651
3.94111179377866
4.67140965126835
3.40987916731125
3.26581825857084
2.65853806841731
3.96213475552736
3.0682915946642
4.50741392669953
3.49784993408096
2.94118359445987
3.96064201694888
1.0314821747197
3.04228387400973
2.55550034857071
3.90629949600601
3.16121894673764
3.38224101014891
2.99548927732741
5.33842095069567
4.54491376167103
4.66334015893885
4.46541566969307
4.28339125612516
4.47477562740344
5.80068289316048
2.5113706610776
0.36333062240104
4.05119803210457
3.86792423791344
3.73922979021191
2.35409369134312
2.10892211422012
1.79781360834724
5.92022062184336
3.74933201122399
3.113808063069
1.49639004848499
2.50976174986695
3.91438390689821
3.91242361062053
4.83586201120967
2.87692247861891
3.98592607361215
3.74525205068561
4.38984647092241
3.10853257988557
2.46805969543714
4.7642521837621
4.70550188476547
3.04816827576597
2.30661985558387
3.62039542733405
1.25100697309933
5.1028753283594
3.72574003465196
3.40261332124809
3.45122445542079
2.65810886468572
3.73753919115135
1.94602963368397
2.08055680072726
2.71509487534163
1.61668559624755
3.9007188025038
3.33918303719106
3.26459017715143
5.82536779381757
2.76402814681344
2.84738610270956
2.97874502264415
4.92857461711435
2.92525841364292
2.29669756167655
1.84795096715832
2.84698970064002
4.5680935464579
3.31096783495674
3.18208787714143
2.23492416031262
6.19921873554694
2.8530716183526
2.54160080184127
2.07584722446084
3.49091579049861
3.08289049679375
2.77858444342145
1.97325031619787
3.62642777228082
4.05759187975794
3.95440563785463
4.45845321347432
5.06672237069664
3.99555279187409
3.36666965094646
3.53054881772033
3.77157710491991
4.0879787523782
3.37472469397205
2.42864805149767
4.17686566137882
4.63859563382877
5.07161692502842
4.36310718364182
3.64468498948427
3.05334456125322
5.4105577991014
4.73186513563775
3.41068709134988
4.20646554473448
5.87514916519847
3.19106363014646
2.38482714119579
3.3274010694125
3.70103235549774
2.97740750467583
3.59254329278777
3.81350601858607
2.27152002157356
3.07781897121558
3.69068467492435
3.01331334289532
3.66842142894104
1.86310909979264
5.15523002358817
4.34562301947159
4.33034894528854
2.69119069044698
3.18805698498318
4.49972206082882
3.42229786473382
4.50847898097215
4.81720873821832
2.62656191151538
3.94139375778695
2.5095712359079
2.55083160061615
2.91822806747225
4.43619954592846
3.28916410907698
2.63860211651167
4.83852904509331
1.88699916575805
4.05704916796731
5.24210409289568
3.20675214518889
2.76250553807726
2.3179966885747
3.76400583282274
1.23265899213561
3.58181514705743
3.01582449658949
4.21991569832721
4.11832529241454
4.05194070138124
2.77399120509509
3.14930154572277
4.57566717944795
3.77730154333879
1.32472140034463
2.64437626519263
3.36945673272164
3.663847176639
1.71845828138999
3.19483716872011
3.22545850556032
2.82044121421932
2.56834159060736
2.59278615301179
2.86373731118321
3.01060097186371
1.8802704291223
1.83774475369087
2.28952650163636
1.82596495303519
3.35168711680866
3.68441318260222
5.06228159832445
1.67277750136387
0.741935957776981
2.07983673115131
3.17726715036765
4.54164581189366
2.43607380146823
3.13023018578055
1.71301567621715
2.4074196104737
2.34722362082334
3.82082699567797
4.29633228838952
3.1539235542012
3.87791526060994
3.12016187086284
3.28288603275055
3.03728629381941
2.48346136416404
4.3995483086985
4.06599116567756
3.29312235382843
2.76380185855541
3.0409297223173
2.81959335693339
4.17930052488327
5.90949686456164
2.23720385044289
3.65103835165766
3.08509751448885
3.21568486645369
4.85633696410024
3.72573324845138
2.14182783316952
3.27545050089666
2.8262481774526
5.66427710629301
2.56599684747633
3.33246124605151
3.59666246023063
2.90753330500508
2.90054743135781
3.20620254398913
4.7983425451566
5.85499770086524
3.67020326979947
2.65629601173672
3.03285578686158
2.08794976971861
5.97192179421224
2.18368396196494
3.39453117577548
4.67822533366467
3.47827921307484
3.3083639225865
2.55509822084965
2.69821189508324
3.7498980018867
3.80278696574316
4.09863932619152
1.60328946288562
2.099262517799
3.02760480556782
4.23006105273541
3.53531460503053
3.19421035898751
4.34470039511952
3.22339873160937
2.96989549096714
2.19391898102003
3.54346230894423
3.6042605892259
4.85084161296368
5.07143658796648
3.48342149574172
5.17826857694586
1.91470939282373
5.05289415687039
2.00505061630562
3.24006085873914
4.34120162672945
3.72898827081156
4.88929937287158
3.60835881241564
5.24280862735833
3.05502822499058
2.91008329483964
5.00967373780123
3.93335567146635
3.7760816195908
2.07667630114623
1.72447083310634
3.7552908035392
1.72351821102854
3.68784854622812
5.61759923423831
5.07037988880308
3.83493529467589
4.02926250072237
3.63408120362487
4.3202146969913
2.0934546644069
5.41424143290174
2.31969110021478
3.71818995222907
4.11906256905239
1.03316111612938
3.41873591797569
4.49094230178504
3.6158639721738
3.12524312232007
4.22716244936235
1.7734988163483
4.36086958530681
1.81616859109168
3.15689290179798
3.12722167959487
4.31104549843206
3.89621099893784
4.27473996196932
3.80609926736645
3.28959712268434
2.99211854970525
2.82424718997477
5.6514633544027
2.73865425390872
3.74559388155261
4.16189410582676
3.05177862280747
2.73862319389136
3.01587796601074
5.21559415196564
2.81760425574106
2.73835102445282
4.96931969910783
2.08171741041968
2.87890837558836
4.94234743877733
4.30106510732383
3.04681019770291
1.75185136825983
3.85941488649303
1.24479563586827
1.53938001043657
3.44424124038333
5.38074298760066
6.36947612927854
3.58979124065581
2.98246621407546
4.87554946322792
5.6285984200265
1.44843549495058
4.80624366939058
4.32043246764243
3.73319048387638
3.76325797608688
2.68484361355433
6.28332943851727
5.02579331002644
4.84655801370141
5.73351843442354
2.84630032693572
2.56250612260414
3.44327773821396
4.21585852551362
1.4294278115276
1.76065339440485
1.25249659571216
3.30744167068422
4.09764683862985
3.77481741208103
5.09080978690244
1.99278359686466
5.30108910470109
4.40858029547868
3.53659137850995
2.12210704609317
3.20618023020114
5.05644388476969
3.72544049903371
3.84913516926982
1.71287722751272
6.86553246362746
3.62544626229106
3.77582274745929
3.22995586418416
4.78812904023363
2.89790573906411
2.8904320926653
3.42408355264623
3.83599740159757
3.99328409935878
2.74839931713444
2.6751285624203
3.71000142618951
2.11460941237859
2.83251411074516
3.28331419775433
2.77905773139921
1.76289995998995
3.52231983417274
3.1578834950541
4.87254382473305
3.65871449040199
5.00428201154017
3.04448058250859
3.98187795454841
3.19226389973536
2.77875576553383
3.23281775427444
4.49836050008207
2.39333048134239
3.40985441461618
4.97724086203597
2.56267337384255
2.07595060457174
4.79686518156881
5.21461943054015
3.83992956033563
2.45128520457439
4.20344818901019
3.48387373381312
3.78700391919392
6.54811964025137
2.45473593893638
2.82264955069751
4.70233438648081
5.51934449316117
2.32796591586554
2.8903503514112
2.90290339842283
3.5035301799423
3.5782511355639
5.33983299062649
3.51746609959423
1.89308072398128
2.39368656357805
2.69380509410194
4.21310757319138
3.85991182393885
2.13714290874291
2.90683327110344
3.4103227501718
2.41773935606225
5.28066188713107
4.93908718720986
5.14155253825182
4.29935527176766
4.47955243029952
2.21393200727095
5.34009657802697
4.08261550115381
4.52514645231947
5.49594221080054
6.42495627637052
4.16549495165507
3.23408750720674
2.94074042341166
3.87194724680081
4.47200922045936
6.19882489791834
3.13061307059766
2.93248655152655
2.64851338655737
3.6035099146138
4.28922814436403
5.51218493019277
4.0941072870934
2.28775821700053
4.04577014683113
1.47186407250248
4.25608421921781
3.50030536858503
2.068784570898
3.13594896950511
3.32999992092126
1.48693596121223
3.09554257986401
2.17032193916086
3.83606286796595
5.61425953093961
6.36857694268522
4.21674835641583
3.83700566259937
4.27546911015432
4.56101779093394
3.03234446452596
5.62280374484393
4.50439629071603
3.65364809400452
2.12755196001501
2.45697038907474
3.38094804826813
5.02415195024842
4.82700030817821
4.50743284164955
4.28744160767931
5.1231690613735
3.61168749485162
4.97998590498516
2.47286430519674
4.25269766219189
3.83595641366925
3.2128155453162
3.43101228473964
2.36835860054537
3.40262518582715
3.32926524531184
1.7562117135667
2.36231388245188
4.76384802376108
2.85849282782167
4.18531609005079
7.87374335169208
3.83938688703569
2.91332656736813
3.52071301232993
2.83600980315272
3.01723934177543
2.46291155809002
3.25967309541599
2.31142840488104
3.85434059246712
3.89370318437572
4.94180349178264
4.01519950060878
5.13826736371441
1.43890067394203
5.00101606324214
4.23392742693352
3.03127342722189
3.60706309888858
3.64158034253735
5.35458260691263
3.8139145019486
5.45944416952292
2.84349468300871
4.08059379135423
1.68778006164915
3.35645170071843
1.77321129051669
4.69873884007215
2.90947990018019
3.11975930686087
2.72561208284767
2.91081722908293
2.18377290832783
4.61978658988488
3.74064851470512
2.30109904135352
5.01296639091485
6.40142923247202
4.17899711037506
4.39653661694128
3.54728356425811
3.30676659629046
2.83298454598929
5.4653651222481
2.52447983011558
6.31457080442157
4.95533479439071
4.53991708340958
1.84695827025032
1.6244412955084
2.27532340690037
3.05349924369683
1.37250406347722
4.1587454693848
3.82795213570582
5.99282553301725
1.98630710080125
3.26413938811992
3.90779726662284
4.45039462759968
3.0019364828783
7.51788748968311
5.95699220320226
4.31805455259753
3.26506907049043
3.89708625154914
3.38413931160167
4.36107346576779
5.71823527305044
5.08080791814906
3.53082891111101
4.26859276889991
3.31868869807866
4.13506276090378
5.06471494453319
3.00105678858061
3.36846227936612
3.77322526667733
4.01488495671168
2.00726614816097
4.92091140565437
3.07988574498549
3.08539846889582
5.22716147884158
2.17965897066747
4.01918632383408
4.93002187931875
1.58925952084346
2.38961673066375
5.27110015939336
1.2476746037383
2.92024410812683
4.36899360829186
3.15669213131798
3.27030039907835
3.38672798247788
5.37027779857137
4.17051765375525
2.32191029302798
4.10393514062082
1.76890871057836
2.62362711342794
5.45732502011652
4.18350246103396
3.15277717387115
3.38611988563867
3.39319663107799
3.66679234460959
3.73698467901609
3.69096362396699
3.48960255432395
2.62104019780453
5.15631588332194
3.99409154047643
3.62934062100373
2.23299866532372
4.29323675438438
3.01930856596548
3.77464738058069
2.06436627895819
3.83451391628833
1.99078622638909
3.54743477213088
2.63053652282766
3.53587418339207
3.24464672252507
3.44756094649368
3.60593572436733
3.87197121704419
2.97297155368622
3.32650840605895
2.05114318052211
4.53867444555155
1.78606255412224
2.8710195929579
2.6589152538361
4.59487773542597
2.51063350406749
3.62767219247824
2.18080814905611
3.72719626469248
2.27445660423546
1.79899409774108
2.90569923489739
2.41102457085488
2.80077504881484
1.43426230853418
1.55445560887688
3.06036060276641
4.20956003489064
3.5840096628798
3.05746838173373
2.90228950932171
2.06674921900218
4.85265237332543
3.8217240287034
3.6661971130899
3.35652527654398
1.9051322945105
3.50060216663964
3.31018737407656
3.58106744460039
4.5872210692733
3.62117571231775
3.62133872742185
3.68576476739737
5.46524818860556
3.97271215046937
4.78973111234122
2.33598376883584
4.35349084644931
2.56909508059522
2.65845586076281
3.40353660533584
3.21206444301418
2.2080685937137
5.43259099214146
2.91068574908595
4.7553805105872
3.41111526578671
1.19989329639715
1.87159971071336
3.56493095832924
1.35121179043916
2.89703819810821
4.96357926775254
3.49214312935336
4.58549095679816
2.83769163628003
2.44140882099016
1.92906787923912
3.89664888918311
5.14445165458096
4.4025754390703
1.5457425256187
2.44446989677216
3.98439620940448
5.30053747529438
4.77359514432422
2.62432719113311
1.96763337489692
2.63745805840089
2.74742696720015
3.03486091654676
2.0339651777164
4.06925906479303
2.76074404819949
4.43663838732033
3.72391738161198
3.51778898331616
1.72265445499243
2.68872283779538
4.26243267707413
4.29298905817276
7.03949940711312
3.80039079413506
4.9521059657216
4.96364376158516
4.05299459339623
3.66141604457836
5.87358920409703
5.4376544924472
2.6942281347653
5.05889467251089
5.95547381161692
2.34462017504828
3.6153661672384
3.32711182059046
2.31065961490677
5.75981518024641
2.14196712970914
6.24674309454841
3.06373153410831
5.64527999448584
4.64303292234504
3.25099924018454
2.87322331163253
4.69950401767135
4.36959044620363
2.88987323746868
4.31870106824346
4.55808573302076
5.56890314415836
3.64942515900675
2.67087058400728
2.73000606810216
4.38161412175235
3.49328491605084
2.15852054873713
4.36914584953097
2.58944677605897
5.33879407201412
2.92952649227518
3.63975025947302
3.14756744007368
2.06631826888947
3.07010258293492
2.48877538669633
4.56961937184239
4.17930653851854
6.80391031454023
4.68533696999978
2.60899221135653
2.14945385446929
4.54555636845647
3.49631195767688
4.09159531133617
3.27013822180703
4.3106893446119
4.05267715615303
4.26725048884174
4.65887477243731
5.82901732312801
3.5445968118815
3.33711078867338
4.2337166307518
2.65412447026742
3.32944304441333
3.31233214365287
3.21924186056025
3.554798220633
5.23308851594926
3.57540301071097
4.60697734305995
4.61028928288798
2.73805620856114
3.22676638891673
1.69076961592539
3.35819799200415
4.03373287628167
2.340465323531
2.50733988123558
2.53357562694613
2.46097661080803
2.00702545030992
3.14460303084445
2.49182354404471
1.68522362396964
4.58974596098445
2.2639125788584
3.20740270183078
1.78311031788944
1.72736488837188
2.76360349416345
1.98086827106867
3.61944398135625
6.16383336959766
4.21076969143591
4.7209335499353
4.12760101121674
1.48492776843122
3.10150051224333
3.34440298933829
3.82740046268813
2.33058800869788
3.33530767934498
4.66473155877718
4.9856017566261
4.15871756467756
1.64126216034965
4.10743905908692
3.26615014905232
4.52802094684147
4.10985157904315
2.89665401049612
2.23131775112936
3.192584054137
3.8188132728675
2.54510230440764
2.07759228795284
3.03263743914406
5.22437223842934
3.71012882245364
2.76452924791842
3.9077625412138
2.1519153479978
2.19132026828357
4.22216950699626
2.89545664013554
3.17459965780922
1.85050544246929
1.74040358659484
2.04740365185738
3.81854895735404
2.56355803018569
1.9066368767814
3.54466701148229
5.06863214892086
3.40542267973128
2.87063065151867
3.21836853010392
4.12588800920213
4.60827521934911
2.64433009746612
6.82816981399598
4.30149155795459
3.21124253583112
3.27262223476848
2.49613420977189
4.58569693709718
1.42179795804563
2.46164830206852
5.74922617218745
3.18944489860363
3.50869230705602
2.36654260309899
4.060839092826
5.35427884438626
6.10956211210846
3.67135978277409
3.06703542411894
1.59134423646253
4.23218501587861
3.35676230425717
3.53958980371528
1.96286025457776
3.80710573742474
1.89722611301045
1.12714549326064
2.88281750391667
2.27693577092691
3.15058100139185
2.38253046260327
2.0869844252869
6.77022330930286
2.96473045557215
4.67317381148061
2.66774426191078
5.24624175552591
1.97122392597357
4.17413377799448
3.0797303219509
3.2552136064536
4.47473471027678
2.23324562675394
3.81657490655691
2.76397206320065
2.23542788770817
2.71762783164167
1.82198807447436
4.26415019649551
3.50272851438273
3.0412488019407
2.11236397018125
1.7864304175909
2.81493104145281
2.47911836231988
3.44360253662565
4.78543527853098
3.3126445272592
2.4177071759876
2.64689315554827
5.07957182088484
1.972009608067
1.854658203499
5.09116289583923
2.79657265749466
2.78562194544623
2.98009262168424
2.56642088139236
2.08918972438159
2.92839934465101
5.75314678049201
3.80962006061487
3.44249248191163
3.91394606723502
4.14704252308105
2.96465417853201
4.60195205962415
3.47604279979084
3.16427245338715
3.77406335699584
3.9193474493821
2.58335191772397
4.45204121647308
4.30286176255319
3.39336549593964
2.72053868417007
1.34897564442678
2.78016557800274
2.67174515162535
1.95086367574135
2.2335525525347
3.50947272330642
2.77957750308966
2.39764109091044
3.40993487096993
3.10087472855138
3.50880709058597
3.4925660172934
2.8764371579546
2.9803740707677
2.45328140259168
6.08815425817766
4.01762196711173
5.58762554312526
2.46804999957549
2.46004170246523
4.49249265928539
2.50777061373693
3.09254740658213
2.5969582930467
3.25259199036306
4.464191146775
1.82800918101485
4.52150939658689
4.62584221435524
4.50671452717083
3.89159950720283
2.29744596205778
5.39919075132146
4.04597922712989
2.94717039257658
