2.57980908092577
1.8516546120687
1.79432366875067
1.86632689892584
1.85308797909481
1.81459924611871
1.84143819356171
1.86904070563329
1.85086063873346
1.76847815966993
1.89293647285687
1.87555637374962
1.88844261576758
1.906467687112
1.82526043225167
1.87902657808407
1.82153245517578
1.84538490779963
1.84818934529064
1.85264081938522
1.86883064663034
1.83993590298764
1.87314508920295
1.8252520889263
1.86762262741732
1.85559201437817
1.84879614513812
1.85490300915548
1.86952877298914
1.8374979874381
1.86389823393012
1.8470997379937
1.8532897573645
1.81123030999851
1.86614601655901
1.81152303156376
1.88115306577335
1.88392310970651
1.80436536509097
1.83945872176046
1.8808158152645
1.88094228534971
1.82491026390224
1.85464443463482
1.84374196877708
1.83084471570475
1.88397652104665
1.86821885152207
1.87016114088485
1.82156508696059
1.85521518228108
1.84695026415139
1.84814066450829
1.87833562038744
1.82812745337474
1.86883291606891
1.82582778694942
1.8314112700511
1.85452311727531
1.8409501776761
1.86345701836749
1.85550554963575
1.86473227674863
1.89488869076588
1.82504225449518
1.9301915287877
1.83016451884336
1.85240133002473
1.88772674455121
1.8859561286061
1.86787732479903
1.79341199919161
1.87583872561763
1.83139474391101
1.82035117987727
1.85102235929881
1.83955811959048
1.85222254993295
1.81634625924097
1.81365221459409
1.81952581186491
1.83748583175757
1.81718888405092
1.86860896751322
1.84609351601307
1.82344981211475
1.82032950765621
1.84326705998607
1.8112516811513
1.82655877097501
1.81285212327923
1.85702550773574
1.84015287590917
1.87488830910045
1.84092341005691
1.87389995482435
1.89758450230876
1.82431920565048
1.84594258113584
1.80964055853493
1.84116736501297
1.87422095120078
1.84621724346091
1.84039045180227
1.81109557517182
1.82869848053051
1.83569753280157
1.8536113331942
1.84326761253518
1.8280672166825
1.87409825700471
1.82033507640892
1.83279428429043
1.81464327555053
1.86394270251078
1.79004811222827
1.85306852379399
1.85411026912074
1.88091753077165
1.86104852116288
1.86929208840277
1.868589239346
1.85304023703361
1.87162979144993
1.90873984253223
1.90681302833172
1.9116301255303
1.86022926688782
1.89442068362984
1.86120377045572
1.86253098022467
1.83471135793179
1.81131173287807
1.83771332546205
1.86492709829507
1.84712839127112
1.82569323528652
1.85771868511644
1.85012393681492
1.87963946929583
1.85654156978057
1.85242868212787
1.89590087256
1.87102719763071
1.81726598612986
1.88663052455638
1.81237456403475
1.88981908095328
1.83864956321704
1.85076811263401
1.85380458228587
1.85499416496289
1.85299503400188
1.85738682836938
1.86394485269931
1.82709549158059
1.86255988290212
1.89226138765723
1.861660067024
1.82187359310404
1.86137294460769
1.86910399937702
1.87174722906993
1.84874994105677
1.81649751183659
1.8308610262114
1.87225250129097
1.81639959675216
1.85068459708137
1.87444380460761
1.85473390381845
1.81071020435006
1.9249883239685
1.86631103206342
1.80422942092841
1.84305793302311
1.77413693032869
1.88229455181726
1.88421411877433
1.84114199083658
1.80946338627372
1.83879581238629
1.87885693361682
1.83266179322205
1.90590198460236
1.83247042606422
1.85380562783193
1.84922923141391
1.87099521497061
1.89442648343724
1.8160528893082
1.86544907304178
1.88289926352382
1.87109208796266
1.85715111811569
1.86307420758447
1.82810078314579
1.86669455019963
1.85282663445668
1.83135259100736
1.88807315484881
1.87149921402946
1.8433471927071
1.83626069440101
1.89682950510871
1.89975855730644
1.82990157435113
1.86580144836506
1.86569552974689
1.88867537966179
1.82447484570926
1.85616618110863
1.80870477265549
1.87690490177377
1.87780228437109
1.91336977280136
1.89805865593952
1.87550186045225
1.87294039235331
1.82542518566868
1.86938616038453
1.8578241726769
1.86584506213084
1.87275558746815
1.91287527449853
1.87757761878715
1.87431822462582
1.84022528960364
1.89864242701221
1.83831355651378
1.86697458673733
1.86944393366087
1.79600062434245
1.82995149299972
1.83460333986892
1.84588819583357
1.83031318238682
1.85894181179139
1.89904997719607
1.91095368026461
1.85447654525775
1.90285643393529
1.87705682269725
1.87509353522624
1.85165421509807
1.87510263245756
1.87214566306115
1.89621325783966
1.83490269998951
1.84828371288904
1.79654661689973
1.90534206191799
1.83037956675856
1.88031455329464
1.83052011997361
1.85699133740987
1.85705513645756
1.84576605124268
1.91530023577106
1.8729484565174
1.86312978404555
1.87166002448536
1.88232179458277
1.81534181954883
1.84522450771233
1.86957426951145
1.86285709502487
1.84647599478962
1.87754207165703
1.89401000379012
1.84024083796467
1.83121318038008
1.88017046967192
1.78098395685179
1.8204413778555
1.81966505457784
1.8790032746558
1.85674034571984
1.84606829843692
1.88210932082898
1.86715059900017
1.8668040630445
1.87388651123893
1.86955730247678
1.87925239201533
1.84644312018642
1.88344099591613
1.86267995210515
1.85699668090533
1.85594125378304
1.83381886932645
1.85276618974026
1.8421526729926
1.88514926771928
1.84220908434025
1.83046450983859
1.81765128481287
1.89460531252842
1.82022704403016
1.81322427919232
1.85263563746391
1.89081289702573
1.86448298863945
1.84711986050135
1.82730497142956
1.77042191436534
1.8584536066542
1.82750481313649
1.85614640662866
1.86636891397874
1.79968883474711
1.89603429082086
1.8370440280565
1.82019485806125
1.85116901698996
1.83339594941923
1.82664430638957
1.84450851625229
1.88161105677457
1.81258415924641
1.8767464735074
1.8531139411647
1.88483739757435
1.85853994392232
1.90644296757594
1.83195127133436
1.88364243113601
1.85786164245461
1.8588478424056
1.83681914308807
1.80466176764177
1.88997694140576
1.85794953747896
1.82963284319312
1.90102988679505
1.78825580086553
1.82990411709986
1.83191414032991
1.88090434315037
1.81644987196956
1.82904085319287
1.82665415811055
1.8466233325356
1.84672766896691
1.85294334482274
1.85547808262662
1.80701822551177
1.8606619524093
1.86285202735498
1.87646347322421
1.87584138050449
1.86043156887636
1.85034052355104
1.85101074323555
1.87767369011649
1.8847497835481
1.88261148585142
1.89470641602219
1.84929060395984
1.88614586937347
1.83337024279569
1.84194949105992
1.82240634254567
1.78079463122765
1.85149488475583
1.85895747680697
1.86989664627108
1.79198654165791
1.84710362682967
1.85719259271699
1.85794219676849
1.86272495988924
1.85671003124318
1.85950948764334
1.89511683189498
1.85795796528351
1.83428840468288
1.85106665734779
1.85938976611928
1.82643685293864
1.86064188281822
1.8256439875726
1.841710265027
1.83748735436012
1.84979969068432
1.87136280008249
1.88225078167801
1.848523117004
1.85624610559198
1.84726399349221
1.89910833623784
1.84853877968618
1.86550277441012
1.86759333555332
1.8600935622849
1.88195199818151
1.85079664665748
1.83029821962026
1.84251695663244
1.87784106399846
1.83619548000353
1.82544931400182
1.82206513174623
1.8705860832791
1.86218424090948
1.83299250956739
1.84091842480243
1.86123670919985
1.87387363285818
1.85711276573711
1.81603832158042
1.80571359519787
1.84493623267455
1.83752561010414
1.84311882784311
1.89416854772656
1.83846541379616
1.84517611491746
1.81598943304256
1.86685687156669
1.86168244786753
1.85721795516117
1.86143130212216
1.85034808052924
1.90513549034621
1.83942011975051
1.8870817220592
1.89862703196852
1.87717249939954
1.85451752084205
1.82000391299692
1.83693623836128
1.81489378573454
1.8527182071398
1.86321242225769
1.86570946369267
1.86703348970173
1.88874844907582
1.81692393061307
1.84251182958952
1.84494420891793
1.81378186537268
1.8265723780875
1.81756842746763
1.80512791567959
1.86493503972187
1.80671648443335
1.80355020680427
1.88350817769286
1.88153471392715
1.88300788578638
1.87024434191854
1.84483355529733
1.86859285259645
1.81796429775363
1.83072778755013
1.86120818817691
1.83727003316287
1.86834149607079
1.82331440365113
1.84592741690239
1.80693089943701
1.85029601388405
1.84192352385885
1.8750753520658
1.84355428012376
1.81674040606811
1.89258602022129
1.85803840982804
1.84755980560841
1.88386533345268
1.81533625612673
1.85042474021047
1.87433611839635
1.82240632152415
1.81475770063928
1.82978654735513
1.82942472567179
1.84589594747816
1.84474668643946
1.84246951440565
1.79837813552361
1.85721833068932
1.90727153797664
1.8634087420782
1.85232455813355
1.82164344472743
1.83608444592323
1.86850404584963
1.86215088193125
1.8240249037587
1.79944811930749
1.86867165334831
1.85247441358332
1.87013343614041
1.81924276321318
1.83704611571251
1.83938841882771
1.79984165371765
1.80313789409958
1.86736906018611
1.91628931190735
1.85497675249851
1.86549457572205
1.84946729989673
1.88476428598677
1.84775724085179
1.81912251078195
1.8562780134314
1.8693409457512
1.83373011971536
1.89991584104469
1.87723536034729
1.8268682197204
1.88932754284413
1.8868761257702
1.90357297289763
1.86183678765916
1.85984563192652
1.89098705852819
1.85979348857631
1.80253399320133
1.86400428118784
1.88927835766893
1.85251019085725
1.8549830161106
1.87344451937826
1.8610964967824
1.8206731281442
1.86928057035505
1.83840247799221
1.83663588922345
1.86065933619772
1.81242423671056
1.87215891669458
1.87948044523492
1.86337672715108
1.8307311336125
1.86865450301391
1.85952105635403
1.85654577136053
1.88512272087974
1.87928202302907
1.87156547787525
1.81924836211618
1.80566543936282
1.81803162587072
1.86350552185288
1.8382165907535
1.85544708210134
1.80636375589064
1.85831146433984
1.82517355785191
1.82301479721323
1.87035559820015
1.76312442893798
1.83864306382766
1.81063710974622
1.87644168960217
1.80515944823774
1.85417874462791
1.83754136644711
1.82529632313848
1.86300876071462
1.80331560342614
1.85976930849451
1.88884462702803
1.84237844960662
1.8638174995211
1.81298877276405
1.84288460686684
1.86595874984029
1.87714997140536
1.86553393715168
1.86020392849261
1.83786485550018
1.85258170002762
1.85738744884286
1.81532874010661
1.86502297675711
1.83954088627316
1.81092756491492
1.84854522423838
1.85360063851169
1.87440454203236
1.87816958534788
1.84644150245624
1.81960287346164
1.84672659879228
1.79258813539008
1.8759810434767
1.83983152549078
1.85046175606237
1.82309406727049
1.92204116543279
1.86823759670352
1.86154107773117
1.84496750892691
1.86201443568617
1.83871176030999
1.83174043872447
1.88672730950047
1.91265281731076
1.85339285468289
1.8798828495682
1.87070669219337
1.90142319390136
1.85912961728908
1.84534989670915
1.89273244984715
1.84810945889533
1.83343802584462
1.84137990520981
1.81855644294267
1.79513750799947
1.85477723190267
1.80047497674829
1.82039144618216
1.85206196222653
1.82663162240466
1.82566331809471
1.87449950034203
1.79536097166582
1.83768633134242
1.77853210237487
1.79486890999803
1.83613652752549
1.86065083669305
1.87630710716773
1.84424083664631
1.84028260214723
1.84822849612075
1.81403977669301
1.88920476409186
1.78920563437473
1.90522069870194
1.82737031370647
1.83683776193577
1.89941855055518
1.82146955288335
1.82233701830529
1.86867418508163
1.85631274186429
1.84690567778522
1.8494708882786
1.85261826318878
1.88064618690644
1.89309885582295
1.88114911074964
1.87025689380801
1.8988200018009
1.87823587659528
1.81634225636704
1.80774922736289
1.86925812885636
1.87681286159243
1.81375801548996
1.85761639317745
1.84984643325026
1.88149115554179
1.83910534980641
1.86178713980875
1.85500531862866
1.83438599881087
1.85106866644194
1.81552388178233
1.80884463073744
1.88607610164707
1.86625280796468
1.85215489752875
1.83106813015081
1.8024700742128
1.84308255974293
1.79772343040854
1.82578641001205
1.859058610841
1.84158607089962
1.89191684881651
1.86568496729041
1.87785965901464
1.87006938028547
1.85710332620311
1.91847262823731
1.86796072500286
1.85083183627764
1.8730825443494
1.86450168760076
1.91214207239556
1.87251286707561
1.85286964101024
1.82414719011477
1.828462759567
1.86530679647074
1.9005157842916
1.85303644252628
1.84788470014859
1.90518833182008
1.85399343161713
1.83679235744036
1.83301614954302
1.8706993235833
1.82802887055639
1.82366807964665
1.87753598883
1.80968872709817
1.83601619493051
1.82749554299563
1.83625172166211
1.86722444373716
1.84133783383446
1.80776429249664
1.86596673758309
1.85459354958765
1.854408912394
1.88104012783917
1.88738427195509
1.79605348649904
1.83062263808579
1.86217343337236
1.86350418285694
1.8087064224277
1.82545528913328
1.8920036162883
1.87515584987317
1.87597477467687
1.82233622857909
1.83769730146481
1.90136527197151
1.85728043411691
1.89602519494296
1.86584902951669
1.81322035008389
1.83857594815581
1.81309995579497
1.84687284751967
1.87733557568221
1.85199647404679
1.88236922482379
1.88766686904035
1.83043005537681
1.85005296895893
1.86188265982729
1.82144808574191
1.8327016984854
1.82643311994226
1.89466116138067
1.83772850739831
1.81683956779716
1.87042464512962
1.82957168257734
1.83447557948941
1.85410814580345
1.83788312754906
1.81560445278886
1.82688357731182
1.80912571610827
1.88404138337467
1.81701959456017
1.85617208661926
1.86732045109828
1.83966878101423
1.84411366263891
1.83004713663455
1.82779888321433
1.85132843930816
1.85572047075866
1.85037261473608
1.79082363565076
1.82946605464704
1.8401130825551
1.86464047395645
1.89257831558505
1.91801147032102
1.83382328361821
1.88216539821861
1.84213499028129
1.93236491444881
1.92890581164584
1.87983385409206
1.85799535689117
1.85945550327263
1.81912224195329
1.8658476346959
1.87131003845966
1.8426665726834
1.84096561891964
1.83136175051288
1.79914550119759
1.91542033247639
1.84907073924786
1.80043502833063
1.87079990243132
1.89516171539222
1.82584309434153
1.8548805528183
1.90297960980617
1.81434063933424
1.83330069339802
1.81269613230612
1.83794999473574
1.85310857766138
1.88717608135956
1.83188472523103
1.88657257345817
1.83400684611308
1.83878417436918
1.90324057396337
1.90252716640938
1.89850724387632
1.87276936048151
1.85965130355164
1.81339117232099
1.86830327137702
1.82227815697783
1.85239483716434
1.85252547542455
1.8938319376909
1.85144002747753
1.83636632169523
1.84912199720185
1.86586506479589
1.8566196770391
1.90940580806485
1.92764619178734
1.84816261715908
1.86370230463846
1.83864105421547
1.86131631142043
1.78713645549511
1.82058162596494
1.89375522332502
1.8654920281222
1.86124856896912
1.87583486078954
1.92009393430716
1.83507383820571
1.84669409554373
1.83819675483033
1.87164912165437
1.90603643402461
1.87188925401314
1.89364665338328
1.81448380613193
1.85944444760968
1.88556570955223
1.89972322872434
1.86897270940521
1.83446259874498
1.8715417059124
1.86959050274349
1.8567745622687
1.78775528705502
1.85948975137659
1.85784944484639
1.83549094997367
1.81885031359405
1.84592837775621
1.86959260422811
1.86509902962311
1.89679393055977
1.88192064906442
1.88158261885684
1.8816283712549
1.87802250015969
1.84706836256351
1.86886355895885
1.80864366091279
1.85418444795514
1.88428919733137
1.85303239649667
1.88298351650279
1.87777247977038
1.85602567516707
1.86301113972607
1.86160071133957
1.86269946928021
1.85371593203946
1.88485602632498
1.84462327051587
1.85532088682387
1.81503633241943
1.84269665956566
1.85652301352337
1.85906328223988
1.88802834223557
1.85848437566907
1.92813295211489
1.88339466418347
1.85241241380253
1.90252394174232
1.88670058387009
1.89090969275966
1.83092385439458
1.8661706508558
1.80940541201934
1.8584548008835
1.82541465647607
1.87386716640629
1.85181624836325
1.83059548174727
1.83091536648835
1.88804619936477
1.82794389821828
1.83388884657294
1.84993183410816
1.88778351867283
1.86954926484871
1.79324223498939
1.88691403226295
1.87537476992738
1.87047587315533
1.88262673219416
1.84052642235168
1.82654883404967
1.8873784473992
1.85595529163911
1.86109598447342
1.86264539123834
1.86907916156078
1.88778228391005
1.85187250995011
1.92943596428947
1.8588866365924
1.86769671038799
1.81501800435213
1.86120262633312
1.84956584145908
1.85531683295788
1.88765956960296
1.89085614790277
1.86020723748381
1.83389283265043
1.8542967484866
1.8482346562423
1.79681113829901
1.91403534543003
1.81960120526145
1.85257364421786
1.8296585249504
1.8305812731139
1.82822104852152
1.82729196548146
1.85908538310191
1.80920610113234
1.85567424219851
1.83196697749442
1.85245332560969
1.90868643639153
1.82905755777907
1.83776270594961
1.85623998854218
1.8551360293496
1.89715975007726
1.84463651094901
1.84482869686154
1.83102813401393
1.83883819146423
1.88474747395039
1.80338845248599
1.8469668307204
1.88898458185416
1.83264319254254
1.82559526089442
1.83616004440041
1.82757799528995
1.85674328728263
1.84709356417021
1.86030612573431
1.85088738699176
1.84844862642881
1.89732471696528
1.8263343907826
1.88290590185346
1.81861655327514
1.83233286718266
1.8669113995924
1.78540615542534
1.84282436468133
1.85795467858882
1.8514806447264
1.8647750196092
1.86830978288017
1.84528658482343
1.78659311598799
1.87067651215117
1.88800746753848
1.8274030838145
1.87905178914795
1.83905670599928
1.82836188242086
1.88290681039198
1.83320431615875
1.82137788808714
1.86951734599216
1.79714411297579
1.83623225251475
1.85774836405918
1.83014238512821
1.85488820116047
1.84844665881176
1.87166386717352
1.82617316145092
1.8655391234134
1.80921792000801
1.79351643014886
1.87030437768919
1.85154177507616
1.82144006610987
1.86479573561178
1.85500569225371
1.82312509640181
1.85247883174506
1.83024533994599
1.85286054753219
1.80990966170516
1.87013872246601
1.87406337764606
1.88195680187989
1.79313806164547
1.82651051312702
1.86917656131019
1.82825923052775
1.87305094542244
1.85515554278242
1.84304287236887
1.84370850351228
1.85578407886658
1.87952290833342
1.87633534065971
1.78570091273768
1.89132298595373
1.90531447870028
1.84862317240779
1.80323691876123
1.85580665269998
1.85566986858528
1.84337203396709
1.80878177037668
1.82176560254869
1.87536133892818
1.86642533199188
1.90064351741005
1.8525156867295
1.89694849068722
1.8300819273024
1.8571196343701
1.83722883888892
1.83942720071406
1.83411032634696
1.84242038137542
1.86708866397453
1.88505150238837
1.84844346758623
1.86711822038041
1.84219235065272
1.85625666579811
1.86345821724581
1.83987726576587
1.83459220171885
1.77529808520261
1.8468066681089
1.87566922396384
1.90318386206453
1.78911520299637
1.85351835351295
1.9074961456406
1.88856812297207
1.85083807634827
1.79269594850566
1.86196209692875
1.88527232289553
1.8064387119861
1.83717783649345
1.80096205970484
1.87077868119986
1.841169781013
1.85229548689678
1.88889800882474
1.88633471206928
1.86979716769091
1.84102850453119
1.88336332171337
1.84308962323033
1.88549605096289
1.86582056499629
1.84155193312459
1.82543666037436
1.81848859247198
1.88669189417822
1.81094096097006
1.85985096080809
1.84095730227628
1.8406686801761
1.87958956834353
1.81378747040476
1.88240973016594
1.83450319270414
1.87522753892415
1.82539507331537
1.86740245403762
1.84348009673556
1.92389692804062
1.88955047062239
1.84406861645431
1.85789198134043
1.85570637990136
1.83432345993658
1.82787575548616
1.85358140650688
1.85664829196139
1.87480756092924
1.84540432628683
1.83058650753198
1.81810969373475
1.87431511527843
1.80645341359711
1.82873041334486
1.8915142487719
1.84186900376483
1.7935863369268
1.8097926188399
1.85935975247791
1.83049284695623
1.87381535103081
1.86147361050332
1.85902094274351
1.81083257879812
1.84321794548661
1.85869352427815
1.86346947385192
1.86681342270868
1.8807715441307
1.85674044910214
1.84289561446833
1.83881767516449
1.83623500817588
1.90025717602753
1.89960172071147
1.87190615276144
1.91439520705927
1.91039041868706
1.81518074386495
1.88727651492983
1.83428308832446
1.90770032006097
1.78390615003066
1.83381038100669
1.83516503168959
1.83337923697516
1.84685382798907
1.88060914981072
1.83317508860804
1.83150370222609
1.83309960903306
1.8664446531306
1.87829882927873
1.91180198610888
1.86868331650335
1.84767386631589
1.84133024364886
1.78460752913979
1.87549326657702
1.86239840501126
1.86394708727784
1.77731094770236
1.85155925147041
1.86585016914666
1.83504969540675
1.84728597495111
1.87098952029659
1.8929103684822
1.83677870580152
1.86258795579991
1.83083788473713
1.81018722578844
1.88475645255206
1.82701772452289
1.8510716430819
1.85808809148469
1.88364816478682
1.85588255151288
1.81805441276295
1.86435658057676
1.83409427794024
1.86399687017843
1.84664740022138
1.798174935143
1.85769447761184
1.87439467327613
1.88406268467935
1.84178961767435
1.82539886558226
1.8366911764625
1.85697696780013
1.87597833373739
1.85621259867729
1.89140308514388
1.86877697758243
1.86655237379609
1.90564541583961
1.82843396772398
1.89158967157385
1.81573470217295
1.83355735281629
1.83188146796676
1.80601541580848
1.85486440746365
1.84519735238623
1.78090360902488
1.81114073363455
1.86811663861944
1.85820650370984
1.8304754891536
1.83110242116316
1.82660186224117
1.83808780276397
1.84757927461284
1.87970338123614
1.85121510993283
1.82812246839603
1.8025715685478
1.88763581525454
1.81794699219836
1.89913296549048
1.82644720915496
1.80183003864274
1.86611988566752
1.81028582081661
1.84726211247669
1.83878687987986
1.87352473657585
1.85345917964312
1.85941232029739
1.83649235797598
1.84068326477131
1.80938646013545
1.86711577361601
1.82806220920464
1.84595184086935
1.81808038011525
1.85462251969363
1.84818076784414
1.85685556050197
1.88294656741549
1.87999327959335
1.90206378605145
1.83868460955952
1.82130746035075
1.85800330469898
1.84650168783523
1.84855871846334
1.83789555969035
1.83751876211395
1.87340626533723
1.87356643049681
1.84388316574882
1.84866787208613
1.83274233954402
1.88561512212696
1.88490144385862
1.84785199007249
1.81416421496146
1.85876995676186
1.92353138994398
1.79395399639494
1.82249288089392
1.85850482244089
1.84000046219247
1.86157286775526
1.8150445291301
1.84345725799075
1.86882199696181
1.84787644707546
1.85311542738149
1.85080858131913
1.79997268992045
1.83292293897177
1.8844349638156
1.92166601075055
1.83128241115816
1.8391509776868
1.84458407746721
1.81162072494683
1.88310812077846
1.85679843051262
1.89550192275901
1.83355557390342
1.76456713495607
1.85713415955814
1.8396696773537
1.81640355325165
1.82148742212099
1.90665013180843
1.85820812978015
1.84649862864969
1.87228760270917
1.85602838423553
1.83451820163195
1.88240919136009
1.83296692051309
1.87410573166205
1.86848556028883
1.85061558126961
1.87083970790495
1.84289602762021
1.82200892622896
1.88906693833655
1.83657122215616
1.82127509968509
1.85429265434397
1.83387109052698
1.86144507657088
1.84777642145525
1.9076881178073
1.87367337145719
1.85263256059447
1.84040008667308
1.86111183001323
1.83468314693129
1.80268335648468
1.90027155375457
1.86213408825353
1.84421307541535
1.87049747310483
1.83209575108136
1.81420560487767
1.81276076843442
1.80941769219355
1.81375993068122
1.83288979982288
1.86470188375839
1.8528355132425
1.84749683635546
1.8736862854547
1.80135054428451
1.89226657853785
1.79361178196616
1.84840409951378
1.82638419393401
1.87230837218227
1.92623014332789
1.89611406545842
1.81918521237219
1.88255178477344
1.89469787164483
1.8989946084981
1.84317581026353
1.83870192061913
1.85416900915725
1.78531339521601
1.84416577544436
1.89372999122097
1.85988307984907
1.89530702972888
1.82747123094642
1.90181179835289
1.82288922038798
1.8272072913795
1.87988453175332
1.85806553057659
1.83846924357089
1.7529238958862
1.84589308294911
1.87727747211003
1.81090339526979
1.83872898982419
1.90033287536899
1.85582038925676
1.85823758603622
1.88760001892011
1.90235467669881
1.87861947966729
1.87383231963138
1.85868121876404
1.81666980521622
1.85494274269574
1.88903295122624
1.90692622383662
1.82789552131313
1.86576739559288
1.87101708818064
1.81304983107036
1.84128539492454
1.85217657381988
1.87349646179662
1.90935055922935
1.84689225022776
1.84171215206702
1.86970667564846
1.85858960594928
1.82785478311627
1.84021376795074
1.80692896442591
1.83565388910662
1.81948048775383
1.82815724586008
1.8690180619273
1.87058755441938
1.78346801574077
1.83329016149909
1.90640477369631
1.82965570608127
1.84271437732212
1.85579733825594
1.88594801668007
1.86165751702846
1.91074803985523
1.90871051243281
1.84655758524144
1.81304614544606
1.84368254716774
1.87759514031532
1.85291595799731
1.81308573775402
1.8763924012327
1.90219320108692
1.84527383885671
1.83402288448455
1.84845743806705
1.86535164041696
1.84370159840707
1.81078496601913
1.89000384062895
1.86098416768475
1.85086017859442
1.77744357668683
1.89033804657675
1.84611246300595
1.80513847615712
1.84765627060214
1.87940441560513
1.82612731700927
1.82303963586894
1.88270686734036
1.82360989373913
1.84795253730975
1.80781147495799
1.85216261407633
1.8555997513708
1.89336943877933
1.84565766605648
1.87845513833423
1.91437778675379
1.83725560664705
1.88265751433389
1.83041589265969
1.88277410465932
1.85582998578467
1.85587640077443
1.86778909383781
1.81767013413101
1.92605833714437
1.82129848223422
1.88442330021564
1.8300625686611
1.79705385114425
1.8531409140509
1.86701855577448
1.82903600480747
1.86485290188372
1.83587829466955
1.85371417119145
1.78938670764564
1.8378974870665
1.838081672864
1.84074820390793
1.87796937453418
1.81644066010772
1.82627249855623
1.80536974444902
1.82555886690593
1.88907242380635
1.83547281690087
1.82381020085935
1.78134318001976
1.86563677559246
1.84998388335289
1.84072846393589
1.8282691829143
1.80728716576911
1.88695722883362
1.86314705660264
1.82028384011114
1.84660285836423
1.83688719553559
1.82117932493378
1.86950024547846
1.85931048634927
1.83180061970059
1.83298115172194
1.83417198657192
1.86048910768154
1.83589389157916
1.81696424343657
1.86361520747995
1.85071661353959
1.87506218313799
1.87113980795767
1.85253031340682
1.81520777991741
1.84031546753617
1.88826270120268
1.87088778389366
1.80166795520636
1.81439332785069
1.76412937225099
1.78595544367204
1.84837969031267
1.81504811455351
1.81374560736486
1.85317464126014
1.87598743814483
1.83544284600322
1.92375992447612
1.8789068947721
1.86395799393458
1.85753153992638
1.84320308431193
1.8839156909263
1.84800655696352
1.88880245875095
1.86392781026151
1.84804329378499
1.86879402956668
1.8859287315234
1.82526772755267
1.85958226413591
1.82933189056638
1.86440583754681
1.82922894611392
1.84503648293996
1.88338776579309
1.84861145246673
1.89979544327858
1.86664262212412
1.87810276401371
1.79600173408029
1.86400046600409
1.86697112283514
1.86045766834785
1.87613760654421
1.86316686376106
1.88031656625102
1.88690093685201
1.88411432636191
1.87115506133232
1.84780565304286
1.84125289108691
1.86559338593223
1.89747925324333
1.83512097456124
1.82914501529388
1.84976849556262
1.88834866306851
1.84849095001193
1.86227358718022
1.86585768907117
1.8847614157489
1.8358117632017
1.86666594011545
1.89006044294316
1.8586435662661
1.84705392791337
1.82389481733705
1.82486936077629
1.85122964533575
1.85076352621364
1.87454984709759
1.87957790807124
1.83538301758634
1.85034673257338
1.84158392976071
1.87239805547298
1.85851051932002
1.82364426019106
1.8511987225187
1.86136986385319
1.8574841075478
1.90121577359112
1.86803298936005
1.82317338255775
1.81297554001456
1.87085413800052
1.8263683995346
1.8535751341893
1.83198649100389
1.84950376538415
1.87539949337638
1.8871670500814
1.87495970420368
1.84917559699773
1.87009444516929
1.87021711088065
1.85512333376521
1.86147071173879
1.81924752038204
1.84666480630416
1.85569030903722
1.84768633678912
1.89389501990464
1.86705764554004
1.90346055193796
1.85096143523018
1.84335464495818
1.84731146479549
1.79312630168824
1.87847032886336
1.8635401128057
1.8730697135972
1.83233662798819
1.86400477087445
1.83603485291382
1.8125909654226
1.86690242471785
1.85352210241851
1.8638502515306
1.85567365071869
1.85338561117114
1.84661363080941
1.85767678995053
1.87234703870582
1.87588811394819
1.83013666147209
1.84998555578107
1.86089989325944
1.88329578565498
1.8018680997594
1.86583766142333
1.84847517801872
1.87683427386559
1.8541685219485
1.8443248436773
1.81313318825429
1.87255908954495
1.87839498605078
1.81132191806123
1.87354337508877
1.82999701743207
1.86911129624715
1.85451202246041
1.84198773488161
1.86852708947146
1.83613263259978
1.84005818632538
1.89107269320238
1.81521147062707
1.91028355329094
1.83883250781603
1.85940409868299
1.80002317447316
1.85839427878535
1.85419706779865
1.87041124709938
1.86952026533457
1.80349917075626
1.8673203841041
1.83885263443838
1.86802846264164
1.83458239870974
1.88833796410903
1.83366637199181
1.86711710732557
1.81534376776114
1.87009661389999
1.83617056362674
1.79633166149215
1.83180523756161
1.85110091945622
1.87531837572196
1.82836343095158
1.84934697808895
1.84431105277648
1.84058116139206
1.8428275908617
1.81522440268695
1.82918193567854
1.84680406515156
1.8732916896195
1.83555883011423
1.81902380112065
1.85350987882729
1.81756385334274
1.88318929327376
1.86963027673259
1.86388964293454
1.88555467147252
1.82834272323392
1.83874246920044
1.86289475901216
1.83236639574077
1.82495936325707
1.80575499993946
1.90452251431411
1.87711863555603
1.87653546079523
1.8166135800952
1.80940603438966
1.8435767814096
1.85241573310864
1.83203680861265
1.84458879024814
1.82339682802254
1.84092835755013
1.85476886934782
1.85695839685784
1.83920661771774
1.87035686456509
1.88704287295288
1.85567657821127
1.84639056133311
1.85074816197723
1.85099955123433
1.87056453665524
1.84744493225685
1.83062029068586
1.86191171140477
1.83305438692812
1.84044340296845
1.86082330701968
1.87195180969906
1.87723586052944
1.89464703319796
1.87067001570269
1.84985193995025
1.83617647539568
1.89358572455326
1.75097586889864
1.84948840869794
1.86342894766028
1.88781091697892
1.86351187199084
1.86350825889549
1.84918731734294
1.87115179861811
1.84270975515149
1.85907373278703
1.85502967764555
1.83988098284867
1.83985611116519
1.8412017712112
1.81528909036203
1.8462421711511
1.8779771214028
1.85378988214605
1.81832635542346
1.83133495281703
1.85633796756008
1.83866615351414
1.83483468866404
1.84139128103289
1.83756192731407
1.87519387535933
1.86125686233697
1.84622630977487
1.8824368495544
1.89933841963455
1.85338474286734
1.84032299191197
1.8366487709451
1.83425339098823
1.91502611113044
1.81828016173941
1.85778560722451
1.8086176405345
1.85348170676976
1.84516439864395
1.85041345110678
1.86416715659681
1.83601647901664
1.82214234325032
1.82821832313228
1.88227366096112
1.85028297266226
1.84392001319793
1.87539472994322
1.9092727087382
1.87489530222304
1.87134320427346
1.84310088877041
1.84708148488921
1.82903988740709
1.87572523407964
1.9003535599239
1.87245199484618
1.87161076668902
1.83673658706838
1.8678380767413
1.85379663368074
1.85401532987666
1.89053130457842
1.86994193800747
1.89000206332164
1.85052995899709
1.87903426794133
1.88573093884971
1.85214829533457
1.87200802096019
1.87616957930557
1.8689066577688
1.8947246279258
1.89916006317363
1.87361133003305
1.89461337351727
1.85972190409724
1.80869676667696
1.84199198117638
1.9033609017197
1.82844922516514
1.8226590980568
1.85003287293376
1.90612430994929
1.82167416612922
1.85514180227102
1.86339556575511
1.84409202156708
1.87226780790809
1.85892118680821
1.89900589093265
1.8308850222135
1.81649766548125
1.88993284263094
1.83104478671861
1.84233667734354
1.83886148771814
1.86824710947581
1.86383773722123
1.86969746905734
1.83029994791465
1.86766795828518
1.84443216894978
1.88723497191934
1.86730506438008
1.79653598677567
1.84873227513214
1.91969514507332
1.85241034414862
1.84082829489513
1.88689638358212
1.84425731362316
1.85974475352152
1.81759259260803
1.8161530710272
1.85479275888825
1.76314926068348
1.84523843484035
1.83862073670922
1.83863736038223
1.86040804023683
1.92153993369268
1.90703265581912
1.84069578119981
1.83469271614199
1.8714213455136
1.85855862977158
1.79183118289153
1.83695097994516
1.83849199682167
1.80942610827594
1.8672774664012
1.82986245025406
1.89191644364216
1.84381516897884
1.82818759221426
1.82714477821469
1.86276941764616
1.82903777695932
1.87470342730471
1.83743080625476
1.88855030411583
1.85582056593902
1.84636944560942
1.83426266911862
1.84519100574254
1.83579349771107
1.81339984656074
1.83660754865842
1.84923400953474
1.83509582590493
1.88804454552396
1.83760738576579
1.8580422885063
1.88948406290471
1.85056984989197
1.88736382756236
1.86804053027363
1.85237228976821
1.8057091924369
1.84304201265815
1.8407507543442
1.82250245648475
1.83755491206316
1.82745570042794
1.85918997909782
1.88250042277193
1.87682948951213
1.8241537841622
1.84020922568373
1.8404342571762
1.83885729666803
1.84768957783003
1.91428243406759
1.82920694922311
1.91545767382422
1.83292641282021
1.83341484437383
1.88936159948672
1.88917165826085
1.87309926831414
1.83934342009414
1.8385259532625
1.85720382229184
1.89164637636256
1.84230857139315
1.87692036923925
1.80987148144061
1.87769061843873
1.853233216443
1.83613947098329
1.82693686256509
1.93571051760634
1.83703277910739
1.85266890120435
1.87524015483201
1.88480016228178
1.84546938094058
1.85086757561288
1.85878865014679
1.85446073737869
1.84245397409273
1.86254590476681
1.86539388413131
1.84936847955945
1.85480542744409
1.85346856810723
1.83818628336512
1.84946234188547
1.79092836457815
1.85241026195812
1.88658190151158
1.85634509172501
1.86394483308641
1.79340478423032
1.85033836242792
1.87148885059953
1.88089762392743
1.85088747911134
1.84662555351987
1.88078415979566
1.84798350385371
1.82304328480909
1.84538018167827
1.81353592243272
1.88080923201556
1.83949400947299
1.8503943985824
1.8688421731405
1.87505048253719
1.85555637299985
1.85176869312794
1.82255250822668
1.83594469030111
1.86651640149883
1.88387008223012
1.81814134826717
1.84200627886171
1.8487265918068
1.77701431764097
1.83132153107844
1.85902925839006
1.84722471854928
1.84746142815454
1.84077991825593
1.88131905154546
1.83136409105902
1.84204122766055
1.8566401179087
1.83094628097441
1.85371193523678
1.82566356308046
1.89972381312357
1.8910963800969
1.85276845994096
1.87917982361974
1.88497958956069
1.87351102060222
1.86726197495647
1.85374933246636
1.82334501937824
1.84556616510472
1.85877312962215
1.85544320934961
1.88865835974054
1.84484845934036
1.86254778139988
1.84076684621382
1.83899058654876
1.87554091264381
1.81554036523323
1.82264951069469
1.90322197775229
1.8300518573192
1.86400307438512
1.83971198708019
1.81485681137207
1.81485108480856
1.83928551837949
1.87746177306371
1.94799586352836
1.88000250096551
1.86304895142937
1.86277301888668
1.85847648157624
1.85980314397372
1.81930824891906
1.91670007364093
1.85644052877036
1.84966812411159
1.84590394110663
1.8677661598804
1.86785726266943
1.87049336604101
1.85646224454884
1.85469635565389
1.88397493225449
1.84592032865901
1.83644614608706
1.92052538934502
1.79428862215673
1.8897683120145
1.83709861646474
1.82485714837253
1.84086464574907
1.83693480351738
1.87251558284766
1.89269056537585
1.82726753471513
1.81644540411591
1.78957678923459
1.87958747110517
1.84272728856631
1.87402238885591
1.83145198751352
1.79279863538917
1.90101324833769
1.83577945641909
1.8189039866303
1.84364253304255
1.88089711144006
1.88688612909081
1.84733501340586
1.82892920650556
1.87391813445065
1.85531932313281
1.85496168246561
1.87506889160913
1.88282694155313
1.82467771241795
1.84287872641765
1.85787668654465
1.80734495202692
1.8588958000967
1.87310590956243
1.84622555288004
1.88896914485441
1.85878347742242
1.80818860886316
1.79554244546575
1.87352784609179
1.86875524945548
1.8914917987569
1.89839500467905
1.85866007000494
1.86465869832406
1.80435251674611
1.89159773286899
1.8774743448572
1.89711294861887
1.85870773819887
1.83628033797734
1.86795844817625
1.89629698363938
1.82122572490147
1.88940663001346
1.84308846020697
1.86056945066007
1.87187581594387
1.91814788870607
1.84271949720672
1.78980895190142
1.85354875838328
1.8337029652598
1.83215587015371
1.87302582678627
1.88685359431534
1.93015686340849
1.87227175834888
1.88523633813434
1.85723111974763
1.88057322286385
1.87082657870781
1.85994616356097
1.84708679201441
1.83693724106719
1.8582978742922
1.88631510036903
1.89983345526797
1.8857602619816
1.86431327583421
1.85987181827788
1.84046995456436
1.82110303350644
1.85690209776426
1.82356300503317
1.83434297638371
1.8858627891004
1.83161224798615
1.82272648740807
1.84928441490334
1.81950465915857
1.87008949399659
1.84681245768174
1.83289103811435
1.85467333036341
1.84241631595638
1.84120195482846
1.89159345846277
1.84466473336818
1.82696136857867
1.89544937778986
1.84716623938703
1.82377570762344
1.83424013748317
1.83195781666186
1.87657413848326
1.85055398465213
1.84707607064431
1.83614818003709
1.83645897924107
1.81118429625035
1.88600514921937
1.84927942948525
1.81699924436823
1.85212540080252
1.90284961970245
1.84396312607254
1.86679187960483
1.83073127326346
1.85997672879573
1.82010196498032
1.87338363395178
1.83547845818223
1.77849093606301
1.86136801285468
1.80874590688417
1.86462598341207
1.83182040239134
1.88187398608799
1.86283548195242
1.79611780996246
1.79872184103695
1.86271266729915
1.86137576499456
1.8727493432587
1.80339422736941
1.84402621884921
1.85577315867913
1.82447231720829
1.78461265651454
1.81157736809776
1.82471273998775
1.94501859132825
1.82311006518844
1.88389489176314
1.87062285191886
1.83483693104331
1.86587148730038
1.82512579995706
1.81013279073627
1.82646021317656
1.85447984372139
1.86456059747532
1.85300038359598
1.87304133090864
1.80431799176866
1.87087425708748
1.8526864280553
1.82521099668043
1.81190426345056
1.82470457347043
1.86461009550911
1.83549345794407
1.82833425216564
1.84604696632789
1.8593516052758
1.87127063849459
1.96194226036477
1.86872443710749
1.81981825979662
1.84663694163988
1.86435070559796
1.86385060690343
1.84478633469931
1.88066369231039
1.85289682876632
1.88238840836824
1.87448218666829
1.86428785910271
1.88484603929974
1.86096715975455
1.85477866743688
1.82622037650729
1.87668271724102
1.85637261582309
1.88103829249026
1.89810954333345
1.87150471064139
1.82382976965977
1.84698775617016
1.88076165169034
1.83395052873037
1.79368010680157
1.86268358986741
1.88226838605699
1.88779546564736
1.87735110598202
1.87148183331574
1.83852796146636
1.86740974153933
1.86432069079626
1.8604498687978
1.85326299072684
1.84427718707245
1.83792671118096
1.86482269311817
1.81281842544774
1.86105541106592
1.7997665597495
1.86365050517125
1.80157232487143
1.81677857329444
1.82029033731285
1.89463334934891
1.8473445612857
1.84764946629084
1.872620767828
1.88563353782601
1.86729528946982
1.84213456562733
1.77936010453483
1.89047338332464
1.86026827000387
1.87442490742322
1.85673479933013
1.83304456350386
1.80518027334917
1.81504355811535
1.83572002295879
1.82087796103282
1.83647602866029
1.81073260059435
1.84232481293067
1.8554314527359
1.81105949610155
1.82671746683527
1.88887063706213
1.76301256485662
1.84375271810694
1.84138412175012
1.8761494851001
1.85268675214314
1.88363506536973
1.80335315862082
1.80895459905549
1.8872956391321
1.83112637937716
1.82567018568527
1.83384288742391
1.88286526161575
1.81363037775895
1.84362315262888
1.83402820324753
1.85180182511331
1.85774227352832
1.885337972123
1.85000720407067
1.85226923636774
1.82934600002207
1.88756445469007
1.87988179620971
1.81129212144565
1.83349991060277
1.8376819919994
1.83934035070115
1.81782419663556
1.84481623701169
1.84382955757257
1.81829540308563
1.8839361161316
1.86420797791226
1.81741384474308
1.84676698827402
1.86758811311739
1.8246535608324
1.8316894715154
1.81077985020932
1.88881225020007
1.89927297402315
1.86126775289061
1.85867843942486
1.86812965574513
1.87707116268451
1.83135373709387
1.84084675062401
1.86731468768675
1.84484135353402
1.83594529863632
1.84986081507532
1.8414874447029
1.85690964292616
1.83953148355055
1.83631866873494
1.8956647891189
1.79413595881871
1.8624736599534
1.87143146896327
1.80978365412499
1.82811829664763
1.84087526975155
1.85202582835233
1.85152752375038
1.88620434643272
1.79577137560779
1.83774423375922
1.81812912568783
1.88772428454115
1.84404838870906
1.89274874911631
1.8508189248828
1.84902433721316
1.83372876583881
1.89158386614953
1.86759157372247
1.80631333185219
1.82953218093438
1.83504689898348
1.87490798242224
1.81125982265226
1.8750282149191
1.88109189922449
1.83065170505771
1.85448654305448
1.84858765809883
1.90408068956361
1.86017940717581
1.82319604160861
1.84504329603372
1.80188936716157
1.88332294408361
1.83868735163746
1.86031386522554
1.84041542737353
1.8568648658601
1.89438338601213
1.82397846224277
1.79774558327551
1.87809449724597
1.86281490459802
1.82177630719446
1.84680502235171
1.81005973428213
1.89097308855784
1.81676613872827
1.8196535646258
1.85430081294872
1.88736037635074
1.83277448920916
1.87387153803453
1.8484674994051
1.84928108610438
1.78998325378613
1.8313578816353
1.85295709879515
1.87950318116106
1.91638903655941
1.85999129126333
1.84099608286103
1.85687015593228
1.85323137150364
1.86599870495106
1.83114168788303
1.79514402139487
1.83989393799802
1.90778300719559
1.88422249199231
1.88069063869704
1.84815338091651
1.8314160976843
1.82420693690581
1.88274682457518
1.87774524035016
1.84739887373949
1.88904248504653
1.87306006877955
1.85565658257925
1.82153254781707
1.87482255356804
1.85158205374913
1.87056518020072
1.88617664780684
1.83970386627939
1.88203899391008
1.84882249298219
1.8371401824556
1.88567301264131
1.83192500855982
1.83699811293421
1.87056929610848
1.84466159868611
1.87732102783115
1.80266495084822
1.84880083770608
1.86939199576958
1.81030468497472
1.81895663324538
1.8262036492983
1.8236972327558
1.87851296340615
1.86605152099809
1.83050197653528
1.84944736558832
1.81247094354862
1.81246567167393
1.80271239721814
1.87919073422277
1.81812853730016
1.88767230722564
1.82669368828543
1.88277045482546
1.83874355907339
1.85884041222947
1.8238817352377
1.86295560872744
1.89851805612569
1.81085352712246
1.88592632745149
1.82612730299826
1.85647321651048
1.84351685075813
1.86258330009089
1.84444715879457
1.85594477604972
1.79426495050273
1.85418006316261
1.8320573790332
1.87233667809289
1.88249274296154
1.91975239374865
1.84723507954668
1.85013409089202
1.80854760699293
1.88346234754333
1.83229108739915
1.83657952108363
1.84644871675259
1.89638809153426
1.87981248099778
1.87205105415839
1.85968049597166
1.81202150938808
1.83424414440168
1.87873670294991
1.83571175764173
1.83825035305569
1.89828309076587
1.87107837443578
1.86467455683647
1.86376544663487
1.88310528853223
1.83571446398239
1.79909080070685
1.87059264645417
1.85281584045424
1.84874276626721
1.8564361047243
1.82645882338969
1.8627823881597
1.86618891637935
1.80261020082746
1.85341940860528
1.86817070113442
1.84997100415425
1.84538949223179
1.85005730247996
1.87082999791761
1.81436918255496
1.86822357787352
1.85207528606351
1.82381929593151
1.84554218695276
1.8646497500224
1.86586457460574
1.85366393656546
1.83283319922643
1.87430538677555
1.87369776497457
1.83059408748909
1.8281289086158
1.87546651784877
1.81501048388528
1.84688054138906
1.84804002859058
1.84043333428517
1.79989438960276
1.84703507786704
1.83812537624131
1.83990750579264
1.80738115521485
1.84962041663742
1.84531030967418
1.85328107642843
1.86880924736055
1.83510875067121
1.79583530223302
1.86167496954107
1.85276448455431
1.84956458781025
1.87424057613559
1.85203586274149
1.83767025261517
1.91153964522037
1.85107829864085
1.88360656935474
1.84159187199673
1.84238836463549
1.8288061968624
1.81935165543427
1.8536998389663
1.86284051716265
1.88049639245311
1.82636883214398
1.89888081301071
1.82834467461885
1.87702528797682
1.81208940597199
1.85707670094189
1.8269185482176
1.81123698285066
1.82131427742159
1.89925657690536
1.84544831714258
1.86404849282721
1.83821440080767
1.80577769758529
1.87442021002761
1.86081127441326
1.87269908846079
1.83939796920569
1.81665298050463
1.85434003650743
1.84857101190091
1.84972294444906
1.80795037528732
1.8263661555485
1.84706870352984
1.88489625591882
1.82762997024501
1.83079719693739
1.84638977524885
1.82608302938255
1.82434849161507
1.82275703286321
1.8702551058514
1.87867140467427
1.84783869813876
1.8192043004293
1.801522424496
1.91050438472118
1.85413058527276
1.8287839096468
1.84366920954529
1.87125424064721
1.84242340963057
1.82306620558974
1.89224678337426
1.83729225470818
1.82124712653357
1.84133028123913
1.87966499688266
1.8393854016512
1.86205393096161
1.84928819568155
1.83345683747509
1.8360669593006
1.88230310754094
1.86372886844023
1.89494906101915
1.87540571616051
1.86274119941359
1.79492337457329
1.8813147995119
1.85634785005035
1.83974782596574
1.81932957790553
1.80011610519837
1.83786672596953
1.86879347777847
1.83773631806704
1.87829507979277
1.84202242371479
1.8476928604921
1.87250444395606
1.89699745435595
1.90046087715831
1.89786161144125
1.83545551847301
1.83307883049174
1.81024545628054
1.86150191523734
1.81610974472565
1.83652010260521
1.90798960078158
1.92727341934613
1.88941724954464
1.86858898228637
1.83849802669603
1.83047679301693
1.83442219945088
1.85676202620413
1.84125666686407
1.84258450034552
1.78982597612623
1.81345750416179
1.88421313625084
1.86117234726881
1.84438738210655
1.78427690478171
1.86140417465451
1.87463441192505
1.83501638503026
1.85889604893903
1.84392226755889
1.84890710173842
1.89569848388809
1.82106906121756
1.88278704878093
1.82320059937367
1.91437394476592
1.84620254821185
1.89504294533312
1.87319270277461
1.86165395417048
1.84706966731454
1.87472975017957
1.83096298385412
1.87855228067425
1.81670862604913
1.81308470832757
1.85201999765475
1.82224028546646
1.87053360020433
1.82812155394785
1.91527682180378
1.90153630100204
1.81927423242912
1.85832234649342
1.83203371791813
1.83820849307453
1.79572729492159
1.84127832411164
1.83425843162192
1.85581290450282
1.82378544027922
1.81262221449561
1.86532079296806
1.85259461458935
1.80859897679162
1.86775913006993
1.88580198293739
1.82276832892247
1.83492966267685
1.81564992408294
1.86195427286733
1.83622417689935
1.86387324595073
1.81250757507224
1.80248578569597
1.88131382016699
1.88431954895454
1.89412959223116
1.84604819984667
1.83059688767043
1.85895072029936
1.81622633037959
1.90389935855001
1.87280510689237
1.84767692906421
1.81197567463282
1.80675891441298
1.81539215540883
1.84449111239652
1.82917180169031
1.8263573431746
1.87421751318685
1.87365330498052
1.84407315885406
1.8310247542497
1.86986577870103
1.85018896363125
1.82667108412472
1.84856637156783
1.88452639021972
1.87947792264265
1.85213136157128
1.87076710479776
1.86267981371318
1.85736979430433
1.8478200539442
1.85369824900699
1.81665188789412
1.8919888340501
1.79765671652326
1.86606738557757
1.86750672769897
1.83385639877999
1.84194807187534
1.80627428096721
1.84035619492214
1.91399945668599
1.90888987933819
1.85509973935548
1.85319805035506
1.83546862577958
1.81704604764276
1.80758204429917
1.89249218999048
1.88774795316365
1.80686902970138
1.84452031801188
1.86382209432306
1.86254549594109
1.80551401672867
1.85227145535351
1.86613029854491
1.87014419140739
1.81772586001881
1.87048600387195
1.90704389472281
1.86457886187423
1.87209863147276
1.84086156397911
1.87767525064203
1.85694822833494
1.8640783322728
1.88698962926542
1.87701216486085
1.82540900481736
1.89989861529051
1.86231142978149
1.83617555918089
1.88670497914858
1.8449350738064
1.84704188868542
1.80910103031612
1.91996566149932
1.86344663227449
1.86763956555144
1.8265528582725
1.89254572429163
1.85711079368976
1.81718680539161
1.85780282303637
1.87112699879668
1.80985110219775
1.86564703779441
1.85459390568482
1.89778241452201
1.84919740850587
1.86484385801671
1.85493386422476
1.83469716997266
1.84440358480101
1.92341126663175
1.84965368685998
1.85954046414624
1.87292180285058
1.87330961751927
1.84859347882116
1.82494461048541
1.88103077102056
1.8193957890436
1.89737630811341
1.83971577913132
1.82331496573964
1.82079457620053
1.84725494843605
1.80953895697058
1.8509697723155
1.85698594340021
1.8262284011317
1.89156509229334
1.81857608098968
1.8807669413505
1.85430541546268
1.835049936325
1.87350301165036
1.84176560544268
1.84287038546887
1.84165834739281
1.86607761246227
1.87459081988466
1.83726454763823
1.86648552940109
1.84082743208552
1.8300424121393
1.81765645830012
1.88476549235432
1.79451279940352
1.9056116311771
1.82618558152723
1.83974553766861
1.84845679987868
1.84449357643439
1.86317119263511
1.84151029431715
1.8222479006024
1.82289910990829
1.80321635209459
1.93209041572256
1.87205224514194
1.80961152453053
1.80907687797357
1.91763839287516
1.81234211055071
1.83894781146161
1.83079380731407
1.83183868595
1.85537225468943
1.87356511618123
1.88577664742627
1.84436050761151
1.87138845205516
1.85404787873598
1.8438117185515
1.90067873215414
1.83782820602008
1.82834691336253
1.86563633293827
1.84444658710119
1.82975304996622
1.84931844510671
1.84634247523728
1.78423079495727
1.81634359291786
1.88240118681434
1.85919739285096
1.79412233596568
1.86698868241947
1.89258646658436
1.86034611984582
1.86378909865889
1.85794897085722
1.81626843184842
1.82988625583978
1.83144937254154
1.80715473253697
1.83053494148616
1.85613329004481
1.87268762152177
1.7985309737855
1.83473839759011
1.79773709487235
1.85860580760855
1.86559316105849
1.81649803002719
1.82484446331132
1.84775623067955
1.83807777312133
1.80150158438014
1.86707795167395
1.84718765650687
1.7945770628231
1.79331184443881
1.89358148993721
1.86512145265173
1.8272355603703
1.8829772844258
1.84673819074187
1.84875084391717
1.81148240058863
1.8697372965754
1.8136182938613
1.86974415360681
1.81290559687859
1.85258210826785
1.87029367952683
1.83810474898241
1.86402862024428
1.79214321938547
1.8665040311859
1.86836004266823
1.84693060663967
1.85876031700557
1.83169819055753
1.86662466618079
1.87354793443043
1.8509949426317
1.84092566583085
1.86151234821183
1.85130588898889
1.83091761811359
1.85275970798702
1.80586881499481
1.81204675802158
1.90625276811539
1.84325932082872
1.8157582098925
1.87028572178387
1.84155073323127
1.89941802499904
1.82935189814601
1.88627484637764
1.86493506162641
1.85911189897916
1.83546009297066
1.82502338564801
1.82747311127761
1.82106863031531
1.84722990164911
1.9143781472314
1.82706442098687
1.88233711849059
1.860397820745
1.83383354346645
1.82392065858515
1.84820626301283
1.83315718760121
1.8250982370327
1.84202082479473
1.85074024824433
1.84372536307764
1.88945121306715
1.82634567139574
1.86227482418787
1.86743025895703
1.85216559919352
1.83855638255901
1.82251892155427
1.91077276508487
1.88560124482809
1.79296816371617
1.85824151072686
1.82634581188224
1.83976738610551
1.80239050922101
1.90252586714372
1.8545719576271
1.87922065361256
1.87477182937425
1.84712717213315
1.86161074810911
1.85590747922758
1.88987959396733
1.86894878260124
1.86782286442318
1.87221078960488
1.84277761671598
1.81444852430794
1.83277367508781
1.89147366108686
1.78082842380845
1.86465584754282
1.87814248097105
1.89761096231774
1.84216415932938
1.86112574585774
1.86545591765861
1.85784035997956
1.84016372046658
1.86617306814479
1.80235089018458
1.82362058997389
1.84507457553585
1.79627707458101
1.86651451876328
1.8574976651671
1.8641180659417
1.90479307872072
1.85122358176509
1.91295054398187
1.87300725640907
1.87213670598486
1.85790160446355
1.86453210828064
1.84683235650105
1.82504555320834
1.82372047392244
1.86263290606639
1.84263311964967
1.82892702562988
1.84330326939462
1.81973610527459
1.86918505700361
1.82993868117848
1.82721898849257
1.84856933768645
1.87400786962904
1.84346375624238
1.83811951370956
1.89239027921601
1.87784449091025
1.86794770784477
1.90931227023613
1.86630309672479
1.82266800474421
1.82220349668798
1.84577582267951
1.82924905193505
1.78868600537314
1.84562665604834
1.86982723523822
1.80803752395567
1.88105670313042
1.86928516841193
1.82666540418673
1.86788158401624
1.81431123604773
1.87878404293608
1.91120933314648
1.87967994840637
1.89134543340845
1.84752647381885
1.88255618334778
1.85163924600503
1.81538500684036
1.8645852220525
1.87198352292965
1.88510586763439
1.83192979586662
1.85256264213612
1.79547908254867
1.84197803425458
1.89023112063776
1.88038252148468
1.85059662062965
1.80759424224148
1.85355609596696
1.84189048305286
1.83136891598034
1.81336673304483
1.81389389711541
1.8616360904081
1.86216645643192
1.86282724276209
1.81726731275008
1.83029087668578
1.83217913033772
1.81377557769417
1.87335655752238
1.86823246392462
1.83480596054754
1.90103119017213
1.85734609778676
1.82653840798978
1.85066938670263
1.8319230693265
1.89565262609853
1.85445482643872
1.81614237202222
1.82319356064303
1.80245890087388
1.84364157969379
1.816620824545
1.85068219520533
1.81157842163909
1.87369503414515
1.86514502805589
1.83301044062443
1.8556787576654
1.83697852633647
1.90465912019298
1.82844008760576
1.85594222327226
1.8429193041893
1.86477587876251
1.8774326771981
1.86287061799967
1.85288756304973
1.85688964581216
1.84210088736324
1.83815796873424
1.87402005612056
1.92538478697037
1.89041317865208
1.91407159653138
1.8969486425136
1.8306775812789
1.85108084967339
1.9127833251167
1.85945677649646
1.8856488569559
1.87128930875779
1.82599739753167
1.88620431983898
1.87604241623281
1.80879930331606
1.84157845151507
1.87315581575119
1.81660877195821
1.81115669637011
1.8054150365222
1.84221526330652
1.90988825185377
1.86183912407674
1.88696225318746
1.90386813595964
1.84071625956869
1.82826966531042
1.86170550933113
1.84327284067163
1.82793686728075
1.83971633796576
1.8321374903233
1.81854210751712
1.81925266069618
1.84069520454631
1.86314865189759
1.87431550774477
1.82806893020542
1.84347296061854
1.85804003799126
1.856676696202
1.84198491164113
1.81698464812938
1.86197858846813
1.91655002835665
1.83931144316585
1.84565648549945
1.88919062824059
1.88606363956195
1.84480700850101
1.78591629243529
1.84604554960342
1.84638159607371
1.83038867204448
1.81921613392657
1.82737203722982
1.87037191258205
1.85847323607811
1.87073371126331
1.87518578102677
1.86440653807057
1.86566402164571
1.84402214413854
1.80916794362844
1.9459979509348
1.87775817164122
1.87607649722414
1.8710426775543
1.8244076987938
1.85740487620374
1.82238590528026
1.87499937052126
1.83455463431888
1.83661106318354
1.84254477460749
1.87755209071383
1.90294088308668
1.8388969601007
1.90779202870654
1.80956264389768
1.84501975003016
1.81343116697643
1.88907366697196
1.85569881775421
1.8652369484686
1.87099614175305
1.83451887004246
1.82884874416664
1.89733781566795
1.82916487862217
1.84641962867782
1.86145731882098
1.82281805902467
1.8885294639285
1.86122183535186
1.86914330220727
1.84698876085389
1.81693541302177
1.8607455605424
1.87932815725103
1.88520271552369
1.83211681034506
1.87245200594196
1.86809173283447
1.84580988904443
1.86800749975713
1.80186057480344
1.8992572049382
1.8721557310743
1.85004832961583
1.86789415273232
1.83869730625327
1.83291085477983
1.87662351412893
1.85767370816766
1.83878913662467
1.82695412547239
1.85737854024943
1.84419770013231
1.92069004744543
1.80705649000493
1.87827539095106
1.84645974094905
1.8853749323279
1.87741141657594
1.8314460964093
1.91516259355211
1.8516741789515
1.83057650518156
1.82510977633299
1.80451645186424
1.90223699231942
1.84600703394941
1.85919249299403
1.8790855401323
1.81127707560754
1.85921090501059
1.84857355088493
1.8734653849901
1.84839124744007
1.82524561588873
1.81503346348512
1.84270302954364
1.87805858115115
1.84722923726868
1.86413733099574
1.82299912534082
1.83666597711934
1.83009475770471
1.82530768194532
1.81315144983647
1.83205105938095
1.8587422044194
1.80461289513226
1.85487162204939
1.81208910613762
1.82464618809831
1.81336051643128
1.82296231623467
1.85529568627914
1.85148798856298
1.85321609536697
1.87675752017336
1.85726782333661
1.85912932390926
1.8798554309685
1.88873643578261
1.79790324058791
1.84318161002808
1.844546470228
1.88468573143237
1.88661591101982
1.88631085487559
1.8786018360137
1.850846377916
1.84751357918403
1.84997048057144
1.79740325948554
1.88233060898944
1.88144390809666
1.80867901679151
1.879175865835
1.90589637383418
1.8535097002828
1.84323725891014
1.85222264619879
1.84668514305002
1.86250758711839
1.80203566044497
1.84035121018605
1.8776241030034
1.86290890558261
1.83406143947381
1.79276991496888
1.86300404403263
1.86362871571616
1.88272726571992
1.87088455166296
1.85731745816817
1.82443509757018
1.83857702692473
1.82699824452721
1.89711314383374
1.82810206745071
1.89465463047277
1.82763308300123
1.84037698915072
1.88520991951926
1.86368589986029
1.88545925388135
1.8375656892472
1.86379718489742
1.86157394065735
1.91086945481134
1.908204686405
1.82745982838311
1.85205065965167
1.820478905685
1.83856797478423
1.84412890191486
1.83039397198487
1.86760567516026
1.82399974636104
1.82541167385429
1.88369177703246
1.87891141984271
1.846677784133
1.81378357550554
1.83951636551547
1.86603236054849
1.83053197642843
1.87881448078898
1.84145712437684
1.85301638875165
1.85277089778727
1.81511870699539
1.86488646447987
1.87801107624122
1.81800957777485
1.79047249455851
1.83412799587817
1.78252862141033
1.87540401220403
1.81965616045173
1.86993596126573
1.77035073711363
1.84323143934865
1.86841172663123
1.82359148362988
1.85229959848453
1.82460009306515
1.86283902482915
1.88442747371333
1.85077115177036
1.8758715381487
1.81080595570271
1.81152437980113
1.82857874809469
1.82035343385511
1.85279287197054
1.86247075960132
1.85029673851164
1.84472158777579
1.83980689913936
1.88410880128007
1.85127799487113
1.86085561499792
1.87753238206588
1.86795725285034
1.84100179779114
1.8652649529172
1.8529959129088
1.82903498068215
1.83263194823984
1.85177804389419
1.87649144607679
1.8274654890272
1.85344829200982
1.8723079543649
1.89869288220417
1.8961725954374
1.86165707883862
1.86819065845676
1.89182716822703
1.87312497899379
1.81506134300319
1.87360093449332
1.9031785763722
1.84213696635342
1.83961033502035
1.83323951246141
1.81768350492559
1.82174361850543
1.86207643141916
1.89256453285608
1.81667423464439
1.86415089509538
1.79227732957458
1.78012048801321
1.84495513455099
1.80446022483867
1.79071054527151
1.82154494600412
1.85040736161128
1.83083326554179
1.86124416334413
1.88197072865837
1.87074214674145
1.84983952159698
1.89794654631346
1.85588885183622
1.85216470628821
1.85475612321049
1.82276138753519
1.81898231371915
1.83382436090317
1.88236250753388
1.82539896912421
1.8967921904431
1.85160876346688
1.88172067472731
1.85090861851514
1.85883488525831
1.82466996172277
1.85833421135525
1.8587714709181
1.8803739963525
1.84422373525906
1.88419907653561
1.88107450107344
1.87309174513731
1.83652076978308
1.81906603789376
1.88235934386817
1.85444636755154
1.84052120321019
1.83853035429186
1.85002143521996
1.84906954005268
1.85245625296885
1.85419969529698
1.83558579177305
1.8564096602082
1.85656206484425
1.8713955142974
1.88619298180733
1.87608521187471
1.84743202601672
1.80721174825987
1.84202332490143
1.93066587292512
1.82427192379276
1.84624227660258
1.82846651004579
1.8436203929929
1.82724033089107
1.87223494475674
1.84319640419527
1.91182849756649
1.86889622710911
1.86081386206982
1.86122588187718
1.87148676008469
1.91680053226444
1.85670244192739
1.8179716346718
1.79996262664973
1.90463929274991
1.82059470278679
1.84218944613049
1.83043514937088
1.86013959159621
1.87114015413746
1.82846921169261
1.86445332893384
1.82465040517661
1.87402102539556
1.84307473056535
1.88662262984565
1.87000464285554
1.85645110448302
1.8337902927341
1.87572609331562
1.85259630185629
1.85011358055011
1.85729310987976
1.81759350488404
1.91405859729396
1.87767977003187
1.90873351789889
1.83291024992717
1.8262155796653
1.82100099491962
1.83046678733892
1.87449410798762
1.85078251526608
1.85003872585029
1.8740921178551
1.83461318686668
1.83939142350517
1.84009087137323
1.85054438070878
1.81690743724031
1.89067520886542
1.86780624862792
1.8542160903293
1.86306135611896
1.8663078256282
1.85195908533262
1.8652259369809
1.83969591366276
1.84685102691962
1.8691712722685
1.82548227334503
1.83305878028525
1.86367052861851
1.87596891718071
1.835614307158
1.87778520503703
1.89358946488779
1.80764464444589
1.85559768654566
1.90430105550474
1.81579645598421
1.83975669610388
1.86822705080317
1.81109073795183
1.84545169451621
1.82010202847914
1.89302028974234
1.84799669893646
1.84393746873628
1.81784126876651
1.80365865137758
1.84001723832366
1.85196359546276
1.85496962803905
1.84250406212888
1.8253817688021
1.90563940309609
1.87548638294608
1.83036548086102
1.87746886143339
1.85265371648773
1.83531355402001
1.80194043596313
1.86552140540267
1.85581330045791
1.86445273459861
1.8532888010184
1.87274509209902
1.84915106606671
1.82880299649589
1.87111474770574
1.85998715408814
1.87528085328827
1.87156997376338
1.82302098583004
1.86851053107271
1.81569691517335
1.82201840042084
1.83449235078273
1.86018425941273
1.83008654498632
1.8655351849672
1.80875202157985
1.87322631880617
1.84578734703879
1.8543172999947
1.84610194233888
1.88938458357413
1.83723375114358
1.84893612209169
1.78317573871629
1.89742726030648
1.86204636699736
1.8341015439513
1.86340472349152
1.82267170862299
1.80604982505668
1.84886368172515
1.89235075355426
1.85960907941233
1.80049359655478
1.83991577194018
1.89019534298168
1.86320683415761
1.81817662280575
1.8195735989064
1.90396882050049
1.84701915540354
1.8750587580954
1.86208076980989
1.83874885054407
1.94612392412929
1.83627173626802
1.91083131833293
1.89917075500343
1.8276192624072
1.8309748680891
1.85464021563855
1.855629278258
1.8155779757767
1.8378158754527
1.81208625273551
1.83911139944333
1.82057419025868
1.84195570829718
1.82754059372802
1.86117503610491
1.8531338457808
