0.172998328385124
0.646826020077292
0.500275191160488
0.607609301530694
0.374654682687392
0.643531554976154
0.518143234722148
0.336092969173411
0.452553880061564
0.43930340418242
0.490488676270543
0.625364867637925
0.585714114569071
0.531950590775331
0.593482440348781
0.499984739427263
0.501916506169284
0.494978281020105
0.630439932752327
0.610157088963705
0.29579797404259
0.556972013824934
0.646492213858846
0.587732099677625
0.525392533952521
0.621776869686446
0.386004443713456
0.312579322307079
0.652316692219086
0.462432276771425
0.533969138561662
0.508776425416464
0.544290810544702
0.60691745202768
0.512919177343414
0.595140639006893
0.516168336632673
0.471241390305163
0.638619995505693
0.485478309476183
0.461171852976723
0.431957799082539
0.554462507620501
0.587649061474252
0.58882266980696
0.606950867038712
0.581725696856201
0.561406015158137
0.365362873418178
0.569318729482106
0.326894906205245
0.437933695283482
0.62027184111391
0.473227016819226
0.506245010540067
0.574372797176662
0.600535245320029
0.60503995570972
0.508948160403045
0.602934848914336
0.532841263420051
0.607687665551114
0.494440710807318
0.499681896558924
0.222214970125983
0.500999034106452
0.622027451921716
0.577819160998985
0.609105512071644
0.257127400545054
0.621606874251965
0.575456187903304
0.444960487888842
0.586518280806603
0.497433986812194
0.59862624567485
0.576851973423318
0.528746555201843
0.611928865167154
0.623065680441197
0.351861308451777
0.414717093676753
0.631858591882545
0.367934639624129
0.544437814413352
0.599836807821374
0.569390388639539
0.583838262474481
0.651458956923077
0.453558537702088
0.519632896181799
0.531060197000047
0.460781844635872
0.545546589391001
0.578064562626996
0.443973538943473
0.621065768652055
0.548194032475611
0.469191574831952
0.47436493011166
0.616871945801391
0.51834607717257
0.631498334841325
0.60511990861312
0.577550638781071
0.499683380625792
0.537552919142102
0.640226401370427
0.542242022067853
0.603479263848248
0.358972794906316
0.526889656716634
0.528691535079503
0.524438434802972
0.566058326330545
0.575806920870947
0.564204519447517
0.542306629577134
0.482432376970056
0.632529864217427
0.527174947827912
0.605880076760599
0.61919857851754
0.270410027598735
0.479037698909371
0.606565950135578
0.584275064005018
0.408589369065389
0.595805892199314
0.634209608297469
0.626944020227308
0.595807804561243
0.303890052712238
0.351667245286271
0.62459264524638
0.482101423922879
0.602828274537875
0.527263052358207
0.597928154309197
0.400684394850544
0.485185947950978
0.633083143504416
0.572433584612158
0.62527392142475
0.572565800757515
0.625982918714805
0.518871117709193
0.407974150584869
0.519366310042461
0.466306455389064
0.477017774418857
0.496342351667723
0.525737367926776
0.577720157222758
0.592180765275627
0.470258336332135
0.610513201583664
0.612388953921909
0.301441362636351
0.610768008008082
0.628228193965926
0.380003064470048
0.614465330259641
0.606303906845774
0.580563672285199
0.640355434895327
0.473382541231059
0.532564591227471
0.482186212784316
0.611234652756715
0.522846817012558
0.636107600257588
0.550121192437396
0.606200429700063
0.518015953234441
0.420977824718779
0.473407541915022
0.593466681308931
0.640358671411697
0.589347092507453
0.588412975463061
0.650603789609863
0.595974368071576
0.361952899580427
0.49990697021026
0.578969188841443
0.541334446345073
0.648130257469536
0.563318665880913
0.628568703893773
0.491304960309289
0.408480542044907
0.613233533188667
0.468609886604298
0.45431186299931
0.622071484529526
0.420735545434522
0.431911138751664
0.642881192370234
0.55217627917525
0.389014057103312
0.40304506931686
0.560520247274128
0.496001188319001
0.407115295521195
0.529608080469692
0.454835458210809
0.591151375644815
0.587977469306473
0.612478151073843
0.571455375261539
0.45919855182718
0.534858798785611
0.367160052142872
0.559700477268595
0.534808562948931
0.344689663747413
0.572862998910721
0.450735207115748
0.461853968757057
0.612118739304432
0.464494115408402
0.590710815234308
0.613881662415663
0.607892966752345
0.430544731437808
0.645647535458955
0.469671229405878
0.581143782487295
0.4822967256846
0.48227827140846
0.498927474812568
0.585911923134023
0.494538313586025
0.611923589324021
0.60224227464969
0.606833967666603
0.636235772774537
0.453497213565974
0.39934520749158
0.512165769646123
0.61652307159552
0.352106338887037
0.645244877446269
0.599734277285936
0.594036040070424
0.614163537080869
0.361942462294722
0.609143876632467
0.553391461169067
0.619735988778853
0.647267417308321
0.57996206503368
0.539160625188475
0.637730540473986
0.517141276778315
0.44062238277667
0.537556099970515
0.652790399288549
0.637376133186352
0.601494951227792
0.652036455192808
0.466256395010102
0.519137449832897
0.493317922749032
0.526136556345415
0.48159454972924
0.57491208395007
0.380290179963674
0.469468176550971
0.509492667516487
0.62156849386717
0.641149449035142
0.60531720753027
0.588689989738611
0.569214287223497
0.569322826468505
0.484152426963168
0.462892944916946
0.619493489500421
0.644771920600418
0.540708105964613
0.629289727749773
0.567769844512361
0.601153656537204
0.635449986510784
0.258396603572297
0.377832106079692
0.64605157398822
0.628392069800815
0.612084130296134
0.634767316179462
0.638805957490425
0.413487896717964
0.595923305012683
0.576287733530863
0.607424427731449
0.647598842814229
0.408081808926309
0.592077908442243
0.594618509753768
0.527421205455596
0.502486189377437
0.291597340329841
0.347823298223374
0.559180918235456
0.625869168178221
0.397950315449384
0.632542510682739
0.57952355100487
0.618676822505752
0.35670127374536
0.579237293393602
0.4656767908447
0.596333181665039
0.633929810944809
0.370369995011939
0.620642083061939
0.582904338852979
0.516041797854596
0.5638201312208
0.602414427399758
0.366652947127624
0.572842439795078
0.506017368329887
0.5595175400091
0.541985589585316
0.500166070692131
0.57247130666717
0.501214900455967
0.38540336623842
0.510866386706018
0.619701764186948
0.566130774485239
0.645402705782172
0.481235297975263
0.556483810187232
0.556893412486811
0.609865055234965
0.533068828134301
0.596097025824636
0.606916402761918
0.57257594175843
0.483333143171224
0.597385623889719
0.59275059162142
0.617064619944384
0.307003227945117
0.58200176610131
0.525833238033711
0.616258735477684
0.623900456882493
0.584177999386576
0.513831715472767
0.592642067355705
0.61422098521663
0.361826235965094
0.601219766134203
0.632573141814862
0.578452857837126
0.338733378714543
0.554006222740981
0.646736345050526
0.52809540656612
0.618412588187917
0.542767811224067
0.577578856259229
0.642894232089273
0.63191876761478
0.499153727673381
0.542671963482601
0.641214181575515
0.519322588127358
0.600498285461791
0.475561591808873
0.49233091662216
0.643105742898938
0.469435503418095
0.56111953191968
0.449037039856125
0.642871044186464
0.638808222394846
0.451156044012408
0.479704409635561
0.560148430619195
0.626390622470111
0.450962186661176
0.561503878105728
0.521026541888369
0.597877648538107
0.35331400238823
0.60358223168275
0.475980046620492
0.437938601787124
0.631845437166419
0.651060109524859
0.561269248197447
0.59451808010106
0.470197749909327
0.37127009406853
0.599318653761009
0.599375166592895
0.612103513040683
0.629852552547791
0.354080292733325
0.364701754292697
0.495575719601882
0.638603390317682
0.576857360817646
0.595680739996968
0.613713115160005
0.456057933307265
0.502936920017873
0.4118569199483
0.625503371987731
0.608594749315065
0.558997563212294
0.634863479921205
0.536402297853877
0.608243491172243
0.490861150882002
0.576452885696224
0.561155508229022
0.552795268615892
0.405454643147664
0.325013382069315
0.338951379911948
0.592988412458587
0.419460655917696
0.625208803639963
0.629894978377786
0.580728672028514
0.531560615728973
0.35653674142695
0.563655146969294
0.541717615424951
0.509205561752904
0.414045934573178
0.540421397437613
0.574920353876693
0.575128895125075
0.531046523363047
0.64709926857748
0.547458850028738
0.514855888987553
0.506273837895679
0.508961545939263
0.63282354195412
0.511890739208724
0.405359263974877
0.435972949280662
0.608502233721669
0.633516895253251
0.571337012438391
0.469135039006745
0.52183755930559
0.571027151324892
0.603093455232782
0.478836799917785
0.650396825025361
0.620088603274486
0.617024374975228
0.418831729820134
0.387449073678049
0.470093670813129
0.62822888116506
0.627597860256747
0.562362799323979
0.585259854904641
0.510759125504004
0.593374364353304
0.473717517688927
0.608516699684078
0.597472108859556
0.611528889491691
0.613711952712481
0.617638009948928
0.576041938846988
0.368278547827125
0.618811249795309
0.468265635013639
0.641190877226467
0.634832120977875
0.590926349002528
0.60663812284142
0.650635868893997
0.596652748289465
0.63338090966253
0.59824146949863
0.463071913448557
0.420991106289349
0.484138926851175
0.478268147792149
0.550556732431251
0.450216466022196
0.534225885836667
0.456126240693148
0.400048124699689
0.485642384687686
0.430322221767801
0.635415261090588
0.513619462494238
0.567507380757333
0.609674772626104
0.617628616262877
0.538020821139274
0.619597918739503
0.511514001095885
0.504670448389941
0.419746938292055
0.601028953683709
0.413138504855648
0.648620244435547
0.635876195784685
0.462253066277979
0.461747772390004
0.646506097317917
0.511612752226871
0.613975583303189
0.549811598818783
0.52825842167146
0.543001925657656
0.518665093196169
0.639144099048272
0.514506621839887
0.628769022586291
0.493177379880964
0.546566985196651
0.642535418482962
0.474110585515035
0.403566626428128
0.454598617101754
0.609902139381131
0.601407958119972
0.494370743531782
0.579272644323145
0.645001800414013
0.620269143901761
0.613508329481725
0.566554545948595
0.594699663387501
0.576695483889675
0.567255970019205
0.510381129187363
0.397689745814531
0.560782179801385
0.63894161107252
0.498452987757038
0.629383228427352
0.24831745652509
0.593120285549614
0.529000197223032
0.637732278599508
0.446629657859205
0.464895065442553
0.567754614545638
0.434150928710769
0.544262424871586
0.336278625565803
0.352120145432553
0.577485409562468
0.608474311257515
0.472836295457178
0.524703197392231
0.0695634741099092
0.626343698928346
0.449627739973925
0.617899266417535
0.649499099651846
0.642462909534471
0.618193798975393
0.482140794598021
0.614346578251417
0.446025340335972
0.648972758956797
0.566683471029895
0.633627856967659
0.647332707166021
0.633905415643691
0.517003990556058
0.594160587608442
0.464372346637571
0.595129134672056
0.278388822414939
0.42511953261375
0.437994370596443
0.597899601498692
0.553711892534963
0.572505236380019
0.639238800476171
0.520005551728013
0.55068639055092
0.489203586646671
0.650181259311157
0.579342381327193
0.446935727528211
0.394168780450566
0.542489091665326
0.60798978094658
0.556395453120586
0.496725429904004
0.565689761814245
0.517374230574456
0.48341713839529
0.551854612159636
0.342072632170268
0.56621220632307
0.490914063110795
0.574632137688734
0.508734853925901
0.645715074580684
0.531424067459418
0.512210021207036
0.575394424887166
0.535601823692252
0.503710741098808
0.498171397829204
0.630294140645019
0.597732353771597
0.506127069136203
0.515361597971826
0.405886201026483
0.59732369650198
0.586226484055462
0.55346981032582
0.634417461924224
0.27773233550345
0.486814537749922
0.626532992289606
0.522000000856922
0.47003624877217
0.492869614009947
0.539414115557246
0.650854648940138
0.614866932025487
0.345018273057108
0.516518676363199
0.625496354776253
0.52257831970715
0.315021505136438
0.635383800084896
0.51680688392738
0.560691915887791
0.56099009740988
0.556603223482636
0.60281628039754
0.593662420648204
0.627395072614926
0.530555648184536
0.522088814565667
0.59207480511853
0.547990544158838
0.632652932078951
0.613243158212921
0.566622173462949
0.54854010094389
0.451789860280554
0.589917052303149
0.620804755473069
0.463588839135989
0.535400264841564
0.483858781983672
0.347735517626625
0.596528153082969
0.390467863132785
0.47247312122762
0.554156626215555
0.355505005595868
0.583267153724462
0.644927006123948
0.613901317226251
0.46412899357149
0.428645870166677
0.580262349146551
0.5729859914717
0.435216033869641
0.632394519181633
0.648795583879506
0.542415268932557
0.506294742706527
0.519482251911864
0.63884843786328
0.495079768266117
0.490336540392015
0.387397469034392
0.586494296851495
0.642406034046241
0.422968106554335
0.517660503343416
0.532081723621208
0.528129043632616
0.478553273629041
0.356838712065819
0.151172827228193
0.625101587448654
0.543336114695508
0.551438757629662
0.56793995277999
0.598638555649475
0.499897675410778
0.367002270473976
0.34030004747433
0.60521483237254
0.452430733011941
0.584433657445462
0.573018641296204
0.368511404935141
0.604490548246191
0.584627800052792
0.569315367878311
0.560618079547232
0.548687614788017
0.602005432586914
0.577352089810706
0.523533583522731
0.635921115415312
0.57869936471746
0.646234770220559
0.621112626508832
0.633972175165558
0.605647066657398
0.51642180725566
0.609207298126798
0.59930815097945
0.363442449807351
0.582060670547502
0.645484786819631
0.61208649251703
0.645694477251603
0.618709892928055
0.611715647309148
0.569494723432349
0.60579652989358
0.500072044456314
0.251528649974605
0.558936886557041
0.479780446131267
0.610187661000768
0.531878491009374
0.426054659919615
0.502349546453612
0.650708259664493
0.611607599658611
0.449382646615946
0.463144523217101
0.610349275076437
0.453322412333
0.603416319101488
0.494858027880356
0.323824689950651
0.418309582888706
0.594742082198584
0.640552449585583
0.638106106687661
0.546808633387341
0.385386820738515
0.594036146112307
0.610757072212621
0.546363911560237
0.642984335774262
0.477705432360567
0.488406674060226
0.466700539379081
0.591060326884499
0.447166575250563
0.608488373814507
0.644897543454161
0.50327992205823
0.62264241449795
0.617744938126704
0.51250224186173
0.494163689302414
0.636614649000414
0.564071788950798
0.520967059898225
0.394870132719615
0.62731256914948
0.551541007476284
0.390256029674704
0.48892163023625
0.513258103315367
0.620616379378855
0.416779258416088
0.559448892322227
0.227620773881521
0.343085570999094
0.539318240281074
0.473389502252689
0.456324581934073
0.333761237027751
0.540373552512951
0.637119206189294
0.458776593598972
0.610830733449008
0.476034264213982
0.623462362842743
0.523565568725417
0.524993449421522
0.545398170639218
0.356388918157357
0.517852836799608
0.382599434254108
0.650929547669912
0.595424672294969
0.564425194717619
0.419960206366778
0.505012330017496
0.498361084718318
0.526748305864878
0.612536794298753
0.582896642632387
0.540620192632297
0.603533761399769
0.422219875372884
0.391044709962515
0.442776433365303
0.290297387380585
0.467539979229877
0.456673821304501
0.458623388026693
0.586057799325084
0.541089500686035
0.638718152342219
0.534108233420738
0.635039340944424
0.620536957954188
0.531114344098796
0.578184462725471
0.540231799820383
0.531110108627915
0.602174454610054
0.622632835192573
0.620143786501659
0.568299895511801
0.581597548908613
0.361737882001548
0.457586684832063
0.587396920162903
0.451729990529557
0.651199868631683
0.535682289219213
0.600258404980735
0.476019051327136
0.570798652973618
0.528451818617953
0.567605127461689
0.434941920050537
0.41544525935801
0.524464612157962
0.60755673266045
0.630614004052679
0.529684020999884
0.557263112744478
0.333454262918673
0.617309570601068
0.594792118319827
0.547824313270298
0.585842298432839
0.52620649324681
0.595883151442361
0.597040255723433
0.434561545274873
0.578909733724042
0.597355181717013
0.367601237071226
0.492832664276586
0.610359747275077
0.553676325220193
0.547769829992234
0.567273001665136
0.476596238424535
0.606193311796805
0.418211450575271
0.505042195935341
0.642427106145859
0.538795007280132
0.652494264064305
0.487194580775508
0.648781603756345
0.261236948649931
0.509621210560491
0.466389628448597
0.422854907185417
0.553068516513711
0.626982699597581
0.61827210314302
0.640850256075132
0.536340676580523
0.627984115691022
0.530966649758193
0.595267843874337
0.351165557846761
0.447167436357314
0.341603884647873
0.577746303918096
0.553725796388606
0.598097045013362
0.564982262008751
0.541155345087243
0.635490909477721
0.540293801196665
0.609962612820293
0.57118746593315
0.635359845733041
0.426785337488133
0.621962320959245
0.559105247624131
0.564372039254209
0.475706699030436
0.612123017701772
0.581389213820708
0.436374633848234
0.647133605794279
0.498709269713309
0.507646041674627
0.629797381441134
0.638077013458162
0.631902646635135
0.637805486663571
0.605895895782153
0.553791611211703
0.585868924790223
0.585273189474412
0.614848079928391
0.455801163600002
0.605045323448908
0.56551489586709
0.536382887085295
0.526968877035863
0.47533502912865
0.650267739619554
0.429562544302442
0.55687964603269
0.546285400952164
0.427412658968559
0.527170900413195
0.609135380131582
0.645349604555806
0.621955886896966
0.201476775484898
0.450567611530374
0.594233388337295
0.554453900877715
0.53140003801704
0.627559640511013
0.48346237546767
0.611780231912216
0.366195695544548
0.531917240631425
0.505794543457847
0.509651030865923
0.511999255186572
0.542827545276175
0.551217668009908
0.492355993889605
0.628759051853298
0.606910487455732
0.605331387685642
0.585341337041984
0.606326516780735
0.57979725610305
0.529834794496433
0.497446406881463
0.468021216972266
0.523756843206638
0.589717522253107
0.490951040027429
0.643245474448777
0.447601774337876
0.432941810473757
0.553703572304119
0.549555664790595
0.618301545998363
0.590018859139483
0.594015072215029
0.447963294358384
0.625518798256894
0.549844951424872
0.52513370742319
0.528364474942462
0.624667891348643
0.641304698849746
0.597323764450412
0.615145873884465
0.56116202902488
0.349131792690934
0.495130242625425
0.591140124651771
0.577374960797837
0.619670969524907
0.556765507633058
0.215350938179634
0.397692664837974
0.556184073848063
0.53348779654332
0.267200160661131
0.597161795163002
0.249965515939711
0.605398024836445
0.321745327232212
0.499565052149838
0.607539630133328
0.420281941402619
0.415720105761379
0.457024441794941
0.560516589078106
0.470841342215444
0.61969737140016
0.470853652904785
0.45493808506758
0.488680809136622
0.530601286048552
0.627671345564058
0.398192509598421
0.623798815049034
0.550181742778163
0.472783641929505
0.557212801164453
0.580366904230972
0.443027810644308
0.586458011058715
0.482838485571185
0.645119706504256
0.608620769350604
0.463057426529057
0.573590955732812
0.618021087493229
0.405499591025271
0.583313085138593
0.408992365793421
0.548773797750721
0.64997782886379
0.549964304154692
0.629308512431433
0.594824695632146
0.632179981053504
0.457639195946966
0.487589191972057
0.461498615551046
0.421447256435172
0.591363656036705
0.550053074675601
0.613417764233028
0.479840504196522
0.451240146054362
0.544400670382513
0.576187214320099
0.617520441284043
0.629654961643329
0.486415686286972
0.633855159205392
0.64721647981644
0.484511141620386
0.559856691265411
0.507437911836813
0.195689198216971
0.553068147604855
0.537236622136783
0.533461183726337
0.500234672938459
0.518518627382849
0.51390593615518
0.568605747817135
0.646232437400912
0.582379827307601
0.592291702643194
0.471197338608104
0.512535891268959
0.625186102592926
0.638100734514639
0.490731400080056
0.499905879983228
0.507123399883431
0.52893040081378
0.546768034391323
0.444675758754489
0.62115208454117
0.521267795537296
0.581390992960736
0.588118409312214
0.437190784493491
0.578258304612648
0.50478961335374
0.482290379373929
0.145588825600565
0.583326371176674
0.618293935909187
0.450538691227335
0.642032136548634
0.64898911177871
0.468558790625359
0.640368241101176
0.432077633799959
0.553248130914801
0.634180849328767
0.524450472302534
0.576734316963686
0.582697959516512
0.604241385129837
0.558833220286484
0.609718848152419
0.578864882131646
0.44861905107697
0.366208741730459
0.651451528818541
0.64097234759472
0.652512220256409
0.507275569249999
0.48456999575813
0.632053762890227
0.572383840981128
0.468166634980588
0.396790357317635
0.363410583464289
0.365680150323424
0.529501118057177
0.286705638339225
0.522059009275396
0.643691596775375
0.647039528643993
0.604033078434347
0.591368268423408
0.560752099456758
0.469024103518269
0.41920756307233
0.375148414243847
0.566428278445825
0.533852243864626
0.4022254025404
0.52329317759885
0.569449121955129
0.399677481641645
0.550180651430475
0.57403807873535
0.476348749735053
0.612446705209712
0.568601125549922
0.367124332389064
0.463005106775939
0.6000115812015
0.353077600708312
0.566906664338843
0.632478335888706
0.48748425281316
0.578949463648871
0.506367081734068
0.535877292291272
0.645548939898581
0.567173431794783
0.490175555915128
0.375741996898563
0.365071782582656
0.627094982751056
0.440046529711778
0.478336861498706
0.543429995927304
0.557904709981391
0.430788290826827
0.614926282753572
0.529981211213649
0.504559656438917
0.343778988435173
0.480065131088576
0.605677723372734
0.610226400085513
0.649447974030555
0.476723940731202
0.620110494334551
0.645240667115918
0.61409876658589
0.413647048888432
0.443648888644755
0.507865412890214
0.566158355038395
0.511885103275479
0.627883356483127
0.43680634954011
0.530655618874194
0.554912727134991
0.399704382141703
0.452219456296042
0.520733738642119
0.415699699316998
0.44898377144857
0.485543458530456
0.587227665410227
0.506550642665181
0.621068114147467
0.562808871526292
0.617706628897057
0.410014979808182
0.605849024003054
0.492927542293165
0.573672026669789
0.233061689293904
0.419859015952591
0.62226321740952
0.634266041132905
0.572113947982263
0.564534844717349
0.53329470456026
0.350278761062036
0.576372818098802
0.584583431950853
0.502329346166903
0.574517310859543
0.51110129380983
0.499629831002794
0.589669737836678
0.326924088940717
0.649017119714045
0.412419122185547
0.620483660484963
0.298371856133301
0.443910667190066
0.610323436546348
0.649879009604227
0.605264701626539
0.47827530088285
0.610380763438786
0.485095092678535
0.532598456941657
0.624416969945621
0.646513551837703
0.630895025107097
0.328097587658464
0.565332260976686
0.494913836770709
0.62380466031804
0.628006197214923
0.528641975734084
0.598880465519344
0.637552521582155
0.618146533772986
0.60788430204806
0.624348581910189
0.601064165808492
0.592107147108986
0.649657860267515
0.454217557518411
0.117728936037426
0.516540265846386
0.508232620319297
0.349576136217415
0.367879201794515
0.177198654519561
0.610002505994127
0.527125519074059
0.552950162452652
0.456315045700334
0.466504973356924
0.513739971541364
0.587122218558672
0.623333990655614
0.6360464479595
0.479752873884479
0.550734443119918
0.593811237779506
0.509089142831154
0.545778459633536
0.645717076433323
0.60666198531177
0.620210024708802
0.642793087963387
0.59910234624547
0.573658410365888
0.588340472290375
0.444605564997522
0.617487765251998
0.582364675188151
0.620260831450716
0.486077227855754
0.625069313110404
0.488211319368089
0.583933048849477
0.601158265180876
0.521484252777694
0.502256541713908
0.651196134184386
0.587140915437142
0.64510343435245
0.554182460712994
0.203883242171446
0.508959020754809
0.547091484975717
0.612355271266573
0.588961812278365
0.514257289806967
0.608896998566074
0.485878536035584
0.361112610203313
0.52477968928177
0.602335681444597
0.482118124406403
0.491256155207419
0.452481683311711
0.429649292790265
0.604609978633673
0.559563192041205
0.58591106237733
0.399095934792174
0.605270693569981
0.524360751014828
0.592903521808082
0.619620148982037
0.583904286981825
0.40661994616104
0.640731775775276
0.644400834141772
0.563295392026476
0.622481879771017
0.56133654989535
0.482893285753873
0.447370887716893
0.627771429755379
0.607851411821136
0.508118662522333
0.561181783892547
0.548990304098461
0.571117353270757
0.602990933895373
0.32058609242072
0.619885229029989
0.584276418733445
0.634968204065921
0.351275425824637
0.394702336188193
0.614395861057492
0.546037920238424
0.596204119808986
0.626533579077165
0.597712430752369
0.612750870573928
0.514027783363371
0.521888453312852
0.646283814570644
0.403046332566216
0.550303537710761
0.581384585768569
0.498244985426533
0.624299189714731
0.517159891919673
0.552880843080442
0.527213927251697
0.601721058981158
0.577373028397575
0.618159966435999
0.609471031588557
0.5749537544315
0.603386126313798
0.612831448284984
0.60451292333352
0.609993244460744
0.49280399118042
0.630105203378576
0.415340391625825
0.531815770778737
0.491952034773125
0.408570852663136
0.552091523838937
0.625670820559553
0.51097176031879
0.337661644400475
0.555609258471276
0.650943511688792
0.607289783734628
0.647994503487334
0.59589969757506
0.523693334808157
0.584930415396003
0.58120042581527
0.526275304430459
0.599214054656884
0.551174566155004
0.344056625262754
0.504903430751099
0.618074654288791
0.403985348651311
0.633043290731731
0.489809149178048
0.583658254678605
0.571719460594303
0.593371399065116
0.552049917101285
0.610933259275426
0.611437153343589
0.476710128779596
0.490040730135621
0.632820127306245
0.542569235513065
0.517926542868661
0.489015759577574
0.426241258223816
0.383519954963855
0.447557465071313
0.596639376999396
0.537642824702907
0.465447472189105
0.478357503758835
0.647893479683293
0.45437402398104
0.488421643252377
0.551314009977851
0.403410650614975
0.33026904154779
0.557787636118494
0.618361448697788
0.595352376018254
0.551630279436206
0.463132668913917
0.448349871038635
0.36221267231536
0.529059827255015
0.565706228368722
0.650513238208195
0.499081658713722
0.601637970586775
0.587894561276756
0.640261562497497
0.58184292438797
0.509725284541764
0.458279423215703
0.482139148970873
0.54600039133596
0.601652105339772
0.644893726786807
0.611007840886673
0.59262773136755
0.574703832491088
0.611352009695867
0.427902516789204
0.249591408384734
0.551148672022839
0.470318423672401
0.426419358434257
0.489549650462886
0.621605203123894
0.46537335698973
0.617460944277578
0.648731941962206
0.642380019532862
0.560593822465398
0.44057854662298
0.416374602372312
0.496244620012953
0.560432409511713
0.641405851949794
0.509265756741903
0.570716160590888
0.499653849921
0.401198178039217
0.644592685675372
0.552197660215861
0.49700799205975
0.556240841934012
0.580558770557282
0.464897995228519
0.491562913086053
0.320836139949383
0.592592383244358
0.550441070287431
0.64877162486091
0.580503455156327
0.649473941907572
0.54768193947171
0.453548489276396
0.594911763832194
0.478483814020581
0.501990707438523
0.573026552736881
0.370373231591359
0.47055334562458
0.64367306483191
0.55812279158585
0.628663900070047
0.63353117573438
0.615975485781299
0.510888869560941
0.603048878275309
0.557383223007505
0.500877627057293
0.561362441068102
0.63863815948851
0.644913233545899
0.515369802868844
0.614619688476426
0.478228450713334
0.6000914360369
0.62963081200565
0.604718657915614
0.518601719367276
0.53804127809423
0.554884927090211
0.436773395724093
0.651094751443334
0.381193421590196
0.406563261981858
0.636388055247063
0.624575617846124
0.427508024483399
0.338443700829588
0.49568522080128
0.39499049363565
0.633361339940127
0.646380457417519
0.544514209839957
0.522304252985466
0.649761052475587
0.624377376767801
0.63061134161671
0.514980014611074
0.61145051416052
0.42586023932147
0.598048736008346
0.531101010040848
0.420914764247004
0.527866664638521
0.512051085506822
0.612525690927173
0.631722472896395
0.637590170442081
0.641480836577495
0.592441866123096
0.455999608427347
0.603194508783393
0.592829835628766
0.563254669811035
0.618045192031813
0.636390519243642
0.621665653806953
0.538481232880357
0.582032691373256
0.605653871308118
0.572104859543674
0.581624641526845
0.475969790601289
0.52922392377719
0.650905086638407
0.612184718193647
0.368643454396335
0.623528736556559
0.484386599933284
0.624129364547203
0.546674182267925
0.520072859404043
0.578263758612908
0.585399690853257
0.493910317644864
0.523377277468744
0.467078829133394
0.600882021423178
0.494208133886554
0.638093374182801
0.565330688023818
0.642054034928139
0.571388325559155
0.43504311540792
0.595950571780726
0.648740291834512
0.613683669169946
0.643856306419554
0.630789889900987
0.505179612933152
0.625459607257935
0.550218978780351
0.507196340294893
0.636368020455902
0.428973536874677
0.517310649628793
0.524340421668372
0.388368474647362
0.583885347619083
0.609823629973087
0.553876919661563
0.602232367366615
0.411002148360782
0.451458066394974
0.527500482777056
0.494395327427247
0.586181855318795
0.576899725706611
0.649827166912478
0.640534465615444
0.555089999050286
0.625933119329497
0.500069855371543
0.59799042261456
0.585468443953157
0.607240475262631
0.645577771745126
0.628624050365537
0.522713369389925
0.317744640421096
0.636072450981975
0.638974626020062
0.48957339545996
0.615088551117309
0.574869095521321
0.464619613831205
0.517510880908008
0.507711159458095
0.483182586832484
0.542700496585005
0.570511253378651
0.55379057892031
0.412698923441323
0.487398500093699
0.378481391135197
0.421837992162559
0.64945541333007
0.615365314090039
0.628457945236264
0.592749995366975
0.41091494430893
0.555227694810336
0.53862704705682
0.638489378806616
0.576081149480333
0.621709587992749
0.626635457200997
0.645841959686048
0.584635136398915
0.452089776217629
0.592292286166326
0.551751713798042
0.541700825044576
0.419747930501126
0.330299958698407
0.453464117876435
0.530734178174263
0.64324616320369
0.609055125479535
0.386242305299006
0.474293387369957
0.550116580831535
0.586829609777495
0.63679312933496
0.556015224079906
0.574709532761765
0.506952324127332
0.436507785408186
0.557332942621376
0.288448966636337
0.572366317241964
0.617791846050615
0.647419460873643
0.492193023086343
0.51349969185712
0.618448438694765
0.57557064304982
0.551213060939461
0.567400304729772
0.570351930155289
0.591435865363746
0.556600971895728
0.468851966475976
0.465367452031128
0.629871927534687
0.543379390899421
0.485999780746575
0.557825931263502
0.573487987702376
0.360188341016467
0.650096434763646
0.587919723914308
0.483073462340912
0.545611310334469
0.426025157810709
0.626313717143224
0.613904738442485
0.648088783780893
0.507456862503606
0.565755817138639
0.371871925253073
0.506126511109458
0.481781784511779
0.456175834964549
0.590462879289194
0.545111349431636
0.642663028347131
0.438016631879369
0.560197407124268
0.576112308233823
0.583234920889952
0.375672428739791
0.465464071390078
0.490116266933778
0.595969004201727
0.496674758647417
0.4570918930908
0.646700395188066
0.6362912387183
0.62986145075303
0.594316176080256
0.580495230441576
0.615568356731272
0.496866412461795
0.63418421798294
0.471141770103396
0.459729216020933
0.532972019838534
0.510895971103656
0.648664993213331
0.192472880066755
0.525187110264629
0.436056788986971
0.633777948728021
0.613096726834836
0.354021290732647
0.504382644178726
0.460230020834403
0.473810856658187
0.46117819966843
0.552347110944949
0.550074160022373
0.535950032311025
0.21064919255954
0.55704709175099
0.626892295254646
0.565793412742445
0.643418996936548
0.559019992895008
0.593345209765405
0.463228249963251
0.638263865981944
0.650411326536681
0.444231851526123
0.599106844907268
0.64501917023561
0.547082172185533
0.54901214808317
0.591872654868984
0.497654308758025
0.643547857595885
0.626664528547834
0.46425524301992
0.140626558475272
0.588499953840834
0.517283846800126
0.35072006141296
0.619410671772045
0.613066108246654
0.313340258001402
0.622794482419354
0.635330119538467
0.605730309356494
0.267936092704686
0.412056224069254
0.600432690474041
0.480720230784455
0.651112830664481
0.504978943682535
0.385783219776802
0.374680541401858
0.518859995804932
0.483556290658911
0.632306462439884
0.561493968928405
0.591457784154077
0.38867935494946
0.575544553867371
0.563877740784878
0.590574338556376
0.569861449636545
0.566884393675771
0.59650847523447
0.48348159155971
0.583475652499722
0.347378099936909
0.561466621959828
0.536972587669753
0.541130959447937
0.591343159354814
0.577748124765111
0.388006984126523
0.509680193768228
0.591394419577963
0.613916452627686
0.473959771564182
0.430659145694609
0.587530184707621
0.458057146212293
0.630314570902008
0.370065364604722
0.646238602652569
0.553343292357252
0.565296118950007
0.638628977376684
0.556797569893276
0.490998666966593
0.611952182443119
0.533537642998565
0.61292959696026
0.487597342473978
0.486032751759005
0.485148274804566
0.500774911172094
0.53046352663902
0.490217280352336
0.562800318011424
0.437732472602079
0.565925129081201
0.440262760387755
0.426160221747199
0.503690930605441
0.283733284233027
0.592923264897018
0.615137230181495
0.574931190530605
0.538499449520635
0.650003182395561
0.603170987561644
0.590649235081219
0.498157158762144
0.631365530617669
0.433910534102794
0.448049739888056
0.606380757809976
0.575167125581671
0.475716712659683
0.568072466190689
0.551349672002049
0.584770393738952
0.389476102996444
0.611476879839996
0.546812670953155
0.402266864287087
0.556691807644569
0.550553097567299
0.55354970367657
0.587449298840502
0.467111527435429
0.570521982001237
0.58268528184415
0.355730364316124
0.649744928463484
0.342511746997564
0.494931421534097
0.648145717346147
0.462303239637107
0.538616812351561
0.644910041877369
0.548918717762937
0.31523604180247
0.641380349017197
0.369706512248321
0.54671221910799
0.636851297441842
0.521509848295527
0.637327464630543
0.586997762754512
0.560068706303421
0.565480109643642
0.297496448640543
0.573150080722692
0.510041835237225
0.541805659937192
0.541357325836906
0.533020790905873
0.635861593996189
0.476593352915369
0.484236926118676
0.576108057228355
0.63605856685178
0.584446890452197
0.471009567850735
0.612372633242818
0.616384904932511
0.59887753484161
0.611906476213514
0.460258209645234
0.563020089352639
0.458934737454364
0.345032936991856
0.538490177083421
0.608788468924417
0.545938499043639
0.414044918964383
0.63759994745272
0.627947972354521
0.449334857711936
0.498976183260638
0.60158155156042
0.519520926225014
0.553858471233042
0.346418234426294
0.596802544441736
0.425070847185431
0.493634352944998
0.487714199964832
0.544200158537741
0.536852771618724
0.642914260509662
0.495866678403449
0.595167999472328
0.324769061315564
0.621979541855118
0.61575127478775
0.534623007937801
0.435362956731055
0.578928453630661
0.514852917619101
0.618331492469936
0.60313725262146
0.607472892534486
0.512101201963591
0.534623451609322
0.486702821277001
0.507671807105619
0.36227896334604
0.560359372088867
0.417515561745832
0.586328477258874
0.354028141431709
0.458255845612054
0.531659575150503
0.515697408341817
0.634298861582057
0.562674288349751
0.533898089520333
0.618201944027935
0.632180528509559
0.645180880740718
0.597900056416218
0.47060998320065
0.626385281454456
0.611855750253881
0.440872884316557
0.62858577407171
0.5215509310571
0.242426638394301
0.603791542795082
0.648424217020088
0.589529965952323
0.622285059846318
0.625048199328454
0.647715592900216
0.645563761128364
0.561213078269415
0.563060113882444
0.492232765742652
0.507949205602533
0.448805991633946
0.442630465869301
0.64336588804139
0.294288977828093
0.474735719041077
0.257223686474964
0.632517018049884
0.389418837310028
0.555562774832374
0.637072354411485
0.471830736876083
0.573195174643246
0.591325209625914
0.566037786123475
0.478011778869031
0.609577837117296
0.458440546659435
0.527776296359455
0.504740287565598
0.646022944133718
0.404549511011294
0.607746503159283
0.392686922959379
0.367813753615156
0.561557080257189
0.392997346474782
0.549872204499224
0.602669800276428
0.539210903570579
0.461765337791451
0.441991509795106
0.448063150208028
0.588307531080491
0.3706835877798
0.582305034673413
0.628489336953037
0.546157314887405
0.62103564527662
0.540965979069717
0.432411858113136
0.332643097059787
0.577020099317669
0.558107582041719
0.629888539034262
0.551938143455752
0.619511572714174
0.570901112103615
0.17878403348105
0.536901582673232
0.64283278326648
0.384502180916596
0.588166332124836
0.562581739630856
0.515925626382806
0.497529222461116
0.549592307117425
0.581748009877183
0.589788365297243
0.634689984774967
0.536158124639567
0.579074677247916
0.588285103496613
0.574959442016865
0.549511285934213
0.44245539603632
0.588170541435857
0.538979607077066
0.588025069374489
0.365954673503839
0.229239104732111
0.523772350542166
0.26992993416391
0.272906108083313
0.572476782389404
0.597681915965838
0.632449902407454
0.606921305949248
0.606594658098577
0.584817895837978
0.534997169793912
0.469783590661882
0.613787155217311
0.611083865559972
0.60313097664184
0.559481114862038
0.498184024831479
0.642615129332857
0.500371695476768
0.619334571806386
0.570135944019485
0.540453982534757
0.495817132125068
0.565122756886365
0.642131883388517
0.460387866665205
0.349427203249533
0.462918460740484
0.487786600090866
0.593015261736785
0.531349484580498
0.605640561989797
0.592898013584344
0.429252841390758
0.519192810878211
0.384185081587181
0.441029950388983
0.533194447099155
0.5146669314267
0.370936231466307
0.56815561508921
0.491495280164298
0.297974992380198
0.55320439409246
0.573606999337206
0.610563453901605
0.628681533138777
0.311249966985312
0.551405435059025
0.652694779231011
0.483966914555086
0.551853376004771
0.52578303143222
0.647552860996424
0.56444609377507
0.652111012878247
0.53085524719174
0.409393135248548
0.62251769346562
0.505389588129016
0.618580872376582
0.580722559964545
0.113347665328606
0.495883553960321
0.647270103938788
0.483615013921039
0.520366451482422
0.501914111308314
0.514781940698534
0.474605058472036
0.591287032445928
0.579061050568532
0.598504189430939
0.463558522415629
0.538980960988094
0.61906845987655
0.610629412424266
0.561197273448446
0.594048280536559
0.539101915034772
0.564811019346899
0.586484908273033
0.511326635733699
0.563137765155036
0.483389900765264
0.422898658642527
0.510771003403369
0.422464464545127
0.596086160053959
0.623964587708624
0.487618604073171
0.58073707335764
0.609463811290828
0.580881226472233
0.584024055550926
0.463767577970786
0.578161106055511
0.482648169177321
0.59819181399739
0.58007072108377
0.519706855720847
0.362109694718573
0.579055599769834
0.327123149675926
0.612765625653488
0.601569314425204
0.516074306409912
0.403874665230744
0.409849346754762
0.64850133561264
0.579596322978044
0.539612188138237
0.62840043384552
0.475945820105199
0.616097371549725
0.512708930937194
0.534994335631208
0.436810111979606
0.581939237152322
0.436319692416294
0.554887202673204
0.591739443656812
0.350615826554497
0.353684832755114
0.645956296490217
0.429022269347211
0.33351041186388
0.611313602101645
0.627842414269727
0.269488359948878
0.546954553414623
0.592406174344356
0.538252896852262
0.598353333436947
0.545147256916236
0.575068669352015
0.489726111949275
0.519208187803464
0.467412656079094
0.584023723680199
0.455329374845182
0.459808944182905
0.282330734391183
0.615805045551725
0.543685934907218
0.642445217373836
0.475147349435828
0.620210124260445
0.556508336843709
0.575583837790796
0.590615623339747
0.459137914804319
0.649899348275053
0.578028800207701
0.470816877823768
0.471768118445121
0.529474859103565
0.35415708947081
0.625328581060363
0.409657653573893
0.533964363569458
0.569503590535361
0.435246941858962
0.480126403081457
0.591804890677702
0.626450506793468
0.532595724629091
0.572331160790492
0.586923287291807
0.586449294789517
0.651906941964418
0.620805219776833
0.567163501670495
0.637916614470458
0.577314126228363
0.597938965623974
0.501822004201762
0.603367730144295
0.612051437561213
0.500941670167468
0.650894914078559
0.627976411601779
0.631196449989415
0.516611521013746
0.429745971656675
0.566008638800169
0.556291437718771
0.568713199706289
0.599350049494612
0.410538067506251
0.648636897721135
0.460284745403901
0.610375669081799
0.576617585693445
0.577925349100993
0.57899299647517
0.57246878677818
0.378906560207517
0.609548363371723
0.424610756536667
0.558030943112655
0.646468889830337
0.56681945692735
0.585489877727175
0.493466647689245
0.640943355607385
0.255061475006814
0.594132748220751
0.459690592846052
0.638491315298587
0.610424028921694
0.52343591412457
0.512330655875532
0.468846451330801
0.506729793097311
0.618134058261449
0.618789656929208
0.330961759811301
0.536772775260719
0.503479210532958
0.537909972699889
0.3641769455757
0.618199002034122
0.515139860701498
0.347332468224716
0.563951183925458
0.525786390226432
0.617004859668516
0.585999173637522
0.613554099207775
0.578156481006762
0.522655642017687
0.496107250785063
0.470288042291513
0.631434018906657
0.532085425461623
0.578403905159715
0.643495329002775
0.562371456391322
0.525931557123029
0.651844087183375
0.558154097512709
0.473600849792822
0.506278311547789
0.50421994080493
0.516023972571359
0.576959125222528
0.641140642222473
0.640839674085181
0.615780086839348
0.461597739897983
0.597668753524927
0.487684524112073
0.540589054748983
0.640606615882571
0.458879312196037
0.535002882333379
0.484066581778361
0.589562003584972
0.632576973042901
0.647776845603933
0.640886572229001
0.462236268921556
0.564473903629185
0.463754657746053
0.450344409938266
0.504018614081869
0.552176920161894
0.652468840961375
0.270894230387078
0.56536335735372
0.546414421790326
0.45353920004724
0.416209128629984
0.618254101824186
0.616164285421877
0.582366530576288
0.381906530573396
0.3884661805157
0.54986603808639
0.541506541695763
0.563472803832628
0.618343088118405
0.467314139422493
0.64525334301216
0.510120905400987
0.336479930816411
0.624410888234359
0.569829913444159
0.648498889687963
0.465441430622202
0.321660425693299
0.57799756115896
0.63181070234119
0.566030958684685
0.482951838792434
0.537520654346336
0.579119370327993
0.301659407316744
0.534193729545718
0.636804094026389
0.587245407259262
0.565887971821518
0.596065031034621
0.29691384571746
0.399461080784896
0.583314429402606
0.615691640843356
0.588888794590922
0.538019171589284
0.491746045164338
0.606479345929042
0.577736160512119
0.603599942727269
0.636773082007786
0.554535786212916
0.569879750259925
0.576787549440642
0.595443999538047
0.59345417207871
0.535856928361966
0.481002134413724
0.39635675976422
0.51366510457926
0.497593380088318
0.540932938603463
0.312032402346834
0.535963572053185
0.366754687846091
0.281804739696762
0.428870688357466
0.520018468232166
0.527035616881233
0.650717679094122
0.61715299051921
0.500980135952362
0.641802469325682
0.528831606470974
0.505540872835513
0.628105576443087
0.64253793420728
0.491977317979939
0.578803563742623
0.539603387108553
0.618401910985959
0.369179103476753
0.645918526357029
0.65222297471524
0.622111047914261
0.602329787372048
0.517779841532593
0.605600767454356
0.475117860948088
0.519306908537401
0.548147860161571
0.606183085084679
0.625330603908208
0.628904217070219
0.276699285678438
0.409337838540046
0.332773120012788
0.485070043961977
0.609833157309696
0.54537628454721
0.520977457629943
0.521684067820965
0.548537943167496
0.631027371362265
0.513688038625578
0.284186257832882
0.648035922305234
0.540137135772855
0.468807767982747
0.505307713230646
0.378703443268621
0.573620665932263
0.574518687925069
0.580934833714456
0.641206844691547
0.418319220407243
0.559247693725123
0.465423456352688
0.58138569880463
0.454696732569685
0.424246985777017
0.56028540356489
0.581744697700068
0.560126341594399
0.387843168685376
0.629376182074452
0.616350441108433
0.591531291619527
0.472276120793172
0.62482652729733
0.538482651735282
0.548767419742307
0.537810489175144
0.52812653553889
0.424892763056721
0.469682285750367
0.60700079026566
0.623765131236143
0.648131134664137
0.576213856096296
0.48174250280142
0.614848132328776
0.563492585416291
0.536181704338136
0.523437092519732
0.0499822300996873
0.36076778468049
0.561856612693855
0.549689048690749
0.583583203572509
0.529021246539471
0.633368877279868
0.571343296323255
0.497758094404983
0.571891197206767
0.4363449286105
0.463926213487436
0.54822906030813
0.500542237548234
0.637569387328856
0.487362653478769
0.454406492318621
0.626648756636904
0.508494876418098
0.305788097223385
0.599274901482642
0.606755368635551
0.649914913445494
0.584624406109169
0.576282462230664
0.594447132084994
0.54617249263471
0.628107073716883
0.547063131795358
0.587106085237674
0.549425167850963
0.642411763974031
0.519435249580055
0.618847262266538
0.634498627318708
0.391382475090119
0.602439526178031
0.600168055486906
0.580926327728191
0.58892776799087
0.567973320857199
0.577917523720708
0.491164671132198
0.563209125294466
0.622319817425535
0.591871413798294
0.570301321696292
0.52659073634759
0.53604921865476
0.523703490062678
0.634985305551921
0.54783844376644
0.544474029283287
0.594327806909933
0.404478316437567
0.508052917157534
0.247202796052718
0.604820646522613
0.471328505662274
0.505684558167213
0.580706146198184
0.611861466826382
0.352917233997457
0.590349305517553
0.541920924240901
0.423848219694683
0.494453863519484
0.604249459713398
0.632322760360518
0.650252835574535
0.648442259621639
0.386460545004519
0.611438435509315
0.467840650167481
0.470896387312267
0.619097314393963
0.567359704489513
0.607245346812272
0.624688274373111
0.558179007122569
0.587925050405145
0.631643467405398
0.564411203735619
0.614546254967093
0.590290377295305
0.507731318541758
0.531585787323933
0.465365845844448
0.61597114504348
0.513325205668481
0.5062901265334
0.466918703716783
0.544084222334653
0.450351440187354
0.63999281681262
0.464168917886944
0.624977573351413
0.580875988568677
0.581484733863605
0.645938843712187
0.605975277395236
0.593850850138193
0.471885641003077
0.422164698255028
0.509425626115066
0.637623817493655
0.489825223270085
0.469933401887572
0.548620516733228
0.651341695232736
0.648142530144164
0.454102246111293
0.57766808703613
0.581017300272619
0.577552577605548
0.6275304628856
0.509132018942164
0.641839744528959
0.580547193578169
0.631764294563183
0.574112166458453
0.604379408029109
0.578680881452403
0.564258899367469
0.588379100174547
0.622408368172575
0.62697456112332
0.490561260417271
0.509217177795519
0.569535788997871
0.513909670275613
0.474940266683383
0.602309795260608
0.309589679641336
0.370926148959119
0.565204967961033
0.529651615736386
0.296923391288411
0.640846194179293
0.526700661778334
0.64025786485887
0.557417508306014
0.549784366103098
0.454305008484347
0.578190433636362
0.565266199096025
0.63584018059734
0.622179501118042
0.445474774543963
0.44898285808196
0.374915841834502
0.646468132341833
0.636741171875557
0.447618568855259
0.591771210827262
0.609436183429614
0.538566882082939
0.301788469536696
0.544260638957808
0.450356580062853
0.468252103041393
0.404814646702829
0.591503137951046
0.604528190042401
0.303396996313607
0.575688260579752
0.616840879101021
0.480807002984405
0.612161547543076
0.512316564049368
0.578667196885242
0.544566056994195
0.394712896778306
0.637588546646144
0.569520116215473
0.649251804156456
0.532853666699511
0.579306063007053
0.439759336869287
0.574480772167991
0.539126716942594
0.516401563726176
0.533056098619166
0.643383066601084
0.650257037371921
0.640654153605747
0.644219916837238
0.571324182918092
0.367042633937175
0.538804444615945
0.367620823116305
0.485883423938181
0.503024099579501
0.470743423043811
0.59709024386557
0.524273083057439
0.647684906635041
0.487193835725085
0.609637693369466
0.32554750058099
0.638944477786085
0.544622243002585
0.527445151914932
0.582692462529664
0.530565968285203
0.527655827953186
0.477521651128571
0.424094758174215
0.365162146523781
0.496335926757693
0.607766419399859
0.603594858651018
0.452515684933928
0.455610403496627
0.598915538289077
0.499270057948676
0.421263642259189
0.555288484892387
0.345252206382576
0.34664002955647
0.421582191253275
0.566497782165304
0.582926092482119
0.645091387027395
0.480147825714471
0.525328207872509
0.616067878487327
0.516208705178325
0.618431889195694
0.533549566922918
0.597568075184283
0.548583644475316
0.383177552765764
0.420333413896474
0.567575519113833
0.505011106533917
0.543175997412439
0.511663108915074
0.451228474399307
0.596519265055801
0.398897995224661
0.552533142532896
0.537781808299389
0.532433182277791
0.526485658033044
0.339291331732319
0.516907042346205
0.478620313879981
0.649290956056099
0.401986179018422
0.4047832925386
0.630724503624517
0.525870457224068
0.62414051912551
0.456775999733653
0.64890423543149
0.646560854267856
0.598440507303212
0.483675104787439
0.63565867130322
0.493402705966308
0.550533208499775
0.56847721678467
0.464822025694642
0.522924906238313
0.540508678545785
0.503226745386481
0.650586048764324
0.320845720438266
0.484717161666269
0.551365826201524
0.54996833409495
0.593080215502367
0.534960516320528
0.502160966859842
0.524551961757795
0.61233935526491
0.583573752268995
0.630388693242863
0.618289474157578
0.442398931251632
0.631061030757222
0.562691211930037
0.544232067872746
0.402400827617471
0.580255133376058
0.547510737675762
0.597991981956792
0.639124605002079
0.557771223421884
0.507448441812127
0.635754062932244
0.398377946485644
0.573187026156335
0.520517616858432
0.476534373591223
0.629473675234401
0.651392228051134
0.540467663205818
0.610081809008907
0.566569919209096
0.61995034087504
0.636395744081767
0.639866945104016
0.642543088786295
0.446019540227213
0.643467953090532
0.649958067488456
0.645928057673628
0.609210167395816
0.596703631500046
0.647388272169148
0.558002479663063
0.478797809348139
0.59394673613342
0.458744829701617
0.300511953309524
0.40738794461761
0.616991513864135
0.549042262011392
0.600462478036398
0.344598640194685
0.44375648334421
0.616367418506717
0.590655719096397
0.609305290617671
0.527056389182044
0.600306834841672
0.579819863221083
0.647095082668715
0.392577789805406
0.646386752529622
0.610015684822736
0.525871218631798
0.613957269448277
0.549466810015398
0.622574023533763
0.501512554200741
0.512714330868504
0.425196418608597
0.492727672258009
0.395393420430094
0.622476413121097
0.643023715746707
0.555124732473176
0.442616722858773
0.481799948134534
0.446615131474024
0.410336794795678
0.525029148778336
0.545980862448087
0.603186780202524
0.604041995827673
0.464881496580652
0.534278896925047
0.628062158527826
0.354986908490424
0.409253936032024
0.620752313317694
0.597830567875788
0.382787669913935
0.629974449178663
0.607814522570592
0.443592557819593
0.521590941422538
0.525860988340374
0.338377169578209
0.576118660068778
0.548285389888955
0.523229849256927
0.516164001594486
0.636785656327479
0.645027597052041
0.485923944705208
0.603536818745304
0.646625847212072
0.404059319245355
0.530988267802467
0.60038734422637
0.421745189235313
0.618407732576582
0.396312689739255
0.261861637817963
0.362272748420678
0.615523452662627
0.463311645772034
0.521476408163618
0.605051983668737
0.539218616344636
0.639741324019776
0.403613321269132
0.470454314709137
0.466915201451644
0.610938655475251
0.61532314792453
0.56024747107858
0.429472579789025
0.571911159173107
0.386237448742937
0.615327200797456
0.580320019594838
0.611875884892428
0.57179288652737
0.573092504768613
0.472607521283832
0.557105876801701
0.631173635539859
0.548411367802547
0.578007639176113
0.636713712028509
0.465345231503958
0.599670591799732
0.626627650849341
0.604359018392502
0.616113954015938
0.549709278875853
0.628036862846489
0.545777398692089
0.420524594134664
0.541495247347885
0.600188598358619
0.626533673725628
0.570960716818131
0.393162594531873
0.555669304936064
0.574969427241913
0.594485606498771
0.555530275860403
0.465956531331909
0.619630013465856
0.487842674864663
0.610518627669452
0.544538298357093
0.556859892840868
0.504621119186081
0.538439968736829
0.416998802979652
0.608984877340649
0.36271759830919
0.628428386585324
0.461125595755996
0.427107588398123
0.608683604524039
0.543559294556265
0.469688868896362
0.307752534824313
0.439772131350619
0.619486629150875
0.601206320876726
0.638454376998246
0.370656572985595
0.502780005046409
0.559566508041266
0.252335306332951
0.646744834027047
0.555149432699448
0.530749093801535
0.370651975647922
0.345964640094343
0.359271278552345
0.495701043805298
0.581822709773136
0.575020461302842
0.576538871563781
0.60268660422896
0.564942596467313
0.540533273202846
0.531401415436788
0.59452235329886
0.378633887578846
0.595208839548101
0.518913897134598
0.581910094385338
0.641247280044565
0.478417116858242
0.409083372189277
0.616980678648703
0.499812500341039
0.286750274479037
0.556272411638312
0.628757584580603
0.418348550943308
0.544633612099711
0.518055114094224
0.431721142233619
0.629902595739146
0.358299980184614
0.604343608276914
0.612026515793874
0.435985748104242
0.627668401533337
0.549286073402619
0.549592326045305
0.547559022153893
0.596698611246974
0.606445091427192
0.520245902405132
0.64482817505558
0.643327518991224
0.443890588222361
0.4970903013844
0.638450636304097
0.637322256270076
0.483833262981536
0.499427855296994
0.538304416580644
0.406320911831863
0.651777905373167
0.616509134487375
0.60504526908833
0.538809435368753
0.552174426609813
0.60807010362778
0.449443239376227
0.450589693187427
0.594474315337811
0.62627880971793
0.62339873881433
0.573021407908865
0.341331410891594
0.54261059420812
0.609347884051649
0.645621417354448
0.547350709801427
0.401117257228106
0.623437510346662
0.534600711759106
0.552813664651037
0.552762371615407
0.454383628940019
0.490814157275683
0.56275409704192
0.54568812841362
0.35524854788084
0.652045097635888
0.420166685924071
0.632551016489501
0.593113897868326
0.621896207750475
0.640750429193976
0.51525901362553
0.64931772305478
0.507892149758192
0.647760801261337
0.60777459961015
0.501253470779857
0.539697293348773
0.524835373452626
0.48432358175024
0.330645019913495
0.508762597623387
0.637274652168883
0.628123942288118
0.492745277479554
0.25331671449508
0.518975440311872
0.535686001894124
0.637681777442817
0.267290285548602
0.418806893480625
0.637786282940201
0.521283109924032
0.564963655719538
0.445160384674981
0.483895648675341
0.443525002268655
0.61060944782161
0.281331655485149
0.552077776586318
0.602129445055777
0.412445423510883
0.449696058891663
0.591782541479112
0.498677676438996
0.419282362700299
0.635258907243777
0.483499929315407
0.489750398340654
0.636171207703456
0.384428020833532
0.609111459075888
0.524499168069294
0.411141292752789
0.60200110435724
0.54466131025033
0.637385790958624
0.605544513409777
0.523604206390836
0.575600971523207
0.58483779921738
0.545916558538636
0.408703425985563
0.524142959694665
0.55719530288866
0.420294749420441
0.573087656094508
0.641334365410654
0.524312693862254
0.568823856014843
0.51414697817398
0.646901548715197
0.417813567094496
0.159233540913224
0.624137369762635
0.452622333954425
0.597714840327084
0.586665188584453
0.362759530530618
0.601819538917469
0.607826580347419
0.623810007004638
0.547430543619357
0.359781022373671
0.624275146986077
0.561495065915159
0.531013198194995
0.626850643904888
0.451153490128991
0.596491010870593
0.504945569387144
0.604955426651632
0.415214725290157
0.543639664703583
0.640160911632346
0.447606622740668
0.612960073709388
0.518025765098477
0.594260441966743
0.6333999488855
0.652655343684537
0.651290575815933
0.46052014165884
0.630796818755639
0.603272214545812
0.369608426459724
0.597844544340566
0.570128195576525
0.563591725588793
0.593651703501805
0.55862002927776
0.60892785015617
0.618567331117397
0.559203214933832
0.597989474618243
0.639859314150165
0.436073304594886
0.523096742006202
0.404152789082939
0.621712815225383
0.494733414329112
0.300396600489854
0.513681616220694
0.6435559543105
0.580334873751555
0.36386997484112
0.592958590579077
0.621799999045779
0.614228875977058
0.581533273856836
0.597501469915804
0.517580841858526
0.341964245404947
0.539378776507635
0.524886132144908
0.60419867339783
0.605219462893177
0.259867599637133
0.595083441298265
0.64203287496146
0.583774323174045
0.59809724594786
0.436334276063868
0.55903353489376
0.509288621883644
0.470026437455441
0.492809341096451
0.458442190557605
0.580200421896142
0.59610311520416
0.564245735919162
0.265780708137059
0.612306872177732
0.393193999914875
0.630806264175151
0.473933218510367
0.55923544136817
0.594778847415815
0.422928919446941
0.589835883476863
0.624476375394157
0.557665446491467
0.46565468411714
0.246050848245988
0.628276511138911
0.555765521779567
0.394126173529132
0.614861577034422
0.510054033904215
0.554767568092346
0.543731901960873
0.600142250467139
0.601395269968549
0.622666204127746
0.48440709450219
0.607804107398854
0.479464687485037
0.451180145905168
0.47246882258611
0.408172230886487
0.432089307709978
0.51575571340257
0.620386482687239
0.505572058524711
0.571600918293929
0.617163366897623
0.52691095333674
0.645590613902473
0.493342560970664
0.613137085518429
0.62790439300062
0.586064927102129
0.437841896852248
0.630777862912065
0.509029200135651
0.608384918023286
0.611788638161064
0.602994138375008
0.468072647380424
0.444291125223635
0.447899555590091
0.439076753161341
0.579600115821884
0.570876724153115
0.613556306640579
0.536020667183283
0.495513576109211
0.586660650765717
0.580136634526454
0.539290627666677
0.591488635609914
0.633982751583091
0.614686941691678
0.53019949134159
0.520165856157513
0.619832154399584
0.506372753819348
0.629736764754288
0.42931991677707
0.618357737329382
0.489673398866828
0.285008885036886
0.598746779107994
0.439381441191464
0.458913131899181
0.622457788351166
0.601027925906658
0.624363877291412
0.566767938991628
0.55706580398756
0.630709473805635
0.613260043756484
0.518671380974254
0.340656479068814
0.600822713463107
0.277092244724946
0.588123701508071
0.615222338736216
0.640296237449946
0.637221935606678
0.56738227120937
0.469059637253267
0.636334149554799
0.626352282271047
0.601941398987763
0.50073203494998
0.475883995345272
0.592913405521537
0.578860070313269
0.567549009233633
0.639039297808258
0.496313740410916
0.651221824379173
0.553313977083299
0.506252900574657
0.342338838968525
0.588947628222451
0.549926281287275
0.453980089689585
0.621164379555055
0.598548979583611
0.534606700662683
0.611233398873952
0.342848777561808
0.387359372915176
0.635043690242093
0.417682602764699
0.647424779449041
0.5588466428809
0.613737750558087
0.554898849210424
0.612966657452654
0.258944153648217
0.53717734308756
0.490096159853042
0.616830417562492
0.575849917858327
0.618230764135704
0.588577037174827
0.444393883216841
0.571892905642447
0.63560733593682
0.585577084998107
0.596624402398913
0.595080833542628
0.584274188063853
0.565854659974467
0.594129803272343
0.59628183050049
0.578655056399872
0.473807085345237
0.642020641602172
0.511540881053845
0.630959707725361
0.528408615702142
0.619225454352096
0.605816253897195
0.397814740947077
0.469323954369962
0.526182847858848
0.335318639504999
0.622751959682054
0.59710125364973
0.566110852683738
0.522911366516615
0.534613831747692
0.545030591392199
0.532027356691179
0.613704326097777
0.648413104987766
0.624919163901401
0.532166062472186
0.210531001432511
0.423350751643721
0.570181604633774
0.616877082829295
0.646980354028035
0.495117478899447
0.38724561624812
0.478967212682632
0.602831014729775
0.625597830985672
0.540937485616421
0.578067315901576
0.635548697614384
0.505529666291614
0.620935649184002
0.503240766365104
0.62067148533888
0.541898298311002
0.509780995467016
0.456424268534143
0.622051424434555
0.596233267019383
0.611415208542339
0.621377185085648
0.385121768217678
0.606853307621889
0.649972232016217
0.479244822518184
0.285393244709001
0.542721710777773
0.526051219041143
0.531312169230701
0.474616797258447
0.449167140325679
0.409414349874694
0.519965559074291
0.610921755462667
0.51910815889309
0.576161638012876
0.540693401011895
0.527851172845738
0.616727390780593
0.578868683990818
0.591617478093467
0.647724050417038
0.408655014721042
0.549049724969161
0.519210340869747
0.638679899315862
0.22536499237407
0.642772110269624
0.583215249777255
0.434669836106807
0.41791933737189
0.616509009796795
0.455606898983484
0.545141406015347
0.630682857680334
0.551779563507566
0.641515199358947
0.603915182840179
0.637011148857969
0.621722648040152
0.488937917752011
0.452787029722403
0.596319641779132
0.503741505407266
0.422691620007777
0.318848114725096
0.572836278187072
0.384350070584755
0.551800216532007
0.584590065551675
0.568908221095815
0.397835966485515
0.476773770242917
0.577672104014531
0.556854302933529
0.633329997028214
0.420853450619271
0.246512746280211
0.38195508215209
0.438562275842064
0.631492953137384
0.488822112406387
0.477066857363908
0.401235078809048
0.629843524742976
0.568772767706233
0.5611936396143
0.599324643793308
0.455696605596673
0.553333730012508
0.504556582127804
0.563666904151839
0.325230762307997
0.539401674071638
0.459661161401198
0.485360317461646
0.551626927267386
0.535548333536148
0.503803321296836
0.389468233367167
0.524795328150426
0.520151705079143
0.462228058238848
0.612193130377191
0.483703656538008
0.550578323878746
0.531146572580998
0.504973721343337
0.300045638674901
0.404687571929073
0.626475494072706
0.585716045820959
0.44788862359776
0.467759355685708
0.612476140018883
0.64277552390292
0.418266346203489
0.641342257842876
0.532586979713545
0.332046574272229
0.613964900140596
0.612696832736814
0.577408759761985
0.545482573757003
0.444346625783736
0.285318772628509
0.631485865355593
0.542021713554213
0.638658684282021
0.652478871143098
0.513208501532687
0.539042103176051
0.622841046080348
0.54180710800765
0.486676948311564
0.5210216360019
0.523814253931756
0.542883214142804
0.570782415962394
0.321729046966507
0.383674445347666
0.17727676893163
0.387053678023929
0.554689599142091
0.548599413058846
0.553775155407294
0.631133141059146
0.649002050070191
0.497756931897026
0.568017586032621
0.614100514724131
0.511160817176908
0.641683475735868
0.467363189751415
0.522144182696392
0.651353464588765
0.572501483804385
0.396150966137741
0.559920381231183
0.630797064437731
0.647788449715328
0.555984719483345
0.541546303715052
0.513920814221216
0.509179649530981
0.523978625056641
0.541089790589231
0.64843440813093
0.363487044170496
0.503007332337517
0.478879936942723
0.550160579945642
0.643130990247931
0.601997031470157
0.618278708603256
0.574703399513949
0.645970030970209
0.548241458183168
0.567286967265189
0.646358868451135
0.645923864042871
0.589470032298579
0.63376877193773
0.556355675872996
0.578887631541462
0.624315034212984
0.526944370445047
0.642379915756866
0.523757834922253
0.626670824124115
0.472824016140645
0.616477026270291
0.403453667053106
0.423265916410673
0.48094942525995
0.608480921253584
0.450560392109214
0.573537224087339
0.594159165897199
0.614599752864175
0.56020385228619
0.595995799409022
0.465069757992173
0.587606896472416
0.50376094294698
0.629520320405804
0.608081676048857
0.562284390084714
0.367076328487843
0.347673777561902
0.47986944840347
0.595671785496128
0.490569481109441
0.510369928264846
0.618804412863366
0.568493304203472
0.599894131628133
0.435883747830247
0.610681096384411
0.598254857676805
0.491577301358508
0.59665887998012
0.549207403399695
0.416328471485336
0.602222157748274
0.634803429517165
0.363635920395105
0.461798558159515
0.473948225589063
0.483805307842806
0.537487099100117
0.543079026853535
0.617548241668147
0.582052740296619
0.416046887635994
0.534508335390522
0.629391195765461
0.652114930537373
0.546671048967123
0.578154184994749
0.643084572161754
0.578307487824456
0.589983131392275
0.578069994441109
0.576202670792607
0.500571750543541
0.362509560413434
0.631964244154182
0.616559380664106
0.526940403258735
0.448533881129645
0.49081778939145
0.631084652585244
0.543286460196611
0.399687314936313
0.520833258609281
0.652996486963147
0.627979019812905
0.594709036166391
0.573772766604781
0.34413468573755
0.531009344798723
0.592741535947802
0.461441926501984
0.590326422197776
0.525863584395411
0.609628141634237
0.509709231737657
0.608719921355606
0.306630867662823
0.581770124437409
0.625981084066063
0.642187055904589
0.582624870247283
0.471774658760214
0.635530347324031
0.636993778509928
0.604707472255448
0.556139931620912
0.435809918430742
0.547109528267594
0.434207312843775
0.556444660111183
0.513244140204155
0.615357984034452
0.428269546311663
0.587396459302195
0.523995882096622
0.588913499465447
0.634159451583672
0.419323947211813
0.596439172673635
0.597388281101905
0.590384385876339
0.610034426318798
0.472669721804684
0.626291812232793
0.338525764477756
0.492777894060027
0.639421149820701
0.587992096292761
0.557857376133686
0.642057863531559
0.501549115154608
0.444222004605964
0.649532840281994
0.542394637511383
0.627732979896355
0.530161966284513
0.38738738188549
0.59931193264344
0.541709353491953
0.59894932752454
0.409775730665157
0.528591078501415
0.463858272481378
0.477559156560919
0.55460925710364
0.311470843730421
0.636369167824817
0.586318321872898
0.589627802970355
0.343953299935669
0.642493208326303
0.474461151606493
0.285830699854538
0.629556226332744
0.460327243346076
0.574558638130029
0.611794135201952
0.623933125882563
0.651249702823372
0.323001291833824
0.519225900666344
0.389534144352197
0.482465462448021
0.543028184902589
