0.329037223913423
0.54342584937814
0.546852846129972
0.242051605381475
0.539519207096192
0.629576476459375
0.607317424144501
0.506763495121034
0.527258501604611
0.643917091952391
0.632730355741511
0.447762320524876
0.648659485021101
0.641371233949483
0.630599398055553
0.537667318766287
0.508460040615101
0.641969505482201
0.515708101677397
0.570924525529365
0.652167889257295
0.53697555648331
0.567604400413976
0.493247191188192
0.53984634780635
0.625142292835931
0.543987173455612
0.645450876101994
0.545819046219066
0.633857061156525
0.551476984436543
0.560345855503264
0.460296880849862
0.629313288885437
0.442053910044856
0.396064289035828
0.622312650944608
0.634022907443501
0.487336735166389
0.589104331584382
0.508988003300762
0.304385241315265
0.559687992674437
0.604523190835438
0.475556869905133
0.520625642689509
0.645025858892542
0.506429899589351
0.584631671841579
0.625721686026244
0.454645391943987
0.631371498682936
0.400548225814717
0.631773300304645
0.585904066644608
0.559525708034017
0.580964561925781
0.536064931994326
0.625647354441986
0.513185078865516
0.538414054373604
0.610414275269082
0.498393688686374
0.457289652630977
0.573150992678078
0.552457000107584
0.555657652118802
0.609259125590766
0.644926415216577
0.505563119269162
0.61146466833768
0.51189676894338
0.434006037558597
0.483380587799511
0.608557951110181
0.368793189726429
0.594358846482838
0.466800692750946
0.635433758713
0.495905676114176
0.476571581345026
0.634136873223253
0.59188129692124
0.505799283889494
0.623166733776645
0.57857662054677
0.489009931280819
0.489790850076499
0.609769577826847
0.503840405183759
0.650808269251085
0.645120365438759
0.635624523046304
0.492594302584397
0.297842680018995
0.356250370963109
0.548647164516541
0.603829016590437
0.433932537356581
0.551110343488281
0.48013898566535
0.632337720049296
0.588265928618683
0.644867562549662
0.423300386585407
0.645783491031957
0.512588668325088
0.547766507344654
0.570261938564789
0.59930977895816
0.585697607555446
0.651195303070038
0.605694464626128
0.502667510138715
0.460800180045091
0.628314303391655
0.580495914668811
0.65255370621875
0.518991746793538
0.631462735156403
0.588701213779349
0.384228973919968
0.532101388960142
0.500430347778597
0.640983393444215
0.578210382487532
0.585610449350327
0.524049164969525
0.599407035612278
0.580085444386135
0.63032896464903
0.533076763097614
0.523097104635384
0.626689390117713
0.547238645610702
0.548907146411114
0.502576400001508
0.644879963755863
0.531515657295569
0.559180360735693
0.49692299420456
0.626603983395305
0.372824108205495
0.443383860303698
0.604984051892227
0.601118714355858
0.641090297787774
0.565693711629946
0.530240048374519
0.542564818177252
0.506250459216514
0.565390549022114
0.41646690769275
0.614948237458066
0.517430619607685
0.206536317854085
0.628039660214711
0.500509872087057
0.517682900452742
0.603753034154837
0.524019184371591
0.519769373614115
0.419145959168985
0.637679872313104
0.510333372426897
0.610908325435936
0.479299452202228
0.606435821339781
0.642151456118139
0.635337647555929
0.540905976110474
0.450052920057537
0.520372235664944
0.576399357183176
0.607963240069727
0.626193498393244
0.336402913475364
0.516650073522432
0.258225159427112
0.530257675024011
0.516247881720423
0.627365741082019
0.480331050046454
0.336204585010943
0.561697267432239
0.563770269337509
0.52896479120778
0.333477079421826
0.597387724502163
0.568595326004976
0.478381823013968
0.430642169511945
0.626289335625574
0.616502540555778
0.611773534786664
0.584564919601079
0.436139857431196
0.627552642212936
0.56208138762925
0.611172339618777
0.412403645512195
0.394794980950038
0.618789708192598
0.424647887700647
0.51125059603551
0.517937749881938
0.385374633389437
0.411571174080904
0.340557282048601
0.634640161926702
0.530614209798872
0.568796101689283
0.547096443215253
0.472480082802665
0.513256609125815
0.444161614609358
0.521923757380151
0.596225480699936
0.417267201316561
0.634112793110419
0.302717608691254
0.430783537032205
0.586903950988786
0.631650052852368
0.630514416933746
0.495420109795549
0.557922199589158
0.49434211822109
0.365458163190804
0.589317607102182
0.577105784693416
0.565077471795939
0.44101782214632
0.520975970100496
0.56802965893258
0.476650235264194
0.585346328346533
0.519302649728477
0.651842472256023
0.643414213541744
0.605441808428049
0.45503319300383
0.372291985290839
0.595094759939214
0.46596526859779
0.575292399063897
0.610951260118015
0.544481136252824
0.579470650557841
0.490167424484374
0.504869448300792
0.400495651386948
0.581760937806881
0.465976267583217
0.539727739949098
0.57317493434162
0.5851637228457
0.613968851685203
0.647238845709347
0.643346641015052
0.468767043119423
0.502574922796242
0.588682213499859
0.506609854901655
0.563328004900683
0.408865049126542
0.537663181180478
0.603582192802741
0.583356271553033
0.558766476227637
0.633669216274058
0.470124037261349
0.510804739921019
0.565265826014054
0.628660876013368
0.505292421103728
0.619967061316125
0.578946766177088
0.558176081372412
0.500054474624224
0.609491889336241
0.376705465979813
0.637312852829008
0.594703353100517
0.57507094917959
0.452885822087263
0.469688891059275
0.511054129219674
0.525277959820164
0.594961077287205
0.635237686879474
0.615953845186714
0.239042946933753
0.414279064201295
0.511601168314944
0.596906170637495
0.332279614103762
0.522600586048076
0.582548186396952
0.478599823097178
0.526306100876226
0.53296035140261
0.582949377923331
0.51735695375502
0.620892311226229
0.641503632228299
0.589394894670703
0.571979621362118
0.638562825294642
0.485619409729975
0.492135855875504
0.633500054949925
0.53914680738876
0.550041578907989
0.561561019761003
0.582704228594312
0.633771589650926
0.59215855041876
0.567758108784245
0.593877854851123
0.575019702045735
0.649661635161233
0.488619802505225
0.480405113301403
0.478448841802627
0.523236783538799
0.451286127681754
0.600053784132615
0.447686901395777
0.480908923069907
0.614888904702783
0.394668562404603
0.510050302061052
0.613339236814223
0.590226754609802
0.454977520552846
0.517113308663747
0.355011652688747
0.340762984707416
0.645213024517523
0.607107270394353
0.48384946710415
0.435688411671373
0.432384233664602
0.544755037841114
0.33608522760453
0.287465997669829
0.560209990957631
0.28691890734088
0.553415726042478
0.558671722858878
0.569175712225369
0.290089074679308
0.570146094655135
0.595441681127081
0.619602528996197
0.544302963921351
0.586953503435671
0.637753862817726
0.558944045072105
0.593635548083982
0.617963445247671
0.506620815601507
0.555578270229733
0.632393130214599
0.390748146107796
0.552330269971112
0.473931111427975
0.492017240031065
0.588428343600658
0.500389528966281
0.542856924570678
0.556978753716554
0.593616050413713
0.222067073087798
0.476687436915947
0.607717273186314
0.594493841549897
0.569761609514108
0.536743123792477
0.591684523313096
0.517819830512162
0.62916934973787
0.588413188014577
0.465975003031217
0.635957871868641
0.615716683432443
0.585015564511818
0.574828598135009
0.473998161172334
0.527324045022806
0.530483997548877
0.629272090253046
0.61537874822523
0.538323096258372
0.573819164249244
0.486206877926123
0.650689281178651
0.569881431876219
0.627660232635964
0.476256191787144
0.634805232540826
0.506583804144911
0.57617590747126
0.421059489890089
0.48106105399474
0.483587352165759
0.486294420974618
0.370101180552843
0.645720751148493
0.605671122918205
0.592378810832888
0.579483605878525
0.437424077774912
0.413574637179892
0.482232158974878
0.481506727553299
0.430298607130794
0.412716707254759
0.60452851878314
0.543284471967164
0.620065204433735
0.512305884936675
0.26386521807545
0.617237355771996
0.542456947984185
0.618980559221027
0.606766613724861
0.397664577200779
0.484980546535064
0.412729299484991
0.643648706724674
0.474320372973254
0.604453346275255
0.521814348106362
0.639127054813394
0.635754102738505
0.363966879263313
0.631518744113351
0.593510292126249
0.594670239878397
0.486899994056864
0.593563483625719
0.568554955700047
0.577120839377431
0.344470427686779
0.325190625790093
0.264638814022735
0.598151626008592
0.46179107528661
0.50442033984469
0.605135506943082
0.637803971577401
0.487195853523062
0.41548641859072
0.608495334704248
0.63027831839558
0.651995603013165
0.431175047337173
0.563128442459208
0.517810980992096
0.509978913128721
0.608473218329372
0.549397253060429
0.58833526506431
0.575191324233957
0.639563457724317
0.608073762946166
0.447381187519296
0.645732448846416
0.589578127440772
0.569748305268529
0.622734443424501
0.587703654170662
0.586141237394666
0.646751754298718
0.513798982111139
0.650894307410309
0.642252977455108
0.611379342906256
0.648909316724155
0.479850071252161
0.629357198291241
0.616087036206761
0.604349716979623
0.605883468126209
0.595876569400993
0.530879679531486
0.642581250067954
0.48111720705768
0.642936837272221
0.571461931759694
0.461415750421695
0.388522547998859
0.476800478190217
0.489013091155096
0.649541567517595
0.509860694294164
0.585255490105167
0.599938243156162
0.367822712650552
0.481547134151044
0.562933858188527
0.602393281070004
0.49851526351347
0.598694426777221
0.537710848016864
0.413940080692747
0.498340759393674
0.549065966532584
0.650118003204815
0.435990818605314
0.467154726176798
0.637324055563548
0.530382470426831
0.559154371026371
0.501088833013195
0.568491018984265
0.562159985456242
0.617075610274585
0.620945092337796
0.6046054655774
0.573719004868426
0.509159064151134
0.592380447011472
0.343524155627011
0.589106667341437
0.492418480628979
0.576592081536807
0.36311475471311
0.525380990855693
0.343943025724764
0.55692036383894
0.427794473728456
0.499813284737059
0.636104498261548
0.471429883737102
0.384817486561504
0.442182573130349
0.448806719745928
0.581284336899337
0.313414115118826
0.400308128739203
0.507949644336885
0.622872322400831
0.637605425302523
0.648808537244605
0.642941777105831
0.60380714901104
0.486344141642233
0.441612497025262
0.591707133134928
0.563256189907468
0.161990030265862
0.652815652343328
0.560501061188822
0.650995818167722
0.567180358989238
0.592761462492598
0.63558301793043
0.274920039969985
0.514889833326696
0.601431496115602
0.573415080962481
0.550254413230558
0.456532280537473
0.536042070707642
0.342485505482211
0.583408912226769
0.613452565835367
0.642757737840668
0.495236741366237
0.453169340944817
0.572828061616744
0.62418928922111
0.63108215896133
0.428704514121064
0.54342881160653
0.579851749067158
0.488582676914769
0.650971948262478
0.577363407344585
0.453248211896703
0.598703845647464
0.643382083896006
0.426975885593415
0.55658078333079
0.605039487858369
0.528903784014078
0.496555639609082
0.423239805795684
0.648508370229216
0.529417252045398
0.629845980882965
0.553592906489766
0.573726753960542
0.549111556423787
0.635141175974395
0.624254082697415
0.443670207672485
0.634301171996891
0.63574012600901
0.643317964959979
0.543833402330044
0.322859819713114
0.515666069788276
0.651664409093605
0.411981134685006
0.606960779908729
0.483912903092464
0.579041745978982
0.415788481042612
0.596125586438286
0.644320462725713
0.414169935738283
0.610425767764246
0.538728559455739
0.516156038600928
0.647580283237319
0.599639281701936
0.517661833620185
0.637459111863148
0.413355948654287
0.438958820313269
0.4362760926975
0.617211139105008
0.388322286598502
0.611492121795679
0.483206415866564
0.622486166739865
0.46676120559131
0.328684075244707
0.64828730880254
0.474117440586654
0.448287243396999
0.56466152453383
0.46719695925642
0.484562970341272
0.473409329690142
0.599865512066904
0.608293539178571
0.539870111478961
0.579125260000595
0.464106151984076
0.597509701574606
0.651270113732506
0.526361964892149
0.635847692065647
0.464626880524197
0.431338466590597
0.58414252650058
0.549779216091865
0.634133639458194
0.632794876903241
0.515375655591935
0.617428212824011
0.42665650959991
0.605447050214128
0.537742703106134
0.363858863113365
0.459415057004181
0.564855062426033
0.622730303081512
0.607298900830108
0.421261024649135
0.587145540937838
0.558082979548552
0.504720731656969
0.487685695087443
0.588315517561641
0.18737266121243
0.394274019706582
0.63460188861465
0.625863644361494
0.591822403695576
0.577264598262483
0.424226789783959
0.651761322460146
0.61750237150254
0.633535327416341
0.324561131142945
0.542266126843804
0.618194289907444
0.391804855073199
0.606995311784359
0.649633264776021
0.459969670612526
0.558170484351975
0.622382957132453
0.508349077434942
0.400572155293312
0.587201318213809
0.494006657723862
0.579131568888521
0.504706351045967
0.582352028750414
0.549464714476402
0.572331549748198
0.651856424619356
0.61145186307428
0.591157402690055
0.584660666098683
0.357440414864298
0.493116244596005
0.550462930727585
0.616213374819455
0.551352082559241
0.557977985675325
0.631766039702887
0.600001043891732
0.29157396831481
0.443090467443877
0.498098546597471
0.527908116759939
0.392299929258503
0.571632181232548
0.618932580101531
0.582927361688698
0.409494420366557
0.50303615346536
0.614344190145558
0.49508791902167
0.650241424576992
0.530899908369682
0.600347546678768
0.422309779929775
0.649100337518345
0.526759467714545
0.443541484370231
0.502310306339901
0.498002184282996
0.578442514383301
0.446566692430962
0.640226836510329
0.553948558777874
0.566913340351797
0.522913051928923
0.612939016573704
0.490841792721308
0.595604306059795
0.605564461571412
0.609780841208527
0.374651042451946
0.535128344480875
0.470063636869649
0.445874421726512
0.446611934806985
0.589916545895572
0.413605989720713
0.503807071628485
0.485671672251971
0.5942906139299
0.560317278615092
0.595157966318041
0.635558609400071
0.623428604308025
0.647626297341336
0.596419740718482
0.481998579528087
0.545252522829375
0.611254557972495
0.598117172112691
0.607943237799032
0.303693724676104
0.578641373007886
0.550615499576699
0.536811363803633
0.443292909641532
0.413742460748568
0.63022475678552
0.523431640905251
0.549413452709326
0.514262528594724
0.462856474221485
0.519260368638038
0.542970979337845
0.501188569514834
0.488430217020265
0.470689339636914
0.398627432065039
0.533034735386912
0.58174728860693
0.535577886307659
0.644462285868406
0.635129519713782
0.626227191181637
0.532722844862384
0.45722024146789
0.620108758631364
0.64952511904955
0.563250677625425
0.644928649947219
0.433620112201385
0.418205615111257
0.475152389225945
0.559266451458294
0.326316372655234
0.311603159071286
0.645769441313819
0.485444034043449
0.588917178947193
0.651709219542276
0.635469068693815
0.610729742853598
0.577339673886421
0.480598353979959
0.651420015380239
0.614352452227638
0.241990005800249
0.642745805994517
0.641010951570582
0.628407936700903
0.638679337374995
0.538893363390031
0.47894486186625
0.575020544761931
0.490204890127438
0.606901879598535
0.511925823625048
0.339436330619212
0.501909991433673
0.585061809781614
0.524460417825013
0.486146461443618
0.406420887582131
0.57118920792894
0.388376043339343
0.63486716943662
0.566970954469351
0.448836963075932
0.547073134734906
0.631840253634725
0.548253867734133
0.55868393864561
0.484356852630618
0.576016558047255
0.639573970745182
0.646985390023842
0.397176682375779
0.565902225597553
0.62303041563839
0.499101388858876
0.39829582667759
0.52888852164838
0.495089530715592
0.510361505443799
0.518888136653794
0.514506326885052
0.437742988616729
0.275358628091774
0.447818387955606
0.605471899111054
0.640662692803021
0.407148880518267
0.399325340683263
0.543204302091539
0.638365799708853
0.630108995569262
0.579235520399561
0.604918562147011
0.469892595232385
0.561147766176384
0.4743829878644
0.450797150912327
0.529545991679857
0.645413176746114
0.543614520789855
0.563180846507815
0.486981821781774
0.435162749877631
0.473443033793387
0.568781280776109
0.609530633267403
0.562646271479266
0.555389629628706
0.0904179766201273
0.562253748411743
0.537301055967122
0.598017347542874
0.592189707366624
0.519799878357482
0.614219414033795
0.496329367196539
0.406191423844924
0.559218571375835
0.622557823433955
0.64556257943482
0.483640134875744
0.652116928656604
0.473707915669822
0.416841850052829
0.600380334990823
0.580294174588329
0.462225893211781
0.492909772777042
0.571068025689594
0.535615480087004
0.576810414534876
0.492539859583202
0.53982370624962
0.636745973368799
0.395256761154487
0.504476995011376
0.454142401257814
0.605474633521839
0.627597025786395
0.548832233919901
0.461110102901781
0.463248022569001
0.486001126903306
0.37693671519678
0.468335263619426
0.511072623834148
0.625196016428238
0.586559741236581
0.630893735806568
0.389691823685163
0.505447402713834
0.545208996915727
0.425208175572404
0.46291426706481
0.611717097800947
0.537628669764982
0.483671624542531
0.581866504150736
0.603935533868723
0.571679974070114
0.462396335120313
0.441050357168975
0.512551490385717
0.52298714807455
0.650660211613012
0.505619881936567
0.359082546342308
0.590561483423244
0.395886469311636
0.58707333201404
0.434095617216987
0.61626013311263
0.652749490879154
0.602620419640006
0.64181022043422
0.594343840920172
0.475165493676248
0.646163904988461
0.55508558349763
0.578482388426642
0.571872943479214
0.543433147828442
0.62945183263095
0.561495286628791
0.568752738828671
0.618465356970548
0.557164404640842
0.520689314596443
0.650143917383459
0.44419204376334
0.353704970620161
0.638115884887072
0.500556244108523
0.64116937408601
0.58931501560678
0.514101877658714
0.623924316833322
0.361700765104577
0.632110578659917
0.320657821175136
0.56077909326568
0.500798995817292
0.365932262577463
0.50695770507101
0.601477733700031
0.620341133555001
0.417162027757001
0.628526681809116
0.632583472619017
0.645376469927732
0.251994793683711
0.609810708217698
0.544808451235331
0.537404334574013
0.459384655060481
0.624465771402205
0.55214228323424
0.344242625576971
0.642663926792121
0.502692144938797
0.445011813473994
0.608184639147144
0.533182265958021
0.556150000021665
0.316212764116529
0.460211847227358
0.432937503889669
0.476767044897931
0.515150660444705
0.41839582607056
0.598874922717739
0.650731283995082
0.635240154177277
0.459796305417877
0.647012457069718
0.643664785418541
0.497117011341578
0.635642429868003
0.636003293730388
0.62025014076346
0.639863578070471
0.643118103063598
0.641271664530735
0.629455030423001
0.597156306066437
0.522103717650293
0.503611695677822
0.64768402507442
0.599697324160588
0.643734673607366
0.503779911772061
0.598656525932643
0.561116820129706
0.556616759975327
0.53801631507213
0.353130265781482
0.518526577075368
0.625975308734626
0.64936197950399
0.51084880149854
0.430510408330852
0.551029019718387
0.476547623348529
0.53263822982878
0.635871825143776
0.303392775879171
0.556702953960362
0.649828096558202
0.470516798838623
0.518911886907923
0.628944723753609
0.58871738085342
0.641987591856528
0.547842648894742
0.53972155546163
0.635962696069491
0.590465426596536
0.513746967639086
0.584007160141852
0.294179588182446
0.615877713649288
0.613228786492391
0.383121859566843
0.51325336756032
0.107067484651701
0.598267124715677
0.559674194895987
0.516497266174277
0.485464018682274
0.544680961512479
0.634340581267264
0.613766309195755
0.464500888411155
0.559600875219559
0.361927917812874
0.520654235380488
0.396656183930211
0.481208482226414
0.434128511851016
0.574891947332776
0.584077779084486
0.445852060910673
0.313329990712017
0.613905588193768
0.626840113663034
0.532631882613742
0.552846325578391
0.506019591499227
0.507868037784289
0.605181591963048
0.4188588759406
0.514073765962672
0.585549673880675
0.516587030334063
0.513399352830858
0.598233798706478
0.646460849665515
0.30687443349816
0.647644357861009
0.539715804629235
0.509034889814271
0.612296943426393
0.558008591123343
0.53002087530132
0.592930225058103
0.636880078991879
0.632667737067719
0.360689370521435
0.627089250975885
0.354699175911357
0.544406741384703
0.597276527539282
0.554542949003679
0.53484499859796
0.569385794085225
0.422886099965151
0.65080011154713
0.386345079427489
0.651016146906744
0.488401573859529
0.521150891221451
0.487064712518933
0.55515772896044
0.532756066908644
0.583159823681028
0.513848305319964
0.570529980957889
0.460378675241434
0.456869969699712
0.627837713549879
0.469572599727707
0.517644878316236
0.637666026784449
0.354566875103071
0.566105701522988
0.507562336796905
0.595621364059216
0.393398212216987
0.647035137036305
0.61729453823762
0.572364573650725
0.621498414932365
0.482729051206876
0.637490075465541
0.569167386326797
0.54764697306826
0.641008127470196
0.586588375847878
0.509853660442072
0.52032895538402
0.564258939495222
0.512174624412817
0.543348531916407
0.612256833904443
0.622003782137015
0.633273411525096
0.598490733650239
0.639034153737766
0.410302549476662
0.582426933326247
0.648465992561059
0.574662329843287
0.462612568497379
0.636683910860171
0.530320017209712
0.587326080746114
0.483496487999102
0.473048533453406
0.613200524375008
0.640708499126921
0.642235403097121
0.585759262426898
0.577442779517653
0.508197661349894
0.60181904947039
0.470362949504607
0.609444376856927
0.572588458239286
0.605407335508098
0.559134938410916
0.552813751791997
0.512170759027517
0.624827283328097
0.524664039523975
0.501806518895931
0.576271477787891
0.643773391527207
0.436995184074765
0.590221909399067
0.443479846317329
0.511488392503734
0.591838288595959
0.631796110109542
0.636315014715894
0.480330190098183
0.618779722780128
0.489426618542694
0.622042719727423
0.605159844827765
0.569389674350312
0.643491911687266
0.629335519819967
0.607148651113898
0.639713315089991
0.57528356591953
0.291426777247286
0.462421495588568
0.329765460238027
0.610653901956828
0.551409114027865
0.53456949509622
0.424412625885761
0.48611133166601
0.588866921431925
0.560521555868789
0.571838078120268
0.528572856857705
0.649700705655393
0.490837866730389
0.646475912778669
0.47381227653844
0.602516366055279
0.573859572272626
0.640360276155544
0.545310908710274
0.584943474872563
0.609087219691367
0.638754009538757
0.631158391998004
0.359957526191903
0.585643993505036
0.601807785775591
0.407439405385971
0.622910060479145
0.427486548223418
0.583190986172745
0.533542983957257
0.618930429366075
0.642658167880936
0.490575915626101
0.65192226237197
0.578311482014064
0.523163535956823
0.611649885921547
0.425762546353286
0.515357532084539
0.571670076045226
0.487017487065107
0.542958703513646
0.454667417848398
0.433881267795066
0.595834304634923
0.441201493395239
0.20097019351176
0.375413777474688
0.573069670736281
0.514456743685762
0.523893010553273
0.63261590440891
0.542429472968711
0.578934423713097
0.610901073908765
0.583540441563915
0.631377361192176
0.231984085080607
0.526131040890618
0.530223193109796
0.65159387254215
0.63095984699572
0.503871923321181
0.589932612150294
0.558414471413558
0.598439483400763
0.567045052798166
0.531173170117485
0.370059009246825
0.419600353097852
0.627416546847821
0.635301249808726
0.401357900782592
0.618951625559408
0.630175644374579
0.564591111156995
0.582915767575926
0.515357193544456
0.555879245733215
0.414600352393667
0.553487173957946
0.551016717892717
0.460205668575375
0.427233431442071
0.546248848340787
0.5913742419342
0.617495534933018
0.4992037410567
0.48906406533752
0.57094904597093
0.560037669546701
0.536258261723611
0.482582426183382
0.616720294713031
0.511313233353861
0.54790714499357
0.586144271765809
0.40078332836067
0.475928245526128
0.508694556681548
0.47091932070144
0.517908446769502
0.540955364726185
0.638967650993905
0.436297810473234
0.526344729216448
0.514872278857105
0.520141655397523
0.55801459740646
0.634327820500463
0.495731545998985
0.630102490613855
0.55139626720674
0.624355975910583
0.646548334238066
0.612831666536513
0.635418968205918
0.53246924434304
0.628679588365389
0.613526738612112
0.346494366599673
0.513442237435491
0.456989554568741
0.652813440365517
0.647978873009892
0.598860850451665
0.631952555684997
0.580690154936689
0.576905538768871
0.603483459599056
0.583591211080394
0.509791454131777
0.629945368552496
0.504675872147314
0.619551160436652
0.634923473671796
0.619886810778286
0.415004058060562
0.570633020141831
0.499278461553371
0.621966591921081
0.269316631104066
0.570153154720166
0.484575368349598
0.545331514132589
0.578631695914639
0.603673086323639
0.609744814233893
0.502412300138388
0.362022583880461
0.5604249047426
0.512943225464201
0.619003983901999
0.502626245675666
0.594114760371956
0.527268652270244
0.614172303311955
0.63885966161422
0.638883577482
0.64475439288784
0.513561996794611
0.585411417117719
0.594326137803661
0.580773854124414
0.565484079325952
0.637895511400767
0.573590458655959
0.417964452624099
0.461525582334066
0.565607492294836
0.538108599141566
0.271251704017947
0.47504096207724
0.570494466309477
0.468054134531753
0.637949372662062
0.193386457791408
0.490232669371875
0.551389299590135
0.622220803887186
0.369779202391009
0.574896981652261
0.519872012621346
0.575978177089939
0.609715324636551
0.263887125139013
0.465959966945688
0.55318389605271
0.542553561344016
0.516256074492325
0.637529259199995
0.371847836804192
0.352514193290294
0.648413953586625
0.589136047675809
0.516591404272246
0.466394199311426
0.549760502650506
0.604118049082042
0.482719898173775
0.442233400255365
0.440136647288203
0.60196738507503
0.649274149273295
0.456363072587065
0.544606063033046
0.55940485533403
0.497537121373641
0.582656599103534
0.567497374252274
0.638827243886672
0.562155377581324
0.618764539843733
0.483142508221592
0.609586641198471
0.652538325012098
0.594698883579198
0.604509317030013
0.631592844706108
0.404132207857118
0.540512132213848
0.602854316808789
0.45460210580821
0.554713900014301
0.536374878990924
0.615733958067462
0.116652575157078
0.540211454300204
0.650535270023167
0.601856411317752
0.518974083771557
0.535055684188118
0.518512289734369
0.498862282839686
0.57065854341293
0.465730731620219
0.444318890886159
0.489789062327852
0.65162726227863
0.620832935628298
0.54158551221588
0.614669364544811
0.533408492240581
0.632614678635613
0.59774520800229
0.598365668437872
0.624054193936319
0.612222496855242
0.638132010866709
0.532938750025454
0.612878003097225
0.591500129140047
0.505303947919132
0.594491979398771
0.548664320778175
0.552501003283823
0.550547568420293
0.496679055244482
0.514614989489374
0.512892072006705
0.446634515466419
0.383390799355409
0.539801294014824
0.59618792998431
0.488717110133301
0.645052029863731
0.577533053426317
0.52811749666447
0.331029695881704
0.650319532919796
0.641903319983009
0.602786444772365
0.622885286072194
0.644743541887249
0.512315909514077
0.515311240991804
0.626495977210188
0.617022439119324
0.631149307639459
0.514275182752227
0.645216208160451
0.489376575249556
0.516663279804324
0.626346314896685
0.417910025775033
0.512501724857914
0.524699204886126
0.639259558872462
0.503925092210392
0.393395194710512
0.636259754040928
0.59708981881871
0.598864476834564
0.494337710280827
0.652519707500705
0.452500330012895
0.565755509868997
0.641585489913571
0.499626190237535
0.610384916985912
0.606125816644329
0.55129236793917
0.617831902761834
0.399166217062686
0.437368063056751
0.389263354454745
0.397799891194649
0.596998890260535
0.651560209263478
0.507022844258638
0.179812912118176
0.556602199357141
0.532138672153803
0.636366140713014
0.631609765494902
0.628237426936554
0.436861119723049
0.560332584004129
0.354723086356932
0.511625376586229
0.512989887057753
0.580784200278288
0.635205629887617
0.502454625286991
0.437593762322739
0.649931123522778
0.520417955878603
0.576596933250691
0.636191590835414
0.60577471668622
0.411412512345462
0.592845941362427
0.511496168908012
0.637307466834789
0.445392190923441
0.523614276137418
0.524871119310008
0.360718178563943
0.50813722933877
0.60720635783894
0.618673146248409
0.640753650372515
0.562266357606556
0.597762764869121
0.599389358513172
0.413674661774498
0.535482310494431
0.481983442187439
0.651036057337013
0.634028920831279
0.60513581381644
0.454086742065354
0.446965113073938
0.559504203305127
0.613636687458091
0.320246627193014
0.547378480451181
0.515281947890116
0.418323662859559
0.610606200951561
0.412381219566403
0.589422075804854
0.528193186864929
0.568394921734031
0.608124006448581
0.575101356353308
0.527503260460358
0.548160446868883
0.553023418032792
0.400995795243506
0.503868393948867
0.598655846795781
0.590785177040046
0.642400181921736
0.64438950524249
0.404164705269342
0.429110187434427
0.541718127470838
0.306696546328031
0.594106507847354
0.380271254613395
0.365238968352432
0.643883949660011
0.643136188988727
0.619047516480309
0.645915944173222
0.644682994546151
0.600700780630159
0.521003404234259
0.615094004720473
0.618705584377333
0.524354589183211
0.35084909305481
0.57032032224337
0.521514826507922
0.633142615893197
0.632297253221372
0.565841669810067
0.577177660991973
0.613605712687594
0.383570265636517
0.506216869671542
0.551956024161244
0.636209271100517
0.623470434831073
0.481498337769335
0.464713590797714
0.39372368418727
0.617672495493577
0.449542560601107
0.652870821391638
0.431405268300028
0.365689123934912
0.444596039555631
0.574111885319482
0.456835785986509
0.61630358692721
0.648983117404058
0.577571742171878
0.574158856184454
0.506296030424908
0.563418319141302
0.633279749068406
0.635053080546483
0.439655350539281
0.642639035895332
0.488111509643773
0.461490298973639
0.461866907745469
0.312782792844448
0.142519722438234
0.589343712455258
0.552501914782726
0.569686698895205
0.605666959894346
0.396170513390026
0.562224029705534
0.512140170153678
0.652571982814924
0.621839113260411
0.652334731770577
0.609162819638227
0.484587772099827
0.351110259771258
0.47507170998901
0.645616396179566
0.355451777633738
0.622004208562641
0.454088274613275
0.633205388189295
0.467260543296719
0.453453402833657
0.62258621745956
0.604431302376103
0.605351034603666
0.418871567288088
0.572088596766747
0.5149202592571
0.618188423811626
0.381358227378898
0.622571400564392
0.292572757242046
0.608132201483124
0.629129985212828
0.6019118867539
0.56476746175709
0.451374341012634
0.601627334980754
0.637239648363983
0.427152040101256
0.412938933427748
0.620466684661506
0.307342496696024
0.610075869809414
0.615917446703714
0.543646857180208
0.561263142711887
0.407605157996265
0.559943670540514
0.649292007553796
0.60204987235213
0.505974718988382
0.396013546160276
0.378245274979236
0.466928466080077
0.631920187825329
0.519877135682056
0.543401876265609
0.599217291420372
0.526561066813052
0.512824504693155
0.588265904457174
0.593204954847375
0.5350313613628
0.640386075645338
0.310374731227277
0.527039810304828
0.404795902038353
0.575127360365108
0.530985696959082
0.503560715724205
0.478428768884953
0.624344047396244
0.547276564572234
0.514873308780012
0.58000450907394
0.49300246994659
0.568383766076635
0.587602364956889
0.634673828718522
0.57111037853238
0.550844429742209
0.565413257774201
0.492531981997368
0.570695864983445
0.49872874957274
0.601985761052036
0.445927004776154
0.408306070402923
0.61278486473725
0.397953238359018
0.585110139321951
0.632513143330666
0.63204831271791
0.544450165216967
0.5904622812663
0.604567578422878
0.649820082947935
0.565428934391105
0.540820467312162
0.450838589894918
0.285855369417909
0.651529303732078
0.522211111405209
0.637680600750962
0.607575335387995
0.629862731719494
0.633894421833363
0.448076852328141
0.617082202810664
0.480857138965705
0.586005690108583
0.339922473289153
0.64004999221177
0.572697423825885
0.597464080919145
0.519709648514541
0.620603141055538
0.554908576698166
0.529941077784576
0.203348724544504
0.271888958906034
0.641690282628979
0.478629129783657
0.566163003766483
0.59603477904931
0.551013492463598
0.590103369567429
0.52224893430748
0.514188937507416
0.619668739124461
0.549902054331716
0.453164487745452
0.466458140272715
0.530059412086124
0.319857221988566
0.60814118804012
0.613163461562071
0.626363368670591
0.607347834158842
0.390206681539576
0.518372122483545
0.337181541957551
0.414891860060978
0.517176351321661
0.574854184410282
0.624937843840907
0.597113099037514
0.483908399483997
0.547873974205464
0.370815269232186
0.456051532599972
0.648086984919687
0.485739353620367
0.595352947033199
0.436272805755377
0.352570318868436
0.415575644938446
0.617364788521751
0.50283497940873
0.546155331212316
0.61063868525675
0.531879247318996
0.368817445151036
0.616236328452455
0.561281477114004
0.64787336779004
0.562445288482194
0.577632007534802
0.60703519975523
0.580879982604488
0.395515406934127
0.506389705733504
0.607933072384496
0.640840250438366
0.344122332360087
0.574429131537901
0.586177859338946
0.435030509142519
0.468458638617948
0.580360528950055
0.642873716429241
0.570516810719244
0.600215572292241
0.466032401825448
0.42165651119862
0.587258687683269
0.644903800115052
0.650545229029051
0.492887099376661
0.648981186425607
0.634204035735139
0.462512884364076
0.615240427587822
0.492662445496352
0.379492501818413
0.543010967583394
0.649609221641317
0.63325107487236
0.51089073044051
0.630788329772292
0.471302765815399
0.495731192111291
0.594209631176115
0.616864464245387
0.576030529515186
0.448001340464778
0.441087428345702
0.647795313908229
0.634317840617403
0.629545427424151
0.482160095903211
0.561782003350105
0.566803423520201
0.612255834167036
0.542531614368792
0.46058041852519
0.646536629145334
0.587762029593555
0.565107541246873
0.53162918237872
0.456783246295168
0.558258386239757
0.646924781841412
0.587706332292966
0.392918584182581
0.450760078260263
0.573627026795042
0.484233616741714
0.622522026521056
0.650563538725896
0.433290322113174
0.570993107165808
0.541586368964273
0.552123167474823
0.600561920858659
0.62006411832746
0.568534900893675
0.417401678855304
0.469203948966946
0.567373972154069
0.491214644992152
0.288744107780612
0.602652196813833
0.632739506067005
0.590448193554629
0.451792704248308
0.382614933982066
0.426585872423731
0.574311763280967
0.616810710161623
0.600712286365425
0.642104447368674
0.530969431174128
0.564269007301646
0.37554881121571
0.302325220341013
0.645359259942296
0.577132875908701
0.524531610357142
0.522653443420286
0.574314950080078
0.469653865725269
0.452569258863201
0.649009440266358
0.553583617678078
0.600921506967047
0.347119377658189
0.524512305080328
0.505810749436999
0.651778354133688
0.577129901326662
0.631073567174859
0.58082858046983
0.554434819514139
0.352744442502189
0.647514776470627
0.625291347649557
0.646458869544466
0.549258503471957
0.621003421232461
0.575580231354499
0.588314706907074
0.483849530308624
0.490477056093999
0.639599169533918
0.595905180950164
0.560662588077848
0.42326129086715
0.582393034794688
0.626915078990938
0.356853529747434
0.520793413853217
0.444030846855467
0.573016160417798
0.635566640846555
0.589730930706304
0.470184807901839
0.58167384381418
0.611423890687787
0.516678321594859
0.288952569034867
0.589518426424785
0.450682964130784
0.54068318411134
0.487773481869578
0.599832539241384
0.519112358143114
0.380916528463745
0.436510008109874
0.396361863650036
0.618678228396683
0.521100322939657
0.525046126056601
0.456298851887347
0.550947329318151
0.366313190554535
0.364691118827032
0.480341913343435
0.438765348380476
0.55981338960726
0.412139165056839
0.606936916681938
0.574332209647428
0.624441658555788
0.569552660223364
0.619370483599936
0.447686820519265
0.551124198849326
0.622688550778763
0.528673221506734
0.427871431470443
0.336116171756332
0.472008948947562
0.552856099650978
0.357475492236492
0.620458419416647
0.171246655184801
0.599411072307367
0.592804422469828
0.564742914297407
0.59077425995377
0.616617773683015
0.579195703226996
0.563791596633881
0.474208496662732
0.605040474504941
0.403302221563552
0.459834718570603
0.0654611682030193
0.640133415838793
0.488617559850936
0.376766385687387
0.619617508934426
0.606225005219522
0.645830792312232
0.634558611401993
0.543044302575463
0.609024273317822
0.344185055691686
0.455874026635964
0.470492280594072
0.549691395549834
0.527855642055778
0.598306811340657
0.495623481912299
0.619303084565652
0.440999897270432
0.278595572395866
0.482504286580461
0.630200078256163
0.340336840027492
0.406636045826136
0.396768941642237
0.649357427056037
0.648265702923697
0.621375029968376
0.490139151534893
0.576449724013345
0.651830688305374
0.527083122650427
0.604342558821202
0.493400731903099
0.650792289514979
0.563268829648191
0.589315989429118
0.597545306003036
0.608784423363313
0.636272361360096
0.604395680852305
0.479308334286589
0.518673413296049
0.56547645595202
0.54427453463917
0.430824525045813
0.623415420564209
0.59264081597328
0.488765296429205
0.462115342602498
0.503289007015037
0.54751009780222
0.586664734643333
0.631099806596469
0.332231392637072
0.611989245595467
0.53396591236758
0.523914750636385
0.616683632516598
0.588534465856953
0.468642296078978
0.549065114564535
0.612774422178612
0.643310210285277
0.642061169296936
0.558263926375972
0.538378553355737
0.592591891603137
0.520568974287539
0.4124433407113
0.436124917381111
0.647948594424786
0.554134063154644
0.598230168323838
0.572780210392929
0.635171262852119
0.556385786710611
0.644807190469951
0.467484490899469
0.539548909662287
0.426917190317012
0.576425260111951
0.495499200110918
0.535462898340477
0.644626184498258
0.241983456981859
0.35775426354699
0.60240219867369
0.176094728718403
0.6208347201258
0.575681905676384
0.545873013622622
0.318544667579029
0.507341713331383
0.542803785016338
0.429840879904651
0.384804136001821
0.542383735713301
0.578010101408135
0.649183348949086
0.618067100068293
0.645830258979416
0.374554409395355
0.617117418961664
0.638989927309756
0.575543265161123
0.518917994791568
0.450804015405789
0.496066894153812
0.620060935548235
0.621968468052476
0.595330821881625
0.56089484728154
0.563469803219596
0.490817276800406
0.621208066660143
0.551502912882391
0.49073604926283
0.618846019316175
0.629871453784524
0.621718068045647
0.641866501376668
0.464659011445724
0.384456015948699
0.511789421128416
0.641703085295197
0.508992052229901
0.620171462130076
0.488837519669916
0.548668014657695
0.618059391772064
0.612233170176334
0.641279684939864
0.59832867767908
0.569843255923451
0.634255372100599
0.475355773297837
0.594534422826708
0.628004665840164
0.650731201396793
0.457546467670164
0.376202670067352
0.572751408557953
0.642394555661591
0.445928059055493
0.512504565993778
0.522194828320245
0.589603878289574
0.550519435036286
0.641351174450149
0.598420011172742
0.402711783219628
0.643177610952331
0.454792230003757
0.549598171024681
0.594098198707094
0.520296551307791
0.574629890029185
0.357826465603682
0.603549050928029
0.374839947668075
0.577013164576175
0.60242396677583
0.588910859544967
0.531979881091019
0.428386877826181
0.542600418580903
0.640027026833622
0.622637659703814
0.547598661414054
0.644846692612201
0.596356796584944
0.643948247272504
0.356070317354945
0.643542524596402
0.364704360613019
0.528665399902365
0.427776925530136
0.633143124198135
0.56823720681
0.600110464975
0.626106094873203
0.552924977977579
0.230379488846845
0.646306871213103
0.497836022954827
0.487717972795325
0.450192087574153
0.414615018909818
0.606907327538375
0.454510387278597
0.637420038216514
0.506237270219201
0.198314118388187
0.54302780418226
0.527992954685424
0.652839344870741
0.521009417760479
0.510013516539818
0.553112218309794
0.602579399635044
0.596132253614237
0.415586929837959
0.425584946384344
0.441370044879647
0.519391075684483
0.608674936671599
0.528635792493997
0.537930057768429
0.323954759060552
0.639676940356568
0.573303002089826
0.627815169581832
0.526011885915743
0.527644272671416
0.581678729315097
0.641307821548155
0.590187387733251
0.482692920189148
0.631633166684558
0.381119812190282
0.558656777157125
0.619693997473137
0.600640754717294
0.638734670307022
0.600674156830625
0.643459539763401
0.61998003935368
0.477099677090445
0.582449864959817
0.587625428774648
0.25626907100862
0.503106443478991
0.520878811565163
0.421638126134831
0.57281162658276
0.626594208585216
0.64276030362821
0.596900510990511
0.606573812843252
0.568021533131533
0.481078165111339
0.440186256103179
0.387786388200438
0.488110406502909
0.611698091395926
0.52517022521654
0.593205483990753
0.599684441356801
0.619214340978587
0.515602361774341
0.421890825030287
0.641427132086705
0.522646893609649
0.595739097170192
0.593051999045013
0.613820164742246
0.456835433935824
0.59884276415103
0.302965821039423
0.594467368107473
0.376257754802381
0.41582050142883
0.555900428543698
0.456217128173253
0.60756916718939
0.531119909214343
0.595461430884172
0.572656969063013
0.630286382947211
0.586256663085517
0.493670598256282
0.47337858079629
0.603168215657059
0.532950370259714
0.429977835717003
0.606258355970489
0.411132568071233
0.623631322917802
0.477932974691284
0.511619555010913
0.647668710339703
0.62925860829926
0.601852688690359
0.556071049145138
0.634454839872273
0.605924754368513
0.582234277509189
0.543779287134689
0.526237670045987
0.56923767934936
0.630318382495135
0.619227770484248
0.501222682618843
0.511902608746317
0.560323840932339
0.426029102501142
0.640423736510948
0.305666211668177
0.594987743356814
0.532607520710394
0.551515800418865
0.604170684710726
0.643525059877166
0.652800854158131
0.441559057832152
0.484195291720014
0.574949136552836
0.458029687115204
0.569631112015906
0.643539417568867
0.640160604479176
0.63749888485772
0.552821642680538
0.642485173836753
0.563701767867156
0.525666819048677
0.426629977430924
0.558714504465215
0.440208405448539
0.609740125732458
0.594937341028533
0.58221788354272
0.50976520241715
0.558347878879485
0.622671058103057
0.62986872301484
0.607998968669078
0.58404242776068
0.61773324163881
0.577818724428185
0.577997902163389
0.607392968941672
0.573255186407645
0.650178176546484
0.488690669928916
0.549556911322125
0.559840244782785
0.589702740066473
0.520345143910597
0.616411327021326
0.641361610253624
0.603362852096495
0.625080280765886
0.514770674693344
0.541428750023055
0.466027903326741
0.567270493460254
0.535591322094667
0.637580181858838
0.574499777223216
0.579061008955047
0.644128539605939
0.571661304351174
0.630325584859057
0.56865209678106
0.563503002897338
0.517760463943369
0.508482085981315
0.534962029621735
0.639829907340116
0.496790087104293
0.508671154913083
0.56031365425515
0.622812150266929
0.601297615582583
0.408963908376134
0.329238372910903
0.436921859000285
0.635356935541276
0.474457673850515
0.470028949060438
0.42038257897356
0.550616479646933
0.549710129682838
0.590167753993605
0.518914470865906
0.565881808506299
0.517688836575783
0.571674209104888
0.313959934979913
0.587844370319917
0.589838115120299
0.523206800345958
0.571702962020619
0.555416087771527
0.621940383765483
0.455002577229246
0.0381526456574794
0.554060167496049
0.523025187233984
0.637659245946048
0.539163551718415
0.645390082016565
0.621632346874303
0.591443196934976
0.468364515383442
0.481450501510039
0.389324438683714
0.526728708272552
0.613226827287315
0.341340946437073
0.613381732875633
0.479946530786364
0.6143747155259
0.580201605976974
0.62114260260467
0.580756352107711
0.443216761013011
0.550749824485035
0.575673223828206
0.4926807747546
0.600921776171851
0.482562669384419
0.56744716989613
0.218194713871847
0.578472919567159
0.652875257313059
0.647020725549271
0.608818695696504
0.603932777235987
0.5622872962905
0.607848268217743
0.442884960696716
0.455665056727875
0.624308466607629
0.566583522173864
0.631187601028714
0.304372643411977
0.563247339081042
0.651945390282742
0.637151766006515
0.556126708852652
0.630807071219531
0.580131145969346
0.623727827551632
0.511059203207396
0.635967737172342
0.528407935395528
0.608063087818206
0.487066056218522
0.55340461564417
0.627280528661476
0.638405293010091
0.554762511233353
0.41023032084737
0.519258408913441
0.511479065709876
0.648472947087197
0.622216552759309
0.549718625882221
0.572509795558674
0.314891784558187
0.626352600237381
0.584167762232939
0.457280008003361
0.645837600214852
0.578651582785782
0.541701447864863
0.511227846145044
0.528271207224039
0.595355411247453
0.62502530805214
0.633315379809905
0.643504518008675
0.295327871732794
0.600232778969784
0.62873968442953
0.629236257736573
0.548914490419974
0.560923202802872
0.546218985070602
0.534604262353053
0.54847226253027
0.47816130872363
0.595181805345046
0.518581205496213
0.423841918257789
0.528274947503526
0.540752189661969
0.642213004792989
0.611943368567904
0.573317519508982
0.318535600409281
0.63047572344788
0.573955546087299
0.531320602016217
0.63602785230656
0.508578344145342
0.489343075621245
0.621034889592669
0.395236850332016
0.614379337461585
0.643656389258274
0.424746225311454
0.578762934430181
0.571783099669401
0.550904093016954
0.547135179535755
0.468343803262103
0.377565365318581
0.574670818946128
0.527463267240034
0.568126160481086
0.440166131839984
0.612921030569322
0.637740052326828
0.571829639264048
0.604651855451883
0.540058605807283
0.621311673460256
0.612491384377153
0.500745769738672
0.628987376202393
0.578148660156476
0.505709527459424
0.503526114667168
0.63810318992749
0.501630782401125
0.361341614375
0.551978139630479
0.578449137129878
0.529876939345259
0.600512305888971
0.578107738839092
0.527420941057085
0.525647708030427
0.570168687834875
0.575099540628956
0.410881842638871
0.388404949627637
0.495450879884334
0.480076802226749
0.420230816505619
0.614606983941749
0.651555493484378
0.631566921933527
0.552142504277836
0.477612630505028
0.614108658216483
0.254236578951521
0.451481211130994
0.590442171849458
0.555001132757323
0.224885875228853
0.283449154838087
0.577283675294996
0.534718555172419
0.631430420154133
0.520638754835047
0.646632472930922
0.482089278690912
0.599211601686667
0.514903308688984
0.617651776000996
0.60123604978844
0.597416181858156
0.424673759610171
0.629844089615612
0.430418913749767
0.50633362729059
0.552333603056471
0.604363842003979
0.56673898724914
0.648303667214803
0.606331395672385
0.444367915267247
0.557781714495379
0.514587680995468
0.611846531845721
0.174325314686237
0.570239091486142
0.562190232084498
0.64517025120383
0.43539035518817
0.298099262197187
0.651196742352543
0.596417323510006
0.638738557504168
0.563324630552792
0.384615003859619
0.646012579175101
0.583625197493543
0.522506172775357
0.622759024954446
0.530106283178399
0.586473964276123
0.612400269440321
0.422719407684022
0.602435382265019
0.643146415776504
0.477597528508444
0.444779743327846
0.527079806696576
0.645402656581031
0.521807492364636
0.54247946449123
0.62328947572353
0.513445734732019
0.200390167860583
0.521249503167776
0.448772731861735
0.601221218361817
0.567185874075084
0.639471569608205
0.646261700054374
0.567769877056903
0.500888768396076
0.61199773427674
0.649227806671624
0.581590958986815
0.529264691704665
0.579539899227046
0.611708158902195
0.553170363230999
0.336908070439512
0.520870904704186
0.555207886144291
0.600248341008562
0.47028679594369
0.450496747880172
0.627159279404602
0.573935822144816
0.619268697847941
0.414475050879752
0.586948286288018
0.422212025366414
0.516316335251097
0.611253168503895
0.486532374535932
0.462845224594885
0.648343656829845
0.351376124599868
0.548516181752269
0.488735698654322
0.332861681782927
0.589652766610409
0.576965373586037
0.491651471491374
0.551072260597513
0.55857873049601
0.520503278365616
0.63805085749591
0.355398908275138
0.423141009704752
0.640112348056246
0.646976990568355
0.526476387163378
0.622542592605776
0.5264523255489
0.519934361944676
0.516298042072374
0.593888695859425
0.608741764282679
0.409550361878569
0.589038973274666
0.480183161932258
0.532263620235717
0.555972568570024
0.646798411042495
0.573675908929141
0.453945583857769
0.609653451781288
0.604155546662247
0.30604375209033
0.628722008521766
0.585985743406015
0.602698844101835
0.624461354411685
0.639040613794346
0.636037472141301
0.634482312805307
0.607106507138618
0.626856981375365
0.617955868688976
0.61762949294411
0.412173409416415
0.418501188361429
0.519183251114732
0.597166686456963
0.640740068151367
0.550791841655162
0.261676040767107
0.6115341678378
0.498882278839224
0.601604631494909
0.525880887808067
0.434966546641378
0.524674384033918
0.534983384453271
0.527439008283328
0.464327633774886
0.579098432454381
0.578063168794416
0.635869733833478
0.642344525056201
0.613182651042703
0.34433740360518
0.542578561008533
0.386842513899932
0.415745826675897
0.535355994676173
0.419305207540201
0.611819371078178
0.645160857301739
0.584602627118227
0.53859875323923
0.543104968893913
0.565856835872452
0.39621329644887
0.630632464182295
0.608699736833371
0.552953539278151
0.409534697659642
0.447608968997529
0.539213245620827
0.60944680116544
0.603562588783504
0.528678560152861
0.363324331174045
0.347923855976705
0.561014482293176
0.467187226496307
0.609561891215288
0.604926354569266
0.583623603775718
0.530949769502651
0.251373859078142
0.635822920483576
0.434843984914839
0.483494414770398
0.544448385616516
0.620705898877276
0.53747531298174
0.621870029610172
0.6319202071061
0.600584127270074
0.379382284411582
0.565020201396543
0.504508506192694
0.625060764139878
0.593499816596978
0.624372331899006
0.622458805184992
0.433643987190665
0.615613961843938
0.567872370219504
0.408402164058911
0.560980978420016
0.612837822899337
0.475380860861172
0.639163990068844
0.629283241676578
0.597089095353169
0.600805053094274
0.498491382198049
0.531001164252339
0.600960684434004
0.523835686250083
0.55966245872189
0.647148382732674
0.370072281121873
0.546433682777268
0.586174784620142
0.53404367701882
0.634266027382902
0.56988982397387
0.502822389947761
0.645766817521476
0.616952168929543
0.492460069152357
0.638427479451536
0.507130640561034
0.497670222500706
0.598312530886634
0.588666601731513
0.61829681686236
0.587534067031184
0.620661344753162
0.630332699047573
0.464001918888977
0.470864979785292
0.562979055743582
0.602976874591672
0.513019848517405
0.539632821452717
0.238730417379899
0.637973829567795
0.611424126355727
0.629262212863721
0.59419267656072
0.522779766050664
0.587128286048884
0.617262995539133
0.520431623633295
0.48134066898763
0.651427151913487
0.580253082252955
0.622868702791154
0.59060752063742
0.470403872701721
0.551991895383969
0.605065136897079
0.551293143679514
0.585250902495493
0.559255873714531
0.523804946132461
0.467915329127549
0.580450829991587
0.557193025302306
0.584349477818397
0.537686473545677
0.32021084936053
0.510642728617342
0.569262236623672
0.529963763368458
0.627635767279423
0.571422720577642
0.497138907153555
0.622658220623103
0.398836686984745
0.548396615882087
0.555022711415012
0.599054100156794
0.462512907611837
0.605861037766132
0.513216774605468
0.627801401399414
0.489871460874102
0.352796323283025
0.311085451382858
0.578314678108385
0.531265017074794
0.627275440656373
0.615297091386328
0.133700754411695
0.582520568284628
0.615303109416516
0.557007303839185
0.607732764793499
0.248505808627595
0.572975631142545
0.512188370545231
0.626805237285384
0.526153205265081
0.597263999783327
0.542106137149397
0.51668181513362
0.266834572455318
0.523014987927362
0.568358362243784
0.614314333496704
0.494242110270269
0.644165615061875
0.613779722177
0.418578535395012
0.491842634127072
0.480062059682609
0.565507867725089
0.542824188571989
0.559470194877898
0.584747015101691
0.39536595392975
0.561686433668697
0.569149527143537
0.607546717726099
0.444388641993773
0.543711623578694
0.601325758339949
0.38887986047799
0.382110884802431
0.546609220146124
0.584265930683794
0.62887412030525
0.502884863601311
0.634775038408765
0.555732062821802
0.402994092267059
0.649075990111462
0.560255557272397
0.588180466987967
0.652104907818596
0.561745465970762
0.420433148015545
0.625934789197804
0.607918442656598
0.388232015433311
0.548099674153008
0.563989889390028
0.600329864013617
0.639020548867996
0.61499035375439
0.650166712061985
0.625707471962848
0.469217892698153
0.543764815768029
0.594340686540553
0.613365197892315
0.549549730506511
0.36454018086343
0.639639322027968
0.585326918356928
0.5666102423439
0.43627183164336
0.62318913220024
0.603024778111175
0.533167838022234
0.591953336893846
0.606361256093956
0.565269954587966
0.637094923849698
0.478981970222663
0.593433951536697
0.645806873696602
0.64565919185908
0.423952680293426
0.579737261807297
0.490551626461104
0.575933136735272
0.378917441966336
0.488160291661608
0.57543843954612
0.651946965358376
0.495830326036557
0.539520052540608
0.590629675225442
0.505701927023485
0.226515149624355
0.488953096392817
0.506934207229483
0.633048091051462
0.61961415952057
0.620475928248891
0.588723105561533
0.563659866460604
0.415756741384946
0.612319506139834
0.554140272380825
0.5934110039662
0.557627251836324
0.630759382954876
0.388666439174251
0.160015614978794
0.649180583931781
0.534481219698954
0.425990615671418
0.567002127538922
0.652316075928441
0.29949784503042
0.627903873014902
0.337402608304103
0.48639431948937
0.621539937564913
0.535977754355267
0.368298193036817
0.602059310012356
0.466343571366645
0.54025324784809
0.649652825467675
0.489190764288873
0.564488733527945
0.480435178935722
0.412938192528356
0.62752859460049
0.408377429393948
0.559892434360227
0.374574222368233
0.631166826659248
0.577437169845766
0.414017776137705
0.49150134173704
0.649360369677535
0.37137609510129
0.43793473757045
0.642158003766938
0.49460534603078
0.432716639960897
0.603922167752517
0.594273602325448
0.322017777068172
0.648956030508066
0.60413906614715
0.633158003908143
0.628205954649652
0.494017702855867
0.59247950764008
0.606415606374144
0.538988852732008
0.587077338926779
0.553541353248802
0.580248348932208
0.459929756405768
0.436783237059132
0.514528662722549
0.635679837461931
0.652783063470237
0.46661888409872
0.534824188377003
0.632239188355405
0.551281294852202
0.445043392852749
0.507443324787715
0.476761482296743
0.593936350277882
0.533997754400819
0.602736710119729
0.58458301043949
0.474390444345877
0.646993592327062
0.446597321796198
0.57069852698958
0.641960923283309
0.622864353591321
0.564734690484315
0.339050624010782
0.593859437186895
0.591310511838968
0.591724729352721
0.377590400420549
0.351822236992796
0.61546858795788
0.643904193411598
0.607358198311795
0.517901154873239
0.632566681589759
0.430575349624733
0.478770466911709
0.632385560043044
0.559013149693877
0.539801049681292
0.603743282276178
0.566463286848936
0.619318221138835
0.559548453893531
0.313571101081375
0.383119517879247
0.574710723742256
0.511198295437984
0.370354476664526
0.596727618040024
0.651770674065058
0.445292911722662
0.379131884124932
0.580155976683936
0.398365801337607
0.607934759972708
0.550217942806507
0.455081826464278
0.492465977874082
0.620954827121645
0.535318891472113
0.469601970697052
0.50435135276321
0.597274662197132
0.58020697145944
0.477072418832713
0.588122462313724
0.646954764850567
0.55663141924308
0.256748593459773
0.637665336205441
0.541008656244932
0.537429650753967
0.646801487538262
0.543499509199589
0.638743137988572
0.624221350698823
0.495502159181571
0.50604673091775
0.534877582729872
0.610950410272622
0.580345236234788
0.427651734987445
0.61181314069198
0.633683307971523
0.643917390950941
0.542991475532037
0.63919189112841
0.503240122341384
0.569155932706696
0.54388733256342
0.608208279516186
0.461026421363944
0.248598313232335
0.580805416406668
0.373456588048481
0.543250737251597
0.514418393043276
0.443465877231574
0.476357947451168
0.631650628556342
0.631827878592582
0.398148645217411
0.573636554282486
0.264331370425204
0.476266051934645
0.602332763700605
0.495601150085385
0.459320721385467
0.636373212833415
0.578347688758587
0.638982079566225
0.320552568605596
0.58346010740927
0.544467463352106
0.466173257146484
0.626327903957566
0.647417386242279
0.612469504634338
0.621699535768958
0.413341830419614
0.641020687707636
0.401822675110232
0.467847623319131
0.27197166552467
0.398646087628132
0.555406632441697
0.551678452390922
0.400874525679978
0.628460360218714
0.556550159964191
0.454318895232242
0.413048304771141
0.440148647224834
0.563160442170743
0.60486899254078
0.542491290574006
0.606056247853125
0.558333530048894
0.578705022342796
0.578954839127745
0.479470967221274
0.56153211704831
0.554140152601162
0.526254572788841
0.538820315720701
0.599791387860226
0.615023609591394
0.648072709900486
0.438775962942606
0.556591138739224
0.550905496059029
0.489066230579845
0.60052777014132
0.582968174589022
0.650831293942428
0.629387522129033
0.477120285949583
0.62891100480679
0.639235714725833
0.597048950810905
0.538249614857925
0.455520843307648
0.646946530152385
0.616946407739428
0.466138638867479
0.62454856369386
0.409220051587006
0.634578243588222
0.332451649216267
0.490051706043481
0.63807625875747
0.578706445251473
0.326363390414236
0.474544470302586
0.565487110520787
0.577342885137636
0.629645490550607
0.648333178786606
0.595727703963956
0.581473932782876
0.386159069936408
0.298037311400659
0.263224074406303
0.503770590262129
0.474627521121285
0.504774183442125
0.28227780814557
0.595380500642184
0.572871562493333
0.577652418358922
0.603563861571892
0.531148366620898
0.605151689077518
0.596010961859039
0.406047235003377
0.619689734502172
0.513728832412496
0.367782405484831
0.39846976691281
0.564111006514231
0.627618784507106
0.538667234045798
0.279106939900249
0.651935153644085
0.54628499173971
0.284587235329832
0.45927960750803
0.593925510952882
0.643941970549275
0.626863224213889
0.564707589728129
0.640507167688412
0.621841251548142
0.618664963816086
0.580355373191044
0.518681263871314
0.599616499070348
0.536886415592016
0.615600301588149
0.64554431045699
0.434651494627319
0.581256628066944
0.568266363781013
0.650275886360817
0.644694885580925
0.648614659037147
0.548292699335202
0.610936405953848
0.647756576594522
0.480045897889078
0.642603926731029
0.328999620750062
0.529981733617652
0.503905030133027
0.514038118363942
0.513446587814181
0.448658729047053
0.465074962589443
0.625797143473421
0.643725684258929
0.565295268293334
0.652884697560923
0.60993231111576
0.531366896650129
0.551067544029424
0.645330844079334
0.598778282602454
0.582384432396452
0.598544201420392
0.357895735524218
0.508945238232755
0.481249407892616
0.638518362711059
0.450106783987305
0.651013551019753
0.649387591370293
0.605414384681508
0.549324770068646
0.511740943582323
0.51815116867789
0.484640180691943
0.620506301571432
0.539842561946775
0.625797579288692
0.354718658418274
0.505980755434033
0.605292209842778
0.647982005703526
0.603411799008013
0.520660277817935
0.391231355671101
0.640795758932473
0.560826808809725
0.338390453326799
0.253205927307679
0.54256144839053
0.473920304249838
0.591202019027657
0.612406526217828
0.560211094940293
0.533156572585623
0.45051751902199
0.572989858144413
0.516591212966046
0.568606875800544
0.457748861473545
0.485461382850057
0.642149654477748
0.577429535614744
0.460064662995937
0.582506381753802
0.587415767879834
0.54360843788113
0.583449369183385
0.495323726003255
0.57360624313592
0.383472069095865
0.643060556123516
0.641818961080298
0.592324620116443
0.39983493012834
0.546686187343807
0.454412599397782
0.419276441057354
0.531064241701773
0.606718500839651
0.561971142473579
0.56238891352058
0.145924885020543
0.588624129644912
0.632656979945768
0.625579880803895
0.588455137390459
0.618774858870486
0.60014855500774
0.553494811426749
0.526106437718876
0.554752188094626
0.647064770774793
0.472708694556786
0.529526125205688
0.591290807282079
0.543371201885317
0.643078154214259
0.465748138282855
0.607355209557031
0.61203660513016
0.475890415572075
0.580085639252319
0.54931755927989
0.592398484457084
0.57557621784435
0.368648640677314
0.431196222290292
0.637614499676463
0.622528982996593
0.630084968069013
0.532616220580827
0.533997977626275
0.60187094758125
0.546386798601113
0.568498717832779
0.612627021588079
0.384821654002344
0.645580243907601
0.529175817427448
0.581749079776628
0.605464617655247
0.16827029610659
0.478879930775583
0.495043341655667
0.436313734000138
0.581427904612073
0.547198251434556
0.629467729524776
0.353239353589243
0.532297832533771
0.638095049798202
0.35002747618724
0.621884691104993
0.574318524734017
0.600980391403009
0.620361418631488
0.451783913504781
0.650228726840268
0.410813568632125
0.538419647319076
0.40077942746092
0.631358522161742
0.602032021700892
0.643092111483797
0.417781479297879
0.593729806060856
0.583498090911305
0.252909957312809
0.308962336405601
0.642085027289504
0.469226625657172
0.502601900949188
0.385697568227792
0.568853959405186
0.370069665303373
0.49921096550201
0.585546833290485
0.546962224049307
0.587367948677429
0.303998720268865
0.643292324665242
0.566285888474954
0.56936580000954
0.626023383094031
0.621717303942938
0.617030026470697
0.408130536233488
0.342449504775489
0.57602295066449
0.495653685358578
0.63032713165339
0.419313615296231
0.638260892221716
0.408149870426468
0.590949936207547
0.499562360001954
0.47262666348569
0.543170210868139
0.264133122779671
0.366905984239989
0.514245262137717
0.426860748776467
0.601206155668118
0.636113213925469
0.415698095097248
0.548880637784035
0.561517558174593
0.531753115141896
0.467181980733627
0.326576718889633
0.456190901019602
0.417363280955436
0.5673763794245
0.542051234352836
0.180838570277538
0.537889383081811
0.625586554082699
0.476491441086438
0.616156571062031
0.574431878889541
0.619366725195031
0.553799151901776
0.517484891823728
0.508016650728917
0.347740033918666
0.349230767116183
0.571400695698272
0.468173017003822
0.639067826563285
0.598784719539961
0.367149901601993
0.388827886182272
0.644143366110702
0.574278329424768
0.626121373986417
0.628919669172993
0.619963280155717
0.378097217171464
0.414053530033625
0.388978100886875
0.640287345924498
0.19425550208896
0.501252451955181
0.535251654202157
0.504370931000728
0.57290191971734
0.263715224135524
0.525859060503345
0.574911146973088
0.560121609688805
0.485128866586181
0.611167872601493
0.547267287493222
0.561443774122154
0.646658672089978
0.503289257572844
0.591166185708872
0.313185900740714
0.561686177452139
0.619810783345402
0.574225021925517
0.610328992112873
0.571218549568291
0.583117061385525
0.648239842304719
0.637222596279858
0.471193268539663
0.536170010976453
0.422931190062182
0.598830717563228
0.602539437966524
0.621803448594852
0.470199788986411
0.414270406112519
0.493183053692964
0.558276097465139
0.645539856120993
0.464589826934691
0.585967752897881
0.472405398017336
0.628275969850226
0.639674937572813
0.325151971735712
0.626819523453587
0.651942519203711
0.521737666878206
0.640622627173904
0.479443276622468
0.536198734490636
0.601435198970028
0.590930682849178
0.543476886154197
0.63587004576161
0.636260257364079
0.616260999491971
0.596002802146502
0.650797676338489
0.628727473813092
0.485857013272488
0.647058509151291
0.619717964499569
0.404914924009569
0.507217232178043
0.574459260865698
0.595531715954849
0.645941263149705
0.645459991750427
0.601278080492709
0.570498103222252
0.595340651902068
0.420876432611609
0.622600467411453
0.622270693637269
0.362693858247325
0.631772015048186
0.589440736367088
0.594794035454551
0.540567984854612
0.557974296635555
0.377177309468754
0.507166891195439
0.496942595149404
0.553623194739601
0.650153573421289
0.649282910040167
0.518622934069704
0.595245446818096
0.618842896597824
0.480783364558457
0.488849842581004
0.6388778339801
0.457901027604405
0.591687795408974
0.516902516063042
0.590302564442052
0.384795306576747
0.565916921532169
0.419559641542473
0.319250805427153
0.629955104180533
0.429693893412108
0.611429109110789
0.519207065759941
0.518903786357486
0.593515597472852
0.594263130678342
0.560726898876689
0.622601818137368
0.615286058003898
0.610637896214237
0.579692885413502
0.590030002020979
0.638556491638126
0.356560931700569
0.499247535972623
0.620711597858034
0.570653387421105
0.556530798840526
0.38132156124103
0.623707899563691
0.532614883235027
0.60494064325156
0.606063334047014
0.416159194688106
0.551910853844726
0.620093674729776
0.597224996097379
0.461872821540233
0.560166112810763
0.519540162059063
0.550973837502182
0.585285637520501
0.46747048821105
0.645399995408766
0.339966475202243
0.602581473466711
0.550512336060385
0.463637447489657
0.643844782101725
0.491261251952279
0.639064334517034
0.477341094848674
0.618445892837361
0.4935005401486
0.394895511488492
0.641936019468193
0.31848451926461
0.322191943852231
0.578546860834407
0.647219761120149
0.50131960011634
0.644026193502452
0.457389931289699
0.631429561789235
0.501736342132362
0.427522493398986
0.587714309258341
0.594331489602702
0.638366945573903
0.525375441196024
0.571297763018545
0.525940516746982
0.535715531102866
0.600010225939863
0.526919778542348
0.59054830718236
0.595001794100312
0.638594056089673
0.548154792178002
0.498278674780748
0.598181731827016
0.542400790256764
0.565115571806915
0.594532365696659
0.629553797712827
0.652407159035115
0.614297847514961
0.520491622842908
0.55724995240016
0.608802626290847
0.646129946387016
0.423158015710718
0.506519745211824
0.484295164578068
0.470049065874006
0.473340627982945
0.590550426730253
0.463655153212923
0.611826638872471
0.49274248125355
