0.250356079974763
0.625381646625391
0.623265045378727
0.548456431789626
0.442608960919702
0.539908045212346
0.474844151629655
0.614478580738511
0.52344265655642
0.498806908015357
0.413159287571705
0.647812805903779
0.242815702576578
0.57155221228957
0.522074098749182
0.477272655119121
0.632950753348944
0.417335836118519
0.641926849697448
0.523020742443845
0.560902675955357
0.596814211782705
0.378048633568714
0.249817307696974
0.493131831237188
0.398717950872286
0.633960496033752
0.579528635607882
0.475059254536936
0.300506912326531
0.401123443157892
0.645383650868978
0.276039886850933
0.559220346428082
0.571066277523175
0.626493772713796
0.472131267450341
0.518818570058139
0.478750673845736
0.59345792868809
0.347625854766208
0.588091459650866
0.553472156530735
0.532175288581462
0.225484555993878
0.393336080452498
0.644675724350216
0.428523079319425
0.571397134311023
0.599036484457927
0.376636193931878
0.507970673979987
0.609831485067844
0.609607693345162
0.390881742818103
0.615113005805899
0.578991521530764
0.616551556548573
0.622816825370396
0.437339178762294
0.617429413971565
0.585913895067779
0.585163150484426
0.339606671269561
0.54796329294922
0.598721498960016
0.545663292710351
0.573594935753096
0.629393710077249
0.601716249989898
0.623895279570147
0.486767286300099
0.58816249553506
0.486834636373453
0.598536122574691
0.609172113848578
0.310052474854261
0.628063435439477
0.604471366640889
0.532907776537632
0.63510376081739
0.646908188536974
0.596972896097616
0.515433893075737
0.337222362841072
0.41597797484061
0.561345029691413
0.616255947711467
0.483158013120474
0.456667739179425
0.645377225375144
0.435688850998944
0.507662399082272
0.522637764441719
0.384743004848192
0.532785297699735
0.329650397623505
0.643257870157631
0.344225792857036
0.456636897963888
0.647054292545839
0.523731199977783
0.561870724789225
0.554368651841387
0.561313106032816
0.396633786634735
0.497396793502041
0.592503705758488
0.63391370097339
0.542649218906429
0.507797405964368
0.42903490968597
0.62850747137303
0.381571622779569
0.210109514407529
0.54363414708543
0.494982278232769
0.5864027742174
0.564345305094877
0.439976479224681
0.59467286056035
0.446258403921428
0.421388436103987
0.28785338000313
0.464957626275902
0.492143821451191
0.441936405708228
0.565235438743367
0.617628363843006
0.518545985067427
0.629844951788474
0.565678612640509
0.555249821081982
0.570224210269897
0.362635805703612
0.505614631213139
0.547284626344523
0.620982170632177
0.573603648137819
0.617605553024303
0.506425681552921
0.34584787054445
0.471701977737292
0.337025628321415
0.48600203256778
0.562596363674203
0.567142161595136
0.284733764830423
0.521850128827576
0.550376850072384
0.580373669370985
0.616919459968664
0.374875361453759
0.415053747223266
0.560621782132354
0.431936788544956
0.627442237379409
0.55758078293022
0.335133338005405
0.503217160552767
0.579169733724162
0.336225060454759
0.643023331358806
0.577086023017128
0.470393265155921
0.509792151514154
0.560226547429715
0.457402309851773
0.64179061053094
0.561850841894042
0.623087801681939
0.479848483952283
0.445698005271653
0.426739409378741
0.637688118327909
0.348265205942365
0.610887744450882
0.469174635808046
0.5193764624353
0.424425540293313
0.570731448136769
0.600499932804913
0.357185105601908
0.426258052995586
0.564604074431734
0.614968970658628
0.597292766544589
0.468643583263601
0.538909875124285
0.57533002852943
0.617713749720082
0.442718411832899
0.479283700604063
0.420339439949695
0.632137096852061
0.367404366629223
0.650725529141703
0.437455099579287
0.649774032204815
0.623093549448718
0.369160374471719
0.383764301955303
0.313986026676215
0.61793535302292
0.397529981875394
0.548862113542994
0.614775594425794
0.580094221218926
0.473018973801837
0.616884397446633
0.585647458689905
0.646278748959376
0.620477504615966
0.45128917498988
0.446203507934683
0.258269112715892
0.577914381985034
0.507301333789012
0.640733563268227
0.600610697671777
0.609579058806201
0.453591904604211
0.63931477435503
0.64957989935717
0.49394040138537
0.599133110919854
0.59016483746557
0.593937447664558
0.572865109701622
0.456932002300616
0.534600216110429
0.51545618449242
0.383475857285079
0.22717932291429
0.395078556579511
0.62961211497888
0.604211317698694
0.596515280167951
0.616240584833273
0.462846583541002
0.630571338533816
0.554404629244233
0.339304290962972
0.587224776528253
0.595968745939238
0.574839921090412
0.637165496490994
0.523681265846524
0.521317399392857
0.503735276046893
0.503280894378986
0.520977176063143
0.503790909307448
0.557826180417008
0.651169301832124
0.522542205874401
0.561273501393359
0.633798693001766
0.614104075367889
0.425593541608401
0.613526068214605
0.621463532928707
0.562646697875462
0.516815819456134
0.604544815298319
0.314685361086287
0.447798360529289
0.439916892622134
0.638169128540712
0.512365989209648
0.469896552540671
0.575653924983697
0.581608303547089
0.635923437186534
0.501687622637727
0.439095693192165
0.465618143370974
0.618232704352278
0.535459502983321
0.614374417568934
0.38501052060588
0.393786268739122
0.621981695030033
0.564450964207251
0.504495139124102
0.6362505259588
0.522944349009062
0.401568842085996
0.419425832047048
0.527899688358217
0.582310875503357
0.595602415587478
0.540407681175857
0.59650607422312
0.588952121854698
0.504146645398987
0.530180734269925
0.424145845547671
0.561604329692363
0.590801985443821
0.526609836753641
0.472033538337094
0.164682699060068
0.551859515147711
0.629203744021227
0.521993533895736
0.609097187951723
0.638284982676234
0.582937822756184
0.580707805151539
0.544343519316135
0.636048974375095
0.652737612566265
0.543204943581066
0.384765794765289
0.35764956748081
0.473419062538847
0.377868585417435
0.361515256433555
0.494741378982107
0.510821305728342
0.511888725260705
0.562337987761167
0.465473062007521
0.435595846093382
0.572843337625362
0.55474578781427
0.555466456322151
0.413013260571519
0.0981071062838375
0.622583945583846
0.275916639139965
0.487012952560022
0.492611289585975
0.652998721940327
0.419715012794296
0.534343943574126
0.616187076436801
0.652634237433137
0.625886475275624
0.577646875426301
0.536790205349212
0.475345070099911
0.582874232328836
0.523939520603836
0.558726483322199
0.454523300615294
0.21637183684515
0.516112189354248
0.322687729402073
0.545208096124699
0.516827899382125
0.461341844612257
0.446608681785849
0.634133664819111
0.555347047531881
0.410241698007629
0.512166353584546
0.634977378075989
0.511827964147768
0.645455207248123
0.563361505494498
0.637315592258128
0.541515308229732
0.322923414206149
0.650847938460298
0.606114978078954
0.535676393912179
0.613385777160423
0.56070275875185
0.596784585059139
0.647216152842613
0.598108663007757
0.587783386225261
0.554427677310536
0.336123649275619
0.53007765504389
0.499894879722842
0.584194601165292
0.485118001232256
0.527988189078637
0.575331029858792
0.646154974859961
0.62157111674961
0.461507888475676
0.625232671972413
0.560006879066217
0.45664583515663
0.349174689627331
0.472471261207929
0.557139820129184
0.561775245001043
0.523447709979044
0.597920385649025
0.555200748867392
0.612028325607962
0.628815864504944
0.263590109423907
0.5498479995989
0.4588011784413
0.600213734181471
0.560482919630643
0.486108341915425
0.511280720559964
0.560814776503664
0.553215959272225
0.286873294447233
0.648620490483215
0.550536377233185
0.605670867575612
0.54680696631991
0.613891637502263
0.564587529962075
0.556222018375423
0.568718126518396
0.63113543516663
0.344534606794937
0.545396957035817
0.550300106767984
0.610482226663618
0.519877025100166
0.621201768385006
0.622931829584314
0.530248613478128
0.590497084952533
0.335599018410965
0.240756940632463
0.560493142625218
0.565811221273008
0.628942214772051
0.530500314547694
0.510633597714531
0.568465849832968
0.535917725599204
0.556944788798711
0.593984660641583
0.610094476348246
0.422562608127953
0.585015608850691
0.525081455190105
0.652577189522575
0.591036838207083
0.447978520721321
0.587649730227015
0.647859471971015
0.393755012782766
0.421003352748523
0.445302645052639
0.479255839830082
0.608020863749865
0.529471172391176
0.473729858315531
0.605188068012023
0.527117275366941
0.550029734231731
0.364950635620227
0.449335599673401
0.492443092490914
0.488803816038432
0.55634809187064
0.616042723409107
0.602111111364175
0.410889337641509
0.534154093474259
0.563690183058045
0.612653015061371
0.421129316574172
0.558729008642863
0.57896980918174
0.266992832597464
0.352730701981575
0.642891898212842
0.564942353289407
0.446884482936183
0.338092279248377
0.598248129268324
0.608262288949306
0.611532306101219
0.22535444607719
0.447509174893857
0.248240096161194
0.387378678297337
0.634896299976914
0.497761525994612
0.532333287033876
0.612635951653977
0.551803728037555
0.648191115370738
0.609890422902621
0.580853915869517
0.541306172569097
0.635185932270874
0.335036584423324
0.412691023021688
0.542070665714221
0.544051857610684
0.455064345523572
0.427870676579954
0.595477334721313
0.628233828298532
0.431594989698284
0.484214095885485
0.617616963090219
0.370911995854856
0.511616820277479
0.532922036341484
0.396776434790013
0.642247714477946
0.642407901196075
0.64739832088686
0.634867300949851
0.520135065381304
0.429484344609359
0.442879369357384
0.479323511922838
0.581650975496191
0.472520477536259
0.315370171993123
0.579337562349729
0.435508768020015
0.511801745314661
0.563620720934852
0.6039008215525
0.544072343781643
0.61395904510218
0.474737516584257
0.488271614373286
0.597743260189231
0.565131575961881
0.501870579177574
0.549321201574944
0.515534762393147
0.591058313049043
0.481719686296347
0.627575463804853
0.463096475377927
0.580383243450628
0.592211461344444
0.614026660262733
0.601848260841144
0.534867366320069
0.578294828967495
0.565707802189078
0.370207399198585
0.460351613011243
0.601836606504406
0.437853316305507
0.611156545436144
0.608383434490206
0.406964855307905
0.428036408419592
0.629015408837707
0.387536472281345
0.480584524410753
0.571091491529958
0.522963488089362
0.480360567697091
0.521516123769417
0.383333560195676
0.387065859100944
0.467457579406951
0.549932489969621
0.603397162069486
0.577136659386389
0.479032079104753
0.413163576575467
0.540108428908788
0.444711732512349
0.55276262386459
0.612443719161375
0.552311368794616
0.634548394971997
0.64057218306844
0.574783865635097
0.565979023577678
0.627722764080003
0.626686388121356
0.527747358026786
0.272549590498981
0.571688373680502
0.41358012580013
0.624950930389232
0.572951012331623
0.358901106815885
0.346224556690519
0.648095394584778
0.568781314073298
0.571856924838675
0.473264281352422
0.634305299605127
0.565660822927126
0.583071531481942
0.433266544807925
0.634769654517041
0.608334577894605
0.57182963625363
0.129396535708681
0.507586522741598
0.57361205938115
0.608749729065817
0.449175967010942
0.576208362711472
0.489516266343218
0.507986083937733
0.641153693812847
0.417696114613616
0.633423043381381
0.586049143239406
0.623995305547031
0.646512428126667
0.610019565906379
0.524047155195337
0.571330786689883
0.562666544817078
0.48966082192107
0.644080704484771
0.465033181887991
0.624886189670119
0.649976325514519
0.54282858741156
0.445203870379693
0.620693133458456
0.594702864995827
0.646889818248269
0.365013713333489
0.581536485018748
0.568303055658731
0.555500067399111
0.550471392024101
0.578932802253061
0.502248489947959
0.598538197450358
0.641730541789617
0.555435658096014
0.516882874386068
0.607359051549057
0.499527185153834
0.554458176173675
0.599113248794469
0.382275985061889
0.54953813333412
0.606141763931487
0.601507031956462
0.486174957330599
0.348986499153588
0.550580605104592
0.573089619987553
0.58562264288125
0.512118819930734
0.585613925540051
0.555334164048479
0.355143015532694
0.313056129250735
0.634266704904736
0.434597644212495
0.501393685012248
0.418416583117947
0.439388969493881
0.505386102496253
0.508808584278493
0.598739025758952
0.627621807681941
0.147129966822228
0.315170326541278
0.594124209588814
0.645262540575035
0.518656871600866
0.558278049002596
0.503652695239702
0.463785835808249
0.502355764556941
0.501325142495825
0.603445342532887
0.517505432486354
0.554170632246558
0.475670613116656
0.519703020551761
0.432751246898618
0.649315372026683
0.651047777608721
0.479509471037897
0.584398941898825
0.64982495244881
0.474251450364313
0.522541437127577
0.520609024324379
0.562836123255079
0.571662234682284
0.563068409806631
0.559205882324605
0.576174334426643
0.611497432578136
0.59198250043354
0.295873038298123
0.5738390706549
0.652560037875363
0.561834261344403
0.639035417084584
0.52403266245634
0.560192605140938
0.485710677405485
0.487498130716759
0.605437910633603
0.509034691284439
0.579102604315963
0.588444541679338
0.454102899545452
0.650588003351605
0.551909851189563
0.461042989623021
0.543313192791054
0.587760222578628
0.588747085311494
0.602581127019549
0.456304618326154
0.633000059367859
0.579310230206588
0.543441162788732
0.497687724360309
0.518812898736739
0.500659548739946
0.572706534888818
0.3549918414698
0.354261683388015
0.412204383381268
0.532478480918968
0.191865113287533
0.451054714309684
0.388186929817012
0.373548384587994
0.419652636450369
0.388190686446769
0.590558316393416
0.579277900814393
0.540825384471788
0.39297342252577
0.527474145264805
0.520717498943697
0.576479595948112
0.635441429050847
0.609416209853857
0.554503755579197
0.464407331807228
0.541193661015201
0.566364505998983
0.414602170904592
0.650443896521658
0.626069853488014
0.546262552005845
0.619871614220388
0.591015738231337
0.577575189076725
0.345786427679944
0.635254560596641
0.646323269581553
0.449900997579201
0.56741982586882
0.30224703336842
0.548417312262483
0.420655528908951
0.647952258558356
0.343980629587467
0.483767156196534
0.199755500058211
0.588429858417113
0.623714356620292
0.617153245304698
0.624919456460903
0.595946612852368
0.569717003492092
0.595526534735655
0.550717406035677
0.591828282096256
0.413953286323052
0.46972178479528
0.633832355371707
0.58460308709055
0.553153866793034
0.55448363591508
0.433753486627416
0.633306936902889
0.609200723185383
0.421999819816381
0.557705604261845
0.61989817487584
0.577401141262814
0.597014240000621
0.641576224837793
0.62447053292377
0.505065973776776
0.356391449401719
0.436139052356363
0.583890870655724
0.311958728114988
0.61893468591606
0.5065355544307
0.383175760207362
0.634806766307775
0.467297233651193
0.606829580750367
0.510452714200875
0.508879074388352
0.622985964977638
0.5887010540559
0.477268714876324
0.54999449445178
0.499027752674487
0.489617232147694
0.605189584655174
0.299585038952485
0.47772771277634
0.6315613903414
0.53517744202746
0.362995099305936
0.475881579318191
0.552190808422558
0.551608044740604
0.618588520203115
0.529078638980029
0.160828114524548
0.546204996657506
0.464216500286253
0.36281132803012
0.64418556576994
0.604084841478805
0.458216939200437
0.226287137609377
0.628882170435389
0.438066851321909
0.610736975647497
0.459552232213756
0.563688867244633
0.46305082477365
0.599554457744893
0.651823169957426
0.567719100816715
0.568918833806207
0.565682480499764
0.487328109666354
0.551043550696936
0.553788181070709
0.649129462781683
0.586649041952952
0.561406213213011
0.561334444594124
0.619291102623859
0.274653983847478
0.524671703041868
0.634885470779495
0.493011793573025
0.324161127644478
0.628593566914872
0.555394994434839
0.569682682579019
0.564722916354576
0.386757628423997
0.454704557949236
0.643088112304995
0.382022936705441
0.650179288094943
0.601734686197846
0.629491527972887
0.478312075371002
0.645070432397212
0.501751207719197
0.387684594037336
0.620624611109031
0.502848709035441
0.577635466511703
0.527482843857395
0.421217448531703
0.321607389123723
0.635512552049534
0.448875163620924
0.571178522022672
0.535111371778922
0.437081179924723
0.597057741384723
0.559873835144631
0.616323466663865
0.645873708762971
0.507668927897135
0.577890486236777
0.625701520215791
0.61637676060568
0.4552779472311
0.593198587723305
0.495235649161743
0.552596702402408
0.353645066339093
0.528030844913907
0.55271465252363
0.587103879592635
0.427628736461877
0.627510306139403
0.539556164671289
0.620080273055551
0.369626632664717
0.467082195908974
0.385566562624836
0.59655617391332
0.58814470293262
0.556128096635873
0.545712463760793
0.641943738859974
0.543856940387805
0.560093727195107
0.614767989940282
0.554083260556804
0.497060011862845
0.314020982088373
0.584166186789329
0.555149700895217
0.526731496766943
0.579824745310858
0.446046571455888
0.634329182553668
0.550525919986337
0.511381011452918
0.634905640704618
0.458543559194291
0.548206028847391
0.569940844473844
0.617816275982476
0.454806768144726
0.561592903830492
0.388737097295826
0.518327882020315
0.553894805392701
0.630301345984734
0.633731004282717
0.470942968843763
0.544102625044376
0.6107733922348
0.554495516643462
0.367548502697931
0.528519128224238
0.61083413724797
0.527355498954787
0.548056254103012
0.380417302673664
0.633125711743002
0.479747141564349
0.623246502679849
0.642695627871563
0.541121644485119
0.570861250928023
0.54732580573598
0.419815822720756
0.469660883084735
0.522739618708911
0.597671874983029
0.59034252142196
0.554210302644349
0.480674400652686
0.564967326095678
0.62645780148541
0.390377723914371
0.38709096079574
0.582282095214221
0.588557687081319
0.582663499024597
0.515042347949076
0.616135043613448
0.537960084804295
0.491968929807069
0.565489717184226
0.572562613586901
0.643338949169227
0.292852677909508
0.443484791605769
0.442663090853468
0.630467278126672
0.567967072099463
0.604568993953033
0.580259697728898
0.637738486760291
0.591656133471079
0.558538132782349
0.525160561494208
0.612098813159242
0.502204639276557
0.510381855018769
0.514999039070941
0.553885096068664
0.501518381529214
0.575602799744632
0.486768797714009
0.63962298720078
0.557459300570626
0.617380762590142
0.608142295218595
0.371447363493026
0.229730339535305
0.554625781278738
0.350358175212017
0.460697714825174
0.385025819185263
0.510625230211776
0.562355202178084
0.522607112509216
0.433017633928908
0.550031726361159
0.564051576389322
0.568161075187148
0.630794574623766
0.584626615982322
0.535745544567717
0.630318500385658
0.618175675941359
0.386712218100664
0.515791222644109
0.635948218633957
0.56193344486415
0.542922942040724
0.411270342961706
0.621813507852584
0.635883484769431
0.547793761826559
0.39759661495676
0.515359929073319
0.487965802257854
0.631610907251717
0.591736718592245
0.400090533299256
0.494293138512824
0.634340785371811
0.622397719628347
0.575053028696631
0.621246518899545
0.646679261935376
0.62488237767825
0.599713607783151
0.618367715569326
0.395180392750223
0.468520381616019
0.616421665502432
0.625985879979252
0.511640041390258
0.622983324056078
0.554659235980769
0.54937433271385
0.46361627424239
0.510281131690203
0.541072451792208
0.544106525927127
0.523328999711766
0.604360371928646
0.574712781483833
0.207370246446461
0.623350851258143
0.552617771677323
0.549824215531888
0.575191669751953
0.478769476931459
0.615500173251386
0.641870295480228
0.50852173689276
0.55702569669726
0.393210884292666
0.476686261490859
0.597201218794935
0.49614986025616
0.576619271935385
0.309414899773267
0.572592820216226
0.606133747402961
0.582272774203177
0.625758818693447
0.278877431532952
0.586933854951104
0.628730712956514
0.539282957522853
0.59377035419276
0.63055963856022
0.476159409147724
0.513498534036576
0.639469727192839
0.62676210135006
0.635572447841211
0.538709743924613
0.623101899156019
0.601703056624815
0.405562826142319
0.601374176835434
0.568668235796104
0.543542603106505
0.647667602972647
0.588290687389621
0.615642004560326
0.40516162817148
0.608995923318758
0.468289536213089
0.483921182007204
0.458852811575133
0.544237848013049
0.495760860782715
0.651322472107614
0.555539915398758
0.339008217649932
0.546060959356117
0.564890056170955
0.550480901756268
0.568100207022011
0.617475522355676
0.51078338289823
0.296042778966014
0.498847532072404
0.506804209030092
0.318361163466904
0.598283731652504
0.502830858046565
0.639381603072775
0.48901175400202
0.307772443190838
0.652543998319691
0.250753741037516
0.651827053732327
0.517125347315991
0.500443917572258
0.524270928269089
0.488949322951731
0.379549466774877
0.517027981220237
0.367406834637569
0.515435519278652
0.42699287291279
0.619369216053213
0.604331963070097
0.426716203261252
0.628474256166786
0.611811185868136
0.442959635583761
0.598909193472963
0.543835826409753
0.500916035048548
0.292743177852232
0.371357928165416
0.208764849848367
0.580131419020926
0.467085967410998
0.537579701502244
0.423754849360745
0.635133317316928
0.58032716920554
0.577449298218492
0.617418189858992
0.531534538216127
0.525436906420246
0.412117614858585
0.573587594632516
0.589613777822448
0.520791673255882
0.500696905749839
0.63248637459688
0.556690457296669
0.550853356527801
0.595030309183877
0.593568325597467
0.580171535376501
0.499047563697187
0.491995348909573
0.451488742810415
0.39903723077051
0.638525301310696
0.451614742245328
0.466341743461109
0.635872890190119
0.489041883877055
0.533814201590205
0.37034980584547
0.640807552460109
0.52225268748369
0.509049053833104
0.501193039232435
0.63337160527459
0.510509678904481
0.332774186986863
0.550344222767714
0.566710532604799
0.530224349964062
0.608435476749275
0.627182543638724
0.594159277263679
0.556675763129634
0.395147462269393
0.542456974656006
0.355614426137148
0.540693078249983
0.503487196329128
0.642960698336429
0.619411063889758
0.570637352484336
0.554432187764828
0.540413280319381
0.536876470150963
0.568944108285754
0.502479885709914
0.549358873755521
0.648107446498325
0.518816041072557
0.52855743665666
0.616673686709313
0.535868142549648
0.590367212860628
0.319650781032195
0.555844110871162
0.602526312907364
0.615194306467757
0.62060240028539
0.571585796513957
0.393484205904013
0.448753033612303
0.567635512202884
0.546840799190313
0.623297168441653
0.567199345268059
0.577434676048429
0.591673960213592
0.629264513160059
0.53364043628291
0.538591096948234
0.467305444869896
0.484930683358645
0.455866156000216
0.550474073927293
0.545068821282665
0.647923570809679
0.446756815172572
0.555870270518107
0.495571793984618
0.537960617762462
0.461025899678234
0.618885743129495
0.518715774359574
0.620086876767478
0.209096570612883
0.634284181681067
0.506473951514247
0.587798938191765
0.575202219955645
0.386204795194133
0.548394175817721
0.637047979612364
0.479588310652861
0.606537715240204
0.649460120081134
0.576620099936608
0.461822616278933
0.595352332296575
0.424543048566181
0.350183488797668
0.547553775072101
0.62902199029015
0.643750403972307
0.613544630044251
0.637233973236019
0.619562468427995
0.618464971193059
0.447509080300728
0.407746441532426
0.365877364768799
0.587507587891304
0.54868448010409
0.616111360334457
0.651845506725042
0.586807586938027
0.625141262150055
0.55568533312704
0.597613858081864
0.570595613432474
0.645972341248674
0.647392649832571
0.492814396607464
0.562324854349385
0.459601423237379
0.63873967996427
0.5164359523385
0.545206004786736
0.627261950523345
0.618029477935834
0.584396500108175
0.380928953043237
0.512234222051779
0.307679301719483
0.391316899789465
0.511716505007591
0.544202311877005
0.550089028459106
0.562443850757416
0.574133183052317
0.370707436917307
0.535052687090165
0.61293844343936
0.555123359036192
0.611227955153053
0.389977532546751
0.457203217920902
0.304543029477156
0.620900107693288
0.327492673913828
0.611204673439817
0.424926162495679
0.520882260048911
0.353846982183674
0.565565481221358
0.620946132222222
0.559400479754645
0.546559799055947
0.47597888624049
0.632756140467753
0.363057095207478
0.330187548573876
0.460100305213794
0.409457034992093
0.279791371558934
0.572088079731337
0.531439276372717
0.485501827937375
0.508268984513825
0.462241479278129
0.616570388369378
0.542483708899081
0.518146094093422
0.524553288437798
0.64025050147407
0.59889998139026
0.58292755270058
0.614834172498177
0.63151378543414
0.639805203293917
0.586618125605297
0.62760580607913
0.641374287475906
0.577293670506582
0.494639866820463
0.551495638813056
0.624908373623221
0.456338371891008
0.574688510875373
0.490942048712032
0.289381505671971
0.651652681762296
0.576114501978599
0.634017400776294
0.604826718977586
0.525301456592695
0.526631825454803
0.454144114603981
0.55565340604757
0.59005049821115
0.433635555748175
0.646581666181808
0.608688632406039
0.569056943832395
0.500112996577914
0.643928083721462
0.541413560374321
0.570844636708122
0.428129093895464
0.650964680743806
0.564452660891962
0.380695185037253
0.539671002404431
0.504308923599463
0.577809079578522
0.583945092154798
0.643383725465698
0.466880580112305
0.473718386807857
0.397542482620669
0.572798889705941
0.632845279849558
0.450791503392719
0.626030930924981
0.359463554091509
0.587147366167443
0.304071296312938
0.587798446664709
0.606103291762451
0.503988830820116
0.506923192748585
0.576339914874337
0.48669363258831
0.593179783975099
0.371678780785107
0.422121965289867
0.610483077762538
0.541978053993562
0.629673478276593
0.434752164049179
0.638805111103363
0.523986452768963
0.576866504038971
0.610360095106877
0.592578720216107
0.639926711675047
0.475763806659683
0.622252083130212
0.621859472044161
0.58654266549536
0.489989019232823
0.340021272434495
0.547329278172365
0.641137382567163
0.631866892270188
0.474059499830328
0.356997044265826
0.564821741085594
0.643080245133191
0.52308468864679
0.561686112373534
0.649684869457897
0.640413126186917
0.443040671872693
0.600489947544157
0.632006623897711
0.615689675910629
0.426481198171744
0.637743911641271
0.541219513152115
0.357265119602128
0.407019814588405
0.636898728822971
0.642659524671776
0.441168953981051
0.544738804589369
0.327971427807504
0.571346474552077
0.421480570322359
0.601571338671829
0.55453859029513
0.451638176049511
0.633380240111689
0.538962750216442
0.396606894590022
0.633198862321728
0.54250393572227
0.435504705155851
0.570481244016085
0.577336937132408
0.229900889042389
0.44974294755681
0.599128409192044
0.553806494786979
0.624672718342376
0.517100939698988
0.530702369566796
0.578660104281389
0.573805941291689
0.421914054786032
0.638860781695799
0.591629163790698
0.600220020818004
0.595850186280085
0.418262956682432
0.601123048510299
0.378706495439855
0.287463023494303
0.536287658702685
0.502965447611598
0.550035609367459
0.649869973446151
0.623997681083882
0.560218218783923
0.419268071387373
0.46084450712728
0.490389813700295
0.572024430006632
0.64613180983053
0.449076588309826
0.633335670244289
0.606455997588501
0.562277794035973
0.380890494317334
0.596682148721846
0.448262912568479
0.458955038905087
0.609403793460785
0.516504312561568
0.518489245106178
0.397569270937939
0.616665593130852
0.556162264660837
0.337262318357498
0.586040768245589
0.629113905755865
0.637671883095696
0.582986738323989
0.418492502077714
0.520413945469638
0.510259480955731
0.569624996010694
0.546258464514396
0.533672642037542
0.566742295791189
0.455055612132784
0.646164603497066
0.416360970371826
0.573373312171311
0.563904229390677
0.515174289450386
0.614201775893287
0.606376182429078
0.566599365887623
0.394602814888784
0.598427898839226
0.623816401145814
0.360358347284612
0.609268195290534
0.573848071193416
0.593546215537787
0.634660981649554
0.61067665066477
0.639947087290679
0.624195688553038
0.546825967569106
0.338497939809723
0.422079664111354
0.644771343368629
0.522870262085207
0.536359121912366
0.574687619372919
0.447866316710664
0.615171611489653
0.612954284425144
0.527583330828677
0.457564444931302
0.496565446512731
0.47684875071371
0.544012411058343
0.494955115924805
0.474947092068972
0.459516446350868
0.544335250817177
0.610727480052971
0.651342305432206
0.596295650792656
0.60302914635973
0.594735398485192
0.0796441574408637
0.623059127983289
0.50311279588677
0.622225342659137
0.637375302218493
0.401123110727946
0.479727026231032
0.559908495899664
0.595008572850813
0.640065679949498
0.549720446680888
0.633867480982969
0.439902158688403
0.603863329789438
0.580846777678265
0.64975232878539
0.589291222822575
0.530458713181709
0.35611859547991
0.629253759017862
0.415070909319853
0.445159183884271
0.485116481131667
0.608612445385053
0.626981726247631
0.64198847317806
0.619166483777697
0.563529873750455
0.645174913478173
0.535513828046855
0.447887803654574
0.523548858243986
0.402809837684785
0.30182855294513
0.627306134836259
0.366220741010018
0.383699137712461
0.636354874418036
0.631166983894909
0.587125329662868
0.546365969587526
0.530016554657222
0.242799255364632
0.54915122306076
0.534164830024012
0.484177842076178
0.62736851483653
0.589039451609676
0.413964077009785
0.641148078764024
0.612899165383178
0.513771730343146
0.465064751601874
0.308335295494586
0.521512995405814
0.539284844042752
0.540288637520283
0.569347953789058
0.591005341937014
0.515230833244879
0.467385895761369
0.627116363524425
0.643216963128816
0.311265407579208
0.597773200121668
0.600540893114868
0.512555694233064
0.436238533430876
0.576061102387649
0.43783146487745
0.46318962673178
0.640033721622934
0.48369055974922
0.608499500909796
0.548984178810902
0.553260744730298
0.356233629875257
0.546582311437476
0.543163976277708
0.596193733948313
0.638497999596097
0.57703809094823
0.536404075886263
0.500338685494952
0.4086276145019
0.652651410477643
0.371778516466713
0.441761948223143
0.635169124623911
0.607990127977874
0.635777286677903
0.570330172771931
0.533370186526597
0.473234769017649
0.602230749263477
0.619277904090053
0.546426375810915
0.640372785742617
0.341941636333619
0.372212043906867
0.380478283224736
0.438137329978301
0.569517710908171
0.637022104170991
0.558220756560992
0.626784222869696
0.445253938247184
0.628688909877074
0.460508833292453
0.629382833054233
0.507661341908751
0.64170450748702
0.622301947521993
0.350458678789764
0.479481354918126
0.610400592396198
0.611441197093608
0.586327450267141
0.56851984003671
0.625996567473813
0.576716098116645
0.539447977266493
0.563447894577854
0.573923006362888
0.5351427481785
0.544074900230761
0.640635440949186
0.385030905004691
0.537824490686907
0.172290754541633
0.344010090882508
0.53604579093068
0.463231441097599
0.481224940006106
0.561776030151136
0.378313636275975
0.581144509521103
0.47073615570818
0.628868673314943
0.468032264398158
0.461850976204268
0.595983703889299
0.490736779001692
0.560515353470251
0.434705452178542
0.5975742105682
0.544587554634788
0.485627654669469
0.390907793663579
0.548775155431037
0.634331731328861
0.442551826554765
0.646758199901252
0.537427184854708
0.624323126895677
0.585259003209142
0.567910808670906
0.337119979106345
0.554653536352898
0.567803134565674
0.25589412191533
0.499058062556701
0.358943244722531
0.330978307723287
0.625693730213024
0.573312025409131
0.450087509050186
0.368457909942774
0.491878810482417
0.413123526134674
0.50646656892696
0.432877456362839
0.438893386854116
0.262858190148584
0.465943902773499
0.600965238034439
0.488951661274153
0.487430938180406
0.576794730046835
0.414639890604603
0.630132459590744
0.532098860235306
0.481148506783783
0.610764214943027
0.608294048846638
0.63881899861371
0.530711987339151
0.539668030878021
0.588977000645116
0.509759702227393
0.611880304188682
0.546826819320199
0.48084286107689
0.612906739523721
0.458195947651117
0.638831306321451
0.496810625042676
0.626008953459655
0.318794604354137
0.609574445185875
0.376927581032723
0.638421186617266
0.634988276190895
0.64512497905452
0.62790698158081
0.384040322295151
0.496726617457605
0.469357770298705
0.629935712308803
0.600856196089274
0.508644536679458
0.620263755829611
0.263160086099646
0.417025408627235
0.560818796918187
0.469317412535314
0.498345395794331
0.283750598261588
0.561297307621168
0.613892753136508
0.477416331575857
0.421035752652904
0.372533013347971
0.581976173576352
0.62463151306488
0.526370562694013
0.618235904438351
0.575963525307024
0.59385924423602
0.581015449522107
0.652039024109464
0.426224277330626
0.170982597143245
0.652789380592321
0.644162119258868
0.567548030042087
0.566949989173292
0.583677823782197
0.551168757609912
0.389285106869252
0.547055784452381
0.539515852084007
0.565928637830128
0.378903843972771
0.551626788247681
0.642772855970722
0.575639819400877
0.560504277456801
0.641969072553029
0.630336654186691
0.632227547088303
0.406952423485517
0.582965363250977
0.341782574468005
0.615622311338508
0.588315259493182
0.504451601785044
0.585172976594342
0.595106170256957
0.564664979186305
0.610517064425959
0.624001777518394
0.456066135931936
0.60155508083091
0.640495841386745
0.542755607919758
0.534079501940768
0.574939865846062
0.526028172216113
0.486459508092011
0.614809863258039
0.480132425927051
0.647816875986752
0.338609710361534
0.522038749753069
0.415226458760701
0.651659825917093
0.566713024561598
0.486518584447573
0.564751632721101
0.585952376458952
0.161852691834643
0.311345105350127
0.430872104404354
0.619963763948997
0.598387585047386
0.456295658159793
0.602131361295079
0.637335470129488
0.628693007656942
0.606731751394436
0.509233613773596
0.208510151290128
0.4749604508626
0.391106116521089
0.316713203303683
0.605395939920536
0.519556727114754
0.558506120613698
0.550286223592117
0.568992740204572
0.651605453297175
0.612634243984573
0.433344079449714
0.460401460478898
0.514922571279001
0.632297004847892
0.337891027576276
0.441161715245947
0.484243771646644
0.631214521443461
0.584862901720702
0.574389303431527
0.604855123033055
0.398553887036874
0.398868885185376
0.493456319909487
0.624408000591882
0.232877755496784
0.643627488692304
0.376638383329194
0.60581473416031
0.481433131974646
0.459690792720705
0.551133386549015
0.483944856335267
0.472592781247216
0.602825067600546
0.511977797423811
0.606033824472097
0.570770294645268
0.576952001977343
0.462594273158505
0.636873173237602
0.556737463900959
0.581715575147043
0.48533742338268
0.495091233207855
0.524617663011065
0.600214247007054
0.501377811673466
0.425208840284366
0.240812389880043
0.45368069175059
0.60367400398209
0.568818825243569
0.588449882713975
0.599613646364438
0.622980968449817
0.389262454210849
0.64191315834898
0.548532919873059
0.512133552113738
0.347315113528722
0.599978380770045
0.589013153275612
0.426442377362712
0.462106278747187
0.522375999130881
0.407901766761251
0.390550724578332
0.601945102977153
0.348985016875627
0.60820661328796
0.618048410566074
0.627939226952698
0.612826152984738
0.602740598206728
0.388023075190093
0.501218626431009
0.371894219374982
0.588804814050138
0.452794546759645
0.455615372977286
0.567090145236796
0.418099304840179
0.508558125830388
0.631164759010448
0.555341535973432
0.526008759646868
0.492733081794882
0.602408260959182
0.406379730022276
0.356989838559387
0.612949059125137
0.643976347195702
0.601169263404377
0.437756446406309
0.534434037587438
0.54566089304007
0.40885778427483
0.510409701288854
0.649233300374001
0.422518388287188
0.503933746648523
0.29739287696097
0.602677805345959
0.598375317885446
0.578713509763687
0.639259881204379
0.576885213028157
0.383156535644463
0.604892710207294
0.465308512620031
0.567529635398972
0.540040778416798
0.460718614561158
0.31598269059959
0.533965840941053
0.635051497324794
0.633267106486382
0.607396201461616
0.629606878374979
0.64912189156454
0.585403593088294
0.542442258125727
0.542258574271775
0.474582063607317
0.611713414336269
0.568828939710142
0.364583664459037
0.406778163235603
0.597565525007883
0.557228974289333
0.637024293043722
0.651779932829023
0.344499588206554
0.502427315468035
0.505603694847759
0.472631442170905
0.603538402902819
0.617192822652924
0.582271840200985
0.499760905358378
0.599609117988659
0.566444746182087
0.314586251581343
0.509327763689121
0.640261448731226
0.471252493128767
0.526894774487052
0.614993386203873
0.643626158628669
0.504021188392227
0.599183451202679
0.649174512070996
0.534691635281589
0.649514850086828
0.543135688074917
0.499494976638147
0.489288385517426
0.596724176631374
0.63008685100563
0.502493307251111
0.472404982469629
0.557682932556306
0.427486477508555
0.574352559597542
0.42058562167172
0.355578274661508
0.497000549642872
0.415262451206386
0.601385311089493
0.614693093870662
0.492696406472548
0.612785135778473
0.507555198431402
0.604970954594759
0.55346980502897
0.459430554524938
0.605086284348729
0.559715391012111
0.355576689620629
0.651109058774138
0.641227066690551
0.62246626371597
0.297199988468234
0.593400272940385
0.530627054603281
0.387535610452109
0.303452789696205
0.517542769051849
0.564119572547395
0.650056536696064
0.332186123984172
0.559984989733041
0.578218092731751
0.473732869689621
0.64145293669035
0.620700193498678
0.529432102726744
0.586857650273338
0.602857086570837
0.575332628429212
0.586121812857847
0.494090921617279
0.597917478031505
0.626910244958348
0.57243874183775
0.57689750795282
0.532827400600158
0.535451259211066
0.546055771902833
0.381641773623134
0.452390859190435
0.459844253361599
0.614577725392509
0.389684846581064
0.351547335891949
0.498893129635219
0.589564919924946
0.428030115953958
0.572249570705762
0.521283630015555
0.542952218603124
0.301394136158978
0.617048034805364
0.651234264277327
0.389172808813189
0.541821817514877
0.56252231637287
0.532318920646344
0.53441042659179
0.601633465276743
0.578276854051984
0.545958140324749
0.484505443296659
0.636322095918533
0.608786141219204
0.499168897730363
0.411861064254489
0.392198236742502
0.324229892467734
0.418101370654322
0.364220709080555
0.624382979447576
0.483038146790983
0.618786650891561
0.564439421929818
0.343870742075551
0.642865563748935
0.480310086821392
0.572003659836003
0.648510448594385
0.630278252618376
0.594206360290391
0.560425096670304
0.592039009542145
0.608704329102521
0.587829353039038
0.420487440469957
0.553558747174735
0.614659744104423
0.519550721259875
0.65246026118466
0.541032354008633
0.547205461561386
0.629245299975728
0.619816286527968
0.555574404179804
0.647452088294903
0.499098242575496
0.550478832779472
0.475488536347719
0.366698797476399
0.494181510131516
0.53778654612056
0.552176017619485
0.528897014643072
0.577129470493695
0.637577132387147
0.575080748751637
0.55807680356472
0.593179222916971
0.289551605341428
0.480822280496047
0.631228763576829
0.482310255263306
0.477403612513612
0.549090298022707
0.636049299605949
0.625303436335641
0.551082613167396
0.65107561645115
0.567424050637623
0.194562282775518
0.559006960743569
0.599857787323382
0.46837476516736
0.635835431660112
0.434461728703105
0.645025656351022
0.556741315838187
0.596089545278923
0.548245598643339
0.440133434576979
0.564693243279236
0.523953009583807
0.638879047605871
0.47268993441912
0.641423367495475
0.455561465625768
0.554451554833442
0.452844938306929
0.28335682682792
0.554220516519469
0.421577524157037
0.43999074804751
0.370599529337135
0.39907611449146
0.328407012924825
0.528917624334308
0.34065921616153
0.646624970163615
0.629044078653173
0.423318405431865
0.513959932222687
0.615460941714206
0.572676221382478
0.582288861917817
0.628484109870361
0.610029890839599
0.637056249581883
0.54822088647097
0.389497565615785
0.510336130224847
0.497205423049798
0.465497806027658
0.622091199517836
0.581650874485481
0.634203820198201
0.519140939348376
0.630192949419877
0.637027079079551
0.437096560650615
0.652897553962897
0.60213978974504
0.438594945604545
0.652705776920653
0.609173615429214
0.617394878467819
0.611093868840992
0.41081753756757
0.470647995279373
0.625641909895814
0.509922489402564
0.460844971363031
0.249832068627717
0.54031883489457
0.571920436897509
0.49558267058793
0.436958105415172
0.606070760731628
0.640710096627554
0.579705610752363
0.649044398644971
0.438643293915271
0.534033112691757
0.606712420823328
0.271820464838682
0.641277118605309
0.582624749701038
0.558721069333999
0.643285438170188
0.534963672231615
0.581788318869503
0.450337362976771
0.557566025877775
0.502123399323283
0.632250915199373
0.392831925213346
0.582875531382122
0.45576649132055
0.449406397782964
0.623985243265189
0.41396604641924
0.521332954489918
0.286737438542626
0.584244815239109
0.60470080558982
0.580617742511987
0.474303298051248
0.383968241208594
0.549693147207334
0.640080852095636
0.637399986656629
0.581832075719273
0.499757726336052
0.580598423302042
0.518333416026194
0.448989312181975
0.524590974199328
0.608750077779435
0.430800964020897
0.435987854757101
0.638926241558355
0.580775177401782
0.560562427900495
0.634116826092894
0.607121855416881
0.494741392590846
0.632524583998861
0.629864519916178
0.44845507449028
0.6509357808362
0.608684992152525
0.588190917635947
0.5907020702886
0.614858324664142
0.487986625452247
0.441298447642852
0.267271535867785
0.546326382096076
0.591642768849341
0.572665207013225
0.611105483876046
0.44771136943399
0.570751856309878
0.60530841710948
0.565638861832342
0.547956538484819
0.493595756666956
0.406492710967306
0.587663168141333
0.505912446052954
0.505228104342959
0.627260408150098
0.518077622187274
0.574864710738884
0.486488654158227
0.650898697458334
0.648996441640293
0.457901047575265
0.492793210356395
0.485284297090015
0.638758024706225
0.304005800757303
0.476660969596003
0.636147458723406
0.552890719398576
0.547985916458598
0.64122262212548
0.456589992662128
0.543271096799948
0.519805232671056
0.551773639090422
0.610284621851703
0.535260425682452
0.456779947219664
0.535055197616223
0.42352293714713
0.427391516579649
0.516989853494521
0.490508880945786
0.546413698466483
0.643523336214932
0.515449562850814
0.645992690094103
0.350405371535876
0.640304119434711
0.594957172068556
0.342763074096635
0.563074725886114
0.649509996321247
0.513922375956192
0.438463124913561
0.612083341574226
0.48269514956723
0.603075005761575
0.616831230255217
0.536764034700328
0.578707574796276
0.457536615104182
0.551307040707627
0.498286697622536
0.56079449219542
0.550427478621185
0.517366253005729
0.608259550992792
0.609780073634794
0.639765673842247
0.6103174061977
0.467422187268236
0.626159776775001
0.629111553493484
0.338730204767993
0.614926554693814
0.530512841972213
0.587983676442086
0.294376561098342
0.559353646184059
0.550838331210382
0.455055375926575
0.456559021828295
0.56271156601759
0.387245005476966
0.276743653239628
0.527471777845583
0.646622692316659
0.583109952782517
0.508618454217844
0.553540027344152
0.564889396677624
0.463136354565602
0.518829997238536
0.623801895139423
0.487052601870955
0.423867564136963
0.539178654259362
0.538050646726919
0.438512710563448
0.609457145817649
0.56100372954488
0.339906430328408
0.479398737651889
0.517957878575503
0.468794478126139
0.37437390830749
0.518649708580724
0.531193979252676
0.620720809902514
0.263873140341279
0.45658556935315
0.615501791662692
0.572459083424663
0.631122291943367
0.634216258142153
0.613731253945326
0.647658536289813
0.607774435017277
0.468580324960646
0.480980627155311
0.551101473516942
0.600687196305994
0.518772568374144
0.549961285137792
0.6453789731568
0.351721203242876
0.498492003296674
0.506272777320756
0.645486732649909
0.34561121082928
0.628109747214306
0.456827211498027
0.535109150551056
0.537649007439715
0.625018937421117
0.637023226812378
0.570759611438396
0.408058328341407
0.470875761195155
0.57950468615967
0.578912145120206
0.547433592318368
0.51497826830631
0.338824323078724
0.608761132831163
0.52414403860505
0.543783734614186
0.315724352258777
0.31604771430199
0.584208857789972
0.549392752678761
0.594950896556257
0.629393005524686
0.528464335555096
0.620820963233654
0.408552625179757
0.576170987102953
0.604318151641044
0.254118338283294
0.409514445518849
0.644624261153086
0.644856612230307
0.463070413256447
0.564803669402181
0.387299420529838
0.624189560500518
0.460492764775176
0.40327224842753
0.599764018488809
0.604015389578118
0.605117706247616
0.165056526404339
0.602474365008969
0.611009412869927
0.507299698857476
0.417202858314256
0.545495399653826
0.413200709222292
0.425325152483932
0.407992768235154
0.510800904498518
0.602699379710542
0.612586263835261
0.60807607823439
0.630431825347314
0.584543807545747
0.414818884331303
0.603663774903413
0.478961787173466
0.303914839772342
0.645344298294973
0.630645022212502
0.350915168969509
0.594633234127146
0.332182290936657
0.596541678033732
0.268144774474696
0.532516328620268
0.623960424488691
0.465482929068489
0.601622396052932
0.349238565318664
0.427822794867152
0.557868355665477
0.547248349250907
0.637608143804025
0.278888499777719
0.513287392450012
0.591659451664341
0.486269211918119
0.609105409440561
0.589567520630089
0.62688520806356
0.574200381112678
0.269857416711069
0.646318203185904
0.394808056037283
0.394484396762814
0.483399823313279
0.630317340896289
0.631845810729153
0.623494688196011
0.598318927274164
0.536776224714741
0.645162445822933
0.638062436905769
0.540884182058201
0.327312443250387
0.490347631289213
0.597219031701548
0.629832866063404
0.524989578424067
0.642534226405555
0.521620925040064
0.557667695652708
0.468077776622862
0.36373196485292
0.412227942550829
0.620847412332837
0.636992300768614
0.579818949892135
0.539411487927959
0.620877145644222
0.475452874324854
0.388117099348291
0.560866450791445
0.399269752701071
0.477515623341478
0.555235663111817
0.564339957060445
0.457979077452345
0.435258683812392
0.418716527578623
0.619938841156098
0.591649146873796
0.434463830481892
0.582811269461194
0.454562931944404
0.589092283873399
0.490990095678927
0.470800806246774
0.557441118886256
0.528813027071951
0.457111384775965
0.487480541848334
0.422290360136381
0.57264026256847
0.59012699044715
0.568349605367941
0.362051543824776
0.482088492371935
0.542146909202343
0.646636123595071
0.554317712617126
0.456611855330473
0.647947873867842
0.538159502054426
0.630642056790626
0.44673146604261
0.43442020832982
0.496260793065265
0.38631597400101
0.623946870972391
0.611320101366281
0.541830792469869
0.575856918897399
0.448037277461259
0.600060953575015
0.514275073284566
0.599478578238124
0.47936741967572
0.411939432565915
0.423162979059731
0.581043152627064
0.467798563264101
0.520781332160229
0.639395362470354
0.513027039894164
0.588471186412034
0.574544520393786
0.578803996036116
0.58380572672522
0.589374884331174
0.600289566078975
0.628655283048586
0.571912560865007
0.572178266230611
0.564079987971493
0.627836844696425
0.651818735492417
0.634796442532143
0.425488373101824
0.609418515278639
0.605322536085753
0.444510686858751
0.62516512425345
0.418509299043121
0.539405820283869
0.247134639077163
0.453945766044483
0.564790836519395
0.530533940774793
0.590952782025143
0.562984805019972
0.584354127305248
0.499724905177295
0.562956415382882
0.487483662033987
0.46061000640386
0.607743175161619
0.540735145710752
0.596427139271102
0.606876186521074
0.308548721703965
0.609834161193014
0.582164880282319
0.482778638376079
0.469268520283057
0.646714447255188
0.479815107206425
0.617565735352271
0.595319050565446
0.494709625613708
0.434168366229826
0.617834401947762
0.589672059968314
0.371197589051589
0.528958612675404
0.603966121631946
0.27727250609004
0.571114560294545
0.634923824736797
0.594101272289285
0.546271657075413
0.532550902097331
0.639571882130047
0.542122904984878
0.504406028197361
0.514008436786984
0.547952294289579
0.592099117275782
0.539029899271955
0.617206230492117
0.377237324948042
0.637938673162181
0.62261160332675
0.600224719803424
0.437164185432287
0.594016617228975
0.356016250690203
0.549863665982998
0.612190318676234
0.578922414262655
0.636178278573703
0.444137469858388
0.268359531324306
0.628005153129999
0.480547724836622
0.622457517076555
0.642443695719442
0.632384258924966
0.529304450525986
0.457688422751607
0.594836678885862
0.567466099427535
0.403773329537959
0.652729199641411
0.348121846181653
0.45687927620877
0.61119587883324
0.568059174678184
0.619655414526194
0.444385085562288
0.628518110316571
0.596062323282871
0.634645998086168
0.56840091685529
0.439394951886773
0.519104417035872
0.456517254567446
0.138706357807369
0.456166562147456
0.598272432660766
0.515337065203843
0.451830325338834
0.514167943146041
0.589731682495083
0.541730049406712
0.596755329264164
0.500310325022356
0.515884006290332
0.625014429072521
0.454446420974317
0.499118832582705
0.552799502860316
0.610089133536289
0.635972576307202
0.615015544055404
0.605926208529037
0.502633776249686
0.610853823154899
0.437916769856229
0.646934645052573
0.650797760590917
0.359154923855379
0.476520634118499
0.60335752513501
0.646645598333225
0.574329700741459
0.514389072829961
0.247104893650352
0.618971061882911
0.526762483529376
0.481239545272623
0.617597399072964
0.452710620027544
0.486626894785416
0.547487018010183
0.636816353279133
0.480680965993561
0.309139051606861
0.541315296827253
0.601194945582179
0.525927038774387
0.578829405547834
0.49612211968232
0.524893364683913
0.53732790276691
0.546768691358597
0.636530250536106
0.370956105407835
0.612227520133086
0.611459733810061
0.565463334343519
0.525730177604557
0.41910982164826
0.598149812357538
0.575692279636946
0.597241298389511
0.540567762084856
0.59298559974786
0.645797645203121
0.630657039009544
0.475945554950199
0.513655437456176
0.541060320593153
0.446106449943069
0.62588131201091
0.636632911406992
0.617825375305158
0.442335020170851
0.590940176379944
0.488948529673019
0.5794296406796
0.355301922943862
0.339889423044398
0.537438920509672
0.473334604828991
0.341158427813545
0.632123285132057
0.59035470195935
0.632839340724626
0.468010130648125
0.6037801352258
0.549804667679066
0.556514281118747
0.642618683047752
0.220593227561654
0.587349918136931
0.488546559725535
0.479736854377701
0.607842242300097
0.650005603037932
0.540510530364791
0.368911786794116
0.624490088737648
0.525573640291187
0.640438917074904
0.614253458601403
0.527531199991119
0.546482920655276
0.625304540117218
0.52389103129748
0.470350960722943
0.431272993040533
0.463278934664464
0.561895259327739
0.473362667167893
0.538470254147962
0.612194803995482
0.652959780979731
0.640953653608872
0.572836939422751
0.56149204815838
0.587767007047786
0.634169006522549
0.482027770052379
0.586852466675526
0.442222410939961
0.50300294317387
0.521215372531353
0.499975205636459
0.320812432234871
0.419994240938505
0.485172787113525
0.547615432394438
0.615193183953668
0.502635473737553
0.579633990666813
0.614466595084222
0.614854196157604
0.436403878948506
0.519397745071567
0.630094262055495
0.594498924024723
0.644539199415697
0.394188218570955
0.643634980682263
0.333664750225439
0.279554850640668
0.613694166031161
0.525477490709653
0.618937221958439
0.565797534236531
0.649889204842795
0.626189630180476
0.6295925472456
0.549864783733603
0.583041237455155
0.458895261334538
0.541662933125368
0.545364668278455
0.592374240145444
0.411632536359664
0.358056822126689
0.493892833709699
0.594273085110501
0.517623547351287
0.548036134152492
0.491413679888453
0.609242176914193
0.603565733597072
0.59077752191103
0.639941697779509
0.521696230166697
0.641965546226556
0.571958124481606
0.505796520090305
0.586544086283734
0.641623002145234
0.604843563529072
0.542074386941146
0.460922300766883
0.415543691892495
0.526111462510234
0.647383661357759
0.601250014098452
0.554968773765959
0.439533647178651
0.502848111622198
0.506392539294378
0.496440371965663
0.398659835222442
0.530551386447784
0.637408910992963
0.539643748753237
0.600929715050793
0.638684883660352
0.405719193668094
0.429904067010723
0.513233838625219
0.54236089115664
0.628716884924163
0.561786182843737
0.425623191969292
0.540215318609337
0.595261448530336
0.519809512449023
0.5808961532775
0.641264588926576
0.34389018127582
0.413463619075704
0.587764969373843
0.55297199395807
0.561383002218611
0.548730333912165
0.465945640275505
0.574627769397674
0.646658504853241
0.504160647420668
0.40029659052528
0.398248989874681
0.556423657204076
0.457595320852433
0.564193445778278
0.628762867484121
0.468711186079432
0.548020618290302
0.342510273755327
0.565491457064377
0.54406796920593
0.445107147339333
0.493239206426487
0.516400088401795
0.434397360508016
0.443092803875055
0.508399666234456
0.588708673461202
0.577523526257345
0.571327987192354
0.634138413687817
0.499962037590419
0.606117019595559
0.588183939713093
0.629009459766024
0.639353445630641
0.556439712674983
0.647553000138216
0.579321607129251
0.580350816427189
0.421519714946084
0.582246728450056
0.568706928054142
0.573252353437182
0.564875125138653
0.614058189583218
0.431163225965033
0.457482066826958
0.547747845779611
0.612297766781455
0.467046422261626
0.566640468300674
0.591323782353947
0.450338097754091
0.41089938883555
0.652932182209513
0.528802466512879
0.40492190594077
0.577309559303577
0.616599663179399
0.441524920350851
0.0801510228136118
0.53106411122911
0.515473409532912
0.573661541340314
0.54683894072345
0.584223905818094
0.496679342096381
0.620612794360719
0.543014485452358
0.593835320777806
0.356104490531281
0.46268696143953
0.621853209825807
0.514753957592743
0.34888124221888
0.554979894882119
0.646739442246956
0.603110036369549
0.632507505006298
0.595672156000858
0.584184860549421
0.470703856137963
0.583133435552378
0.490651242834174
0.42374005825071
0.0124697903959817
0.525937633182176
0.624048159372859
0.468683579142682
0.641261120917581
0.635596407128757
0.628454214469729
0.619690002281259
0.598013636288984
0.633462466859835
0.381836823798598
0.509233736355982
0.526809847941028
0.576635457652681
0.438707406862009
0.619113925702643
0.592381087058574
0.574148636853536
0.290246027434751
0.623794809831657
0.575822534131159
0.472318175115245
0.314928660055263
0.381484657346159
0.506131342612734
0.585550499337431
0.541404736787861
0.62318270439141
0.447752429972499
0.493779140196364
0.52712393709545
0.534391068175966
0.360870303187433
0.612418795517194
0.607526311625024
0.615318303231476
0.61037322192776
0.432092993727499
0.395564750394427
0.641921224899268
0.499222160747711
0.474489168608735
0.390144307135375
0.512180504023448
0.592887002782559
0.443078559028958
0.563952787450172
0.304046089521047
0.621205419611287
0.590104268045266
0.558784404104173
0.392776186257006
0.455555625134048
0.449158114129651
0.586934495342968
0.589088466475874
0.597576340689415
0.573616239290377
0.444401057209685
0.540298045131702
0.607402476072129
0.614233876504533
0.617263979752992
0.382167012741755
0.444270390984426
0.349464901566203
0.636985719203173
0.546877503291592
0.620383468008988
0.467299735103825
0.642147137166296
0.436275394153326
0.546399450283261
0.565272828183078
0.446218504081352
0.54658420970193
0.511857306557199
0.449360987200422
0.610505384348361
0.448743667551386
0.561191509073039
0.433486825234529
0.618325932223426
0.624633965933575
0.346344701346308
0.502883268557311
0.614231989622749
0.58236966081056
0.616302600021768
0.618139233018898
0.56152749614311
0.476640770379985
0.46576893808178
0.509911558712134
0.507377617835758
0.510987383581265
0.369322167982617
0.637693566965932
0.563549383858386
0.376982659078062
0.639986812248836
0.548116039865915
0.649543451836713
0.63208386548801
0.526988024408431
0.566239129970402
0.543569620455558
0.573332206514687
0.641363651632978
0.642429892872344
0.500186113983639
0.606218219794657
0.626759817103014
0.528924555228411
0.51643700988941
0.601483365500937
0.555716476199139
0.473249625692126
0.563225663313282
0.485886723200718
0.540820834273756
0.626109572830575
0.467687747831411
0.615531128729339
0.616173176743999
0.482575743143336
0.608762948763873
0.609612330798287
0.466733425921694
0.523799176519668
0.511054162157432
0.595835225906865
0.631644730469193
0.638946366614563
0.520599822807303
0.346559928302063
0.51949686329913
0.263702323658644
0.535341799107208
0.382108895075659
0.562893946765908
0.436190063236379
0.564512019536472
0.64314609493453
0.383248199299427
0.411640765385207
0.561020134507214
0.644303862046807
0.520725487359577
0.360216528305793
0.58132810022952
0.622254684241747
0.61250382782558
0.634799396269523
0.65282835991676
0.526931956279993
0.513704945638457
0.604745322841226
0.571471769825495
0.485212762808952
0.485374613634773
0.49611355820005
0.496962985617074
0.571411858862642
0.422029480568295
0.599988946097509
0.485856690663191
0.59280247601143
0.560165306138197
0.632320544641389
0.557816314960117
0.563738840974424
0.446059699497981
0.506225068653862
0.487727507166825
0.570476529274862
0.404574031463219
0.447780181194706
0.609597245795222
0.605242553589941
0.599090597735835
0.445869549610155
0.377700441939776
0.599257495102198
0.457117020001481
0.411542632876901
0.497409895131029
0.557467237130394
0.650170402182066
0.568161183743911
0.526037399883796
0.482536776857858
0.470311882217344
0.604210775840585
0.524716307043394
0.547257419026018
0.646022631314737
0.51930634941469
0.338519806119729
0.481191653685363
0.602618239727629
0.613489903473452
0.628013958911852
0.565703611268941
0.499718835128618
0.649060618709976
0.560070444989523
0.472891053652684
0.579806847073977
0.61550730837189
0.399294229061855
0.395029720664998
0.548355354220401
0.470258215796673
0.473714873740844
0.552817812332085
0.514688810558083
0.421225904169577
0.623744896904784
0.535572594002378
0.525080274096874
0.615959285637721
0.625015610637432
0.35264814420855
0.505909846385635
0.648336007771988
0.614522614748347
0.652108452484063
0.438018619246773
0.389921545899474
0.546188117247061
0.297162236809904
0.613452567188252
0.448833130663979
0.500927195848236
0.491112316067415
0.534546646289662
0.618107834045279
0.490612164647757
0.508202510638768
0.57435218117392
0.429048098291271
0.640568578920409
0.555572908159484
0.472961864127086
0.54389262455621
0.419611034784721
0.48125148343809
0.304130644774803
0.529716111886296
0.378211149906558
0.518202078000246
0.581443255954634
0.445209969218409
0.574596463355748
0.615251666946202
0.521020562690111
0.483444811241113
0.63590129655298
0.488692851737683
0.549344885359457
0.42795157474624
0.577563350806562
0.4652917456235
0.542722220093904
0.620534813941835
0.631553436688615
0.33347191305858
0.592372408955152
0.615180712563637
0.455435100573782
0.342842399398149
0.569626631631362
0.461021804676886
0.612431000948434
0.642013582349313
0.617751657117239
0.576162494476062
0.636538434355301
0.640548458575712
0.329884569331407
0.636865991934002
0.309535414697455
0.569651527069985
0.247299865892709
0.576943262221394
0.605104311008212
0.538767667666235
0.628352434240991
0.59561636140995
0.607199671029053
0.336175207209644
0.597164171654967
0.526559427523305
0.500932604527758
0.461308764419864
0.521312256503816
0.555921056562919
0.51017208527722
0.41572791360865
0.566963321014922
0.509048537973394
0.643043506957478
0.475246670833395
0.634623529514044
0.557436930115954
0.616311835095167
0.617958088138125
0.530458977733233
0.412374728784828
0.499963452855684
0.548490457935078
0.636228290898114
0.615851457852009
0.550755112989355
0.546461548119025
0.470995281262371
0.588267942730097
0.499166359225133
0.642365413676708
0.480885982273076
0.347932235270018
0.583148294863159
0.48270714378197
0.527521733014966
0.574140061160152
0.640227136441476
0.365164968905345
0.223998796254196
0.567427036072132
0.648255052940001
0.574881814907868
0.468597962563479
0.472066913180668
0.640177110413518
0.4385125605187
0.594358876379623
0.491172738750249
0.385751191355997
0.586917214224555
0.651653852610151
0.472313434243036
0.537819777012809
0.441006595197786
0.646748331391638
0.517974375318098
0.597610897955119
0.616606685259084
0.646699707427211
0.543301204254905
0.574610099905846
0.536668119057481
0.51576676734766
0.437989329853044
0.603490588921864
0.577395705974343
0.325652196989781
0.553829172629651
0.245218251814227
0.651176093814333
0.41029668715003
0.642773707131506
0.638770041818416
0.565606198819043
0.618956089553901
0.557237035669304
0.340975112893504
0.425285390692572
0.579720292138687
0.4770001073119
0.594940743709373
0.434846371005765
0.394292231975286
0.540774535209142
0.611965781165566
0.533143460291375
0.587852035080091
0.568542807455126
0.603656361841119
0.617843842429716
0.427950399018861
0.640628147456009
0.520955892143027
0.495773392805439
0.612674272726246
0.400537140845723
0.560212996180706
0.642364880363932
0.611478107770736
0.585337777116386
0.543849595563886
0.558385984605672
0.408524584420208
0.645549093075186
0.48742651742923
0.482943223468771
0.558159367302623
0.530306043679516
0.450043462495846
0.437226326343262
0.588681705950944
0.524746996897148
0.548287708253035
0.274182611539258
0.384489765763486
0.601890694907947
0.621185821261083
0.296825298253358
0.476494251717069
0.380962385160243
0.510919579989846
0.630132939807289
0.399341565615043
0.61496254792209
0.585677976608506
0.62956320361089
0.485083943652334
0.433961816944505
0.524222868196749
0.623299267692894
0.572570166950373
0.570212951190267
0.487424790614306
0.587887167320972
0.628025531907558
0.492179436820001
0.58942225055427
0.3210962782302
0.634832204424433
0.465691847737113
0.628296980127347
0.57892485055147
0.57102310515125
0.626662794609163
0.497268717977308
0.528452477999291
0.614376359383883
0.591764505745936
0.526613990610173
0.636930206390661
0.272718246981827
0.218656045418805
0.625451934377888
0.554928400160071
0.384381718461905
0.553303159428028
0.648588369651786
0.621635293914426
0.562934545584578
0.423365706935959
0.480980603959515
0.570582639973371
0.585522872316362
0.543964361974975
0.552814129597819
0.553268713182159
0.57373605448616
0.404316665419519
0.508562994913559
0.499779869963232
0.615956817343625
0.644009979221145
0.558229412825014
0.188883500679501
0.614470120619635
0.568228757274938
0.624950089073502
0.652839304713905
0.505845662027574
0.641808341759941
0.36124037716237
0.615890719807021
0.510435878907652
0.576363222648802
0.511830908851425
0.631529687548129
0.489089812549223
0.460112476193205
0.51048214715113
0.59307615393425
0.558607392342374
0.416738196171762
0.581439922210604
0.579659738644544
0.545203600084009
0.336686051571183
0.638754068947243
0.544020218310446
0.648268783318803
0.594417266010957
0.624289593918484
0.527425960308539
0.62234098143534
0.454944274703602
0.405112749179538
0.644376763904279
0.478248082674016
0.578609858062693
0.497476542317047
0.465385830642008
0.532754935915785
0.560354246864487
0.652394780385337
0.561676219993889
0.546827720325511
0.59284894677499
0.650779557572926
0.444107631271533
0.491052816051973
0.57090618452185
0.578266409431549
0.569469398517077
0.470696976830711
0.626404889825501
0.529606021297177
0.273972700154018
0.530554747389034
0.542738173527679
0.587733735378982
0.608814250270437
0.483602148024994
0.415416159070926
0.510066497396985
0.4848930331624
0.570772746187379
0.296255130272418
0.648718910741025
0.410821305097042
0.625700280406806
0.573697200612102
0.633821832156976
0.581615865573129
0.335191161622941
0.578365494393477
0.615569075799591
0.477046199582783
0.526047029625353
0.559628060461248
0.649261092361921
0.585991766191267
0.581632566508072
0.511135942136988
0.54703687962338
0.633329878706275
0.61549713781244
0.635489400040311
0.626826648654613
0.397691717284514
0.595102844165712
0.544515657082889
0.577199038632965
0.649506280465123
0.455282324765674
0.512221096740055
0.638052440441699
0.393894234861053
0.364606622564182
0.404403615440792
0.616303767383702
0.474727974439137
0.395857258219308
0.530449735154952
0.261747191765342
0.465674777833595
0.402181927315913
0.557721887230219
0.542028622617236
0.635638373732556
0.54653057351502
0.639470380143447
0.418059093281881
0.622887931157676
0.443858589771171
0.524232275421804
0.524674010425153
0.599857548468307
0.640889872548099
0.542700003896514
0.566887251009827
0.64599996980044
0.603982614135874
0.441976926475518
0.37066091456194
0.550821064385661
0.565474567717841
0.355324632276268
0.647704964314233
0.601573907961535
0.595498346508977
0.557886486677078
0.642399991230387
0.550454058260763
0.503817840097538
0.53344434330086
0.469455553680691
0.579212730169414
0.530537990423329
0.609343406702866
0.621086554288541
0.650653546112627
0.588338005775424
0.630742403818068
0.531566951840866
0.332488687909359
0.554842500175732
0.4721058383667
0.601906331225051
0.481601097190992
0.474831869210875
0.632949901188096
0.544587918617471
0.559363782627451
0.454148166933496
0.402852338320013
0.464574845258279
0.647978969459143
0.578494519790666
0.48086878195468
0.57399981313617
0.404510578446604
0.484003280374509
0.550223061456767
0.584922314562067
0.635831487360523
0.402389002571193
0.629404920098747
0.576142022234312
0.520653628139048
0.603704663085961
0.319993960476188
0.532640380134195
0.43615024838982
0.556763830681655
0.639255658396219
0.612990638321051
0.628476700547653
0.641003109633062
0.528237244461096
0.564189653540038
0.489295861591333
0.548506934781529
0.559783152207418
0.587210127807449
0.403921494889695
0.632835589880733
0.635827578269808
0.621893655986709
0.592441264811154
0.453830523964658
0.549530558399778
0.480442165347508
0.598003768751405
0.590020966957356
0.329012522903763
0.392695973941396
0.458391622217013
0.355905546712098
0.438653224166637
0.398011714993164
0.638736409019877
0.363301278248495
0.465886269981071
0.459124292615068
