0.17
0.142704485014782
0.129990297368573
0.126020877310458
0.115268472291942
0.103046833716545
0.109312282584387
0.113175771425112
0.147031323987846
0.152119733004363
0.146996069060716
0.132828857588823
0.118973032449218
0.138227202537599
0.146659003908328
0.135930689243526
0.11171477298475
0.11263603141884
0.141504224161701
0.149680015239048
0.138115095216741
0.116954543881956
0.143769678816698
0.111910771293522
0.117470656079167
0.123132451437476
0.128653076846431
0.132867256194947
0.0891445566107031
0.0837725746617395
0.0870389257194709
0.0956012492512369
0.0909831687608439
0.0908955912157491
0.100329333375359
0.095731859237774
0.0883100965865931
0.0759513858381605
0.0800849431298179
0.0854010693153488
0.0942430218056494
0.144121550096613
0.146909169221083
0.19633570913267
0.191368452384653
0.165934659634511
0.163595331626636
0.125379692257963
0.110183574116742
0.0847825221070952
0.0899919651771854
0.134408046237934
0.117998844569959
0.141103038080198
0.129527512383416
0.137021749583487
0.137682526377972
0.116862849361269
0.138835729436713
0.101798282435162
0.109481816847171
0.111293744316662
0.125195371189194
0.126027392764523
0.135389121726921
0.157847086352839
0.145115672225152
0.1655852021084
0.132504623054319
0.143219585188761
0.143005366345336
0.131336602644498
0.122375434246881
0.140460373763356
0.131937831902378
0.115114972831651
0.100871638985196
0.0956192690882084
0.0982204488606648
0.125160539294327
0.135496042207773
0.160841370098954
0.15720998524501
0.156773206128805
0.144691084804306
0.129615667168397
0.135901254575464
0.146997589988543
0.163741518127474
0.16154724483209
0.130602794196931
0.144610459657476
0.148149533459868
0.161843168852394
0.159678447559758
0.159236520840529
0.137309207006934
0.137279558235376
0.138855730767532
0.112045565600846
0.129929430503037
0.130137710799547
0.11196552039984
0.105217811972002
0.0911056666636621
0.11555785273093
0.106795507007298
0.0927513861731774
0.0767388996310047
0.0759336613118089
0.0833960666530077
0.0896546707438357
0.112946552695435
0.108236380952753
0.129025160237363
0.119357484971989
0.0903735991308719
0.0982228691460131
0.100055147709594
0.0975236497457928
