0.17
0.170159034283071
0.157894234907579
0.107453890442039
0.12156188528208
0.129101309269087
0.105576349420273
0.102575956768056
0.101587625150275
0.100562080132678
0.102395667378739
0.148892696173423
0.126953029206823
0.136708464745066
0.132154701190391
0.098922447513503
0.108197861518873
0.10701788551228
0.102701628402124
0.0851759498799043
0.0899858903432762
0.110319123160453
0.097449586238881
0.096031900122648
0.100338699260184
0.0919943374167686
0.125248220564716
0.0986399773366438
0.123004901841185
0.134627812610745
0.126394780937469
0.102983554057666
0.115430938180791
0.135729317108443
0.136500799579495
0.120973207518459
0.0880285525415629
0.0886358937566306
0.0811870633926755
0.116359460754793
0.111740921202778
0.119613764743719
0.122646664586882
0.115101685556755
0.12154439045597
0.129869038285112
0.0989016767112029
0.072120734990499
0.0947251294950304
0.080170637278104
0.0956617135667698
0.0895244762594304
0.0808526816949091
0.0981380473541485
0.0904311269752825
0.0899299244377295
0.0997255925268756
0.0770105487988076
0.0762653721589295
0.0772459558890246
0.0959391072588196
0.106161565078695
0.10873774315704
0.0935242852733372
0.0850539356621251
0.0903670534451345
0.0971319526238388
0.0932486470320073
0.0784431351548839
0.087336635060066
0.0894425285533529
0.0827995135873374
0.0865676054143404
0.0919944636216415
0.0788949727565882
0.074356517266947
0.0794142154211077
0.0898334902801274
0.072393952637531
0.0685144255414501
0.0736092906784476
0.0781141687830288
0.0748061168409988
0.0792649197672033
0.0791729242070223
0.0811529838553607
0.0816135225036987
0.0856921364004408
0.105176070233302
0.100251676971918
0.0830155566262988
0.0742467639651676
0.081902485103271
0.0772426380462662
0.0660918968029449
0.0684005849384495
0.0687040985659564
0.0753231573099135
0.0730027697844609
0.0836070849604368
0.0757146120528216
0.0770807036695696
0.070221469359624
0.0752895107900594
0.0894229019178706
0.0924801581536677
0.0883126751969209
0.0810085978817303
0.0889941708268414
0.0890992091784803
0.0793728924587899
0.0801643397355629
0.07576546409793
0.0666888302512724
0.0647502487975123
0.0636791792285231
0.071132733304113
0.0667742481140332
0.0691861635909472
0.0685549102680351
