0.17
0.171514840199203
0.158946935629469
0.135233620517538
0.151519076591368
0.142755506363662
0.144565177017125
0.149132812396075
0.142830266773529
0.101799310955156
0.108039184837547
0.103939531600178
0.102833969160169
0.127395409124016
0.140745393206729
0.148027928663681
0.144440217474094
0.122335488841647
0.144891358000939
0.11660619903099
0.118805769404593
0.141958766856456
0.147069241331268
0.149101790931235
0.14282323276013
0.131879766682152
0.109149172508112
0.108347615621253
0.107668983623567
0.111915811865637
0.107543187353263
0.11640001452787
0.124985296790535
0.125226935728515
0.129224054147569
0.112049543477192
0.116986817441965
0.105691576219137
0.151915475874084
0.131322763786705
0.12680288990725
0.132547338250373
0.130232474391112
0.133370296126213
0.120949302044121
0.113022500712475
0.128453165269042
0.136420086454663
0.157386191632994
0.134432936173159
0.140302079347115
0.140329286538148
0.148867502942411
0.153673679935737
0.1601928913823
0.154990388277535
0.14415120919046
0.128621581105555
0.115062653844502
0.111725221805172
0.138300556930009
0.142871321382779
0.131687062342085
0.133040347125991
0.122637091997639
0.132902900526554
0.133982529625814
0.127176373519176
0.163773782494616
0.127113358410904
0.123885538752063
0.128224560846215
0.108203207773854
0.110624499652911
0.113427783802256
0.118957530436801
0.124501048909827
0.114636960890064
0.118422832764568
0.138138601011742
0.115625567868123
0.132413361970513
0.12330630464503
0.125783369721921
0.127247141379065
0.123539177141876
0.125559940462183
0.128363131362824
0.147741192892267
0.146175772673294
0.123304537239848
0.111637658756098
0.101510795022117
0.101598235456997
0.0938932900091936
0.122287114135201
0.0955973530910095
0.105151022005972
0.11173874208153
0.126951059546763
0.123378996988571
0.12723258849784
0.121558611177512
0.0949140743818298
0.107540982162599
0.121590478764973
0.107145870573335
0.142667916047611
0.147998700611413
0.133096989172088
0.0975330640632214
0.0963107727753782
0.0998172564525294
0.112930339285972
0.110881471649358
0.0898744218769222
0.132335463825458
0.10506357675136
0.107967776398161
0.116723500497589
