0.17
0.156863994923079
0.132133435710913
0.136622668936179
0.144501114370759
0.144843635433793
0.202967483046016
0.169757842741298
0.138631603102477
0.138007617362829
0.148224203197335
0.171307975990278
0.186400685497587
0.213189336571866
0.210132375983803
0.207509907731072
0.176528634944638
0.18003860572005
0.145860893500405
0.18924522491746
0.145252965853355
0.123400976429744
0.168195212488899
0.157405251766574
0.145708884709236
0.149773337798341
0.149106651347208
0.132424764761016
0.114577226648632
0.11678565539835
0.130952868637424
0.108094808229918
0.090008917153556
0.102226787109204
0.111355422551006
0.114509288499316
0.0979639646049999
0.101219961620783
0.103057512183623
0.100617630308323
0.0955489485157164
0.102379901120721
0.121197626026786
0.13112307008152
0.1386663405248
0.128872796801266
0.104709678009628
0.147130738073073
0.114649756156985
0.0900527875145498
0.0729464692691938
0.0816259734099982
0.0750849548812512
0.075250618452956
0.0847684478437012
0.0876338698041095
0.0888891037992707
0.0836503727094326
0.0892234623165011
0.0800087931837223
0.0871424037176441
0.0790580902359123
0.068766824890505
0.0800043855644078
0.0784609255253013
0.0762480813599587
0.075961042882049
0.079046471017317
0.0847110062374413
0.0839839427057044
0.075470964080286
0.079026615257096
0.080831427918593
0.0803159155953387
0.11116394927722
0.107144113331541
0.10420089216484
0.12065660923838
0.170538979583407
0.192286578465398
0.160356494447701
0.12469488372228
0.125454004631999
0.135942723764547
0.182555130178591
0.163941008770546
0.154111832420353
0.149815252190034
0.165912405760603
0.137244443309253
0.175751406671507
0.269554206891384
0.283439920402411
0.286975957283553
0.185273422788183
0.15308450312097
0.166739928982002
0.151826311811703
0.145409359145244
0.136662934942646
0.147721037397089
0.161045823760947
0.175678098912317
0.215886768643733
0.218975974751957
0.220627028310671
0.207099029114885
0.162538033724737
0.170194107526433
0.114989620839741
0.112377495068298
0.101882609314037
0.0958879445097016
0.0993381852243397
0.105344718096737
0.105234790184324
0.124815134980142
0.107035785940135
0.135591964139178
0.132258539762772
