0.17
0.169285204167789
0.166233909671371
0.191828383058409
0.185288191100863
0.19144108419357
0.12265626607948
0.0938021060885964
0.0969687154860377
0.11109583023215
0.0991871316748199
0.161843992753743
0.135709205142189
0.134729265066925
0.093763952533356
0.0951221207663588
0.0973510400510136
0.0983426735704449
0.102609230148793
0.10394119502499
0.0805472191046877
0.0838384250800068
0.0917560208856598
0.0983256619303555
0.0985481392807828
0.0983417601188007
0.0941254641874206
0.111937752133492
0.103837768917578
0.115416625053604
0.119266750400429
0.0911640438731194
0.0906440515698667
0.0966347675461397
0.0797219609845352
0.0996906040942141
0.125612320432523
0.0991381899230348
0.134871851439127
0.136214665541606
0.134674559190365
0.10164506606189
0.0819306438128264
0.0797594458953924
0.0863091435416486
0.0989116583272006
0.101567337700806
0.102189685613259
0.0859027290312678
0.0903751300515453
0.0833928977382879
0.0995122816451695
0.0899435614076636
0.0821697824183996
0.121345720975836
0.115921216772284
0.11481997266974
0.10459200865174
0.137214947643521
0.137411807143302
0.157996294234311
0.148644637654012
0.14633996911632
0.142111014735728
0.133448729008282
0.110206277288428
0.0884957520494891
0.0799723933257481
0.0719798447775976
0.0689254968717135
0.0762078825746221
0.0848499554680284
0.0875929892501091
0.0953960213161265
0.0829486619390276
0.0752680610399491
0.093108828475988
0.0899452520311982
0.0813073838063088
0.0748277327827093
0.0770011443620469
0.0764242767141069
0.07803176802664
0.0784577325555185
0.0656997041599865
0.0616578780528181
0.0618519164737912
0.060872324927925
0.0592359023149125
0.0575290697005402
0.0596888826285862
0.0573406463211147
0.0657021954786721
0.0786748656923272
0.0688058869642982
0.0666714480519616
0.0645023349797125
0.0626341948248655
0.0644847690216627
0.0667163176387838
0.0607196418661449
0.0613119049835016
0.0589054776372048
0.059223392056607
0.0636021246269102
0.0593237146191818
0.0597657104872333
0.0660241379753249
0.0676322921708161
0.0749570333307897
0.0755965914579365
0.0822748726887788
0.0853324403577302
0.0973492993760077
0.097063986324228
0.110567282523593
0.139218738115678
0.107043134617454
0.109091431534887
0.106734961783206
