0.17
0.173968650388551
0.161817134317376
0.140810242073888
0.109624228004918
0.124094171949701
0.112373955275469
0.105444632057476
0.106460471636654
0.119322226235406
0.122009714279366
0.111250590635053
0.100122453064616
0.0979969772567649
0.106137805802438
0.158460777446531
0.144186643566273
0.120137272917746
0.103916769679155
0.114523252739522
0.111569598253457
0.113676165153794
0.103390498882658
0.104454321058516
0.107044518789221
0.110367737705037
0.099645732712907
0.0891870375718525
0.121166448970947
0.126524916857737
0.0973024348526819
0.0970012968644415
0.0919145187403447
0.0937723597113336
0.0940042480353471
0.0739124185639306
0.107019773728145
0.0965876550708658
0.109733286448129
0.118386033795621
0.116194121514631
0.112665624528394
0.0968587662623809
0.087387079665365
0.101014048190409
0.0881452198690534
0.0857871179107834
0.0723032834597436
0.0717491893309364
0.0759856617607344
0.0698700868069679
0.062946454282885
0.0716796988198069
0.0774541850521759
0.0982550246266411
0.105962451200233
0.112179798163939
0.0817397397856837
0.0903808421916461
0.0932602859429069
0.104555170779709
0.108396142658106
0.106329898769153
0.105811941883467
0.120042850995213
0.13009920802237
0.149959050235371
0.138002870660345
0.138699533829339
0.121414376160466
0.0968374923801202
0.0941207592740984
0.0878119584753028
0.0863617721141073
0.086662438651383
0.0855236044388382
0.0802701349446796
0.0752752249216013
0.071619780947558
0.0810692346362224
0.0750059241203153
0.0854472216456793
0.0985976586379866
0.0920900326919364
0.0818497155058856
0.0784017887680225
0.0729551639670558
0.0756713376542753
0.0962287194852986
0.0921890359028119
0.0935285824260562
0.100539994976837
0.101558047424437
0.089076946623637
0.0861565956692792
0.0984529315397171
0.125581410359923
0.128274517869751
0.122168761887069
0.0830652468764617
0.0651875227711112
0.0627101032612569
0.0636398065407097
0.0632234931517246
0.0675644486476761
0.0832078039655372
0.0974962356952782
0.103261198774771
0.101245227860488
0.100541000977805
0.11416735863056
0.116606224645699
0.0938004905333909
0.09104000004346
0.0925652769080259
0.08217025481933
0.0806545104738973
0.0845328143402304
0.0792680967784882
0.0751059453219
