0.17
0.152277578502985
0.153732447024096
0.151977537258758
0.136463810448867
0.109344078816483
0.0828871639484913
0.0983065465753962
0.102172977324847
0.139413552922774
0.136833671497039
0.138160310625336
0.146772840257413
0.113193123247032
0.0780172253962862
0.0874763762647262
0.0893296744227185
0.0882930826170993
0.0742756971005064
0.0878971552366987
0.0994551363347315
0.118798692577434
0.119686844608956
0.127706897692997
0.181235870504653
0.158177374135103
0.167273776018248
0.15413390989601
0.114192100684542
0.103317845688749
0.117730520087674
0.161778207678321
0.145662292120872
0.15619370147817
0.14925167136016
0.128711014855431
0.133185484234652
0.135269551290123
0.145197673697973
0.143147721340361
0.130954584701854
0.11134522833443
0.139063653232802
0.167870188246626
0.163262395558192
0.182269900458528
0.165402045282629
0.190649246414641
0.161389265921384
0.182463153311309
0.175996332774777
0.16525628482729
0.163279570157051
0.115339915804719
0.128572701802621
0.179985832398919
0.167946661422503
0.16797939877525
0.216127233725277
0.179778051883387
0.169087973394286
0.169571472975421
0.118039453125672
0.141555307670722
0.146851253935016
0.162761535951697
0.180425457631591
0.174707362804012
0.170181041536253
0.156342948273606
0.163655059785339
0.175081319193282
0.168646866714063
0.206782215723291
0.205272555695732
0.178124287950281
0.177300036992812
0.160863823972974
0.157368831885962
0.184375648778981
0.137081725595554
0.128831865885418
0.135855443929896
0.147145997389189
0.158130829882855
0.162879718280904
0.142873458010563
0.143189182029265
0.144574785701773
0.159039078065913
0.127387498758213
0.13609322269735
0.134531004090373
0.125255256084221
0.119382561792798
0.100479466267184
0.113202351245746
0.113465891777797
0.120559014306855
0.106982439763047
0.123009977831593
0.120369717770589
0.161503821058482
0.153846277857793
0.136588161300406
0.126683976778043
0.138857110841101
0.127822425784188
0.139740110470013
0.123643475232716
0.116501026727306
0.116418562245321
0.128437976789543
0.166530036990281
0.172715047652118
0.141571706398109
0.131272887770594
0.158175143146193
0.151936778884032
0.145193147309975
