1 1 1
1 1 1
0.528467908406633 -0.498779343763222 1.18195273705963
0.528467908406633 -0.498779343763222 1.18195273705963
0.633812626867618 -0.497488827483045 1.29500755529992
0.633812626867618 -0.497488827483045 1.29500755529992
0.633812626867618 -0.497488827483045 1.29500755529992
0.908160651746528 -0.305104829665635 1.17452175480297
0.908160651746528 -0.305104829665635 1.17452175480297
0.885039668519078 0.286672311251702 1.29196669875989
-0.117417416194081 -0.488731854587683 1.81975068126643
-0.117417416194081 -0.488731854587683 1.81975068126643
-0.117417416194081 -0.488731854587683 1.81975068126643
-0.117417416194081 -0.488731854587683 1.81975068126643
-0.864092572435542 -0.684807301748431 2.15677619064709
-0.864092572435542 -0.684807301748431 2.15677619064709
-0.864092572435542 -0.684807301748431 2.15677619064709
-0.88116473458663 0.101990149760112 2.2947078459713
-0.88116473458663 0.101990149760112 2.2947078459713
-0.88116473458663 0.101990149760112 2.2947078459713
-0.928002433836099 0.385156974439229 1.74430430625527
-0.928002433836099 0.385156974439229 1.74430430625527
-0.438281681520443 2.03888219574437 2.12823681972815
-0.438281681520443 2.03888219574437 2.12823681972815
-0.438281681520443 2.03888219574437 2.12823681972815
-0.438281681520443 2.03888219574437 2.12823681972815
-0.438281681520443 2.03888219574437 2.12823681972815
-0.204254194265734 1.85866370929594 1.81844021686937
0.0600146472164286 1.63331632785433 1.32678793560208
0.0600146472164286 1.63331632785433 1.32678793560208
0.535414941489993 3.09242076718863 1.30816994331403
0.099301154264598 2.41260764786422 1.45712454112683
0.099301154264598 2.41260764786422 1.45712454112683
0.406258994954732 2.69799013895839 1.6960343624786
0.406258994954732 2.69799013895839 1.6960343624786
0.406258994954732 2.69799013895839 1.6960343624786
0.406258994954732 2.69799013895839 1.6960343624786
0.406258994954732 2.69799013895839 1.6960343624786
0.406258994954732 2.69799013895839 1.6960343624786
0.406258994954732 2.69799013895839 1.6960343624786
0.406258994954732 2.69799013895839 1.6960343624786
0.406258994954732 2.69799013895839 1.6960343624786
0.406258994954732 2.69799013895839 1.6960343624786
0.406258994954732 2.69799013895839 1.6960343624786
0.406258994954732 2.69799013895839 1.6960343624786
0.736391967532336 2.92367954402973 1.74639581962851
-0.144188163245856 2.51976652160093 1.65960788042459
0.422528190472687 2.58207916204526 1.7666725778297
0.422528190472687 2.58207916204526 1.7666725778297
0.422528190472687 2.58207916204526 1.7666725778297
-0.231486154636947 1.98104254333467 1.45505736296626
-0.231486154636947 1.98104254333467 1.45505736296626
0.0411228482749914 2.81067434064791 1.62291230785971
-0.800812927604017 2.47989552011555 1.40717442229285
-0.800812927604017 2.47989552011555 1.40717442229285
-0.754178712211065 1.79540620178805 1.19601629166735
-0.754178712211065 1.79540620178805 1.19601629166735
-0.754178712211065 1.79540620178805 1.19601629166735
-0.754178712211065 1.79540620178805 1.19601629166735
-0.754178712211065 1.79540620178805 1.19601629166735
-0.754178712211065 1.79540620178805 1.19601629166735
-0.754178712211065 1.79540620178805 1.19601629166735
-0.136332669329136 2.22091993276436 1.36187108123899
-0.0749609828326241 2.19950352626541 1.61007694801503
-0.0749609828326241 2.19950352626541 1.61007694801503
-0.0749609828326241 2.19950352626541 1.61007694801503
-0.0749609828326241 2.19950352626541 1.61007694801503
-0.0749609828326241 2.19950352626541 1.61007694801503
-0.0749609828326241 2.19950352626541 1.61007694801503
0.369916072828355 2.35886821544787 1.63582940427461
0.369916072828355 2.35886821544787 1.63582940427461
0.369916072828355 2.35886821544787 1.63582940427461
0.743682122161683 3.64781322727553 1.61292868246506
0.743682122161683 3.64781322727553 1.61292868246506
0.743682122161683 3.64781322727553 1.61292868246506
0.743682122161683 3.64781322727553 1.61292868246506
0.977737860470654 3.74618908594938 1.39315084225329
1.025820339391 3.78208645288474 1.39070035024438
1.025820339391 3.78208645288474 1.39070035024438
1.025820339391 3.78208645288474 1.39070035024438
0.306832903343242 3.41784321574386 1.74038033906533
0.306832903343242 3.41784321574386 1.74038033906533
0.306832903343242 3.41784321574386 1.74038033906533
0.306832903343242 3.41784321574386 1.74038033906533
-0.806784334904485 3.56364245475246 2.04760606724366
-0.806784334904485 3.56364245475246 2.04760606724366
-0.806784334904485 3.56364245475246 2.04760606724366
-0.806784334904485 3.56364245475246 2.04760606724366
-2.29089189390296 2.95519792669155 2.29121995293697
-2.29089189390296 2.95519792669155 2.29121995293697
-2.29089189390296 2.95519792669155 2.29121995293697
-2.24656368274514 3.28476034963647 2.2160674484767
-2.24656368274514 3.28476034963647 2.2160674484767
-2.81428653077677 3.47903317402668 2.39687430666427
-2.80997201805559 3.18447906569821 2.42265451616027
-2.26125199783289 3.70117949408336 2.53174856715566
-1.66923251545788 3.70081423763821 2.8006032887401
-1.66923251545788 3.70081423763821 2.8006032887401
-1.66923251545788 3.70081423763821 2.8006032887401
-1.5375827521577 3.47381511936106 2.86380472964089
-1.5375827521577 3.47381511936106 2.86380472964089
-1.5375827521577 3.47381511936106 2.86380472964089
-1.83595454036646 3.03909773825531 2.57059909446005
-1.83595454036646 3.03909773825531 2.57059909446005
-2.20846182479071 2.66169388235319 2.34037328814857
-2.20846182479071 2.66169388235319 2.34037328814857
-2.20846182479071 2.66169388235319 2.34037328814857
-2.10177893670757 2.68295114357603 2.12030241904229
-2.10177893670757 2.68295114357603 2.12030241904229
-2.10177893670757 2.68295114357603 2.12030241904229
-2.10177893670757 2.68295114357603 2.12030241904229
-2.10177893670757 2.68295114357603 2.12030241904229
-1.08864348434689 2.45748444220075 2.32232696318284
-0.203022379332057 3.23767322304057 2.3738556178786
-0.203022379332057 3.23767322304057 2.3738556178786
-0.203022379332057 3.23767322304057 2.3738556178786
-0.106467625449363 3.20491693097853 2.48284208899538
-0.106467625449363 3.20491693097853 2.48284208899538
-0.106467625449363 3.20491693097853 2.48284208899538
0.505801529706542 2.54204779254951 2.30064491604666
