2.4999
2.49987750559935
2.49983664210295
2.49988292580279
2.49987150556408
2.49990193001765
2.49991001856008
2.49989550149713
2.49992182087394
2.49986653414988
2.49935974110696
2.49978855105248
2.49982249312735
2.49993744388027
2.49985772926319
2.49989886858944
2.4999715222549
2.49995534539183
2.4998372227597
2.49968705798027
2.49976440520391
2.49968952985028
2.4993571746735
2.49880082904886
2.49751941307827
2.4945368987774
2.49754770842933
2.49777850021741
2.49684074375382
2.49224691884304
2.49554108071695
2.4792534163324
2.49128778855554
2.49364845128537
2.48835304941655
2.4899359110858
2.49357562846709
2.49602296655303
2.4916154014794
2.4914448915229
2.49783078935364
2.49950195323073
2.49957448665565
2.49846787789925
2.49453042237934
2.49431946500358
2.48946582468173
2.48936760472537
2.49064225062666
2.48620002262884
2.49025598155295
2.49428406439259
2.4957558351588
2.49842239728846
2.49863082806638
2.49483410864943
2.49836774756019
2.49886201007159
2.4993093900586
2.49980925794699
2.49957797286068
2.49943827498114
2.49971971656244
2.49973648268065
2.49980357701724
2.4999354010131
2.49986280854854
2.49974041757314
2.4993314345122
2.49929186523779
2.49858082849326
2.49842919360926
2.49756733180462
2.49875251603488
2.49827978341009
2.4891310974389
2.48461300978328
2.49178912770324
2.4944618306711
2.49422998980951
2.49579050252487
2.49611842031141
2.49340729496353
2.49277689204598
2.48723073765776
2.49046092073416
2.4866721996481
2.49168302622901
2.49326130603087
2.48361944059212
2.49177483003736
2.46703105267887
2.48430635389294
2.4647687172918
2.47585893929745
2.48641221247977
2.49152142551622
2.48856149646235
2.47077255193107
2.48678970764751
2.49199057972144
2.48922926128593
2.48229831509403
2.49328576297768
2.49465419609889
2.49344133700734
2.49858208626886
2.49926027508437
2.49899986676501
2.49888433377615
2.49964221887092
2.49988135382371
2.4999332993345
2.49997930859218
2.49999472126172
2.49998701355531
2.49999413892163
2.49999660683501
2.49999850525644
2.49999751064709
