2.4999
2.49993558096769
2.49997241183278
2.49999141777262
2.49999165237469
2.49999431155288
2.49999135343854
2.49998721562991
2.49997384672855
2.49998429010962
2.49998674400869
2.49998173942778
2.49999153881399
2.49997335058388
2.4999936690585
2.49999683301909
2.49999742524223
2.49999057349513
2.49998833540561
2.49999735394554
2.49998593032514
2.49996722448501
2.49994303509808
2.49995187543284
2.49988055746801
2.49972620993909
2.49986752647799
2.49934070585708
2.49902133535361
2.49759357731031
2.49475087515726
2.4951826592934
2.48302813926261
2.46281502283747
2.4484735944147
2.44320221601672
2.43654610480666
2.43941092814644
2.40969173034059
2.34628541424692
2.44413954651375
2.42479258771337
2.34537898054845
2.4327866901586
2.26966975868481
2.41977310037099
2.43558853358307
2.47304791562628
2.49211159086953
2.47120966414444
2.42522850564113
2.4450353472085
2.46282107778547
2.44767995326334
2.32167588591594
2.03989388255388
2.08736886717568
2.07387972697603
2.30766144494258
2.29669312077894
2.26130339332663
2.07462427104227
1.62092964953884
1.40809152675515
1.29766979518402
1.37131249422657
1.1681734076252
1.15482165765581
1.0990604768468
1.05319742672738
1.10105236459595
1.08974736563571
1.03427527457556
1.03203931005735
1.0220052787111
1.02307662739314
1.01163639684151
1.00358186645829
1.00423711882868
1.00198145765457
1.00246669072308
1.00114220548541
1.00173661793936
1.00136042580797
1.00240806501023
1.00492594232142
1.00352527512108
1.01290206904327
1.01403113316152
1.01592785834397
1.0473478131348
1.02682618063834
1.07077900932639
1.37860254634169
1.37206244283123
1.38764290165587
1.37595679731262
1.42248469669382
1.71472562651247
2.05771663291645
2.2738878871795
2.38506951245161
2.48098505800824
2.43948631542638
2.38822532236728
2.4590495804691
2.47509863488555
2.4747010276469
2.46495561928307
2.48956480709797
2.46419815489428
2.42220594831077
2.48018846225391
2.47628721210821
2.47253328473452
2.44532801654659
2.48327745019253
2.47500810142435
2.489343534278
2.49675283270223
