2.4999
2.49997244842258
2.49998922371271
2.49997331678638
2.49998735365736
2.49997048656379
2.49997218520095
2.4999835316056
2.49997870877012
2.49996536548771
2.49997916230667
2.49998294827967
2.49999339351026
2.49999537326958
2.49999630431559
2.49999459864579
2.49999487730013
2.4999958332732
2.4999959136124
2.49999610538596
2.49999380175546
2.49998135199486
2.49998367373561
2.49998329452664
2.49998071979505
2.49998140125374
2.49998026172783
2.49996213865189
2.49994979624626
2.49985396570667
2.49990797472101
2.49994517692791
2.49994220964239
2.49972492874879
2.49982128466987
2.49985015036904
2.499912777378
2.49972982628397
2.49961135014673
2.49948488961014
2.49958762470669
2.49923057528957
2.49940363021992
2.49936398255311
2.49954568346656
2.49845542537794
2.49857960731764
2.49899268090932
2.49748212006352
2.49772684324363
2.49381845069915
2.48587711970854
2.4833737570002
2.44818881715058
2.44386171183691
2.4509542102472
2.44826337608572
2.47924199846369
2.46648656602131
2.46402164676497
2.4705041681212
2.46775618373456
2.47080547503857
2.45536294677473
2.48360727127598
2.48747959765457
2.48740777950077
2.47996114605215
2.4862539159582
2.48443262138592
2.49531908377471
2.4975605031767
2.49926657362539
2.49824703614821
2.49814009070776
2.49681020791641
2.49690112234355
2.49631454449711
2.49828551983235
2.49891087325847
2.49841311634232
2.49655209221767
2.49649603432198
2.49009690143316
2.46294127713288
2.41432676135987
2.27831190283071
2.17347282572671
2.1222074986667
1.91910158815606
1.89939978676074
2.17686059219767
2.29680325676035
1.88940463461596
1.36481427566851
1.44135283665474
1.50082916201336
1.34029431761373
1.78415833845514
1.8772479743686
1.5789456347018
1.63499137068716
1.33644407261647
1.40655945775053
1.96202918447819
1.85615227504075
1.67593822576509
2.07653369999393
2.13042944656806
2.40447603812251
2.27092894538631
2.45043287926213
2.30028579811063
2.30761098624641
2.37383436444495
2.45598975280471
2.46973401013883
2.395164393195
2.36953248675433
2.4357278955611
