1.3375
1.84897642614058
1.90177256318307
1.89576861470527
1.35439615534751
1.19453227848395
1.12170463702321
1.16562788363013
1.2489985164618
1.25348182894288
1.18335437581197
1.38120978254731
1.26661438950655
1.4363189658616
1.23065971026478
1.13342499458117
1.1742411125173
1.09677071615723
1.12047222947309
1.43317440421044
1.58945399471727
1.3837923302436
1.55717506986381
1.600849950606
1.92436055929758
1.90371174539485
1.98532830152273
1.92833109813481
1.80217517116545
1.95590736661694
1.9314380402764
1.99542227037444
2.26429982209995
2.30955295981908
2.25804062844691
2.20010075630973
2.21308966191522
2.35777513589907
2.41926869634477
2.46312842114582
2.44105516147578
2.38925699437484
2.43583374884003
2.40157935739616
2.13169944471207
2.07210432896983
2.08382377817131
2.08024458073203
2.10798409345804
2.16410738791642
1.93935034771221
1.87275923983848
1.63931721711119
1.81251480435765
2.13914201257855
1.76512310706839
1.86902857509583
1.61249685152537
2.13391656290518
2.42380004624086
2.41570431094783
2.42447317225604
2.45745461471381
2.42083981981894
2.42344848186044
2.45782820192265
2.48533398661532
2.42662731966877
2.29248679947943
2.24873563491433
2.15245200965162
2.37524247478774
2.44064100505451
2.41925599164649
2.37765105912319
2.27425190728712
2.33698431176957
2.24223248988386
1.99291506119651
1.76013241655841
2.00988851411128
1.76509149598304
1.83144166484793
1.3423638926387
1.14713715297726
1.29298678456274
1.46455868315542
1.69774293593101
1.65322121864403
1.51414542667883
1.38123332161975
1.37491296684426
1.25510948149067
1.30451945102626
1.33244767025048
1.4865706831616
1.50087870790349
1.58289350152545
1.471858743453
1.82817229663852
1.31587884493741
1.43675185486016
1.58697103654473
1.30746629914963
1.76537021668575
1.56822456648569
2.0542189264434
2.1610269712774
2.03432598518356
1.65289463405631
1.79443707108891
1.90022937951249
1.63652131642018
1.54599803172433
1.25805460386663
1.30136128709338
1.26378850430153
1.07947591015701
1.10426996702604
1.27007244880387
