8.27050877385773
8.66104154147498
8.75518057483204
8.79425449007322
8.74833271114588
8.45650072541896
8.19878861833446
7.78420601503882
7.54289728121791
5.62801872501022
5.67370416995294
7.77120873689843
8.37992203336962
7.11515961083405
8.36754754253889
7.61080090251776
8.38426190256635
8.540166302031
8.0587248557051
8.07344681509758
8.43461731753215
7.50575787310626
7.64222669335248
5.63519697411435
6.01351117023275
5.87095291058244
5.7798015037264
6.21013161770174
6.59697051981756
6.19841319896203
6.12130012067461
7.75108848924206
8.07748179214633
7.32550311083005
8.13278770828405
6.94228807087509
7.43862087827736
7.99184765947867
8.73936238020461
8.53794251498551
8.13418191158331
8.65224573029776
8.64011303813748
8.13514495188051
8.25786120436684
8.65565587722676
8.03359472857542
7.54849365842233
6.89864001655656
7.01960929389169
6.30315410230489
6.25176535194952
7.83149431854813
6.45084896633343
8.37537122351059
7.33045495469967
7.44725987071645
5.72061905702391
5.54151093638019
7.0387812755843
5.97193354667393
6.0347335804577
5.51335509680648
5.85548812702671
5.938604103704
5.5492983035189
5.99339148570977
6.84111758675926
5.61700832191902
5.90771923207491
8.35292979398809
8.5315052265255
6.86543816528499
8.16891162478947
7.95819055043439
5.88074778437058
6.04326426402021
6.12209860687605
6.14196513438309
7.97895463544508
7.81020537427835
8.03322988559806
8.20631517648987
7.09252985825764
7.48617535008227
6.56960273571023
6.40416029733539
6.04848623494126
6.23685773154954
6.01439664083533
6.0341390276725
6.73380601091572
8.16518200199182
7.58575875646563
6.05388898601957
6.58031715660927
5.87907225133445
6.48205898844408
5.80346601746274
6.14779334329296
7.16509762730758
6.681698542046
7.57392056428021
6.86211379370627
5.72371660426126
5.74453899680001
5.72275639308725
5.75853545710457
6.01744061305316
6.80869306739928
6.48306271163202
6.98365025073732
7.88903591489978
6.74954001870302
5.74911168586401
6.48212001003431
7.33197883972856
7.77391064124621
7.79100128301933
7.88040309799409
