3.9131391222978
2.75966963902826
2.89876596910943
3.18792353421494
2.36928559221439
2.37920628116158
2.48573313217869
2.46938319412376
2.37566014211015
2.71000906631098
2.25156129979513
2.62386666015562
2.3511961914502
2.562913086329
2.05028097266378
2.30858670851118
1.84862076066018
2.00259445589551
2.5903435116117
2.55802515252778
2.92851166776626
2.82324568546937
2.15731068594194
1.5624890931978
2.90039307444489
2.56396789263618
2.69277911097459
2.06975986398836
2.24571310423063
2.69811443231319
2.6738298936455
2.65911156973498
2.2665478685407
3.05730245985982
2.13286815275333
2.68465823646423
2.7970495385846
2.76138690285316
1.66792695074308
2.10013176723607
2.62514709749474
2.16007427796975
2.16479635215923
2.75285114463714
2.54359115351099
2.46009292212327
2.53029551762697
2.33195678191033
3.2228731601757
2.44565319041161
2.9925681186656
2.90645179738233
2.243248970024
2.510838522402
3.07626151714399
2.83024313375278
2.83931889532638
2.92683414336937
2.7989203781861
2.56880734374867
2.76760486537371
2.36717245477452
2.39817306398553
3.21274431506437
3.2427986894929
2.92147759821694
3.29203554308679
2.93849782141852
2.42664138873257
2.95371513904291
2.61131521470379
2.85166583648568
2.73173930761115
3.68783226251181
2.92499256173074
3.7496902098499
3.0833228124
2.38684792222591
3.01711285719489
2.5663510928613
3.40878086290041
3.37770739481742
2.98155077911768
3.16837056647138
2.72432672111487
2.74983952200937
2.62006852976919
1.99484193101854
2.86625435032517
2.57534061584163
2.79512882436662
2.94477064991195
2.63362732537202
2.53743902301057
2.60352806760366
2.66643056186816
2.45921750973157
3.00400360256329
2.60782346847582
2.70243540587668
2.66187617827612
3.00473043681022
2.40196314039606
3.58001152073478
3.15149506081508
2.47519718338374
2.87007047723866
2.62434457782082
2.46215554520615
2.44764436049743
2.73522602030597
2.94570384568399
2.60007232236409
2.10201254860646
2.52946134216629
3.10789403773953
3.06467463517901
2.96446849594692
2.40461495993931
2.62274135859172
2.61959108162735
1.9205162989312
2.93873917762093
3.13529818411092
2.58603067581137
2.66391503326353
2.5118707921774
2.50050858856498
2.14126948706996
2.21442481632166
2.35825611886779
2.27511963616526
1.72762332382807
2.31411695048185
1.91061312913665
2.38441587643391
2.1570031852898
2.35977721847416
2.39639751805642
2.5019866868253
2.08932410021555
2.99910096880325
2.46789823769113
3.60104424710268
2.13394990733904
2.33369060367408
2.01834021376516
2.41748456155879
2.17883135903996
2.16084010509782
2.16238564769066
2.60083243263113
2.21956574321793
2.73163616873415
2.15165021100061
2.29174135046575
2.36224297765572
2.6124459084634
2.85775565222677
3.02878806702238
2.1221029520576
2.22144943821946
2.27789555430949
2.35516917490149
2.73402283251205
2.43977998139751
2.42499059891007
2.83128797163891
1.9612421257136
2.68352941872084
2.87409353612105
3.14617410712138
3.0210676641326
2.69538363247952
2.9925483872028
2.67820703303894
2.34965429585368
2.47821285465333
2.2870273805301
2.56255074926373
2.64324332374793
2.48754194293651
2.84403535473651
2.44494136936137
3.28901285656413
3.2206346696014
2.57288105284001
2.32466238394888
2.47007756370757
2.93936842819422
1.95021994218116
2.00122537941142
2.37357910001018
2.59235021382699
2.41687181958924
1.72711497194231
2.53573631400726
2.86123873583198
2.61537733525669
2.64610341587486
3.06332030080153
2.73862784589238
2.48429760359866
2.55743186976018
2.81032502408207
2.52269268954924
2.41985174308502
2.14931415274101
2.83136374025277
3.03888586119
2.19253944773464
2.55572892022554
2.10365263494421
2.27687809892321
2.82099877243111
2.55949488926976
2.65381735374724
2.74442005195935
2.78013615994627
2.07810829697152
2.91830964969508
2.80132990051987
2.23915370737463
2.1317121193734
3.00615626212298
2.80781236093684
2.65780990940517
2.78088752383824
2.59107894977266
2.48766579421247
2.45126727836487
3.10562252033045
2.65084639335183
2.83675936946683
2.47769542155866
2.16936849756153
1.5813782022381
3.28962310101042
2.28911832177451
2.92649420445746
3.02887994589298
3.36481380209576
2.1810630184428
2.68011863128283
2.62540040313874
2.48294125796058
2.10649151933456
2.31290639586441
2.52907756296771
2.56069725312484
1.96064191630767
2.6963488205247
2.33262843671927
2.97535633954338
2.19894841077919
2.31005003121707
2.38815914138896
1.95819164709516
2.5395245786229
2.74888770581663
2.13593889341139
2.20096642990424
2.80170125041772
2.306635676522
2.10465332203492
2.60261842450459
3.16892633403433
2.63700615355818
1.97492296686039
1.99941276134949
2.27412843397766
2.73485868947799
2.62331435518085
2.50901069014863
2.61418540368655
3.11664230997608
3.34739248613822
2.59419389211588
2.53177860252644
1.94507833669799
2.88088923391114
2.69548721420157
2.87460856813716
2.52620889434085
2.92132217337105
2.8318158120346
2.85283151968701
2.51770216668663
2.64782428853254
2.72216955640115
2.63331626556819
2.76186481085583
2.92978542951293
2.41324644048759
2.68340221531553
1.86650678676496
2.4095798217835
2.40520475636508
2.36920950146183
2.76879687764843
1.98667345241808
2.25372470577915
2.09521084695946
2.80123835823163
2.43810062156018
1.99964338515492
3.1797633801916
2.45566161514109
2.4755854466897
2.45584349207782
2.62688649979332
2.71889277310904
3.22259177785722
2.35286851672436
2.42337479481093
2.46555647313492
2.12903814468226
2.70785647092624
2.33073839060367
2.85425981810028
2.60053483689063
2.3426461436792
3.0738899235413
2.46447198954866
2.66622008960996
2.6845183854005
2.3873331801742
2.63866674311443
2.3436691634399
2.47506408129802
2.27115439250186
2.78587667908362
2.26865425230487
2.66941219101175
2.58371656351816
1.65568253066134
2.6862130773424
2.71729156412359
2.53247379000628
2.74159500974834
2.88174413040984
2.08522060980707
1.9321898681343
2.25416772496494
2.44804188234244
2.32430467687453
2.43236670391325
2.69364115624649
2.6908611774353
2.16046320368498
2.57289330205078
2.95256632539765
2.38689377671292
2.17864264251971
2.38940749730906
2.76609540623123
2.438145264841
2.76296991670526
1.85354698531252
2.0596248821545
3.37654194977482
2.11474537519916
2.60940881404207
2.9640978834572
2.26367406111286
2.83238202784568
2.79234623250081
2.28324140602261
2.2950530331525
2.93733819333463
3.08858375925954
2.65756683115948
2.41141055793899
2.42837755476746
2.35948756436336
2.60739575986108
2.5730258234678
2.28220706307531
2.36957875778493
2.46802752953292
2.34893833037545
2.47946982888092
2.53308763603276
2.90858788229397
2.72988327517897
2.99762163425934
2.74250373621384
2.71599965489976
2.08892569557022
2.47131863903518
2.7522840572308
2.19266215391885
2.15542212369007
2.68283558180475
2.17425821693577
2.80081391709064
2.25425011699696
2.40634641275705
1.81442724759084
2.66285581506533
2.57252408345273
2.90405922460761
2.39207181872678
2.81646019628638
2.55993263213306
2.01537770354166
2.67990077164364
2.55292153122529
3.28536720337374
2.49933489965306
2.42317700682259
3.23527686919378
2.41991616597152
2.51544829938269
2.27079389683634
3.14098281087096
2.39343346224106
3.36627012372027
2.64324093903403
2.40313352918113
3.06238162212465
2.74420913075578
2.48372251474297
2.59286840130319
2.90285730718605
3.01177104692878
2.8073434276461
2.46780219882317
2.10368009940419
2.41780069854603
2.11591194132631
3.08895019693584
2.50158781683187
2.31690772264459
2.69961387069363
2.86372423182907
2.34488046192137
2.55536203126624
3.50538178346612
2.66672839567779
3.35418279405069
2.54471024929623
2.48458310988701
3.08956682745879
2.51303357666493
2.5893849894793
2.41595199605748
2.05339561550743
2.50760840479026
2.52406508936777
2.16010181438314
2.77922678821779
2.59254840787568
3.2638018212513
2.97257492130612
2.28676685294497
2.78684295646644
2.86684720916816
2.87463548439451
2.89055092675819
2.66144263920397
2.43828294727988
2.59992170524315
2.92796632801192
2.37088610375447
2.28916425132862
3.05155019648061
2.37938689227811
2.66414686250768
2.16707122762983
2.26197369591796
2.61228380904764
2.60205030834682
2.60249595274188
3.45964545301747
2.68474550728953
2.22161845835897
2.50446168030118
2.31199177056964
2.4405689335975
2.21907293541635
2.74393053447207
1.43163234826071
2.54861763917243
2.35202098255274
2.16719195736831
2.73638534315978
2.50797973027433
2.58829593416318
2.88205574859654
2.69326789900825
2.30140449679329
2.47235441426634
2.56141102755395
3.16346630859174
2.6179323491297
2.7471636629143
2.47441333760982
3.46047343734834
1.99912009555224
2.97197838047673
2.96518692654295
2.81009526637495
2.55725415538662
3.45043400819572
2.66845079167275
2.90105273056825
2.84381524914079
3.01202184236227
2.88403401216521
2.81083252114471
2.12279631442141
2.97188756575413
2.83558754117672
2.96193760332521
3.19102837121455
2.85857061808007
2.58068923410645
2.96556888568035
3.64669581515777
2.55404325794625
2.72981999909257
2.81339771407084
2.9050586582416
3.36064688522102
2.1894456490692
2.3368741841436
2.29976521749426
2.97205617618128
2.58327096497838
2.17270406333119
3.4062985625987
4.07148720773558
3.08617393300471
2.83413749839635
2.41087792754155
2.57574929216367
2.17374810841877
2.37151138303847
2.95746729987299
2.25176771686381
2.43936735218595
2.48317016892216
2.12043367019685
2.62968818841447
2.25028211771367
1.94970471462155
2.4606444164103
2.34580256619516
2.71693580052786
2.22781721419654
2.20540281883301
2.44707738429284
2.2994870410616
2.50522157008193
2.26770441672882
2.70531848033915
2.60651379347228
2.63369276548896
2.11294713267628
3.23767234333678
2.64123478840981
2.70327195183049
2.17059106585692
2.00477144652574
2.97244164838438
2.93707576203565
2.21656826408888
2.8384230678705
3.395176458388
2.54689941988341
3.16583178550276
2.84305340493048
2.88048194828977
3.70414078393934
3.50434704920717
3.63846922580616
3.1940292585618
2.73489357374001
3.66891244031175
3.47609347747014
3.52207526824836
2.77224352923597
3.58323529489562
3.47177079178011
3.58905188112243
2.32059212438017
3.13166616697629
2.6101919674442
3.2895736249338
2.22271160540746
2.61951072429448
3.95129951744842
2.54630478338251
2.52566790013665
3.11867162482215
3.681549588794
2.18114890332201
2.38254121800059
2.76496381361664
2.377807897093
3.02229468004851
2.15073392758959
2.43535682335062
2.46041971228847
2.48324086451991
2.43468124093299
2.22748711129119
2.03893688710117
2.1408003127752
3.17830608090568
3.27934978972158
2.90969948031608
2.75025964597382
2.80533630293793
2.91341726197087
2.07747823463744
1.86653617098361
2.25319589823888
2.3905517179333
2.65084450112009
2.69791578943521
2.89975796524025
2.58354157272039
3.33714843901264
2.63655090049458
2.22924291656227
2.31032936708064
2.47894784518427
2.37651594701944
2.54039247380968
2.1900538700427
2.74187185441802
3.36778043351931
2.48194887708992
2.97434049810775
2.36767087176613
2.64131140316249
2.4599419725324
2.24572024594032
2.1544740599221
2.08365446508637
2.6894146781818
2.84843124972963
1.98248237194085
2.28272888234159
1.93962089271065
2.3207999151075
3.02341667524878
3.15194642957461
3.0259655705441
2.46633097365938
2.56980989998344
2.36991676989836
2.45399702720805
2.55390355213563
2.47204469012942
3.12456965396703
2.33968710880804
1.71834315714649
2.62616475664796
2.22020251454753
2.43959934908451
2.36032397785825
2.18556718912646
1.94877782812556
2.24491366222364
1.88465069445228
2.67277979015599
2.49889719245144
2.36310458067244
2.33532021136198
2.78682873537814
2.01396273549654
2.44568978223343
2.05920962027156
3.11166155721537
2.7341500534742
2.90908752334163
1.78387817032437
2.9875897806511
2.10677900605396
2.78823323790514
2.46948724050166
2.97323182561066
3.20930406497884
2.84353544153278
2.84855306163381
2.21707179818524
2.45753074715641
2.41717281847718
2.7615660336606
2.966844961977
3.20867752375536
3.06228365383558
2.86803124489643
2.37233331091869
2.88663002766157
2.05546512148701
2.84752211659354
2.72718084631449
3.29660780978422
2.43314435569977
2.71479838744077
3.02412490433431
3.79889037784156
2.87182999606632
2.50038017609573
2.46814583499019
2.51317338892792
3.25870021331406
2.55211980248905
3.36865945810765
3.19050936866438
3.15422405731762
2.85245721450929
2.48713030158528
2.27323530182737
1.99672850368818
2.7583459248505
2.60946560831306
2.70219082115935
3.22928896128786
2.8001909339446
2.62842763958737
3.09472643696825
2.04077705930963
2.81605539040081
2.91464513068692
2.16898774852341
2.46602921748864
2.52756273304374
2.30752006971669
2.47583646944638
2.82003404404664
3.03025258471941
3.00670568985123
2.44968688317985
2.63980587562027
2.81188859668056
2.75321712533615
2.75218897813639
2.28823372644168
2.9332387804837
2.59337435876319
2.90937269078684
2.34739684628172
2.28725626987261
2.23050296879051
2.31509751689235
2.82030273584738
2.64964179324868
2.43639155321185
3.08437171457594
2.23469561168682
2.64410792047671
2.18121720958967
2.59773724786049
2.5711631659007
2.83582974327246
3.19030655346257
3.12377100765518
2.64897492159484
2.43567827888515
3.02538484708539
3.27814004295143
2.93770676585346
2.92771424337396
2.27830627152678
3.05041510883355
1.90367631119015
3.09038133083911
2.37681022887227
3.22847301033713
3.2202785261734
2.82956943725641
2.28552708079031
3.18721593144189
3.15064088593911
2.46663197639531
3.73927523046802
3.26159893817673
2.74778678074847
3.71436683619478
3.26819095634196
2.78306646693451
2.51060121503136
2.47988698869286
2.38447585927344
2.24593785252814
3.07807261029628
3.08297660500874
2.81279221059232
2.88242120467939
2.69534958274061
2.56487254112454
2.73552568176603
2.19138511219103
2.56009944699601
2.44351461274537
2.91285062600622
2.53641035388422
2.74418807774298
2.96315684011045
1.84961326730108
2.59210479934988
2.44305863479221
2.44280520273997
2.56843447686162
2.55477981386411
2.39620329636107
2.31883231723398
2.91633215529708
4.16190555476114
2.33242211947803
3.11145054639715
3.05681264121317
2.66831818515981
3.0558342987569
2.55489187338742
2.66571783282416
2.72399021604454
2.77013254791787
2.78492745738733
3.19470259929981
2.14227340538078
3.31311042466961
2.40977328484051
2.8167857041974
2.2965082460681
2.05912502728295
2.99133695712979
2.39370993198372
2.2285138009456
2.46396918352681
2.56559390437439
2.75041102764114
2.47421621228744
2.53501495867339
2.93604739712705
2.46503584820949
2.3429522779611
1.95320723467428
2.79229160761378
2.8620060024688
2.58032653469449
2.77211308678452
2.12505608216675
2.57146697050813
2.79531652021867
3.63262662635901
3.02228489321144
2.70871744566865
3.44749230990012
1.92906798046994
2.64010505906699
3.28814673243358
3.14765862799018
2.63555375243984
2.15076468141468
2.95692376579051
2.34495150184458
2.724770060594
2.46464833049726
2.60573028523225
2.932220963567
2.01385283384854
2.91788627420432
2.40844971279723
1.82790329100517
2.78596525845881
2.32392140428227
2.19473698009074
2.15258045636919
2.33748340147727
3.33144615706809
2.64869792761986
3.18265072190727
2.58613725933077
2.01433676314809
3.43972058080622
2.48005595967875
3.20792609377275
2.50813991135741
2.37061447158962
3.19566660849066
2.65282380802554
2.08692237816917
2.42727334909563
2.47427098089215
3.37324191941366
2.54070827493947
2.33079081849318
2.34478978822893
2.35999568200363
2.08397210391301
2.25903459987457
2.57274293745744
2.62709922497467
2.7121307939005
2.26911767988943
2.58538182825495
2.76960276034926
2.94158874517691
2.40924363500994
2.77267640471814
3.74653028629484
2.45019057656086
2.07828985505636
2.16276108626228
3.22050442642228
2.74149163469717
2.39205315866117
3.01094108127018
2.89698700354523
2.67496984372803
2.86429945238161
3.37446061771551
2.3402563374561
2.96467217441479
2.18713653069841
2.43181181211954
2.32130154700511
2.92818319887267
2.85807841245373
2.5263124701946
3.01105604085247
2.41654853412101
3.38509563908563
2.95778871424886
3.2948364270836
2.97358647358593
2.35843037239764
2.48745684471423
2.56488616524915
2.77881137431075
2.5270406133423
2.405579976038
2.3835592658139
2.10717734333978
2.41233987207003
1.94495587337036
2.62041721076338
2.27786057779173
2.38310959612379
2.98826737910813
2.62987538295195
2.41354644731499
2.83182985205262
2.93489448757675
2.91230711422179
3.15711295754054
2.64301090188336
2.30339283708723
2.40067615798293
2.66342367950357
2.44559361583662
2.42131913884791
2.58640232030033
2.28220207529993
2.43141518954183
2.69450670799464
2.4698033682499
2.97165395789725
2.68616916209542
2.38235089280238
2.28233920690065
3.11541764385456
2.56961419527038
2.37713132246483
2.50437589500883
2.61895624678017
2.94778825496034
2.63249134932833
3.04181956023791
2.9892681823296
2.19801683801749
2.29161147703151
2.55193193637079
2.28621496505186
2.6710208898422
2.36560144144342
2.73479160737599
2.6388641248222
2.63779085308056
3.83562323475853
2.74707179447196
3.30490421536338
3.13285892021415
2.61491912308559
2.08718425617801
2.37352615336463
2.50010470852174
2.54492901738237
2.62701931125689
2.9233564577831
3.14399007353491
2.64268485608341
2.67781941264237
2.36483811574186
2.08205283741675
2.21388641600863
2.79831334829148
2.43274728229916
2.46529131743838
2.9851489088504
2.95989150647201
2.22489146710793
2.48872089687716
2.31937650895141
3.25789096380241
3.17737304079775
1.8691625607002
2.3359513106015
2.24107593460424
1.8075488611485
2.04823827163403
2.68753200497826
2.0833949803032
2.51805317684239
2.09512368313493
2.37575825178014
2.71619743666472
2.57777479918221
2.61315507630522
2.2704442851131
2.46921530900296
3.18283989877399
3.06934527328281
2.3759963098577
2.90516282086477
2.8033637097099
2.82338521800011
3.04793265811179
2.64744020230763
2.75367620932712
2.16721405456884
2.79784918128335
2.84168977458146
2.8661655969492
3.21574811420386
2.54812397303914
2.55266109853224
3.15395167689387
2.62870445474685
2.38988130277054
3.29705642843182
2.68294291915373
2.77048903267621
2.65836537506149
2.59799029022048
2.50976538135664
2.99861064417122
2.67447109889735
2.65869681462067
3.12687457146472
2.93752768408297
3.63437577725096
2.91923776988717
3.06961543126741
2.78644154320263
2.95971856346131
2.54701606637421
2.90168979425182
3.13894189677175
2.35566407506849
2.34091659897264
2.68086341810603
2.47150413761035
2.72302375705531
2.5935556462371
2.65063997318162
2.78205862845763
2.06590475767135
2.41221692466056
2.25531149526167
2.28599439416992
2.53240769176834
2.35426777743949
2.96868935600076
3.01364715738148
2.92949314418166
3.17515151902398
3.29138115170121
2.67252217679995
2.80675979241103
2.40490916451831
2.1594257274138
2.27383836773247
2.19553016889462
2.69657361694509
2.01640827485856
2.77349934132168
2.75208272946142
2.10474498933725
1.96404073602915
2.54066338006911
2.63998787657117
3.23783098735572
2.32254351852475
2.5608909364278
2.35890779520544
2.21090571598495
2.43131307481108
2.63870274347017
2.62515602020643
2.67512523326902
2.55241539115714
2.9758719126367
2.70952260343125
2.29701501098874
2.22615449036958
2.21180315958725
2.42116846388086
2.22924395973497
2.76566821061129
2.22159137748657
2.37233147732706
2.16882854164394
2.19584064879662
2.20640726485657
3.0242317874134
2.46517115559683
2.75033285995296
2.06824047529084
2.98028102450014
2.86654051849423
3.15261004424635
2.87648653055374
2.59598137646864
2.18289617872648
2.68399510424207
2.15695775923523
2.2511964567774
2.63976813419055
3.10123090747101
2.5182777357474
2.01315717998969
2.30936455272849
2.39941915825939
2.59366655124501
2.8577192181359
2.43763537934759
2.91029435457372
2.73421463593292
2.56997633918014
2.66852591432582
2.50860529684083
2.26693289403359
3.15609769236114
3.18052947996337
2.89978030056489
2.85641528499758
3.26725826791456
3.1372039460097
2.3385927527198
2.02712108996807
2.5443017821597
2.87154463953471
2.53655435790548
2.67463017534971
2.45407448255066
2.00910513306647
2.62341953651557
2.29243976241879
2.93476486358548
2.35496829989622
2.45232182389335
2.20201862462846
2.71154681287537
2.08837735442207
2.54583228884602
2.43310763745235
3.11385081214659
2.54669860458554
2.80129376361692
2.4768973408705
2.71933601544578
2.14863079239275
2.25416652598862
2.57444272039791
2.83823852112217
2.57654355148856
2.20654166968411
2.95273880623736
2.73483715844534
2.57891563175115
2.43503879764478
2.42734158114427
2.65188995439588
2.67230503469766
3.20166397837022
2.69597156305614
2.79229109546149
2.92219248891376
2.40034138412312
3.11622170349794
2.00945685983631
2.39419760076725
2.54796802864395
2.68812829460445
3.12665368540226
2.89341271602704
2.83069075766151
2.42824942531715
2.61164413742283
2.93261344766997
2.85651268853484
2.89131224716512
2.52608100928134
2.88010914780121
2.73115195780062
2.74405441206478
2.79441146283209
2.2945288335002
2.51901967513257
1.90774872749
2.91295636603474
2.36581249602506
2.65923076455725
2.89216412491149
2.42799804902409
2.27854339488927
2.43333438760312
2.88069102027803
2.83428715691889
3.28522116968964
2.42455995111436
2.92868510239176
2.36254102151446
2.51530987259844
2.12731358616628
2.95952584228415
2.79911236811873
2.64946123175051
2.72968610031141
2.33783516215555
2.95513941812735
2.16982890040715
2.78432826990149
2.8443006425907
2.5176360906554
2.09934157276271
2.53154885986065
3.13117031584434
2.47225163181065
2.84405848177438
2.57796404742298
2.2122000021497
2.62969068850265
2.50426429776773
2.29849987085786
1.99186651963081
2.49094255124134
3.04060311932516
1.95098383622213
2.87484059800921
2.89636290373762
2.6620264743826
2.03390380240063
3.03018065224579
2.30511862784908
3.15132063961552
3.1392239755728
2.49245576191594
2.75775172131313
2.74159855787405
2.37581876538449
2.87413966115517
2.53006609643531
2.73934742999563
2.41009364004923
2.77090028350493
3.11495478562658
2.58892820755627
2.48797745421341
2.64784294967364
1.9468902431343
2.41050008650153
2.38109315915693
2.79632087294512
2.62247191609378
2.86987199817658
2.68357474981476
2.68764280078526
2.80817606008479
3.24866869290559
1.70735133088896
3.2469061570286
2.44786501449486
3.20079930364766
3.10106789148834
3.31578390261917
3.02956237168847
2.71977713554478
2.7795781667263
3.01932436998801
3.42384009638575
2.83344475629831
2.49862153308544
3.42502774113445
2.98880062904696
2.41341567446185
2.87195644767686
3.62924216002023
3.34201710738299
2.59517555990831
3.10760438555118
2.96131416541053
3.32521161294396
2.91805611502581
3.0920640242285
3.20764895101533
2.32242969087115
2.88358642692283
2.70630662075971
3.16498733207082
2.05365256820888
2.66427187967104
3.07815049768673
2.40130209620684
2.67348715942444
1.94105862511476
2.69857209496308
2.24910856521599
2.9344912408692
2.31676320127738
2.53743659048759
2.17090489348436
3.74321545530716
3.31492946409143
2.55035556427383
2.94238744827597
2.62137056551322
2.6177160249171
2.42967310453559
3.05118938001009
2.60262188492369
2.76573440753982
2.63233741063196
2.43226660339655
2.3571920056604
2.4508518433536
1.79701030753373
2.66468050957034
2.88229226172544
2.07176876500648
2.47447100322957
3.05817443664894
2.18504413732412
2.96615097944339
2.42419054134581
2.42638535923309
2.62162023368751
2.72840228409453
2.88804954763346
3.30159182600292
2.96952001007688
2.928864049438
3.0011457836028
2.95978209297371
2.41280176392332
2.50573639430731
2.51783394722884
3.22044891083169
2.78093774016346
2.27600494595695
2.39271499072563
3.20378622493759
3.08523393250309
2.98631550042557
2.15384413429902
3.39183813818174
3.77195216815275
2.99437640877152
2.73328886522034
3.0800798897462
3.20797597450643
2.37414966346261
2.7620663104976
2.54268827780486
2.26040335959845
2.67258737885231
2.4767846709985
3.54134040014878
2.44773744821682
2.42536739090932
1.99263674243773
2.13685917464544
2.64447252430295
2.26450757262112
2.15713662159964
2.27089750726723
3.34203577833299
3.03078433413999
3.06956174815745
2.91092469211005
2.81670546203971
2.61138906296164
2.5228851634062
2.22788214167578
2.47314062830462
2.3157074555491
3.19721463598604
2.139860790424
2.30447496518602
2.94947754957063
2.70696171940542
2.31593751493105
3.34679550684049
2.02677418978724
2.73579195759032
2.91575923604387
2.91604565703305
2.8827729611495
2.55995580604573
3.18896482829104
2.31352530986877
3.12468362607244
3.02208443582004
2.65143802209115
2.97370595514108
2.32113694515273
2.33032461812672
1.79963805891497
2.89827727485568
2.92835684409362
3.21012653901636
3.32860380311236
3.02043457688819
2.53102842826876
3.34435563598688
2.53935484304383
3.15317104792391
2.78792700374512
2.39376239581672
2.82307411850511
2.85289437358225
3.47750674635664
3.65316424459927
3.37340026838237
2.51472602032784
2.98079680975156
2.9565496284698
3.14669283103011
2.8044312630806
2.24243324841291
2.59763532448954
2.84772193698208
3.35606972623041
2.99819291263835
2.70334486904138
2.80797859441415
3.07065110378787
3.85358965903873
2.26890074533099
2.67062959919524
2.58968336475642
2.33910213223946
2.83604068539008
2.89781919047451
3.11191921655052
2.63638308695314
2.43815707557873
2.19155770090088
2.47332143266724
1.83663534665921
2.87821569545963
2.44310480370785
3.01623447067569
2.51892648588837
3.08741889480236
3.01330106750102
2.82390650352759
2.51176635369851
2.62608179224018
2.57235332076743
2.76420892917726
2.11133125390848
2.76129751413623
2.05281929114124
2.6623401037714
1.92593905353945
2.50604259128698
2.23813380342893
3.02973201359551
2.31307374715883
2.25557603883215
2.68431981468572
1.874673047123
2.91485028803094
2.1334018559756
2.32511857065149
2.90789200804581
2.85710211873788
2.93992921245144
2.86570926631956
2.24870567359207
2.81079732423137
3.26277607846451
2.7522677867996
2.68364383359097
3.15080805344022
2.59683824585818
2.75799607229831
1.79948621925012
2.40086343890613
2.71529656320364
2.84126766196944
2.58497685363798
3.17523274984219
3.21332416965645
2.50772499539408
2.38918584353606
2.31187149065442
2.18284803138112
2.65762290966283
2.52001331032803
3.063584568739
2.78263948266125
1.91145056571865
3.15823706543233
2.78776636434095
3.07496407292266
2.4714009201967
2.50070567367234
3.13801602351156
2.0171641761717
2.08974665367843
2.26040218429426
2.61725452324727
2.58492545249193
2.0749627842641
2.45561261821513
2.68606098663298
2.89478785070696
2.50710663191589
2.27593608121774
2.05574607458786
1.61695844217317
2.63919115140901
2.08252708683309
2.81377042603119
2.55406143287498
3.08086444377428
2.89619412194588
2.94307860749919
2.66777152607072
2.3328856802495
3.92786836808037
3.23551439925692
3.06686858463142
2.11862904425458
2.71187442594946
2.87904044347997
2.36512336440619
2.67020837722283
2.46728029794926
2.54062424747176
2.61149258043837
2.21235648799339
2.57427067589726
2.60961707256625
3.61463712152391
2.56621994584321
2.60472973985212
2.87174916837681
2.18896401016933
2.86931245878636
2.49282110205462
2.305665861702
2.73532405541457
2.93583533530342
2.69502339452846
2.56197610010269
2.61666376984669
3.14336354578992
2.77651434134425
2.74492615281223
2.84002333320313
2.64393521197922
3.17111567410942
3.50749330458639
2.45999760109813
2.67114676408539
2.90763097644459
2.38516544502805
2.6757872633455
3.11515650205595
2.80390910422547
2.56158908946956
2.832914428381
2.41502216593719
2.45345827845823
2.7338456474925
2.9928904378481
2.45021401445467
3.21483726081593
2.7816467113213
3.59655060598793
2.51934251137735
2.95489466784512
3.01227115128861
3.36413063859861
3.44615664337563
2.90438117138023
2.56841252580653
2.74609204413182
2.42441943820259
3.40672193164118
2.7027624804859
2.41558279440504
3.04539904349304
2.53562979447172
2.817355150293
2.69353758200459
2.65309258771321
3.01294204029302
2.71458156151258
2.91370126918752
1.97781121537203
2.35627384642038
2.43901372984119
3.4328166037648
2.04817138641524
3.19911621499124
2.5565604129544
3.13625932257978
2.40449383030722
2.31131715730829
3.36958086056996
2.74036165912838
2.51237756581682
2.72741103139583
3.44027869798484
2.440642455694
2.59798565177177
2.41957407095804
2.15843327216222
2.31991250916355
2.4866104463137
2.15085391582973
2.54087803763495
2.2105423536257
2.00122165838113
3.279093955462
2.56197226933652
2.9044644901978
2.83392061531508
2.65762943755343
2.62236212276351
2.90151746492694
2.47674605266274
2.52407120439451
1.89408141474399
3.34686402616649
3.77465464151838
2.77163573030636
2.86019657411283
2.33761051761788
2.15307145307506
3.27388984364621
2.20778391120957
2.96221316513841
2.5250114307377
1.93263173833935
2.99258152390249
2.9045158967798
2.79480425953559
2.27369880936575
2.54731865536761
3.90980043171563
2.80922244121325
3.20251358532095
2.48215714100804
2.55926461702923
2.59649433258194
3.30527119412819
3.11640454296556
1.97692548144348
2.80172967572268
2.38385043570849
3.06546851183015
2.57138081898238
1.99781185881489
2.31579453201164
2.56318094730887
3.01159753226084
2.41680737534356
2.39594570126181
2.58421202806279
2.81078007229509
2.99884315545019
2.16574323329976
2.40444060895466
1.89311510195341
2.69591757199886
2.94181632248406
2.54622196453233
2.89736553655224
3.21568623460794
3.09397920418234
3.26751799150657
3.3747737526445
2.67762361572786
3.1975115390033
2.95541728937354
3.17756520934073
2.82858648682987
3.0936674127474
2.61273497370859
3.32356013646825
2.4547519489876
2.36807633268065
2.77204562944889
2.59196413182191
2.7383960462352
3.43509054235843
2.40696949203887
2.92720173220447
2.41404174909919
2.95530750885116
2.95138440867323
2.25487547889073
2.70044905964952
2.02495493656468
3.28017120831466
1.80384009274031
3.17711295527767
2.98852536758267
2.78302290817017
2.33794091041744
2.96333084087616
2.66508448949679
2.49647219138119
2.52491205965261
2.80692223750256
2.72821910801774
2.56899887911403
2.91090029601029
2.00047755242611
2.88065760346239
2.98016789402546
2.01104060168116
2.73363786896358
2.48236634286446
2.23924718086801
2.87689679534181
2.75038170404708
2.6528889564174
2.79990844740865
2.50227481937985
2.21070099720332
3.25946892354224
2.09584350169075
2.75965205471095
2.44616174947301
3.08159328169147
2.18056533201914
2.9497421968582
2.37224276929364
2.90821807644658
2.54817758597552
3.83547821410524
2.70338889037349
2.6119529074413
2.96611057590708
2.5690459022218
3.39768467138602
2.2890369668334
2.74668490405907
2.48586236480249
2.78934795009705
2.42844799206086
3.26867209203718
2.51289612078953
2.60814563276207
2.46733513985391
3.64728473399911
2.68398767393427
2.62847193102609
2.59412978142864
2.74716261164372
2.60013658609419
2.40771328443899
2.46538595661303
3.74381365449249
2.56900118234563
2.4280078128542
2.92928666961272
2.1493855610966
1.88172234958413
2.10268521025441
2.85684875927499
2.46519169287443
3.02269174049302
3.04113646875454
1.94005072880492
2.0968086048928
2.88906852091716
3.29186233335428
2.53299356350345
3.26732784367054
2.1570151179012
3.2524661451142
2.39119319992635
3.00417850751025
2.52442494855772
2.46523568760515
1.76308171936339
2.84748613817328
3.51668455630671
3.57304554746573
3.22669456763535
3.0787820804751
2.81848007267706
2.51374484944152
2.64234595519386
2.9016826040649
3.19763662548065
3.20486953341096
2.88791006265768
2.72827901851706
3.72951003373002
2.13925264691753
3.02597350105104
2.37868163437978
3.13860585848553
2.94993229781766
3.31705796169938
2.82904245294644
2.65884357789993
2.46548635976773
2.76367856321212
3.47737636993785
2.74712485029784
3.06411170795139
2.38508754889247
3.30867533510996
2.48666970229729
2.06881726442462
2.93852072404809
2.99059568061926
3.22003293475264
3.27500986605052
3.32583587074106
2.29037969731788
2.45502920706096
2.99971077681432
2.76527180330624
2.93168005899476
2.64108074293702
3.82690206018999
2.7938901411165
3.66703801466667
2.48304677972221
3.44560385874286
2.10046993512529
2.83934628564197
2.266991458805
2.30430471309682
2.8272535949576
2.8360042229834
1.55194366316889
2.74090735735128
2.11379993523035
2.1916348496337
2.19986312623031
3.0927517897659
2.64862302590053
2.54448241864449
2.58452663960185
2.19669746094995
2.83221076146559
1.67358491781793
3.06658394480144
2.68259248092771
2.47050862155492
2.5683827691493
2.7322365610678
2.39132233633344
2.3312208591377
2.58682108074561
2.56029054608995
1.72398128944411
3.00300247116567
2.14551107460099
2.33915255300063
2.3516479785528
3.09182922640225
3.05934297345086
2.17586192470629
2.49061223658202
2.31661608854966
1.94192509481133
2.1228824859039
1.78840030082636
2.45749257144182
2.76171942195497
2.38468751861091
2.75078988959332
2.92678203436345
2.47136017799276
2.47555479680261
2.51563864975634
2.27280375318547
2.30256896169103
1.89750078716512
1.85078699647821
2.34573625665788
3.00508710994102
3.69046802762485
2.51081523656276
2.43578158941655
2.40386965768861
2.91125578739517
2.54187786746457
2.94944530865565
2.70652495945008
3.1055223446456
2.4140583676421
2.40401342433626
1.91620124317171
2.46222424229452
2.57218853771367
2.6320981423677
2.90727414786038
2.15846343887404
2.93799409012985
2.33737018337047
2.53728715332272
2.12916596053027
2.1465678954472
2.23105540411186
2.92643629941486
2.86961906662499
2.49663425191171
1.96265373054453
3.76243977313341
2.56405160289203
2.29040239753209
2.22548985475206
2.20418507218818
2.7257293516692
2.47129740255186
2.02187150882904
2.53868671907977
2.05088970429306
2.22916283821606
2.43273886186597
2.42791878254098
2.32530484238948
2.96134179897891
2.67378234696945
2.46655611070508
2.8767033670069
3.16760931169293
2.37002660145784
2.41659366537868
2.92448991866212
2.01451919262698
2.29877745245466
2.73685844555212
2.24513884223341
2.58690338844256
2.71260784131426
2.67594762393738
1.81957778771878
2.07364939044774
2.29487876092387
3.07427192642617
2.4138757523344
2.4627236878135
2.34606427241856
2.74694622518002
2.39694511894418
2.27709147364378
2.47388954932125
2.66819029242543
3.41450110965962
2.71553244674641
2.63264067164926
2.42565622752682
2.16540890313358
2.96547757909048
4.28414112580635
2.34741823087724
3.21814966079182
2.2753374928385
2.56528350390337
2.76420017339833
2.28703524002329
2.69251182446375
2.53003538522661
3.35451338243804
3.32488372679626
2.83037255193713
2.99026564372807
3.27823371196968
2.76915897234756
2.40294959336587
3.15125704423289
2.82491084304519
3.04546475363874
2.98108148703291
2.97454120348589
3.26543443563022
2.83888196505425
2.9529156992608
2.605049875678
3.03833279631113
2.30289424036489
2.80970331443079
2.57532109478392
2.32147092513542
2.68962898998448
1.94561804748159
2.32803141443275
2.11046576093957
1.79833642693819
2.75188912932635
2.45747589263982
2.47084454479923
2.45508615162172
2.77844580234
3.50154058699278
3.43049606716815
2.93997540293189
2.29079899094008
2.0926896621022
2.81154940288672
2.51976262600151
2.18785723994919
2.94915506799287
2.30472092404678
3.62828977467969
3.15604702438402
2.53038665942983
3.48316065448601
3.06682915707083
2.35927697433513
2.56528269124012
3.07442934232541
2.68157689148671
2.58774192827263
2.45307285377473
3.72878627645534
2.72739698722458
3.60724292685528
2.35612935071735
2.84624883414602
2.53411076903205
2.23264198985348
2.89209227867871
3.13677481906767
2.53774249396539
3.48618773785141
3.01881762743855
2.14677997734315
1.95399474039734
2.21931994790823
2.32510846488597
2.74796423259612
2.90472101209724
2.87427813712295
2.94756863133003
2.20237681617109
2.9427060150279
2.92590610489009
2.84195854565735
3.18121097026258
2.69364322893503
2.58018382941724
2.77285147324578
2.86560304379185
2.11369291270597
2.24536391755663
2.70603438503068
2.96301198009851
2.96009424302303
2.23887598753473
2.74526206107065
2.48648309204778
2.46912972432767
2.80865468911759
2.94757713764491
2.25762625781008
2.07034332835599
1.90363038815555
2.83029992140437
2.22459839347318
2.90731096928304
2.57102507530642
2.54309670175071
3.05499845400875
2.34606380394724
3.00688484918554
3.51444088608278
2.77380712103168
3.99046410331418
3.04429244703654
2.62398483224279
2.61704336014555
2.2534825783883
2.65896790721945
2.94211813152701
2.85644337304306
2.54279004174243
2.15066709604439
2.65423803138442
2.20990233976829
2.45678049262181
2.40509418132232
2.42076379581836
3.36786295317116
2.36927980492289
2.5379334261775
2.63086069317319
2.84029264990367
2.8658382178761
2.27203006498025
2.55568335430559
2.90067014327448
2.69360795357375
2.46414413011904
1.95394349675995
2.73886085993681
2.31228621141678
2.30099807620516
1.9186224713594
2.29482238825871
2.56369757755835
2.97002748313412
2.24390212773482
3.2658076471594
2.72217845917237
2.42261604288676
2.77064892628028
2.81886091516478
2.04806875253753
2.86017662487342
2.70040296730159
2.47608483463907
2.30431379657087
2.93684390079349
2.80106431272318
2.30951365390506
2.60791610601762
2.58961450166477
2.47508922397659
2.34564080390816
2.33926209494288
2.73616879695259
2.49322949434026
2.75803037576985
1.91889212348263
2.14835832135255
3.48121556110729
2.31825506446389
3.49466832288849
2.54523680509254
3.28442096933327
2.75339164596703
3.28565247757254
2.87463631472846
3.1251339641071
2.91286508316534
2.73908358843729
2.81250106551704
2.37607112884793
2.17290546942028
2.4839790951057
3.76019586761771
3.93205927481944
2.28203758270385
3.02738602171052
2.86290522355834
2.242046339153
2.78642047728033
2.68192001329377
2.69773042167166
3.24433521751436
2.65961978856312
2.29243527063872
2.13156763592288
2.73037865096387
2.79937937006691
3.3072828621896
2.45067969169444
2.80124240225073
2.56725215313638
2.26861844433533
2.70915705296768
2.81647824270412
2.69133334800052
2.73287582591363
3.15127685077119
2.76718413100213
2.77404424795686
2.11370939429296
2.2465962003076
3.09124973499597
2.40063652998222
3.0890047477241
2.14947093524599
2.18284167204841
2.9864278061778
2.51419653337749
3.26706089412192
2.87484698979235
3.31084744410991
2.94954518416329
2.99575506896026
2.29797127534961
2.38830433981351
3.26243477275325
2.51087715253569
2.9075584924382
2.29477495672873
2.39618297154696
2.57165867028091
1.99521979164025
2.74035620241333
2.221442632287
2.43673810539589
2.79670706586032
2.70370473198861
3.11728091757276
3.33869299838497
2.82852565499224
3.32773609450661
2.0338027854656
2.86676462111518
2.70733903369527
2.78207442841972
2.31141627105626
2.39043318023494
2.7961764766212
2.51834963229386
2.44688181556567
2.98087220826418
2.17789704144922
2.29406244635281
3.42733646151241
2.93671568346486
2.48707050482977
2.29662379708151
2.700133953366
2.83715252222481
2.31195572709161
2.89323498177467
2.1475726673736
2.1316892670573
2.83727651137829
2.27675443386099
2.33506403340466
2.44138526362249
2.07113409605315
2.77054307256452
2.90816439716533
2.37725753419012
2.78898039738332
2.21062666333279
2.55144474819599
2.23579922494479
2.70317485048721
2.65832931072981
2.36402930907522
2.56126460990531
2.75835305727287
2.7312707198999
2.71655263301765
2.7619864879449
2.40695477233227
3.17526928252852
2.2841087167662
2.79770429617875
2.68687209931137
3.04003347153523
2.45930436291589
2.40563298290281
2.53091079377087
2.89391040166195
2.52360508616749
2.63640830122314
3.50016973948394
3.89058368970441
2.65583387347136
2.25758712438677
3.13765459827668
2.68472318381905
2.14817860898031
2.84657584879056
2.26875547797008
2.3596045665575
2.35041023509706
3.01472896249714
1.93893625747009
2.94306079513832
2.72555063918615
2.46267714230085
2.40347173796886
2.46193051273172
2.38835061218795
1.9239842420846
2.84839434206962
2.87709755321754
2.4298030140595
2.60401496518717
2.38438574760748
2.37956906401878
3.12982215400455
2.26667822213119
2.33490960303322
1.98435106865691
2.38593503208146
3.01235228438999
2.18406499721886
2.27817363730812
2.50219611334003
3.01740182728971
2.88331463682684
2.58715672139375
3.54343825810982
2.81691432146432
3.22625025744467
2.94916937931321
2.64520074499697
2.84333254238819
2.69041507933633
2.6276035009102
3.05438130263339
2.63733674414542
2.40370035858201
2.50882209865554
2.66641962455635
2.19894564293174
2.26047954295727
2.93943995969179
2.68574763902757
2.81365636756003
2.6416154479846
2.5374293695938
2.26217041742672
2.7074527996354
2.69272732063845
2.64767157568015
2.35658601309063
2.05940627433902
2.58163698245104
2.8310277276215
2.94740986473902
2.15399359091229
2.65854742767988
2.52008899254555
2.53274968850188
2.82747508765078
2.89676088467527
2.92402875463271
2.41192622658025
2.65692435912315
2.67080021877494
2.68359451359968
2.8304528152008
2.14646105714159
2.60153160685486
2.88275167007868
2.5399431903483
2.68715688473707
2.7767063223569
2.70645421446553
2.36745265833984
2.48457904535174
2.32066113205528
2.65460403404225
3.08378567416364
2.47819081261158
2.2439534265159
2.22755144986591
2.5048160768236
2.21872944698175
2.95783444948881
2.90854292673188
2.34260679236094
1.98229647516901
2.06002018873432
2.50183179212585
2.42866901843692
2.31624029973067
2.85249237561688
2.38260443578533
2.41704254038839
2.54537563248428
2.91947254402134
2.69791503003818
2.72170337508761
3.20274840280783
2.29715772317936
2.08269521040154
2.46730237601579
2.92656787475719
3.30584353355654
2.93221180511747
2.2736271887455
2.4679566102524
2.91533382810708
2.23872177568428
2.78648489072822
3.29504654938067
3.13162613884443
3.40929669056566
2.95259139008099
2.44205072025987
3.01789719479584
2.9307218651904
2.85296198853904
2.34580415703629
2.62224463011926
2.75947088099503
2.88182087245095
2.47491659628372
2.4033619838691
2.92441716552119
2.95981062131654
2.34492683367009
2.57789039067821
2.50651475484482
2.82625170864813
1.82858115718777
2.23708153564646
2.32129261849586
3.02539082640601
3.23396942818277
2.88956061093729
2.32654315650011
2.91782993784931
2.37927733459528
2.36467810568334
3.21316610312375
2.68944403944143
2.66362765929126
2.42046681172303
3.06713778017026
2.37750094680473
3.01281085262878
2.12741302134586
3.19284337851201
2.77376929146001
2.98369951672299
3.35464019390104
2.56620653645086
3.35215747421104
2.65115718325771
2.52029417206325
1.94822671300497
2.81752992947442
2.8339077100583
2.65100720333636
2.87802247920231
3.12343696518468
2.46447257137578
2.80229517812811
2.06882770397019
2.40981624477256
1.93890613803611
2.15794257964937
1.81890270227198
2.43377280624547
2.40981472714749
3.26913196457356
2.24259472451428
2.30232207936828
2.39580525879862
2.29048526345123
2.18425688821598
2.8820731291425
2.69198001773612
1.83679952553196
2.08801843306466
2.63742463263012
2.43205897030408
2.68742580069581
2.11043983171065
2.93176019614272
2.48558232320756
2.30224477893473
2.2417773126646
2.79009796322213
2.5200377127298
2.20566360984693
2.24247447386118
2.81249672285382
2.65151274730986
1.926511628001
2.74310981876592
2.61346866665217
2.04524373017652
3.11180867630719
2.53889892672115
2.77048612261352
3.14691575491963
2.39974930895655
2.76066283985191
2.73327812364482
2.22577617368353
2.40214792212931
2.23821045651838
2.43123179658618
2.42008455675705
2.70397820928623
3.13532977477743
2.99285543830692
2.43481733434681
2.61387018753015
2.14423239688959
3.20548129702408
2.4099787271453
2.67869357319147
2.79775152458774
3.36268668829998
2.72138130152931
2.14030064305735
3.08089154184733
2.54415515750553
2.42127220980092
2.77922736445749
2.78280637318117
2.27014590979629
2.8250123722224
2.27491032952425
2.75089442515165
2.77204980109892
2.39355221505538
2.44337154958041
2.73081048210267
2.97807037558347
2.42320809059054
3.10989546115059
2.73448591097455
2.45534280095012
2.84940274252172
2.10189371376005
2.51960196472895
2.98253647448789
2.6152868145123
2.80762061372298
3.12893930034564
2.63782243955987
3.34416524795049
3.05658479266546
3.04193491296303
3.11543126161417
2.73724068294738
2.33488431407323
2.06691023027224
3.18726640114846
3.00967697213266
2.43428365971895
2.1310885494369
2.47816298172531
2.64504571491093
3.36189554067678
2.81412765572269
2.96336399133362
2.61675693388711
2.56628342706215
2.43436110322664
2.38348163839266
1.90266268343305
2.88128054541493
2.28171725655332
2.93649893674619
2.49911242475987
2.75021453874649
2.61290340741132
2.2496321796844
2.22352956417427
2.38823104206407
2.64127822450884
3.05217473713583
2.92108029948986
2.06050582963539
3.10974446117056
2.46175909986563
3.06876013543335
2.47803435513632
2.93522676976621
2.01661457985857
2.57349901188121
2.6525805917537
2.94856214107397
2.29271157982521
2.54419740547003
2.59373893369887
2.10528191528722
2.46119945756475
2.81401676184876
2.50482566424036
2.93558442240968
2.20507228724017
2.47912130983562
1.81575794811625
2.0573555876013
2.31111018736191
2.30301187593515
2.10875090093683
2.14136292819217
2.51704316628192
2.32609148306439
2.44267473807898
2.74238941741039
3.07411815338808
2.557906908433
2.47349035419456
2.93528427717025
2.67595221244137
2.73707734921357
3.10109589221802
2.15002792823067
2.60707920041156
3.34443947687168
2.89878489867281
2.80902795336752
2.70561807727614
2.53930769662957
2.59711543778137
2.96739136146432
2.64300328457994
2.32605409670285
2.01590064045017
2.54476369986143
2.53208046182251
2.28326863118886
2.64732314355793
2.52870183872077
2.10294666132179
2.77004873091474
1.92022360402343
2.55104337907629
2.63167876748406
2.66568336776818
3.43823383976019
2.55901304726028
3.14247925616416
2.26463527786652
2.42467208577478
2.8120113648775
2.89147907534585
2.32506557224973
2.16534299997359
2.17235131105279
2.6605372972262
2.47404564751657
2.99331141304295
2.34650753306786
2.59646052885774
2.4598749124264
2.40177234866332
2.25974384847002
3.63977551085945
3.53204503086966
2.31602629902091
2.85053326356867
2.32489117276088
2.98371690677046
2.2250070522525
2.37040488889478
2.6699955384653
2.82712686417683
2.34800608456306
2.85735085153387
3.24276164625524
2.21945308445308
2.53177861573002
2.88077811331062
2.99787016004028
2.76123395523529
3.1012619840033
2.9502195786656
3.27389749637283
1.62545196526643
2.35247322681513
2.87520602396798
3.09025198869706
2.90660906744835
2.63705040447036
2.45187476180763
2.28765431158804
2.41200021650258
3.29839322200736
2.67643636640487
3.41652891653604
2.93825267731719
2.71817500365095
2.40440555972315
3.26770816187991
3.03107385610763
2.81792954695382
1.91958708970348
2.37456824803887
3.04467332842851
2.35135379627685
2.83677974096382
2.12611647039288
2.7769628376296
2.89668423486064
3.1838351129753
2.98330773611286
3.17696826746778
2.25980622212783
3.00322363570774
2.58081888949648
2.38914619811288
2.7370470127298
2.38760363167977
2.63868464437528
2.27757302957098
3.28014241149289
2.82601395225827
2.22127611190733
3.14606299008751
2.26314329484412
2.84904941130021
2.89789843384187
2.97643122206348
3.2022546907535
2.60878162797694
3.27187005972834
2.68675663309944
2.56446963042989
2.64289722071846
2.6739188008134
3.10006534879854
2.27246606249685
2.79751341495972
2.14891734345225
2.77271237763659
1.73446486496847
1.92840748256073
2.89982089682112
2.36321384671288
2.10738168433509
2.39997858264114
2.67144891575708
2.30736173889104
2.41771631359062
2.61789464873935
2.25730128580407
1.94371459406062
2.25833131168364
2.50466447149413
1.82390192842276
2.63769829412529
2.32810335304258
2.20980410067345
2.85166563328988
2.03316010041487
2.26147564704736
3.13043209019534
2.66044598296915
2.9025317834501
2.21394793828335
2.79765198732595
2.10407007008329
2.67843246718537
2.94194564870515
2.22494906845369
2.18034827242307
2.89856858927085
2.34537767930561
2.58171062729382
2.00713301725385
2.09140635005365
2.63815470788066
2.98936360504209
2.7783437696969
2.71900706049298
2.73312681862276
3.1979460906919
3.20075863488547
2.42815097995018
2.28981201473202
2.38395119931313
2.05840381956438
2.11560334619347
2.64597235485233
2.24672771448176
1.66205220544444
2.34228828994874
2.7465284938908
2.41944095358886
2.9463919768671
2.85819195715284
3.12031798722022
3.17632295467538
3.07831731715264
2.78500133645714
2.68643016727292
2.55443997028398
3.07004833340527
3.17281750879646
3.48324852559517
2.48943987534003
2.73253365011962
3.04754676054492
2.92690592135503
2.68635444243837
2.54695871961419
2.82797459275871
2.30528246364388
2.84524752700063
2.79592282181173
2.56348282200042
2.58551355102485
3.46028844573001
3.15952190202297
1.84547356072699
3.10861504940796
2.62285109909092
2.88596961790863
3.28869357013178
2.8021463375795
2.77900160473622
2.53993926616872
2.30950531482619
3.16775604236215
2.68335897742421
2.33370474202448
2.72998595475518
3.19524354055289
2.80011276112763
3.08402796540644
2.69231901983769
2.75579188206373
2.3860589278263
2.77300489421213
2.89849294231524
3.28883351197835
2.6981950767534
2.6331638031268
3.37421735703185
3.07643911684359
1.88977300713341
3.766664997253
2.03580556281944
2.75370514091413
2.52837908095908
2.47046843096086
2.0533963351872
2.28277017114356
2.6287913095697
2.21553735556541
2.59936003186621
2.1665253052417
2.28950509068119
2.38874477305553
2.00666071374161
1.93214741772977
3.04838615759763
2.16043954172223
2.67499348037232
2.2760394521075
2.49625624171581
2.0854492002141
2.55108944669907
2.65336872588083
2.73549104595787
2.7980120185123
2.36983670294111
2.40215188963207
2.27439771478737
2.19052141469543
2.83015112019339
2.92393621331986
3.20703448580992
2.35665677070517
2.58995235062565
2.34154965460678
2.28320343327974
2.23586322461823
2.46094760094818
2.93208697349174
2.59962492711465
2.33720652622091
2.36290467535849
2.62969165293776
2.02954591115777
3.06234382905529
2.7862637396827
2.62989958070661
2.97911202897566
2.76226148573713
3.15227732023818
2.75816895425988
2.74445169884558
2.89738336045861
3.33182324893059
3.1970153683487
2.11016343269
2.74555347917773
2.82449940417996
2.45623849783415
2.63428277223707
3.1562685674258
3.54465722386295
3.27249247669397
2.48869462713166
2.60137547445923
2.66669894036238
3.53951043788638
2.77388929530286
2.06046682220083
3.51470615376916
2.43557301968376
2.56538767297361
2.89383752162681
2.85264391363808
2.29393636377076
2.76750687845386
2.04433353396305
2.80945921872176
2.51734733056452
3.85621202827927
3.31831330356333
2.60286877540533
3.30889110547458
3.68682300318875
2.27925193468493
3.45982943742193
3.07088674046984
2.24356439595499
2.44752054367749
2.49417959961771
2.55446634934687
2.47657596382608
2.4100611949361
1.94493107849698
2.22768473649719
2.57674700676219
2.34869044813934
2.08006848956214
2.45904562517964
2.29698729274594
2.12868281736673
2.81928842529821
1.98335436411443
2.2693002803932
2.68415464859845
2.69728611035008
2.52475699700658
3.09258837787957
2.46332362645636
2.7619904501846
2.61342548595903
2.83016698251561
2.6185696900662
2.9644638575331
2.63120095002491
2.05002787013624
2.57914075092237
2.28317453684149
2.67012761240685
2.60922052189307
2.12242507105591
2.16133237895128
2.74415026251025
2.44279166178394
2.38930782682608
2.57730106992704
2.29202984106958
2.48531207580551
2.62954907260008
2.14313868784967
2.17575619878356
2.05977982839162
2.03296679171567
2.45494215218382
2.10863243742747
2.62716764113138
2.35990044832469
2.35590284243634
2.05408034097464
2.2732884163791
2.23936739091075
2.6424573273812
2.54584063109753
2.6413601925387
1.93331708828622
2.63948633038482
2.61574482037277
2.79277011957136
2.09832869046307
2.62831090495751
2.58434487153758
2.49701648894173
2.74075812643521
2.82218336102687
2.5396216790795
3.17799337194991
2.46406087761151
1.89358074409641
2.76365878458098
2.27067280694812
2.21757635626041
2.27088839957654
2.24127550885119
2.0946284949815
2.38745031987815
2.64713865097737
3.31087645699848
2.35267295134228
2.87807065252693
2.98385971538722
2.29058892413717
2.54181501928693
2.52054172678713
2.71972269539883
2.65966063840011
2.89186816300464
2.53396879112808
2.76769741623378
2.62590321433916
3.12622762077585
3.15238088121785
2.93123199681901
2.57168202928244
2.11550850057976
3.01284960336938
2.51380113166355
2.60176938427093
2.7158904980012
3.19371022173334
2.83002313654467
2.99303946022847
2.605104159521
3.27036505454043
2.87998393821293
2.6047872238034
3.05339937343764
1.85218590174423
2.95768790604361
2.36558943770698
2.60776765177234
2.48896327718776
3.3448303837632
3.23431041597691
2.9797055947433
2.58923976591172
2.8689862158042
2.52033249828083
2.31563338432928
2.66584550903907
2.35286485037704
2.46363450513067
2.62780157194748
2.94389429314208
2.4567073146539
2.32744510331718
2.70815388830214
2.86248925977282
2.60467054403005
2.4126055968946
2.42043306663396
2.4946465162301
2.89544063612327
2.28238094495124
2.60882429107465
2.52502839416581
1.88557768470799
2.19040654405622
1.70987270977622
2.86130225204717
2.77975273683588
3.03792032208159
2.98190503501685
2.42916833181689
2.94404632696268
2.26792214751403
3.05211996008761
2.74843788496706
2.58837444701304
2.78575500747593
2.73716697910698
2.60918792799714
2.16789626995595
2.55739936593699
2.44542075634313
2.68058440121458
1.68504320505161
2.48622449611443
2.55021120345789
2.18684851874403
2.61227553997366
1.97576171013289
2.68710499486682
2.10096234905654
2.33865682475338
2.67911283111207
2.46746979060331
2.93465587452727
2.70011592046858
2.893702086137
2.85886001597852
2.44805773291259
2.53439450354971
2.38236847235808
2.44015464647064
2.72139952805062
2.85272162853916
2.78476355236301
2.77301524832322
2.7015430157956
2.65452933372076
2.78104871607955
3.17789564379744
3.2045553168494
1.99322063930992
2.4033378958458
3.18852842006338
2.63602270013546
2.95835105514116
2.53692899930511
2.54486133479757
1.88941033701378
3.07836501651306
2.95792443064298
2.47031383309302
2.82913023363028
2.68780892568857
2.72382963026871
2.72915738020268
2.50374466946786
2.87881648239751
2.10309969411836
2.66052812368349
3.89142297289215
2.80428699782897
2.78792383153515
2.71516956054314
2.87274003625498
3.1880979238867
3.36781080450966
2.79352828820077
2.6031157368343
2.95390358276677
2.43202789844465
2.88980282964128
2.83773383393393
3.45752550711203
2.7681102442102
3.21641664816391
2.7671309787282
2.55054326935703
3.16299490339646
2.55231712521374
2.16968957805767
3.13492856625717
3.42579948738526
2.12723986177966
3.89844068664519
3.02377223236959
2.48213565199113
2.86499751713072
2.83027603591672
2.32001456128231
2.24000005273012
2.07825578971724
2.91657089372191
3.43741372907771
2.35188535823756
3.2147095220288
2.82699335493264
2.24887130803851
2.10286556879778
3.22208647055029
2.85173122711717
2.55759084930473
3.13957942368574
3.50816603889041
2.74263073946524
2.93774097856898
3.20439840287984
2.91278861354137
3.61709020328912
3.23533354836595
2.63008113691153
2.76958182483321
2.68657272125529
2.47062761393
2.63418644340515
2.7845656423865
2.64137752215965
2.65241690225315
2.79057397495186
2.25174358879649
2.85391011254455
2.07831106006248
2.58785145383993
2.3001691749357
2.20916178854822
2.41550998996395
2.69616403073774
2.51090355024029
3.31365885075054
2.63543514208693
2.29687762244606
2.77191234040819
3.36087256434469
2.46926408303015
2.70196892618168
2.99764331636859
2.02291952226252
3.00189883198051
2.45944749095495
2.86895220431196
2.51906584287358
2.43752431188623
2.16127024060099
2.47369765430192
3.31345537694549
1.96804237317423
1.99994843121873
2.78144426419349
2.43782642105723
2.12864265060965
2.23058634700116
2.69884781496447
2.28971050083828
2.58972726726758
2.50495131948464
2.40752617555501
2.51323850459799
2.96090856519395
2.80859418484301
2.94641837452799
2.5642736961285
2.60602888402393
2.50176613513999
2.27113279823245
2.79140609400405
3.36820033814478
3.33865093857595
1.94151168820118
2.60653907574011
2.44367775944655
1.78679415385261
1.60493649939274
2.49951815460261
2.60818205444182
2.30090846380158
2.16685009899867
2.34239439968387
2.6807540644698
2.77612842663892
2.70363178129681
1.81640607034668
2.07094213174459
3.03123696919098
2.1631072161829
2.8565026344963
3.8017910922583
3.03080824157571
2.56651684039018
2.03602754779377
2.13417375507176
2.65021043301164
2.8409766220902
2.72285161177417
2.64785122742344
2.17324503465068
2.86457783908571
2.68743582074138
3.00821215714728
2.72498240869053
3.00991134030505
3.08983675345919
2.64156919179252
2.78440235837267
2.6607424626317
2.603269435967
2.51912613748991
2.40789182482362
2.8200918696668
2.74454206846025
2.94319746968339
3.26135940824454
2.6962889019648
2.46235833113223
2.87500227175835
2.21272951807398
2.85982785212299
2.84632398897959
2.62540569842916
2.86641610760509
2.4443180490411
2.77582494827048
2.78390603389226
2.11410245185558
2.8236082736228
2.68458948455655
2.16892811748985
2.67221601131274
3.2031976342841
2.41802688582538
2.52852263069268
2.47859361763866
2.70850267443081
2.1745956754211
3.1836515324411
1.85031379422016
2.37657118444388
2.27891557944645
2.49201767967721
2.50090483006898
2.31058712863899
2.48525000016007
2.53495512671233
2.39388836609664
2.52911042149987
2.84864975983305
2.57004631098739
2.65805387041432
2.79389495611324
3.01841543815799
2.87976962870188
3.08828982905462
2.54205450621569
2.31915881518053
2.76550516914117
2.46498543670964
2.88949085795555
2.40316944709761
2.91987470506552
2.14842426828927
2.62648791692571
2.54857030738883
2.26677143452213
1.847907158081
3.72591699367222
2.28311511786038
2.65849862855455
2.73383472458827
1.99442924571618
2.77688712783011
2.79667858211229
2.35009574788828
2.03315718243062
2.76674741694621
2.49221634323586
3.1159670055394
3.03187661479374
1.94697915301198
2.03349803293478
3.09473098027054
3.36375623796763
3.49802252111477
2.2830436156457
3.05692610828982
3.32883681653138
2.8622365286689
2.12362406593183
2.4366982989174
2.56421503635474
2.60752937941805
2.1112260286828
2.08382207335516
2.93903685171157
2.53533197333906
1.62800553812733
2.19395497647714
2.69227587761796
2.23082714419296
2.04270857796496
2.62986699756905
3.11000239629193
2.79545038794094
2.85127832958143
2.7545491514769
2.49436327476408
2.69480876255384
2.77713222121981
2.86171015161515
3.23905823364484
2.42927041034362
2.99412053895119
2.28209882994163
2.85535727454939
2.82650191535169
2.69937282732054
2.17755207957438
2.28117129038545
2.29772160485489
2.61799219647191
3.09596710363452
2.66506011061915
2.66445797033257
2.60917812183347
3.28284359484996
2.09932048302204
3.20068917500361
2.83875714049554
2.76135880541404
3.36534474901005
2.54335504749251
2.62731370968192
2.60210226204591
3.01240539237207
2.66726648439534
2.4523038488503
2.47166832112107
3.23565728730041
2.0851441771857
2.94844070872421
2.60789048789571
2.54392047620568
2.73039208638842
3.0389541879331
2.61237312572567
3.09824848849122
2.4995293109091
2.95330935859318
2.56916103781129
1.94442572298775
2.63871098960279
2.491419488543
2.44624369166681
2.36806373137329
2.24089600908323
2.84735396430173
2.21549765659438
2.73964170097147
2.11758390355707
2.42747567414141
2.4205947734512
2.21229696178731
2.94991657244806
2.73346210689515
2.50869558399209
2.87005217872176
2.82294682070413
2.27657062188506
2.01632699510713
2.44002051488334
3.02951222347449
2.43340188022662
2.19169148402075
2.53920900161239
2.42063969184259
2.62417467210946
2.48393547728926
2.92225110724957
2.10104173773155
2.92244697146293
2.63959643553839
2.59014982019529
1.77431649838397
2.29261499945746
2.20333362657112
2.48549843709062
3.52630510146253
2.04933281257529
2.83345310839572
3.05160285907093
2.95879931208307
2.94046407781291
2.46268362183073
2.83604777533936
2.48837115403286
2.28221370218013
2.89691098716495
2.33827947518236
2.24230599166056
2.83782989775767
2.21586125555358
2.27933334745084
2.67433710081599
2.49072849167391
3.00558178437033
2.01190202589866
2.35902219587288
2.32604641390586
2.3416027753786
2.03287238008334
2.5016129419292
2.5943084695773
2.38566815331219
2.46457925041694
2.81484819439287
2.72603163638247
2.51947966506332
2.18415579902585
2.58733103175198
2.52898745588043
2.11840436948346
1.8425055551104
2.20624868329194
2.57079501746202
2.2641169345784
2.57619218507198
2.69692805722749
2.51357649052734
2.55089713635588
2.33448444105876
3.0987689932256
2.31093705383108
2.92018373904317
1.90866848439143
2.15351456085016
2.57529977727562
2.59345721667913
2.77581435597367
2.90235051815852
2.1867013113064
2.95078244166426
2.58406703800773
2.68846841190196
2.34711447125969
2.11310441372462
2.34638342952704
2.3350143177147
2.86239145720926
2.08185018922982
2.2181139446446
2.52335513780795
2.33666463090478
2.67315017272549
1.96346969135688
2.78381313952271
2.76573822269423
3.01695105037644
2.469974820004
1.99686856590194
2.24473440902082
2.32915633468628
2.99640586144426
2.44400608689451
2.48669689464106
2.59642046417861
2.30341843307477
2.59423257374924
2.12880944528133
3.16064738526972
2.89907594517862
1.95140723969442
2.5333234094336
2.47033217602441
2.7748238373666
2.70636442518916
2.9542473264247
2.44654466452495
2.70992988249933
2.46211465876328
2.45285156680891
2.91672209000212
3.28888546730248
2.78947327084764
2.7328218882158
2.59675013653244
2.10277947555264
3.31538650354117
3.10208165341204
2.30892330759632
2.16499531212963
2.77352319324885
3.31294944452763
3.09048169962178
2.60815319723388
2.21090882140375
3.196446529805
2.82180435539957
2.41166542381485
2.92496769801404
2.78938228202439
2.55165243190096
2.50781448153832
2.54328950494262
2.77939694486016
2.26352699975085
2.3530279700682
2.7170418554121
2.25943525998738
2.10091233899785
2.53004362986893
2.33020076395312
2.46397761893151
2.20280118620549
2.69407964657949
2.62259670688268
2.6486784241416
2.62300611888045
2.52747956780361
2.84593651003049
2.53339822722052
2.14871260240434
2.30126649731201
2.81907534028302
2.52150040994501
2.42576959127711
2.13483994913228
2.7604883844474
2.98670071073956
