0.335201116832335
4.0906459788279
4.50437419823165
3.99102770857182
3.71174455924007
3.59170999143044
2.98038734000938
4.13106058648655
3.61959018605907
3.89655956805942
3.49044647133695
4.06754250003826
4.00780071843508
3.47509969304254
4.00966651996271
3.80836681290756
4.13329099245704
3.59515834243805
3.86979020507401
3.7759541112678
4.36224026595627
3.36344430737299
4.44845154918371
4.07634168402023
4.80077812700954
3.60702543417198
4.14837971839565
4.07199812168387
4.87663008253974
3.36551359721547
3.60029181819858
2.94265194003903
3.88278618767622
3.52047849538496
3.98152429263028
3.50949786314162
3.60832507698266
4.10688909811251
3.21166627826152
3.96576707138109
4.19489697261962
3.95405574640072
4.44435150918179
3.22330642798607
3.11904859871869
3.96627077750736
4.45699283927564
3.93112181113781
4.46417428337587
4.41719212693652
4.69344605070068
4.05321768317968
3.66917658940125
4.28570608362475
3.5649816892776
3.73593294508354
3.9951703213264
3.66607159253639
3.21114586865767
3.88452437095144
4.56059854080053
4.40296928630407
3.54119009292388
4.5678237323385
4.95472882446814
3.53023939808106
3.91997003248055
4.02601845034313
3.70911830576673
3.75720061877483
3.27840391738778
3.78296766020124
3.77947649641893
5.39869485005584
4.24895976746626
3.98393314905706
3.80595756386874
4.21333167043669
5.43250620834672
4.17093905417581
4.47876808221801
3.64641486454309
4.18270439979661
4.86111432947209
3.76972226259395
4.23286560159453
4.17458872080931
4.40685136656116
3.71546541520682
3.64443470665513
3.66587328160353
3.60865862578544
4.91885823695487
4.0688249700182
4.32598033071873
4.47544136927097
4.02181104197233
4.37469935093658
3.16830451111436
4.52452320889706
3.67035666372025
4.53796217972754
4.32255710804329
3.72639711488811
3.37616242617916
3.48944314861376
4.55017340330552
3.16596388275107
3.7806661510672
4.12682903898681
4.99324677106521
3.34466309153446
3.62315161261436
4.51618803973467
3.97108044265835
3.95222288371629
3.91622639816391
3.47039513424399
4.01789019533639
4.02176452206758
4.66386202495266
2.90231572854205
4.51585364809378
4.81806868487181
4.29244427852497
3.46714239726987
4.49887949802063
3.36653862481263
3.37509235140276
3.31560881322909
3.46237733427541
2.95751765258637
3.44619437530127
4.06809430308828
4.01116848757256
3.68425466094174
3.88464839960361
3.13037694723725
3.58297640140139
3.21827347762837
3.43708222063946
4.32274854137744
4.17957351202841
3.4285785083572
4.04686316792251
3.73496396540801
4.20449978259004
3.13907679168887
4.13030521153159
3.77020262154871
2.69794397814713
3.57028328539708
2.68803367653794
3.21722642920434
3.74843131256571
3.41072654709441
3.24939193324798
3.4021177845698
4.03470220775771
3.69332614157687
4.32500121143025
3.36369552732291
3.91332071394476
3.83215262504364
4.20390937435853
4.36333187311377
4.43696072480345
3.47893142171363
3.52688794546452
4.58702847137046
3.82199746629747
3.54410880674765
3.42022281975973
4.48646372486469
4.56597173413454
4.67990545695617
4.73891197941286
4.87834969541455
3.78406322744832
3.6856260224216
4.56554100596684
4.12954343734659
4.04424335848822
4.327672801704
3.51464885730334
3.64938500667386
5.24009017131448
3.06013558428755
3.85141044306712
3.45328864068157
2.97564930471543
4.3224522084259
3.66508959729758
4.12616493008448
3.29562022662245
3.40218681077595
4.05048099375399
3.45752036994973
3.46259930302279
3.34183605240077
3.53864240832704
3.83506325712602
3.34507685756379
3.84430340349332
3.70617250895386
3.52249570373238
4.38646057409904
4.40207289572266
4.3348965426964
4.27759271366966
4.19735590559285
4.01264935668679
3.37203743913103
4.72862294401733
3.67010631365746
3.40083029695795
3.76830768714356
3.44878359130966
4.29128788466022
4.10755524847726
3.79817068076823
3.85818233573268
3.7056873229115
4.0866972144109
3.33235488500537
3.78907582822789
3.4403999369501
4.60129414985563
3.97395685258912
3.1619854146364
3.47754501742828
3.92423822195923
3.4983455991492
3.64994064105346
3.25261875689058
3.97260102736401
4.11857856367913
4.72632287156217
4.48743606789766
4.09081132890709
4.58211301247508
4.09642388418525
4.0264635123465
3.31753058711488
4.47244141447253
3.67408003930445
4.88717150564488
3.71346129776581
4.68074829993504
4.38433246024808
4.46433251631131
3.29874504024042
3.55799313868208
3.94739536445905
5.08854277402238
3.33450068033125
3.72145731914262
3.62895240070308
4.11080931873518
3.21822138123968
3.32465200808791
3.9422804873594
3.50657174443581
3.07149846998329
2.97454730844453
4.19756696648888
3.33284274739344
4.00905601138205
4.21676182130888
3.4603070554174
4.37290191206529
3.02795046219528
4.74401760858183
4.19834452207714
5.10669724260413
4.81034128519612
4.35999069272918
3.77804294196041
3.3442388072556
3.30452937814005
3.43782357311187
4.28579062659765
3.71869837908435
4.25623500961497
4.17085509576184
4.11763208268084
3.54061312943649
4.79273259667167
4.14071697349102
3.28675184929661
3.69284416643815
4.48955214320904
4.22895332636265
3.38381610371637
4.05653563616327
3.28356137700628
4.51626188371607
4.86720817657593
3.79901332411477
4.02019305151014
4.47546904148343
4.06980494873524
3.63952657901582
3.68095706911276
4.86801218973214
3.61208951332619
4.16963517661868
3.9449960628999
3.20321736204611
3.75849138856178
5.10691215883537
4.14588267101276
3.80273522908972
3.72605580561949
3.74355554581887
3.34380560697292
3.84443099292247
3.84450794131105
4.22715606006786
4.4363102702155
4.29888225487392
4.00084553687427
3.24217546671736
3.72126599330937
3.78955625991739
4.37394571456187
2.87644492714283
3.38253276533278
4.09269038605795
3.45121064873093
5.00075140432595
3.42294136429317
3.83397590384106
3.47086228717626
3.38376937198915
3.66229918772434
3.07701816666785
3.48806858851137
3.818207038938
3.41170197334615
3.10235523876057
3.87353367155869
3.58996391657322
3.12038088025786
3.92191969134151
3.91563134627301
3.56976279261885
3.07984519827627
4.14905379629113
4.23697176740529
3.25457989234581
3.77970499594365
4.15256297194827
4.16157936892457
3.07814290049656
3.20440227959253
4.01068753102774
2.92372006622721
3.54256757126381
3.20428746329275
4.0268320849414
4.93561238692014
3.74220880899576
3.72058565024431
4.06696496051277
4.33241535544514
3.19129586163185
4.17481149786073
3.81943474481255
3.90448952939005
4.58531883409155
3.21044915563964
4.11536960849492
4.10880546402373
3.8873243848069
3.82026505946752
4.4377738311649
2.94146804767986
3.69491768820116
3.23880475027682
4.00961079816901
3.17731093013237
4.08863606949113
3.55009561035053
3.7620688340152
3.89950625522248
3.6005930706264
4.85676194589169
3.69234010352248
3.43763446533311
4.81070258034429
4.00184053030134
3.57396213649515
4.43358657410589
2.96258361478579
4.89815764482784
3.69115794372851
3.35182385200093
3.44496437160479
4.0428905843937
3.09200967021051
3.84297766389686
3.77279108419377
4.10393523174987
3.22952237181963
3.43542812314528
3.52184453460237
4.28225343865428
3.21285404440047
4.17340654018883
4.07677899152777
3.72271604492231
4.45440211319823
4.46382742685335
2.94447728432162
3.92550775499408
4.94074149464735
4.92437803503926
4.64122980617497
3.78224132502673
4.61667662545546
4.3335537029528
5.00569186957506
4.33274986544179
4.59343605615286
4.55182067058023
4.23185060326805
3.57131666066294
4.43888051261228
3.38493275701735
4.46322016483812
4.04469936034584
4.12297393709072
3.69857915202077
3.95745092423109
4.22742406691502
3.60776398489619
3.84546789278833
4.39417692970971
4.54439251991951
3.44299882750634
3.96673324037134
3.73212344812052
3.60269880616964
4.06658275623554
3.50983050182797
3.96899389949951
3.47407334645375
4.26947734148335
3.36830596850516
3.88524558341172
3.44765808768626
3.81883874078299
4.61630567306488
4.05167812850387
3.64023465130449
4.65382107980161
4.4350559616904
3.6098401185199
4.64871421209551
4.52324831213309
4.37784494096549
3.59008249607302
3.32003299329778
3.56763025672757
4.08797808445543
4.34043021265326
3.5653938340134
3.38975335433761
4.80443605822366
4.55486178546916
4.51186333233127
4.13378835561136
3.43968058924139
3.32995985480589
5.18145591020182
4.55772448837269
3.28702027803544
4.04544788740327
4.09943750664967
5.24111404718426
3.745596503979
4.16597152862388
4.12752515296788
3.98416265539795
4.37727427509134
4.23348246433889
4.8299384205429
4.62139508688956
4.86100781279099
4.26553719349489
3.876123732975
3.8922902352103
3.62688927489685
2.99490342487993
3.87299674722477
4.53565864603768
3.0385111636935
5.13337989229804
4.36417333162317
4.80144449088891
3.76138733137796
4.35804272617497
3.71192092115261
4.46421513719324
3.79909860737414
3.89394387354518
4.20333041070801
3.27648937192083
3.86152404996383
6.16298077619718
4.02283222092341
4.26493168630978
3.58507734009142
3.68313065144263
3.9120992107758
4.34146491238932
4.36588679427971
3.62003712273001
3.24469921704105
3.85965430900829
4.62199378195522
3.65413828114135
4.83280585877116
4.1250722264049
3.35288667372075
3.98905190835483
4.93152905050807
3.55534582688076
4.55177625408493
4.23249961275126
3.44948866752067
3.66810840861107
4.91911393991987
3.96913358667283
3.81350871404449
3.91410447243843
3.70045671197687
3.90492447245347
4.25711333737693
3.93991305119313
4.2824872726576
3.79517609314847
4.00506035885467
2.97666640873624
4.28889318715647
3.80069513901066
4.33648258360231
3.49815794115699
4.50391322672658
4.35452796548248
3.63553601960801
3.28053976707287
3.73906902284004
3.54243357903832
3.99257874605708
3.44915971308587
3.85977553621995
4.66003458291436
3.7554031309146
4.68655893278568
4.39836742314523
4.51110139985173
4.00694429045078
4.21374068286459
6.18874019984656
4.40497935719636
3.14413065432001
4.01342601270077
3.48174165188999
4.02546765064581
3.5768799005453
4.58245032303666
5.44993072353657
4.34107530107
7.02929575675968
4.42605649313473
4.15070141488822
4.80022697553671
5.29992010375757
3.97739945759262
3.90786033220712
4.65318395309401
5.80494306274149
4.0045916602662
4.52878986038816
4.70544998885117
3.95795115829939
4.16744847500556
4.18681581630297
4.26010904775054
4.61956443320264
4.23358908827197
4.08654828429158
4.79437843939967
5.34268538989731
3.5319874983897
4.41493701905948
3.47953124305556
3.68905999600596
3.1937840672725
5.16625600467769
3.58456228823136
3.88792451230347
4.77235255143828
3.33352733657314
4.38325830094347
4.14704678559403
4.0642085385728
3.41776333391331
3.25392061180295
3.23590140751081
3.36910119603307
3.60806059081095
4.20068859438485
3.76767457580727
3.27458897339458
3.45440757601946
3.86514716159384
3.58962227891804
3.50680596971671
3.52350807037106
4.59311552728121
4.46954524761543
4.04783949311356
4.35916927979911
4.15894607631322
4.10926521566618
4.29821543005818
4.21299993708915
3.8351242499618
4.23861347598333
4.30597988785147
3.67340279510332
3.85063980443284
4.52409593272539
4.02647515575876
4.03684025930707
4.45226639244161
4.70973109023149
4.35841684587647
3.67933501132718
3.87231693388125
3.78485113921753
3.6822559843409
3.32847759919106
4.32016065946364
3.42418794258337
2.99701157399213
4.08141334532981
3.7509476840119
3.71177800803484
4.17306514226727
4.50770616205636
2.96292957688257
4.29125084251516
4.75884042455746
3.57416632825529
3.44317025771668
3.96364809254264
3.54693660531471
3.67552337490063
3.38392020146069
3.21563685803017
3.96290780816631
4.0471714838188
3.38867625381104
3.38677526887443
4.52459023930884
4.2668788933618
4.00936674702046
3.65459012906733
4.5042072661662
3.96629496514766
3.62684634364558
4.81160707062555
4.73147931130553
3.43234107080227
3.61472757401841
4.11972735215105
3.66122873223781
3.82778840605578
3.83712729752113
5.10906826894319
3.2098171413747
3.60449474660737
3.82608181619085
5.57426284783277
3.86815160514904
4.41641331193784
4.34793282617429
4.20765556673501
4.1368162707092
4.374592199898
3.75869908056217
4.65432305424529
4.04098427317023
5.86721622811374
4.19836190056658
5.08012810882837
4.56068119349344
4.67268368279251
4.16245572636667
5.22888387883779
4.59824206666372
4.29343725767516
4.32226186009116
3.67039363879966
4.53537368721864
4.7748692521045
4.68915772212838
3.98046641157448
5.07321518317507
3.88420966992814
5.89054590358989
4.41667755107045
3.79426793338195
3.10267827618603
3.68295298578424
3.67719205504253
4.30993025120809
4.30676459704251
4.26854403773672
3.93054507699052
4.01932653323908
3.39081297856415
4.88514650659098
4.78191263359695
4.63648831045938
3.38212217120998
3.72455663070119
3.90998672544688
4.30839137643668
3.7958838666137
4.13036844932997
3.91439187590845
3.4566006639729
5.21924528594859
3.90711882412365
4.35319593567951
3.8995478894348
3.67858119809771
3.67274325495024
4.71173294764175
3.15183725237241
3.44457084933514
4.55170608338469
3.58568136946114
4.3137271309382
5.29391577306578
4.74692772985104
4.26491789464646
3.99679874448546
3.55838106770292
3.16815122119475
3.23440126928332
3.62270110203646
4.1869854456378
3.91095822619433
3.6423213281771
3.92902067597907
5.56166216991372
3.90988563105313
3.36356228878301
3.68372638667071
3.95966519377244
3.60227393992778
4.20045494664061
4.98847954129002
3.91550989060477
4.02275324247026
3.65073998471589
3.77620844942177
4.15438399692186
3.50966524947951
4.16998094906148
4.41323643375007
3.07220821700893
3.70353454101922
4.55336265755137
4.9007255109381
4.41471144287767
4.33980047066726
4.28523436719323
5.1191779441736
4.06917054545502
2.72537316552473
3.11487553082516
3.75497321437203
4.35733101992898
4.48522567506302
3.82289359779508
4.07515764221374
3.73429003863582
4.00861863184186
3.93411358570644
3.1029558324516
4.18543681156094
4.17910755154459
3.61692441424038
3.92253072805017
3.30663511538071
4.11494344956691
4.2203928615649
4.17116657933681
3.04160264750642
3.66079137950012
4.12660058405521
3.99138196270775
4.28910508011402
3.79424751545488
5.09632810649242
3.54048136205171
4.50183266641304
4.63303209577228
3.73978761410588
3.54613419787412
3.2718864867267
4.36531924793657
4.21279885582676
3.44269578250768
4.30777559269797
4.74608745798858
3.28849551087817
3.95831834820982
3.32888186002013
4.5812108842119
4.97768086645609
3.91190675718077
3.28371360714651
3.57173888025698
4.42921240250365
4.43896546809133
3.40127473406181
4.09634487653382
3.63529760715185
3.51758815046514
4.21953548372188
3.92639624790358
3.86865021504038
3.97035499854106
3.04046015095509
4.37028326630112
3.03627193191344
4.03053434504655
3.73059754336963
3.71814212596369
4.95761907936412
3.94094675465984
3.90507951614798
4.49000927799534
3.95542234406955
3.89454640820072
3.59122605984276
3.02761345106696
3.3890948956526
3.42810557455961
3.27357437394777
3.71797710963694
4.2235360277995
4.63986446387302
3.48611101549314
3.84242748611707
4.04191708887762
3.7824367685912
5.03001204590859
3.11624876915193
2.73602012699669
3.36925209028151
3.41727346541207
4.19112770129612
3.10281763939004
3.60735909024975
4.44734522138533
3.43173542615809
4.04642048714849
4.36226307896033
3.94774239716886
5.00936075206998
3.759902951363
4.0315148323764
4.22296738901066
5.19045373697545
4.07687107675596
3.31557877934804
4.44538577476937
4.19387285657422
3.32287231743527
4.36502219884306
3.54465589715293
3.68920012373474
3.872284070379
3.65055455944004
4.01236278436974
3.79131068857611
3.9924230909159
3.26236633999153
4.21997864632511
3.83179432024057
3.66930856919264
3.52046993007444
4.41966395649004
3.40893893470005
3.77740866548629
4.6542050400052
3.21755822340134
5.0206410240947
2.81864014885381
4.02211914884211
3.99870223414109
4.2513707257117
3.73960410292633
4.22322815725616
3.72789109556847
4.48830694847402
3.53132240960466
3.57417840361489
5.34149133318849
3.47744718462329
3.45696713477647
4.43596791922375
3.75168729675593
3.87399153971928
4.129125092952
4.31268560624287
3.55611957166274
4.14561004174278
3.82525574634044
4.35577619865605
3.40372574026881
4.2789519372226
4.35665558729519
4.7739952137278
5.48558200222364
4.34391299680436
3.72700531563218
3.99783324074497
3.66788543651087
3.94819415848744
3.27328869142583
3.34124830520224
3.55163741015764
4.73965741286215
4.49150943317597
4.56738710480466
4.14212695433162
4.83559956091278
3.46124567138357
3.88952411827956
3.18437628232263
3.92671603688796
4.33431712597164
3.74163073540675
3.8493497398668
4.01252789911056
4.06368460313897
3.55964275421611
4.50328530130978
4.2825012849542
4.54152298225013
4.30060756064228
4.19198166837504
4.2999682560185
5.20116519018775
4.13661653190062
4.55540041460431
3.54545255435297
4.34348573703837
4.15571022658832
3.79169968522799
4.55755392110657
4.41718043897841
3.21948535754807
4.33631145983009
5.19738914162269
3.72697311370922
4.58449622779526
4.75455717823649
4.53932911732012
4.3895324529632
3.52303119662282
3.31644740258987
3.93121535449387
4.27578519155414
4.47350007459871
3.6977682959194
3.25540153954978
4.46302397755852
4.12571263701969
3.34949135689291
3.29184383966749
4.336648201764
5.07585993417687
4.72920346204232
4.34310184830307
3.8307044960241
4.78780226179829
4.25211021586837
4.05825703935794
4.02628156734129
4.37890554371326
3.0723287826016
4.26841288480551
3.98776740024753
5.4057977660815
3.95296291328692
3.5811333331354
3.60810506341267
3.88548549684866
3.97450145579401
4.44499920178408
4.08520882096548
3.62451308569624
3.88847209779513
3.45936602989055
3.3895665794154
4.59057211932607
3.97286571962945
3.97043406461634
4.6236026433252
4.38181864576947
3.55257052820139
4.4796763851311
3.70086348107821
3.83160123995769
4.77210554888653
3.2161863437407
5.78064674835212
3.54541448554473
4.80273626002386
3.76156152227826
3.57905829419698
3.49238389280979
3.55831801459654
4.24798729699547
5.03991718543778
3.68660127491356
3.50029421195527
3.84233675470349
4.93981884014854
4.9367946188506
3.41183336374008
3.65047728799911
5.51862585789596
3.2044819633592
3.69268163411361
4.66205675908703
4.08013546314607
4.13311226551311
4.23808536547454
4.62085146436825
3.7679224606118
3.95088034947182
4.79732986972519
3.9352742066738
4.49461989685572
3.50213734317156
4.65349813248443
4.26750954318903
3.45644076719158
4.29842237497744
4.22790263448074
4.59625120971971
4.06796101487793
4.96254438871953
4.4215783008511
3.34606851880808
3.98216939844661
3.56661276147885
4.26767460892755
3.55622584132652
4.07615016994188
4.37039287146453
3.73050715246702
4.87665127465845
3.22430272731676
4.31973506466727
4.52525850195838
3.96722615202336
4.05889213652222
3.83881782188356
4.14013050970342
5.54528994304643
2.72399811799162
3.66181337023555
3.62942689948575
4.84820512843029
4.05227237820904
4.55125622487085
3.73326616050546
4.2806897205845
3.96979146475776
3.32865103817465
3.95171763824083
3.42723293832741
3.70625401831664
4.06991373661803
4.33050330182105
3.00664085608326
3.73369439435798
3.53211204739498
3.81252757147941
4.18624651879606
3.69727619580664
2.97091954494794
2.86367507758461
3.52563362483626
3.78744578902865
4.16062237365555
3.26280982961688
3.96448898881848
3.557567633753
3.9117398554364
3.72963709003143
3.48351724009227
4.46005125499135
3.01956785475396
5.01490994538893
4.28754581786429
3.33025640725622
2.36708189105196
5.05267832061228
3.7072533941936
3.46747189947653
3.14674437816934
3.93560848745177
3.71056261585457
3.73810011629065
3.06273110122111
3.8610819979942
3.79828776488837
3.49381909681394
3.79393816884463
3.77613411646851
4.46232426749053
3.54566513419149
3.85336844120929
3.04516174836514
3.91604095415789
3.171455850432
4.51591497437332
3.96841483416223
4.44683033668672
4.31212123251801
3.55680278930605
3.72629262052541
4.29696095008371
2.83708323817429
3.26220950698887
2.92068301309886
4.48103210870264
4.25379712286488
4.17430898558519
3.53846424290023
3.78706205799792
3.91778557426144
4.39525821924455
4.77819585792546
4.05044159336569
4.63977166919364
4.22431689163066
2.96990185992406
3.47594815642091
3.54576461424833
4.51303367950927
3.59586951073578
4.08551508184077
3.44464245161275
4.76487216052235
3.92736310977631
4.03949021858273
4.37480563962337
3.98670757839417
3.75105361685263
4.46691719163043
4.48436963344353
3.6828606285974
4.55461580088124
4.37792008998012
3.78840779466994
4.42799436822318
3.77244741070809
4.02229123091101
4.49186780602014
3.38922490839872
3.80606104409226
4.22720981136228
4.85476995494923
4.17835432416754
5.10744111289215
4.66151524578092
3.88628554392005
4.42943720820268
3.81810820197095
3.26247642502021
3.75246390976907
4.78090649106917
4.70428547637406
4.13084073776235
3.45665112203909
4.41421973388246
3.29987789214661
4.46025084604083
3.72320743819876
4.37376147775791
4.45209957877426
4.66996405216444
3.90957126897791
4.41103741452453
4.17451495308531
4.35871321955819
3.78633814028283
3.7866093782691
3.34489502219609
3.858069387856
4.39698373505082
3.92697557288499
3.27441688075675
3.84103463994962
4.79345545541431
3.95087273481155
3.60480130158855
3.67706183379086
4.51489139920734
4.46623512046099
4.7702155472556
3.377875390865
2.41868893257113
3.62627339790411
3.96139785688888
3.69632010607564
3.58353997030573
4.65109851255287
4.09182167445234
3.61448354556953
3.06561795299756
3.55434947529242
3.48853743396039
3.02862863830278
3.71207103500802
3.97831030424885
4.28404664750949
3.86218757543514
3.70667182753174
4.4410213394816
4.67081316915158
4.80195538619745
5.06449009293738
3.90140527807636
3.72247667460267
3.41706119758107
4.28724003081603
4.13740256738327
4.32619985301176
3.99638863172637
4.54990379627534
3.4555062947307
3.64160893244002
3.74119505863996
5.24424506665133
4.02121116446813
4.29564404606534
4.97733767818022
4.61375131730071
3.06745787727362
3.79426827319236
3.24668500971169
4.34659723464006
5.35138364676103
4.0879918961981
4.12996969388647
4.29708299809931
4.65181724710861
3.71540024225577
4.6092350578707
3.68004745145202
4.40620433154713
3.91561259912356
3.51938004847778
3.40440673758921
4.04415225315058
3.19533970483113
3.56720731434104
3.62272614497719
3.82302585474007
4.03403055118382
4.34140970749236
2.36650220745188
3.23732849013262
4.16072049466542
5.5285347725135
4.60721522266637
3.55304601945733
3.83963899790511
3.76609276416109
5.77478145357551
4.46418235964762
5.66773020861311
3.72072938171844
4.73129234339346
5.09930425162855
4.25766654982617
4.28938983398563
4.60963574916962
4.714613847351
3.96450588650927
3.96357943848947
4.27796831034619
3.39847513094163
3.38278402891486
4.67465394498544
4.79220025313874
4.10741054921031
4.81646240327137
3.86350580075556
4.23728388050391
3.74076492908138
4.1536209187569
3.75367603931562
3.59763508646461
2.82761762530861
3.44260802539048
3.9235146870631
4.59331424234769
3.41470039463031
4.45873840689203
3.49129327566786
4.02283901888673
4.43191810096915
3.22929344881762
3.25647368260225
3.31085730411261
4.49907060193958
2.99253024774624
4.92084430006472
3.81717364737888
2.87820541082784
4.32929701899229
3.67121906693792
5.14811769205985
4.0336012742692
4.16810134481133
4.23551776256816
2.54927973137548
4.59131891042957
4.20513818361289
3.15654009017464
4.72574704058784
4.0348352702264
4.12141663771049
4.35546529736871
4.42011252509861
4.70052551576906
4.0544962592464
3.68068352295119
3.80383625079054
3.43754414810267
3.71762354957504
3.43730365326841
3.74914660685705
4.37330862071702
3.82812568506346
4.07022706240818
4.58766463522692
3.59759860873044
4.25279428520925
3.28276577211456
4.27726034158976
5.14420781857806
4.11579549647786
3.72624880268426
4.7824486668272
4.20902616568961
3.99283290781886
4.42371105962448
4.64753482330826
4.37136221202906
4.82613322006416
3.72974585467025
5.21666968074256
4.41494852990303
4.08761777170961
4.1474559344178
4.17422988119407
3.58294676060052
3.7494912080116
3.88171267141313
3.6107038541669
4.08583545432151
4.03393009669523
3.95493213579237
3.19803997503594
3.06132514103732
3.97598954808145
4.73000672280211
4.99965568250174
4.18800681958837
3.59804455682777
4.99081079477869
3.71648960212352
3.76620047695019
3.51673461384551
3.39171197410953
3.01736558597908
3.30097071045303
4.10593351751842
3.97608623837788
3.92655784342758
3.74298668725683
4.43534194306544
4.15072454930162
4.12949311173465
4.45221145743543
3.90854153599228
3.30599993146028
3.92924154197606
4.04600788068021
3.35065022577539
3.8612087099578
4.70744255674498
3.22576986843601
4.12934058328108
4.1984645568783
3.33998974579243
3.53023364946583
4.55713669676515
3.37963692466898
4.4310223120004
4.04605076592648
3.30278193872546
4.06127555695751
4.90762507451379
4.12597755093164
4.7237061668187
4.65184818946773
4.44133905991024
4.14892905102697
4.79796525210489
3.8244671228878
5.66186229102298
5.23991048551992
4.77889215180078
3.9121855540992
4.12948893833545
4.94685951355794
4.26647197882413
4.39929079757034
3.94773556554929
4.14489312887354
4.42335380067906
4.06662390062581
3.96579705734997
4.47432095571369
4.70710209680899
4.08952053500689
3.72059949659216
4.41012599060665
4.33929644984403
3.22908288321557
3.73506362425176
4.21389969205866
3.3418614352593
4.63420814413227
3.46774750632803
4.30811630534516
3.63586626824298
2.95260532850678
4.24441254839959
3.40386174111149
4.45329809369859
3.73859941157532
3.88053585541897
4.05265671400532
4.72326376709888
3.65779097620407
4.70824188912786
4.1544795059272
4.428490091293
3.72003974657359
4.2787605196046
3.89280907341553
3.41769243923236
3.81001133887265
3.70641270881781
4.19250385270936
3.78171057670337
3.05488055265721
3.33643649472029
4.23085373230042
3.60959689810056
3.45194935913414
4.42942946695014
3.83778454160016
3.76578787469558
3.78103431452823
3.95401101377388
4.21421159849925
3.90823130062231
4.2519905907262
4.06561696110007
4.15998534553577
4.89522626932762
3.60912057073839
3.94628549357659
5.1064143949495
3.81150716821744
3.94499778532979
4.24526096655716
3.46304950339148
3.89606881692928
3.72993980131278
3.56184078127185
3.72594947250614
3.56871459747918
4.42478952290825
3.43324094952947
2.96239458256881
4.79561368438888
3.89005149075915
4.20329719616081
4.21926404929287
3.89394185034067
3.28254429911177
3.23435739359302
3.74340701950317
3.49628108176815
4.07508300517771
3.66208616249176
3.85308482440704
3.86291026457129
3.97364866128919
3.90929211772877
3.70889253570403
3.90143244197729
4.19523766734979
4.35484129999565
3.41855545697162
3.94573234222865
4.28597829092934
3.90738281447835
4.02569806978255
3.45581003246139
3.62604390509541
3.87833129791986
3.70477095466823
3.56558860477628
2.884391496662
3.80897050968013
4.11856882617917
4.33781953775728
3.66464097856807
4.62042226875788
4.11377798269541
4.73414993902963
3.3142800788629
3.77225163258658
4.26595187837636
4.06840889206982
3.84445303255192
3.35198356652714
4.40941351083073
4.29982084163032
4.31917577892812
4.54392567499987
3.68675319591891
4.71645118889313
3.80631789861206
4.32974973200456
3.94072320236003
3.8974826954942
4.87722386062818
3.69331406611217
3.85994562880709
4.35154883612892
4.31663896601643
3.6749055493598
4.75052138081591
3.89902248032997
3.22618874764489
3.32845168157599
3.32055016432934
3.43785507190448
3.78581791062065
3.93646926913585
4.46168359561606
3.31795773943286
3.32099560980784
3.5985422775081
3.90049916709784
5.6107925372478
2.76627917971432
4.0679886836056
3.70967644259378
4.03581308803215
4.64743502554032
5.15358991156828
4.68425318476208
4.12688272222707
3.57659869018051
4.93997592925002
3.63518288784041
4.81884314012244
3.75231495686192
3.88963311742456
3.41619198295441
4.64980702038898
3.67759591722702
4.08052864068201
4.18000938734598
3.5065075325161
3.82273673062515
3.38451203850114
4.05120141040913
4.31529836730536
3.91165159289116
3.4389789875657
4.15730202404961
5.29510382735513
4.1612822661926
4.26714906447951
3.88004218077594
3.60463851208123
4.10586477850317
5.00047399595278
4.63773264324908
5.0829650605835
3.23365506927703
2.9988634716817
4.40737438823297
4.40426603977548
4.18524445726994
4.74933865614664
3.93531189012872
5.0149240951844
4.29172369642223
4.32239605812231
3.92351675540826
4.1488748602605
4.92424640974201
3.85418775050428
4.11902030852136
3.49745234674013
3.11596418355549
3.67641089183538
4.09766602406594
3.76306644881747
4.40781369237704
4.59724489077385
5.11436779383577
5.24264166593735
4.08937865309933
4.10882908644789
3.54446250210339
3.99472292365912
5.1854648682932
3.52372569743198
4.24443154403436
4.52639372516137
3.52142142647506
4.24327953531488
4.07399834165933
2.75229180060136
3.82516761092403
3.43646805140939
4.08283594714751
4.18193414106374
3.6599803530146
3.9484732681594
3.51843870357898
3.02174360607804
4.91302668933679
3.81879033494711
3.99580574911756
4.4722990977622
4.56603445719113
3.92713530585818
3.95413342739375
4.41772613413223
4.30065699194631
4.02397485289086
3.48019856163881
4.16038410847472
3.6689350948695
3.58499276974296
5.18198444509335
4.67783363711075
4.57156922367101
4.10707400052235
3.83064142386104
4.82660135278624
3.82808250053201
4.00514209674038
4.24467247177057
5.0727162818356
4.57348957348492
3.68783759329492
3.96731813994869
3.66120530354184
4.46262149761935
3.49849861273142
3.42252838428565
4.43487610969665
4.2880242354728
4.19120885115716
4.69985563462576
5.48273339814794
5.07998393051847
4.81221817462698
3.69474450259262
3.92438410310818
4.48370317343295
4.3128881568284
5.74400330725528
3.92635032396059
3.62906765504045
4.41073494349436
4.12610314140656
4.12455532687032
3.2513967334835
4.21602136103475
3.98983775564325
3.30679116395836
3.59599791372962
4.06272467014179
4.69627922943151
3.10255706759323
3.07837502362966
4.04500737801987
3.8814885379463
3.90758338429259
4.19120310613744
3.90590529097659
3.38299033665183
3.98422578132684
3.68893586217988
4.37010676141823
3.77619580137158
4.7031534100104
4.72075201618011
4.03294662201337
4.61059502943944
3.9752929591992
4.42692787825427
4.79113130408929
4.9670798795944
4.21945797178506
4.11176728183068
4.18749658321663
3.99605352043736
4.35701370224143
3.66527029923914
4.33538443792384
4.89811215320894
3.65260320786058
4.03557733783682
3.82149278816641
4.62039860709284
4.29278533853961
3.39832699373672
4.29252199758687
4.09734842254962
4.80891239486524
4.38084066899233
3.37943063984387
5.01460516072798
4.45582891522999
4.05192006677182
3.84836255593031
4.46011075547756
3.93315511571344
4.20559984662802
3.76673245787962
4.10602999469178
4.23410025692111
4.08384876961735
4.22920768361692
3.4470859423498
4.57700019597482
4.66690689499886
3.50864233919997
4.23551279355388
3.78309376409189
3.70625976862229
3.93674107526403
4.20343583826973
3.72405448124033
4.59476912715563
4.64303758991873
3.98921047153554
4.32296045174216
4.91861833821281
4.24240465622353
3.39513025960772
4.58727827961458
2.83543294889413
3.86753696119276
4.27447085870393
4.44741256142209
4.07327223484776
3.49151829079839
4.27741110041113
3.97927221798654
4.49443099542614
4.1033113178729
2.69311405703634
2.70854004370465
3.29008119617657
4.56204757802436
4.70217991605094
4.06085836045708
3.96884175425721
4.51217075481305
3.95884777334859
3.86121851663772
4.77403469585851
4.84976194203636
3.86651709896244
3.84946820860042
3.85276171495725
4.1529420063365
4.02621606594682
5.19124934519182
3.93235710106676
3.71484051811836
4.12751062286341
4.56038354925564
4.36173841482804
4.46040983125007
3.29557464569445
4.67695473404273
4.36568232293977
3.34965190986197
5.26766826916111
3.40870781935567
4.39089377889136
3.65517721147187
4.61836918633778
3.80886183155771
3.17179211249907
3.87426301601214
4.76343661963035
5.31473325800536
5.50352638046167
3.80707848597947
3.63460317181535
5.286727460546
4.98902170034197
3.57635133082942
5.11932932504325
5.00876809395652
3.54946413595764
3.55597948544549
3.84312936748618
3.85235226201982
5.07859590154085
4.06913486086039
4.49150009309162
4.05065149096067
4.1246247437802
3.63505276890926
3.66877220396576
4.2667740772383
4.13238195277507
4.02150273949927
4.70173103583943
4.15747824448751
3.49260142550527
3.53833463932138
3.64044838928253
2.73196993998053
3.85970226346544
3.54418449174617
3.66384856188941
4.36974251529889
3.26786341515152
3.04170012719435
3.52585612273954
2.957689768254
4.08072064093069
3.88088236110195
3.26138348440951
3.724067205267
4.0984031305841
3.6809184915503
4.38657756414508
4.51406512721722
4.07680203591162
3.754217031947
4.44930361623725
3.67745745601889
3.89821557482063
4.48894072208826
3.19509943599283
3.14737111899576
3.45892736653084
4.29913467099345
3.80400334852915
4.1784682588366
2.95135434810419
2.85148676391448
4.72022659403704
4.30749779274491
3.23683665863128
2.49423073950158
3.93248289424297
3.03925322157501
3.51995911587682
4.10433416492492
4.18613299633094
3.21159563849251
3.34097947099734
4.54913460314263
4.65156522480155
4.22738269878046
4.28250770312851
4.41431946890403
3.65727015326035
3.10363660304377
3.23291495677194
3.7167857651521
3.4761907365708
3.95723627094999
4.25814668946076
3.77323145764219
4.56566001505849
4.35477064005598
4.15564403735045
3.82281667084365
3.09661766722738
3.40788205894619
3.18129142231242
4.60205291513306
3.77821948875186
4.14969649471825
3.40064970050948
3.23395029449553
4.48212244294011
3.65336710402073
3.9821541417035
3.0188778214351
3.90242632267839
3.87851248915094
3.62580436945232
3.5168990943223
4.62424909465634
3.51444993061753
4.67593197896076
4.31245303233247
3.6936998054974
3.56111028236402
3.65877740427477
4.20884513453888
3.69661993330366
3.07001839786857
3.35836691441226
3.31793640035752
3.2204758526002
3.89795191123714
4.45063375534024
4.39114866509093
3.34024271338154
3.79105616300933
3.84709953464869
3.66287729197761
3.76055010276055
3.864754908964
4.25318957736021
3.58991952247444
3.74649052497499
4.79573829036557
4.43359668677573
4.87796293019557
3.65720811496166
4.09007510823343
4.18274667838022
3.90824762217075
3.76463966409572
4.69896149986462
4.11341590299996
4.66238389891937
4.74949295810741
4.25800505966211
3.4842487162457
3.48365470063561
4.50791796984196
5.17129108178079
4.49845531109709
4.56683693634767
4.24055775560251
4.19335382979756
4.66261509651318
4.46646816781946
4.40098324522251
3.4984038053166
4.14099010149713
3.98251156483546
4.16438744919544
3.44752439848326
3.97106708884845
4.68268013301948
3.87532677546687
5.72865188429848
3.00366833039217
4.56176835266695
4.10129917595152
4.69281273869554
4.12464486826555
3.68352844343453
4.709054956562
4.16560265027368
3.97127303908354
3.68588200549706
4.08889482071115
4.02748395040783
4.23050545612818
3.62909241152304
3.55640344774246
4.78301608626679
4.04352832502386
3.99439130341082
2.92560220296232
3.85639044569808
4.83831627063207
4.20980280296493
3.94824065988766
3.91735085659811
4.07361191779705
3.88650618205664
4.45318417445158
3.36125034690278
4.59851264458064
3.70089827265877
3.87419096671318
4.53191562773986
4.65597534855282
3.38917775890199
4.03082023966727
4.74534782209534
4.00068073036776
3.49617898102196
4.75208415739208
4.96169891661689
4.32336337863927
4.09627959361654
4.8423198279023
4.09652443258706
4.27801038004053
4.48397447443123
4.4341783663728
3.22213387490203
4.03943685477372
5.28042926355151
4.9637647650128
4.45316691699249
4.28407114407513
3.28692201221068
5.41458757522363
4.70542707537911
5.15745074456865
4.50838308666855
3.93790802144297
3.58534301551718
4.08520788859932
4.91805531726915
4.30992864749812
3.57427249578327
3.85541671169794
3.67479471242427
4.81373328829803
3.42866326998155
4.45813512465539
4.72526827159382
4.28030598645372
3.7798462264691
4.15989296286933
4.17918222603509
4.33371604687303
3.53114686435349
4.60275320546744
3.1763359064031
4.25720554335618
3.94091713799972
3.76646901551293
4.04018668193465
3.12500287255864
4.03540772234685
4.3406247701415
3.92790058632857
2.92156666433405
3.47610279742404
3.15053614387037
3.48404312930076
4.43814658030158
4.30164426097782
4.01392078780664
4.69490342436248
3.92037875218366
3.31907331322014
3.25938061757182
3.61479570325274
3.52370828856619
3.10281832331625
3.67892228991849
3.97986308631547
4.49553710186187
4.5912394180886
3.97021684135534
4.28367771061739
4.94225881885358
4.16492868795337
3.67912592219216
4.17096583330656
4.41336464026578
3.37295085654082
3.36591606003262
3.34716684661842
3.84961782788916
4.60477443208964
3.58119213263904
3.7287123796431
4.21044250163178
3.13717848022541
4.26611162434878
4.65496171131754
3.87115261799397
3.38764387371836
4.32062693455815
3.71961793783913
3.90347127866821
3.81717340497707
4.98643902913582
3.18663423737062
4.27260407770584
3.92282729602671
3.60262451225828
3.70217284565794
3.66618139185943
4.21425977705129
4.47920184613688
3.10643246952678
3.87048825757491
3.9947576353903
5.08473809073259
3.85302831982188
4.1950872950126
3.78857605156122
3.94003873011006
4.05140467362
4.54506140268028
4.36150613393657
4.78258574455817
3.57762508305177
3.78854991536902
4.76640577168279
4.01130711154396
3.64809857173409
3.60523531092792
3.80944124204348
3.66691571260422
3.79444261224255
4.40907667631027
4.39124767833816
4.93644608890015
3.56687868336689
4.4384054840946
4.84192555606962
3.8226115706835
3.62943523832869
4.39818850237859
3.77700080126996
3.61112525226996
3.94844047618146
4.36371326989206
3.85290718622285
3.46774047650319
4.03434879959618
4.31968575782613
3.87976159263197
4.21330123934137
3.17548426816929
3.95499522382293
3.44397710729952
4.14854320969395
4.0025216085386
4.05024909612144
3.44191282254408
3.19329888823614
3.63131332169373
4.52340202526596
5.05988193758895
4.58821304464326
4.10997344734088
4.67289147913494
3.58123834511511
3.81748844362969
4.73056063530209
4.60660195472587
2.81695762579662
4.84612096251313
4.13781689941375
3.92919349722401
3.49484136322948
4.40690238243494
4.57171190740567
3.70869753470422
5.18570113894978
4.66850496723107
4.85328072729241
3.77331315382572
4.95466099206144
4.80321225538018
5.08198554797885
3.44802988542048
3.36538621710832
4.14759209174401
4.27932542522522
4.19135462627608
3.95157254841923
4.29377648466814
3.76401572896657
3.45795783102669
3.84621373160502
3.41911298240882
4.55627720302079
4.04778559785642
4.17798633731574
4.5384340518658
5.08609875212908
3.79817502195577
3.27682050365269
3.28292022600397
4.43628660513655
3.73990043227708
3.72032437986176
4.00345031079752
3.33885916640225
4.26741984817827
3.03584655976388
4.57189862996315
4.16877616802759
5.26917526460473
4.03760180301832
3.88234748286484
4.52896543268517
4.16065408431495
3.31530328644172
3.17062733439168
3.36189653862717
3.54882925963421
3.96644439689151
5.1867249593905
4.08860126053923
3.70725002500246
3.83944953941074
4.197710054801
3.61084761683788
3.67631267245832
3.48428134947264
3.49223923832739
4.22220467199056
3.18689826469426
3.37408718871448
3.43731357771774
3.41086952740492
3.24951227574463
3.69966908703427
4.76120265134679
4.559906863997
3.73509152269103
3.83139620906165
4.06961205151239
3.14710392386847
2.95639514287991
4.17891830216012
3.54087519749336
3.4777292781538
4.4907923841642
4.37424147142931
5.21619560346907
3.45905564051443
5.10323224362085
3.55266243497924
4.42172781288114
3.85760847786098
3.16602724440764
2.95420305999412
3.56528479472382
4.12284464673999
3.69112986849733
4.15136653609035
3.5267402155558
5.05265576834439
3.97849722163252
4.57745159341246
4.24467707511923
3.74558604549095
3.39612069579196
3.6879130788491
3.34701311735262
3.3481161858395
3.97444863743952
3.9272277289272
4.22236070352679
4.05014517191186
4.11484664739112
3.54395174789154
3.48938079027329
3.98260581239589
4.16647173602353
3.86981423023239
3.32280505505475
3.17214046255054
4.04755995084473
3.84592001875754
3.37833411012575
4.34279060556731
3.30781283333851
3.47604996282538
3.90039941203268
3.91998311607296
3.42691510725821
3.25868783772696
3.38271636066442
2.88196310037873
3.45389484749925
4.95682596143572
3.59762315645986
4.54463751447805
3.94806568120411
4.49634635684529
3.93885637765372
3.03230917534054
2.87492135315801
3.39470163985409
3.83407160620918
2.94574885756304
3.35157559203866
3.50387340775951
3.27579136638919
3.32594142565469
3.55072617676639
4.09765141525842
3.82751634796775
3.78877993173537
3.24682482482286
4.41721618798402
3.60027745279022
2.96741202036373
3.02445222092947
3.03268717592192
4.68765133738964
4.70287813987936
4.24869475797468
3.60759500066824
3.76561905563259
4.7354468023456
4.61059564259607
4.09521104863084
3.5412987094497
3.65311777716475
3.08201660063537
4.24109011681703
4.96868812325994
4.07475120064374
3.77441349067429
4.52001526970294
4.01046161104452
3.81750440286339
5.01869262103822
3.93076698535268
3.74261057012281
4.24182701539201
3.80060263571982
4.31308201905368
3.308450595412
4.11554021380432
4.90817233712504
3.84797791424157
3.67675387224941
3.63847825117521
4.28573912441809
3.85687792351646
3.86978789843387
3.20046551821088
3.93993655862992
4.77243294163947
4.84864907361581
3.60876044349825
3.40701039270261
3.94528185410942
3.95837722446143
3.29628872645009
3.5787569127017
4.12631235130227
4.47598267291283
3.50324437683799
4.19748528097715
4.42820085788971
4.04070557119778
3.98824813001333
4.311506085517
3.47114194626712
3.81014258601814
3.62854485576407
4.00988658938483
4.52051290268428
4.88655851609619
3.44175117422909
4.59609909352304
3.91790729769032
4.42312673145153
4.16445385889871
4.47729429764596
5.64477592547484
4.04661971743468
3.29290772751911
4.98525753039275
4.12268382405551
4.59130421931267
4.89237809397024
3.58423076698723
3.46049699529348
4.31130511300429
3.9007474286369
2.93772510121019
3.65072477258036
5.23791471490077
3.54206960429962
3.35443707528338
3.35634822383381
3.5740007360227
5.19025404124975
3.49931555271169
3.18028545386097
3.23690448285865
3.9596444934328
3.89264573640738
3.49504858624864
4.13597382348193
3.82781763242527
4.89420797179041
3.76912213614174
3.48185690342711
3.96124568124415
4.47923850929037
2.95836124459092
4.24144991766295
4.33578329825053
3.68461576815622
3.18096171368684
3.65759656534719
3.36742028834449
3.37259087697627
3.320801185841
3.76602422166307
3.12324728459895
3.40414306100384
3.0492566189348
3.99393394409053
3.80083895917698
3.61151456898253
3.78938110861333
3.13859663577107
3.17333729925399
4.0641539639426
3.23695466033721
3.90928158766632
4.77534807566023
3.96733900720509
3.83183126788324
4.14358489921193
3.79264163754799
3.65266707799981
4.96789973532502
3.6574810274402
3.94247971894835
4.38530094204339
3.62054210739611
4.40644307000785
3.63945641956875
3.27269771055378
3.77270302973201
3.75566177168376
4.01093419771831
4.34536868576841
5.36512296941421
3.52422154358304
3.44310664207881
4.28940456119212
3.76905289337002
3.8957495989773
3.71211522683392
3.91051792683593
3.57014304394308
4.13829750032571
4.50680274554516
3.50732465860036
3.4848267475931
3.48059313265518
4.04206757707981
3.6630152566193
3.70532332516791
3.07163910632185
4.6621191442936
3.95197871697845
2.34552760044711
4.16393306283775
4.46936606566984
4.35131150881186
3.89261193839974
4.02572505081397
4.89719842039252
3.4925311118535
3.98656093840754
3.98149713172238
3.01849156978927
3.88438794934003
4.65072974079792
2.88576092511665
3.62136610236622
4.84468602477053
3.58850989353006
3.55562353397044
4.18276926622235
4.74689136300438
5.4854234133849
4.48549097170311
3.80529116556428
4.63113486405819
4.01710497351481
4.04898356238319
4.19933160846144
5.28986264570516
4.19894644628441
3.89015910039721
4.31137137876822
4.21418540627906
2.98609105810612
4.12830840381829
4.88023353708406
4.01338857681061
3.39766976480355
4.74970908407018
4.09096320826501
4.04129973803014
3.1218687983169
4.06186412522895
4.52760250733754
6.0374288833285
3.71884672158241
2.65697271253465
4.30255985965168
3.88473724162181
4.06166750214312
3.64696006463558
4.23281219803856
4.07757990129765
4.17902476077738
3.97248896434445
3.25586474992023
3.33423289587583
3.69167265576114
4.30986589368342
4.44320738540133
3.73744229515331
3.26095677306453
3.46940293195256
4.22715812728975
3.29123073798687
3.59636626073207
3.83046517998549
4.28943361970465
2.99015303603526
4.44266309729556
3.90748162328844
3.0177375436372
3.2872712311306
3.80751127115637
3.68386829372056
3.844135135588
3.85440667704299
3.37897937358404
4.76852501781508
4.4087975236791
4.14024338982779
4.2683788543986
4.16038589994115
3.68797916040447
3.58598339292289
3.38440177850744
4.14099918012933
4.06273270924624
3.93407536789347
4.06702740397185
3.86981566113071
3.67118873807238
4.40716951501033
4.00530468975785
3.91261981009596
3.7473804305889
3.92376888903952
4.07279791245321
3.55277306418898
3.77960245312921
4.24755989384517
4.23418897316251
3.24896110871549
3.79861114761367
4.00153797147852
3.30698169051686
4.18769437462494
4.80506926420019
4.35625271729872
3.63952960291822
4.44011925987649
3.26559410966662
4.24330228369085
3.61401401021024
3.88322407492108
3.64795806616252
3.83316274258845
4.39208448320393
3.97705099573785
3.74769383284311
3.86960421958382
3.68698285384956
3.6946924619256
2.90237765600684
4.61642397763523
4.6571374913494
2.98717142009483
3.86210832704245
3.51483750208229
4.38575278199446
4.78789509821789
4.06996727324845
5.09879431869319
3.95917809643932
3.58694316501041
3.13907268231874
3.6416040151889
3.90151218699871
4.33408651991207
4.15879912208645
3.75848040787988
3.89119079869015
3.97058360701687
3.89080813911965
4.25993348045066
3.93159163954654
3.76679500462857
3.46898307213746
4.80353829624371
4.15176146560906
4.0325994152133
4.7543238931778
4.36211583112295
5.58189273814594
3.16233435980836
4.55170192263424
5.01536335337615
3.44592413348299
3.66066762951849
4.79034625541154
3.52309568849512
4.72158514077419
4.49076968643937
4.34833108112397
4.41680161540903
4.64380099682324
4.09256498734625
3.83006270794051
3.76544543757166
3.94791063397151
3.81036079230978
5.34677496326172
3.35672301161385
4.42990263968753
4.06952577054339
3.81321447322576
4.37310557936219
4.06275154889363
4.02578626589059
3.97425258813426
3.69291893237103
4.30019037692847
4.07546862790333
3.49252627212271
3.52012950647831
3.61540556961252
4.58752310902225
5.05635516693403
3.869739496149
3.56372347518487
3.92693468736596
4.0662176177965
3.43574431975056
4.14040299571171
3.83789295008233
3.52239652053384
3.88724772644702
3.54167266812819
3.72886164036544
4.31290503556747
4.5778484878947
4.26966727159878
5.17516632291652
3.77997245187844
4.81154660765142
3.92413811832624
3.43225875667323
4.62890285146271
3.71916390029664
3.14832894107515
3.9017740035815
4.09727726138298
3.79121986527247
4.58607326091492
3.67771927559748
4.29682659656642
3.52544817022418
4.17527191576237
4.70338182880733
4.48102678009832
3.80400926736266
3.31734627623632
4.16734542435314
3.51282101960048
4.35332621197013
5.10166877330466
4.91546934486302
3.60441329770036
3.38710715087861
2.71202048379693
4.65594623785781
3.7058880471241
3.58138231473382
4.1519779193357
4.54310601845643
4.23917764675631
4.17525028116197
3.24529936048534
3.77516325395874
4.31646128355305
4.30799703028637
3.34798268084349
3.74454754295422
4.3408663605113
3.83312844372393
3.37683052113188
4.95476768340298
4.62212611620047
4.03929232151276
3.98138973825697
3.77766398488201
4.19198049374894
4.35019287569825
4.19257778769313
3.44156056853682
4.84763250855244
6.02343074896963
4.16759977372186
4.21202933731282
4.65357744807702
3.96334455663148
3.97973999208167
4.63089646375453
3.25274599566154
3.90645400244925
3.6752865214893
4.10848542570724
3.63957476459617
4.61169170586116
3.89179624938951
3.96962981877168
4.38123107617541
4.04194395828962
3.57809658988126
4.61178140361292
3.32986107088095
4.14577261091911
2.74415261238255
4.0958105079216
4.39812988371621
3.38976369737182
4.13749894536097
4.81853778261088
4.16055902937794
3.1318816166394
3.64668591600874
4.56983622312895
3.58912021987672
3.44930880510948
5.21161237944586
4.94847450436787
4.3726366271009
5.18652078342589
3.69949473117759
5.05261757258926
4.31276742589094
4.49116826270371
3.77967162869188
3.7310326147143
4.61429094302166
4.69110564977336
4.95771822802612
3.58680476949723
3.78744590286971
3.34822742812813
4.04522505514124
4.19380288284173
3.57450230472816
3.91950524500697
5.08623196755495
3.73726967984301
4.40215706749923
3.87253395589432
4.57796956387744
4.22159923942815
5.10337380868857
3.32243621628559
3.20392841672693
3.69922758321973
4.50263550149867
3.19587032605703
3.75939099194769
3.38376821000426
4.73056775110752
3.48438979562269
4.4308201405152
4.90171199610941
4.33437881628589
3.6110709646449
4.21136578774162
4.77554928282344
4.46597742834833
3.69275648150548
4.79511807550329
5.06127865357232
3.46830049539276
4.50582732260558
3.59259209385924
3.77478491824422
4.0403656887609
4.01631832932236
3.54911313506895
4.49030225070805
3.98983203942167
4.46904770597941
5.09092648237522
3.69783015900389
3.79057837928643
4.29356568322068
4.09645988244138
3.885563357773
4.17806927706173
3.35633652525822
3.65965391180891
3.80823921954106
4.11356758859292
4.08412769275103
4.38702644074091
3.80068062060147
3.8315579636877
3.57071302054277
3.86056284155375
3.50399669660513
3.27131660575394
5.5794365039314
4.33928257959678
3.47774094366947
3.87442893125825
4.06884697810436
3.88091953248212
3.58432139919292
3.00242960532967
3.75490367318331
4.60063896526652
4.01255885861125
3.45425637005507
3.01409646629793
2.92023320802671
4.28703100804803
4.4411030256583
4.22841389914618
4.96055483246895
3.73608565896836
3.26893207589063
3.63890958060908
3.93867924763813
4.22771226079681
3.86378146433187
4.2300689069637
3.39643154915544
5.22271397271214
4.48518496408202
4.72566420283001
4.80738264995648
4.48214056920319
3.52210103169918
4.5760106861567
4.11626407019808
4.8933083363746
3.93155924653748
5.07224475335899
4.18091576233569
3.74824916359836
3.98203312626576
3.78176075732679
3.83772958856197
3.72183890524408
3.16448927348389
4.56143975456242
3.51323002668925
3.68968770813912
4.18903935441543
3.75805855643795
3.61397915654068
5.36912749231287
4.43711102302112
4.32574542957036
3.63454729836048
3.93770385748681
4.14543815254675
4.81479885598612
4.73112105690247
5.19960257716431
3.57892169687213
3.98080554445366
3.95206018893911
4.16434134181793
3.54100854191508
3.80815444104049
4.10468825430316
3.60155783723713
4.37846568603702
4.31815879913628
3.57675171846021
3.46762464871886
3.60981916690219
3.94145093007112
3.31898397767931
4.38166723103948
4.21897283953091
4.04612720254724
4.8039425133634
3.39730064705368
3.73254334737665
3.89837467603529
3.91243789941461
3.53231635120644
3.48936754142136
3.5440460249057
3.94389711895443
3.25061493534256
3.72307166958431
4.56235454578764
3.23755743502142
3.97962194112534
3.86330213302848
3.64061149602959
4.03535259790564
3.34964475877188
3.18606467062541
3.51300887251831
3.30556835120411
4.38942241425424
4.04386975758797
3.95349218040129
3.9102675648749
4.69996193750722
3.78441184100143
3.69231920805309
3.07478313471888
4.45327457163579
4.09793953414998
3.73656641760616
3.77375947519574
3.07753148760594
3.42401098829474
3.67989381098234
4.20477954630369
3.64443649655392
3.31001913009398
3.05167357706747
3.69955292505681
5.58602772106622
3.44938331126766
3.40517973815049
4.46002672041111
4.06262302909865
4.20411327197958
4.46188078023142
3.84285457907025
3.29782523998785
3.34407191895618
4.7705129994905
4.53332402013443
4.07729525720394
3.94182757789304
4.14418913319476
4.74961412144583
3.20863158356738
3.5354980759905
3.76229428854455
3.90668689321642
3.31897476309893
2.97805971986951
4.23660403323464
4.50879478630578
3.78219308546925
3.52352724531448
3.66973064201348
3.53046972841594
2.93227568597804
3.26726998827797
4.44123034131927
4.46593968211769
4.55555434835915
4.06934934335272
3.95133473518638
4.10468758976142
3.51822502904841
4.7349651550682
3.36641607499622
3.8031273892991
3.81371694015093
4.19756237040402
5.01971953441089
4.40399511310088
3.88757134938592
4.00546364957679
4.83078507574507
2.97684239539214
5.17182519787567
3.19908359461376
3.45981336772841
4.37234046701605
3.64941575053679
3.66272713586901
4.18259980787817
3.83602856187449
4.99976813068279
3.31952379534155
3.35455728478013
4.42809392013259
3.8693495461365
4.07298328743369
5.09730229183632
5.37017750646317
3.51991856487676
3.70748256740856
4.07477613593536
4.12878443119627
4.59327289947585
4.16541364062173
3.88821287727425
3.77783696301737
2.94661991415212
3.86869909864597
4.53611930494514
4.56235439976152
3.87737318125296
3.79633894173881
4.09452279628338
4.88480167091245
4.25597477227712
3.68348047212201
4.30541221762266
3.34152785812562
4.96117129027029
5.13243642673348
4.23445111425099
4.42792120657042
4.01685992584711
3.31008852174466
3.8298658323747
3.92525554460202
4.28611436237741
3.97963665631231
3.63874701154467
4.68854513128422
3.10293989980903
2.7426224818824
3.03200241967309
4.11842295324649
4.30755266324884
3.38764975068714
3.91163175186232
4.05849429833211
3.97496043547283
3.85314434592293
3.99487782578569
3.04157004832408
3.59672037541032
4.12097169656193
3.50031864811463
3.15776964691624
3.13152958377822
3.63764430070703
4.35125546246618
4.23595265080772
5.25407975183826
4.49422458736414
3.98579367341757
3.82207451662621
3.47148724386242
3.91347472282683
4.07505579128921
4.13537273662692
3.3334790547042
3.51991852825219
4.20658199202531
4.34006635044864
3.85612538552267
4.63446955991394
4.3520435040734
3.86975084670337
5.23194218319216
3.70596569513535
5.03778214411727
4.15878934202926
3.83269052231664
3.57078269050292
3.64086739183476
3.52043155376258
3.25642806420687
3.15647357121525
4.04454020716642
3.86164940561561
3.12936841612762
5.01303624170724
5.39500002154985
3.88779556071028
4.94465536360937
4.30641031834007
3.01849537877914
3.87315923025174
2.89965153478297
4.31566758891347
4.32761204722098
4.9642740689023
5.02858834938629
4.5853753748653
5.1343196432765
4.67008896477032
4.79665606844031
4.55699608839534
3.90336632406368
4.37055985089399
4.50094059955861
4.79914121268706
4.28630075952585
3.86575813856824
4.84258650096177
4.21694914994407
4.74217543610525
6.23978328127729
4.27611733792529
5.24208186408101
4.52174213858754
4.5212180646618
5.97801354689263
4.24271095668211
3.73339295622498
3.6116757020259
3.46882982454226
4.4275539317904
3.73068556420249
4.00078791110541
3.53027603681752
3.91446092231412
5.03346988510777
5.72731143857394
4.31933189501004
4.98848480348687
4.76233656304542
4.13252939714717
4.54538549563402
4.52516312807356
4.56052937607921
3.80055019415579
4.0219350926027
4.38338515585484
3.82423335789178
3.49079298995434
4.16769944121972
3.50886509060803
4.49117926053153
4.48785775922648
3.75074691643316
4.79969462397307
3.2732850621519
2.77318316642171
3.67522955365631
4.13120325749808
3.45301159377371
4.59173860340042
3.75190500261013
3.38370049214778
3.22588622560814
4.12416091902349
4.40462203711737
3.72930181838214
3.7733926744728
5.03418245219853
3.87572737444087
4.06957378755694
3.55936010799014
4.79086403854052
4.53121628533826
3.60942359881631
3.89237707118708
3.58719689432776
3.34905010214549
4.35858623920827
4.0683219918586
4.22412866845874
3.76954425800147
3.75217081679665
4.67102720062747
3.59091871209063
3.95169181958902
4.75965323323602
4.37691851589683
3.80298399705918
2.69970980874753
4.71041343732659
2.81051397067987
4.08090419946378
3.88313330131913
3.66416240867805
3.8311667454488
3.38283480189376
4.38356946871862
3.49518116220508
4.18027515219913
4.66759255653479
4.12581451710871
4.2349239102683
3.8772056378166
4.99029755940723
4.85692640656325
4.75663657561966
3.3597886795774
3.52157277520717
3.84432630849912
2.62283797259505
3.91024357586109
4.16295184604191
4.52920699093567
3.87736570085981
4.65972818287969
4.20405901761523
5.2024823834954
2.84498186495544
4.05051439660233
4.27604813224376
3.87184653679323
4.08373658206799
4.04808585953732
4.25927640846147
4.94202388427672
4.06746819534146
4.4935939742847
4.1380745695747
4.29442068761159
3.60781732850978
3.81628923958655
3.64262725113179
3.90469232108644
4.14096927168428
3.33161306635055
4.49786191777689
4.36533627281594
4.44202492085658
3.77111304895689
3.46202141655618
3.96619507416978
4.23268478663113
3.60265201077024
4.54196658784161
4.07013679570022
2.72421418108754
4.33367021957
2.91679436220897
3.61263750548629
4.68628519588379
3.88045687839811
4.28321447882913
3.03480175204404
4.4269896155573
3.22865912592089
3.6063063802675
3.77990311756018
3.44541150677498
4.37688361656766
4.29481966336872
3.63095795627632
3.07198563930107
4.2485655189474
2.90999923274527
4.93473136769634
3.30238878129859
3.31291484885221
3.61253933305568
4.48622688556275
4.56541615340227
3.51902805342079
3.78456304952768
3.94258496485714
5.10550391172633
3.03661858862101
4.20962036255944
4.2098328699261
3.93530166007873
4.93791740772295
3.18474001974077
3.16095709858968
4.38439984372783
3.74273295689731
3.90839632814553
3.51009317478743
3.62365852654171
4.12777797803554
3.68184038732114
3.977941455517
3.85497436460387
4.62332185017046
3.86344955507981
3.58740388868748
4.54242418558548
4.55104145938555
4.15132137142404
3.1137394749416
3.48905612527834
3.74563106875667
4.70185733282391
4.17775711121073
4.38270329084616
4.82275648039653
3.81893369493874
3.8707178602968
3.41389272819365
4.07224184562474
3.66690754932592
5.46452598331121
4.75863433932085
3.6656274541921
3.39981357935723
4.7698563855145
4.9755824535886
4.28358229420185
3.67807180082305
3.59844247345851
3.92559638475162
3.45729624419031
2.9284075777267
3.81014793258503
3.64188988214459
3.47326659053212
3.69340043961629
4.22574337466059
3.17859494462843
4.35410930754673
3.73270027171704
3.06506857211779
3.69354345538783
3.18334929685569
3.41433220804121
3.65194454256964
3.66865074286942
3.93631817001091
3.61181013294721
3.81069894458483
4.12741232751863
3.05473585777348
3.4485288198513
4.38361030597467
3.52141867251533
3.67778089952873
4.60689171737836
5.48407217926429
3.34282921048591
4.22194337764392
4.93471826946756
4.38926736245963
3.30977757602211
3.21711097213762
3.57127389173662
3.60453371406598
3.52621666463566
3.84655591019091
4.32798924819176
4.21512865638173
3.88491794583435
4.57186797923845
3.42091645030769
3.560011785519
3.48333465638527
4.10098158823986
4.15544326368336
4.39368753586369
3.76134070424815
3.44688896897691
4.24886225683818
3.92578616410571
4.16033145021131
3.1851822491503
3.20563174860438
3.73922137168586
3.74493832455943
4.98216017786931
3.17027123858384
5.32270533270488
3.4983965981815
4.24579214733791
5.29193846632417
4.31944837985541
3.4385515304222
4.30573625311623
3.4643137730772
3.7665573073429
4.03538715315992
4.19420052283815
3.71811650800901
3.5971033691957
4.61349592366043
4.67740943671187
4.50190642078927
3.6486049381918
4.07250269565835
3.7297045413493
3.08133769483582
3.58148412793835
3.79192397133659
3.35064697594447
4.170338256624
3.55304215029686
3.83329730106754
3.30172589898896
3.5591886865462
3.27996903191188
3.84563288719022
4.80772926350295
3.92579731403564
4.03732287015296
3.64381547815682
3.7937786816162
4.14595327261167
4.00931082289127
3.38747983848295
4.9663831636376
3.73997711490534
4.27489876412615
3.66276451007963
3.40036307380772
4.13848008670538
4.34413314130667
4.8637111184312
3.67566387913529
3.33436040938225
3.2576145879668
3.67761971932034
3.84904034949211
5.15313034924045
3.9033702612348
4.25213169059576
3.2622542497553
4.23766182882543
4.17149776843322
3.87746878039448
4.23698684648304
3.78149524307526
4.18864716252444
3.76927461854816
3.64718281236539
3.97022381578878
3.64776105584451
3.83747559534978
3.68630679547103
4.43017841768007
3.94195329561924
3.38447235456916
3.92662634178548
4.12856461398712
3.62444913200867
3.18445264413577
3.6286592770768
4.05896141643421
4.50851632518054
3.77918232891645
4.01624944889937
4.5269305349655
3.92125576453384
3.02806356510259
3.87570711499882
4.33290272783607
3.5579719434442
3.61093143080215
3.77346879460959
4.04999159159473
2.80351613652146
3.60414921285332
4.52269834460575
4.02321028347986
3.87549623135955
3.5818895899731
3.30044054880474
3.77460324710985
4.05648004173707
4.10257613035179
4.25432977863044
3.57766604325728
4.76827453939845
3.90442071836652
4.03084132140761
3.38964015387855
2.60526526905011
3.65780194949945
3.70325178282262
3.55038728909619
3.39615977658084
3.77196207780685
3.24057536416355
3.44450963471987
4.03336151950126
4.09381381228819
3.85972954032178
3.92467070061156
4.86249282169752
3.98812080365389
3.65340944238396
3.82481008040385
4.2849367487091
2.72481426097728
3.53570067703975
3.96254177948028
2.67206766550846
3.85259426069196
4.87915407790277
3.97620101395853
3.50982671868908
3.96694670110517
3.26093571128632
5.11150547928779
4.26295968155748
5.09291935452165
3.6598409401506
4.253468188529
4.29320193461795
3.55528618215748
4.55784985633348
4.98512548275225
5.14227148473176
4.52214718495467
4.51924236901655
3.7129173169643
3.98778179793939
4.67637588245982
3.75028472913296
4.48400404992674
4.18686830580233
3.11990531785947
4.85275482568899
4.46027066005068
3.88253471724108
4.61479484999459
3.97891376108458
3.7351551874918
3.42007761860003
3.14967415881837
4.0991383385712
3.7261440207451
3.80757479676273
3.67127218133016
2.42707423284063
3.13022411339372
4.24626180693728
4.82696863278844
4.50510302589809
3.9423375014961
2.76687997162239
3.94692850492824
3.21720618117328
4.04627916974323
3.36168826583534
4.29286883475933
4.10973399891648
4.28459288652219
3.08162953745018
4.46602024241959
3.80650945163475
3.92668527581495
3.94450990226605
3.67846858117055
3.45648308984371
3.4030605663075
4.03456846743475
4.13508890854497
4.21998462445311
