2.34382025261319
1.38843908917143
3.27057611252822
2.06676479547558
4.56414022865918
4.9157920570795
5.11340719264225
1.69627396530024
2.70888451944141
2.32563924296756
5.5072313126406
3.93895952843734
1.62925876711738
5.03163844257476
2.02958811961027
4.47580265171988
1.4671256535483
3.84174627423097
3.49442725501867
3.55462483076575
3.64920040208673
2.45426201049917
2.64336763352146
3.18960249458027
2.70013724317987
4.45427196766488
1.76903505042262
4.00797229126206
2.32562641438322
4.27513117364456
2.16512268431222
3.49078502839467
4.33061136163886
4.74567191594401
3.57243620973143
2.83010645372671
3.31582258732594
1.67457033982467
5.09600873372987
1.19768190027101
6.54126543872554
3.41281156388093
2.19847092030068
2.61783112174704
4.58775543938267
4.33657834353468
3.33221359993849
4.1924227537021
3.82619687845771
5.054043004051
3.14040649094117
1.68765484143283
3.14819247560554
2.61074999581468
3.1878107912673
4.62424313400622
3.04944633043567
1.73764388923287
4.12047598741291
3.24556158741528
4.76950515899539
1.37163579617098
3.93690862915911
2.44576921243971
3.42815188642607
1.9303426981667
2.17925931972053
1.58542081348179
2.92667000069541
3.77384578136298
3.05113883194617
2.10303222720917
3.77338485406265
5.09491143138021
4.85157861659402
4.02169820622751
3.85458929428523
5.8580066832185
4.01117887140494
6.76836623054836
4.02715375360903
3.60593426754896
2.62648654777045
1.44967981227004
3.35563572272577
2.81404517861052
4.17371476565174
5.61059539937511
4.93374682601396
3.9576527211723
3.85885501934084
2.47891799491199
3.25831003477476
4.18491119059087
3.24677834285723
3.16258418336555
5.25196080515979
3.27615760064805
4.43603981723044
3.79641896540727
2.30537111956852
5.81353373595262
4.17702162640699
4.42665450821141
1.63230216045191
3.88166063501493
4.27316497040897
1.16561838617509
3.54670586549066
4.27207097031355
2.80642877561129
3.27080143738598
3.89623120847253
4.19448062059121
4.86389081206595
5.93031557295015
5.16508099937886
3.76958045440359
2.26390144962457
3.12579548006699
1.68796294335326
4.20800396571837
1.42842676264118
2.88669605877952
3.61174409874236
1.33566145119497
2.863463179955
2.28392024638824
3.14186376987446
5.99615951738871
3.2699562992156
3.45849630414195
2.48449563769989
4.73614579197569
1.11589010888973
2.5481881999346
3.68382537848237
1.78675863664454
1.78151710322123
5.52979570002781
3.89807239461143
4.61281294138911
3.3951209366011
3.73566873002605
3.40740177889685
3.03261329231783
2.66874420234834
2.39029399567957
2.9336191976974
3.35132344214232
3.58605410973067
2.17518991787404
3.12418882576398
2.81756132198136
2.6278062751747
1.90753589193954
2.98954543112529
3.02627000845783
3.84556785924323
3.99110685665417
3.75190496321033
4.4911960844219
2.45527426840473
2.79915177086137
3.59147986081349
2.9377227156978
4.4255971658777
4.85203684143709
3.07195970335192
5.29203064764537
5.5497893053545
5.24733994028313
4.08785064298177
3.29009507061846
4.97606310197315
4.54791414765652
3.01209007300361
2.65020369436995
3.27683790591269
3.27698943107434
2.63559872697478
2.87909891200246
4.46848825447633
3.95451259439724
4.59423812456769
3.92329705125918
2.96585570602329
4.48480605092401
4.27635656687309
3.21525504397516
3.96067259680086
3.5188756333685
2.62272767946042
2.54126975837295
1.70264586060373
2.098032188121
4.87040473635861
1.54109411855137
1.55236396676065
4.14139511320058
2.71861481007712
1.20022595175423
4.71788604380685
4.18274244348365
5.377329679844
2.87937368906789
4.61629206637902
2.99201450101093
3.14706037881326
3.93810456225205
4.06055402031885
2.35023599657634
5.47904531226643
3.21975588285489
5.2079195728741
4.13778115779857
2.37202702761291
1.54359719035884
2.55736674716886
1.96961827085843
5.55000247066781
3.86634896300607
3.17422295052769
3.50268331913732
3.5772514030943
4.07648602202918
5.03017284521616
2.35321142913656
2.4401188557147
4.53559497623501
3.58735987074745
2.93722026601454
4.86437515539039
3.28117072528254
3.05940305638583
3.39918663518119
3.54450008898343
5.48275099885068
3.12813935181475
4.50439949183704
2.07167777999834
3.78878477192533
3.68677353167502
2.60691587224864
2.83000117773398
4.20652214137163
5.00215747986034
1.70995244212829
2.31505016549539
3.08569130392724
5.11654261370238
2.55052595867878
2.10134831180219
5.22731489285683
3.25382316530603
2.4488216315184
4.23714151010595
2.10895503513948
2.78933045490772
3.42191271198638
2.95672663858338
2.89783515912993
4.30838337126435
1.51861827965724
3.03209717523739
2.88296748241352
2.58632244268054
2.76247613545908
4.40627709843105
3.48059133786543
2.88172495946956
2.4915370004874
2.08999023024463
2.88510458026816
3.04219889691497
3.40989934054959
4.3606801439255
4.27622484694045
3.1263212126665
2.49707713387363
2.92914306603341
2.14727241971663
3.70360110679799
5.20458393548391
2.75816264180089
3.06944355035494
4.87630133362652
4.32044601348368
4.14906571804588
4.0990343938938
3.84383157006423
3.55479020260726
4.1857695634703
5.3670587669764
5.05159274622516
5.4394804256481
6.23216766336746
4.76501193791331
3.40643450960496
4.41550613398946
1.58909261712639
3.64685904760229
5.83426256644619
1.7587151690493
3.6289622696739
3.21475619905085
2.69795046266978
4.59703248703089
1.76477903417585
4.65069157998128
6.03877084898949
4.23466807566695
4.95150123316768
2.57398546846411
4.13878877068069
2.04039447934951
4.20339973505433
2.30898860436622
4.5094521447129
1.73612111688333
4.03013830114866
4.54461099769427
4.91764330204796
3.59323738886494
4.1151858514837
3.24757339775508
3.69626010101068
1.70019459832555
3.97004530170063
4.77805723820812
2.52001229374381
4.00228801030177
4.82872167652807
3.81293523711401
3.35088474875662
2.0068423854638
2.40274575702674
1.39552138751563
2.96134435600164
3.41050933341614
2.50599811729332
2.83941912713164
3.07188908274915
2.98540231176876
3.42925609806013
2.21909893900339
4.37414456611521
4.93953952958807
3.56716779663999
3.23943736318099
3.48944913949342
1.77605900447972
2.60166841297961
3.57586819177709
2.8822432345544
3.28930109179945
3.18213595573515
3.75800301465501
0.875864793568382
3.62759570031727
3.65646595333313
4.68811776618802
4.25428291774891
3.54652571201248
3.12567758549649
3.70855353357864
4.24521954111071
3.71342755816395
2.87139541997925
2.34385266005148
3.89856257610586
2.90956644422209
2.41236851313929
2.95139713082378
3.47188922443333
3.50204588856496
5.5013259489782
3.69071105543657
3.74916573227319
4.18701712214183
3.59116884593973
3.86040074396607
5.04173349385916
4.74097215807445
3.3182373004359
2.67882768416097
2.36732538577224
1.58812987865873
2.08527884164702
3.68702926468408
4.87378110534209
2.65901111495695
2.89536222526996
2.56675945937481
4.64486787134342
6.38067585355978
2.99482064679263
4.83661998986213
3.37709521074335
5.3462171198941
4.73628926613901
4.87286623281971
3.247160047786
3.31612029754082
4.96028915000289
4.70550531060263
4.27810687971857
2.0551568700869
2.47878279828191
3.84821013556378
2.43120565352893
5.28739616275777
3.57686741879819
5.45685320331575
2.34369600773138
5.52555650311278
4.13570986294082
4.69070502702795
2.81689427305768
2.63770514365713
4.7528121519829
3.56262321076006
2.18677771454873
3.20317161158373
5.05058085075337
3.41317962324898
3.39118204080532
1.62108009043208
3.903886927609
3.91236937329484
5.44722454405853
1.51793021129676
2.56211098288721
1.99299102848346
3.687454025699
2.34394823528879
3.02794250317088
6.63302326946917
4.35596619737167
3.93421746043709
3.4574606118322
5.37352207106539
5.09462800210923
4.34553064522752
6.13573496110222
1.75697829135909
4.24574622005492
1.27486832453703
2.84463809634954
3.68228756997891
2.99739221710424
2.89452093952153
4.11790418505168
2.80631007164886
3.36823759807561
3.35587145027951
6.7428486549417
4.36391492700746
1.80478125699709
3.29730067583681
5.91400007787764
4.42713978623459
4.87861208427395
4.24600582508483
4.73941166218202
3.50951599628068
2.59079034045325
3.12935957273518
2.39618107170536
2.85137756401868
3.23785972371025
3.38199673740418
4.95368095277178
3.68189181311055
3.42873357825436
2.04361599090584
3.52888486787017
4.31139526972557
3.24762029038283
1.96817038783421
4.30793329938352
4.09780038561344
4.47082099240916
2.31673360616272
1.7271762493743
2.12486041783683
4.2741354798387
4.90067350688301
5.15142882447072
5.0329325790057
2.13561924002189
3.60831007534524
3.31431730668296
3.83098243879806
6.18155722769588
4.25315037473506
1.6858262849046
3.20304625569381
2.26847648886623
3.16634088407106
1.67617854313709
2.97246847989286
0.934553522756771
6.02698251893472
4.93661527228653
2.16485469989769
2.0838869953786
5.31569028181268
2.27566093643261
3.54967040257469
4.15811062077548
2.26162437034919
4.00525270241352
6.86672303354398
3.5926098164355
5.73925246100425
2.19630772171268
4.63311100188214
1.97868915048661
4.96481881634245
2.86752012456538
1.77322548592238
3.70299832650547
2.87253437565749
3.66124924710594
2.14275619968972
3.43612328104186
2.87527129551144
4.98619565577336
2.36311999183846
2.94041132165917
5.45227653118887
2.42033486726037
4.07211764131191
1.40060265833723
4.82036617166126
1.9309975995523
2.72810462307151
3.04869433416607
4.74079833220447
3.41100684580617
3.90053436603003
5.26866374943385
1.78197665739417
5.37430314915271
3.64162302826982
3.2242060925851
3.35418335478395
4.41100188146025
2.9718834563645
3.41882950708092
1.98905912522225
2.52374986880305
3.185558265952
4.78283372509209
2.98386972888726
3.43580375340079
5.01840344246594
1.1743414178768
2.41671098955884
2.89093255021018
7.02787675551297
4.04791003373069
2.41905811206591
5.78253139869014
3.99033094734203
5.10004534099825
2.01448337749667
2.29550251223745
2.25782079040486
4.94793483979177
3.19671320143215
5.00619392788143
3.0737570132232
3.33989571423701
4.29611063895537
6.55527116519868
3.74368022271776
3.68764091679738
3.4956536972273
2.50252694189716
3.59204020478
3.22830487222626
5.37425425409586
4.23161565451549
5.3680421880713
2.34963748380182
4.06453094021907
5.32617309946996
3.52851664783202
3.58884938920067
4.06312683071203
2.86065689336472
3.69505714937189
3.76302855449763
4.01585672167467
2.48313047631976
1.54709280779828
2.28820539791704
1.93210701843122
2.55711073719137
2.74813359044839
3.97881364720979
5.07691986348436
2.30617533458207
3.9583427185355
3.22886278045205
3.5985936465623
4.04123281361975
5.02899139484817
4.72008982719808
2.48975059388325
3.61372276062091
4.54569202469189
3.70874685463362
1.86587488159584
2.80793197198726
2.17495644750678
4.74706581386702
3.6632562433829
3.36092762648872
2.49962211002296
5.18964053535702
1.25011327875599
1.66239102465165
3.70349765255855
4.85200960073534
4.94413452392581
4.40500675379019
5.44380672248788
4.3108235958563
5.41407771286935
6.72363799810675
4.02208868798349
3.19050470943278
4.53356823784864
2.11255002866594
3.88777320863152
2.41630915117615
3.38072378776021
4.93366718041768
4.07247545436995
5.64497556210975
4.4483258355929
3.59659380886343
1.6885420877451
1.31046386943424
3.36776963469928
4.22374866510536
4.20408301460675
3.2592746710933
4.11013406331756
5.17522145928798
6.3224216864013
4.93323909649581
1.42604264090295
3.07890744853279
1.88733570927679
2.076068997914
3.8983932270199
2.88853264463474
4.30471175759791
1.58848031454589
3.01565122954902
3.04392091746303
2.62106310151449
3.34709034833605
2.22831816253585
4.77227064990221
5.86264590677466
4.3763387655161
5.00360355131745
2.09935175196008
1.82847490541886
4.18930354378389
3.32211315469044
3.96584892813895
3.23218788245966
5.33746673924714
3.2710072882814
5.51566071598662
2.88489766675811
4.52082269119594
1.5707817401287
6.04670089677361
3.49114896639446
5.20934993581017
4.75300958012659
6.00665023993653
2.19356870338688
5.48407626445227
2.81376738710856
5.01648162384189
3.04862528943945
3.49250910923857
4.39906650230041
3.09192797617813
3.42122349280788
5.6281896759878
3.47659586084534
3.74913682426513
1.3062312236671
3.36003213914079
3.41802665883516
6.95809451216046
3.0118842886565
4.25684409394514
2.60099787397665
6.62716870620945
4.2129979258631
1.87472555777125
4.9556596436313
5.94337679711924
4.40458703653591
5.90851508178645
3.77977372898292
3.75542999945979
4.98165700873174
5.23732042062988
5.44455625298927
0.911620004511863
4.47371264747492
4.24261710036279
2.32876911831047
6.35414380430989
3.33163799947106
2.76231240548262
3.42419284562307
3.80424936590615
2.84860406652674
2.98764885160625
4.201614625806
2.66719762573213
2.10937905883142
3.40432316986657
3.93795408665255
4.78220741147558
3.11718325375583
5.55163182666239
4.83300816370279
2.90369398135536
4.27036883766792
1.86159120213347
4.27159061919257
4.59503215735283
5.42718463172384
5.33364809642532
4.39014781823472
4.08802789424464
2.18308461051871
3.76985676696035
3.67901806959275
2.42221294149023
4.0970812987998
3.75907303674611
3.4101757325067
3.08009166130042
3.10557866315088
2.28333522333847
2.29067253398673
5.87419155731834
2.98469635493779
3.0788981496866
4.87256735147513
3.47348300292424
1.45564553327633
3.24375243849617
1.95340545139539
4.14026236750028
3.38215218343266
4.27287178429073
4.51216946398246
1.91135524446842
4.55605847388653
5.0218040165944
4.09888341491839
1.73511133525227
3.37307823634471
3.64301967419097
3.40458598046944
5.51888396824577
4.6835234200589
5.33011589823364
3.0853921850612
4.47191187962328
2.66837195880824
1.49806337030866
3.14857824915395
3.88408836017198
4.96504301058475
3.89585149760764
4.47354106997482
1.43606883583443
5.87313262442177
3.28757776375884
4.43988722768046
5.08516036740552
4.95455287690349
2.41810608172436
2.28253499591351
5.04140010833686
5.33285444234401
2.96613489126816
2.98550408055572
1.5697753207615
4.91319548684761
2.3884080219527
1.93239787368536
3.54776204088056
2.74220807686021
2.59321924651381
3.97880198476601
3.50449153161378
4.74516372690896
0.577566250974154
4.87443878011986
5.15194021116701
1.85041266552373
2.01714741840264
3.59916943291306
5.46550595012591
2.72238187096755
2.82377382279157
3.81144368717242
2.55363001708254
5.26476880341182
4.77087300202564
4.70541256739595
4.4322195970687
6.01394445405174
3.58667935561776
4.16637637787306
3.11895473946529
3.99431181077775
3.71473118680088
2.67755163333006
2.84516641773661
4.25979754106368
2.87829520135193
4.94376387597366
4.35274409639143
3.37994141986847
2.33478960743499
1.9466394850993
2.7659062171815
0.796070457725108
3.07105489658514
4.96465911185615
3.89706686204464
3.30145735571001
5.03238180954746
4.17698568117253
5.86102972841804
4.46554828736039
3.96670066676854
4.35718629254248
3.50843914510018
3.70695389871281
1.3925243588808
3.08345783270937
2.20706053410325
1.74127934112486
3.9278145029024
3.39792545667347
1.82149846839675
1.72811941657347
2.18613697851738
4.11755536396086
3.31010953214964
4.42636836900459
2.2890872468407
3.46420541296939
2.34666492775281
2.68879855458774
4.33896512404459
4.96826321856776
2.9652254413182
4.32885624007132
4.5573145758378
3.07189699356142
3.2098236075537
3.49373129508358
2.4488191215237
5.10033779533122
5.11689003540389
3.18120019304094
3.9149785977035
5.5438352577701
3.89502266218559
3.62530892311542
3.23099330172933
2.00827594249546
2.87630142799157
2.39840624971319
1.99113381486572
4.31683551624643
3.36114525496113
2.27425419158802
4.08158580806377
2.323366774275
4.29419282973256
4.22364273593831
2.28409235646818
5.05985227140663
1.51641089102681
1.62903427160034
4.91253264775124
2.04862537456267
4.1958227484806
6.19731402190206
2.80334399990983
3.39954283613671
2.66143197944173
4.41178654825626
2.59550515685711
3.55108760099868
4.69764208319776
5.06066684720618
3.07078622343568
2.16957231880043
2.67014149644957
2.26997287068314
2.39484069794124
4.50661490449763
4.61877486696224
3.79831644638454
4.80565855987343
3.03309891099531
4.27029875354105
5.75848164505876
1.49684509942085
4.88356102271375
5.79269374918087
2.24712915013206
2.60420845359783
2.85915711189036
2.92855112562174
4.24227449917076
3.46308907211825
3.66450696697414
1.72010334159412
4.09087201301049
4.16034274935958
3.6342799916776
1.1717284887507
3.72660712794001
4.92110402370566
2.83130434133204
6.19450524832858
3.32273609428771
3.44537768432876
2.29631533207508
4.60901228566318
1.95808633291445
2.81260779869454
5.33432576546285
3.68469233361195
2.6553191402874
4.7600336785154
2.3381811949715
4.85735865410147
3.26038769608317
3.84424200885233
5.24293027764969
3.47627711855013
3.15326978456487
3.95854480660095
2.47247142543096
2.94553687003784
4.64527970793423
4.7013603797883
5.70782042008854
3.49066775058488
4.19801510178122
4.01594816595158
2.77967447046521
3.30331792617052
3.2412595555693
2.2486525530753
3.56262946858331
4.24510798039504
2.0644864574729
3.90256414410517
2.79109108396015
3.14165331916938
2.80916309531106
4.97392360251837
1.91531303818877
3.96519532083942
4.03800435308321
3.42688136371097
2.83688338616423
2.66939764808214
3.80912006051568
2.19707513513903
2.71128073777342
2.80455336025911
4.52291966462492
4.35514075191787
5.49535160884026
3.01943162215282
2.51621602347982
4.0644136524245
4.32522330910388
3.21880304270603
3.73107690981618
3.21160944890572
4.24594585371074
3.05007691005509
4.09754380715269
4.6636990479243
1.47367238235777
2.12291987229431
2.50882942847968
3.72239247187541
3.13953015045462
4.77702222708322
1.71811297682122
2.81228942581074
5.73617335809996
1.87761458694806
5.04834433541654
2.74927541933801
4.16598450293388
2.24114069165593
2.74196738362054
1.86700205456051
5.1621020578406
1.95205097927988
2.17837439448786
3.9870522591133
5.57689326374857
2.92949645403825
1.50703993633249
2.48040901307613
3.93742413815637
6.61977953049718
5.44909351549476
5.85465632829605
3.5688871111342
4.49179237396349
3.90978562972881
0.0706354272125124
4.50069687752175
2.863857193851
2.02001066322286
3.08819129662283
3.37269360596448
5.15729557596004
3.06300485825587
2.70118196998619
3.58738726967861
1.85096114196158
3.97610820167035
2.95920665363006
3.81063283294662
4.1601906272014
4.14694074598982
2.8760901404122
3.34322497255699
7.05021387658378
5.78123172165792
3.29350629320658
4.94421227685803
3.33200821774431
3.19408422801181
2.48833607123586
4.75216937041062
3.70619802269282
1.9505243165559
2.92944377691464
2.64721638219649
5.17492020115153
3.86308903459093
4.55698158478875
2.23999259000872
3.82955194185465
4.03862982485104
4.03202635069312
3.93104462092054
2.846388682316
4.63310341931431
2.48093476198115
3.33687312552218
3.72743109322458
4.48332441964688
2.9932571210156
4.73645773763234
5.63442517598873
2.26979906402606
2.66628925225743
2.17037207862371
3.19445111921544
1.38889812594675
2.52666912531102
3.40944945069138
3.4574526381356
2.27408207392538
3.06873045657175
3.66759230194248
5.13700425299173
4.22111168751278
3.84316666940017
3.29884978000417
5.41452587052007
3.33941027771356
3.73262803212204
5.00204994607051
2.34367293974534
4.32537815965115
2.411225584656
1.49985803297298
3.81997022983779
5.2813994085583
4.26585349282008
2.05275128125106
2.52077941131781
3.6058260467995
4.14475908085766
1.44414870467909
2.46746681523481
2.72927084752736
2.28514465358122
3.38143429815356
4.40172313364881
3.76520201837914
4.97912735327963
3.80125975622646
2.08526813258635
1.82267483133998
3.32390236181034
2.82273435334848
1.37523966374332
4.00265924612024
4.20081904393847
5.4438840655566
2.01766850603755
4.21319269572963
3.55509538586462
4.75702041783014
4.94054682642263
1.77153688876485
4.73428230089633
1.30304383911596
2.96102348066179
4.25742835809598
2.80355589987118
3.86258257840163
4.62664408209086
2.30851207434362
4.43239623636347
5.21215079670492
1.69932551995736
3.20363422001415
3.51822975195981
6.08970044725535
5.09910297599266
1.8882851881563
1.92903829205556
2.56392692775334
3.1905187608911
3.05436055752381
1.56032653209467
3.98689338410646
1.44155793445808
5.05081516598243
4.78642061304243
4.6559535693533
4.26930434241009
3.41383682799076
4.23600660700201
5.94640517978532
1.77742322212939
1.86126354850428
2.18421255478636
1.14963272914153
2.52171190873957
2.81689635282392
2.74583975775001
2.32048019240423
5.6152704552546
2.90937310339857
3.01705318172344
2.11651403956758
3.40297389639637
6.83048840742018
4.07441767190391
5.99774817353397
2.57334683714683
7.33196145569473
4.2264152412887
5.71282985591215
4.96862866301935
3.12054734276072
2.27619639940291
4.47659403628438
5.69723134635982
5.24752690086965
2.52191096883241
2.04147858624765
1.84930186496596
4.40339419783725
3.05479452850089
2.44844110934955
3.10811197234981
1.3967406060712
4.46285716894746
5.69519697208602
6.49404313814878
2.89088487451951
4.81714703234997
2.53216237142878
4.34054299741093
1.9468568046623
3.0561835132693
2.4484940439871
4.34299716226248
2.0429941823209
3.63568766403827
5.25981945069829
2.51824167647936
4.36398872588559
4.6639258200395
4.97474671092408
4.08710418624994
1.76297437247467
3.97997775197181
3.84377322548995
3.16216426610135
5.86126589031492
3.91602415912344
2.84756957203469
3.83064876746056
3.50991484406869
4.13445829029649
6.49200171234155
5.53550889438241
1.83651787004866
2.75306809272472
1.87422875386839
3.71216667182023
3.32349391394027
4.2885251131383
4.57977575498578
2.13821606784598
5.42755541635719
1.80942898489929
2.89951371781161
5.69844495276147
3.03242214972933
4.48944276480694
4.99052760067277
2.79895957398879
3.90222137138542
5.59844356623409
4.17772380227799
5.1759976521217
4.46446161556929
4.45808265462321
5.37186097934302
3.2255618271185
2.37290550490953
1.93669870737726
2.79318664525121
6.36262023815943
2.19082833560145
4.41681017928775
4.13418513887523
2.37142695870398
4.10234404208673
5.22165031771733
4.40591277178858
2.60669044193127
3.47897737386481
3.17894065241842
3.75304739742175
3.40619004777523
2.51236861859116
4.24136428347551
1.89615050917917
3.39684477897794
2.95620209173157
3.33132443134333
2.99945680926355
1.29839997691843
3.26894740549401
4.78024964696445
3.53452050106413
4.97305524058406
4.71012572329767
4.31975545172744
3.87896135816016
5.17721882092792
3.90803911841686
2.92242787991075
4.79251017981099
6.60224565063985
2.25949223127986
3.88570604567501
3.99085469424084
4.23850165821265
2.55563280306496
4.46456785176559
2.96926724862132
1.91364624582207
2.88804329963074
3.42715552280809
4.09767610256204
1.91798385631434
5.02061688158642
2.7501986191347
5.33165932158323
2.78583731062367
1.93098953768071
2.30412116403775
3.67272403472606
1.75070323790122
2.46801910811666
1.64872529338546
4.90412353659973
2.47784669409006
3.12019023123671
2.65624832157624
1.77940111532976
3.69441470776539
2.74946894106987
4.82623249208989
3.50870275042049
4.18794712786764
3.80349071731187
2.75097131516853
3.65585141961141
4.12303943827924
3.36511942277381
2.48118155504438
2.344916767704
3.26366867420805
3.6582454798872
5.68785994475595
4.72115153778334
3.4980633842372
0.761809525829624
4.17247297285133
6.52683670085643
4.50472957527578
2.17831215432206
3.32136029495356
3.29604507798752
3.3057978511493
4.70131751357562
3.08735529048069
6.94783274843426
4.47952495707534
3.9989247741682
3.67444855398302
5.50675404316156
4.54198943928915
5.94698497764282
3.08034993202049
5.35521062353328
3.50517296134187
3.88922113456484
4.1614717581342
4.15518084174898
4.49199875637563
2.27934149222478
5.00086663586232
3.00350464298072
3.4033570270301
3.57799368389983
3.57194187528975
3.91520786130821
5.58388756897957
5.56247748294053
2.19944530206524
5.98415249553542
3.80084840450452
6.045182949907
3.86630723921047
3.22858363179738
1.7785190424361
4.24405413518702
3.7776294406396
5.14881068890389
5.57306186258242
3.71760390139336
4.71508879790385
4.02671678740562
2.36643400021206
4.11165320846449
3.57642294103933
4.66453550026376
4.40223961243814
3.4180450314741
3.394008261309
5.61628761809424
4.24160045911329
3.43178601643111
2.00282039334194
4.11378814892397
4.33528479267544
1.95546345069829
2.64815113652522
5.18643309335326
5.90035403184795
2.52572841994832
3.25624991787202
3.43269359874488
3.71399089984938
5.02780841553222
2.85729509988939
2.96769056984988
2.68327804035485
4.91718267459119
2.30360677847741
1.47336147667663
2.14078468919957
4.2307282361078
4.9611901082508
4.46278492214864
2.65186761618187
2.67380229208971
2.74658470986922
4.01352341827879
5.51223021043866
4.13304791885514
2.81071279731477
2.48690351402395
5.15220827191431
4.6821487783164
4.10347258768443
4.4526668598463
4.58447005137156
3.18250437237113
5.07132693443851
3.68225432899724
3.70822206814074
3.30029988096365
5.31624279339523
4.68100992890081
5.35857697047875
3.30209401982591
2.55387814882327
4.31940941782861
6.27496371712119
3.93324237835445
2.65987616650102
3.7583105259925
4.38778046149637
1.84523862617234
3.45718343988655
5.08662852509533
3.78398852759073
4.34452680091029
4.3086349597288
3.17971909703659
3.61497900419302
1.48794274619795
3.98744424987196
0.966179198860811
1.74822081586976
3.23646543798844
5.94574155360762
3.2301858487208
2.23160606534127
2.91926599534921
4.48669467629346
1.73531919985578
3.92973053112859
2.48011437214724
3.09577316402008
4.21072989240997
1.79744254550508
3.26016487016612
2.80891551092327
2.44282693777181
5.89276415135952
3.83321279417631
3.32025865046616
3.15376853898444
4.35034700593297
2.60959374575781
3.61207954796057
3.08689231031476
4.14070016238221
3.18630618900009
1.57949587397515
3.90765773353191
1.34421090647868
4.16395722558317
4.0616508202122
3.83209939333574
5.02451039493079
2.44403228286784
3.41969030840633
4.28020881266513
2.37585600540395
5.60250736998337
3.09680439085911
3.9288820876101
3.86872715594028
5.84523688832917
3.84897969653094
4.52658992485788
2.05333525546301
2.1698200648232
4.4848239342878
1.92984319021893
4.21210474720696
4.40725078241312
3.35402211590723
3.48743084784
3.74431702675182
2.71278462738008
4.38454158302115
3.17648612662163
2.79836274030798
2.7407287353794
4.28169364633594
2.55511136914085
3.06202397791873
5.14772352710373
3.80476410542136
5.314277657442
5.6876274485654
2.71016905767387
2.79894048040582
1.53047135937505
3.59755841382772
4.83383228087694
3.93934570468005
2.48906907165918
4.82538413070077
2.8952931763841
1.20634964821345
3.31975648474516
5.85990292744327
2.99869430180647
3.15747231231879
4.263559445489
3.51524264364245
4.14130851410137
2.38356165607092
4.03753536909568
3.78860520439437
4.08319390493741
3.74525338522727
2.22751679084137
5.00870184680223
3.68656848165511
3.43969618079304
4.0588514693885
4.2375802785847
2.36465701578717
5.81701570460498
2.14411873616838
3.13704342309543
3.37013325440568
1.88685999188765
2.4132549797842
3.45082052393464
4.63799301716409
4.4121247790119
2.9960894729151
3.11225100710181
3.99864854408331
2.17400405308919
4.76946795040699
5.71372706126883
2.24157253345652
3.77123196490702
4.27421245357453
2.95824208605549
0.908411690441119
2.99565859915161
5.29954589749354
6.92294739373269
4.6931150024173
4.28896201999949
3.58528150986486
3.89820738403885
3.78279596859278
2.56898559309363
2.83992016494226
4.24125007516919
2.36879324414531
3.15850617029785
2.26753750206916
4.02858768176728
5.79644019984385
1.56872571504855
4.71664630599426
4.12750598242789
2.43662937627492
4.69640131336685
3.95328714601204
3.45663700075337
3.99426594404112
1.96149297015936
1.451336546816
3.16699855100575
4.39028979965036
5.33078965940152
4.7272308147012
5.0800519192427
4.01432068475938
2.37806426371852
3.72158350251391
2.478361640749
4.95240996710575
3.23231893888422
2.22838959422468
1.32732392771128
6.04966113535805
4.74547920655833
5.92454466679272
4.08108091457514
3.75538442279252
4.47957911597234
4.84186661266516
5.04816151437661
4.05915624807323
3.93572523276359
2.32757772539698
4.68008369803659
3.88899255034274
3.32918242693812
4.58130120700898
3.02767191423524
3.78371914631367
2.14314895308466
4.84106313222301
2.10834374232451
3.98966146128762
1.01433828867123
3.86911074528645
2.37603458538617
2.89674874111812
3.20079333065444
6.32018405693857
4.75972792605977
3.32877623715692
2.36522920118313
3.10400945624047
6.0967183836921
3.72747254240814
2.54855756467675
4.61613634055861
2.71620373698211
5.2327533004228
2.84023684248093
4.03804446140593
3.28751277048599
4.27516854226262
2.68423192258328
3.2818993621359
2.94665422190764
4.27935427656772
2.90614640700552
1.52334079130329
3.50658991562691
2.81489975912078
3.19238286552253
3.66974423351122
2.97236426597816
3.96498134405304
3.39719670361496
3.23450375526314
2.00003675457489
1.92684071865895
3.24265143936877
4.33888868269306
0.845129498246071
3.46466598430028
4.22575836528644
3.48740290250033
2.88242237556241
1.84145483798922
1.50831041896577
3.24331200469684
3.60564201579938
5.51902925106717
1.74096167248564
4.38493451533714
5.2477901742627
3.37867803690755
2.75854350764243
2.52659744273614
1.73292468151204
3.91325586074957
5.19173000590126
3.29280478059771
4.24335192669533
4.20773458709509
3.16149008036355
2.65733277728212
1.31505217164243
1.72670780066859
4.07971131774831
3.28277862715155
2.06277823290135
5.24186993209447
5.05973796409659
3.38142587129736
3.94278661532668
4.34186319561524
4.77575608681301
3.92453843004792
3.56793014798078
3.78974430968557
2.83152262941551
3.01900915838709
7.87762220881606
5.12084613222939
2.99167923039517
4.8839620400024
4.84049783235363
2.75268288685669
2.73374264528703
3.03211665386165
3.1897418913951
3.66730688928927
3.36697379436057
4.94238249523466
3.76370584806241
3.00269208309697
2.06041209629658
3.93163793273616
1.8388455761355
3.50399912887451
2.56444940103183
3.28624397567685
5.1302708965827
3.90249779921616
3.59966786634967
2.5428073105554
5.01847979522511
5.12055843256375
4.34109595376514
3.48203477549546
6.00534044228568
5.62398961368826
4.49750028833643
1.32571116689311
3.0161161732785
2.62585471368369
4.91992501595983
6.74307787558669
3.64811097911548
2.10504262592354
2.7946845123046
1.20382927416252
1.83045507278749
2.98824735040835
3.72947745410473
4.67357210684681
3.9093602094357
5.51755211966607
4.44694782753879
2.40902070134241
3.3718116469839
4.42885630708448
2.39793548688786
2.95752005119131
3.30011443756113
2.37501684511317
2.5474509330823
3.90247256527636
3.55031972820308
3.0968686456753
3.97857847372521
3.05965198684315
2.80866941897319
2.43689167901429
4.26224602427707
1.39022322346331
2.95493576955137
2.79207186093504
3.83176600729823
3.77755313694412
4.48465788054501
5.24359899585261
3.27586939448741
4.95810993877252
3.99433985295429
2.20374044730532
1.17380218999915
3.63836193811452
2.34217058074968
3.94821727181143
4.0141534699871
4.64267917952288
3.92947218132826
5.1168438947496
2.54817099103445
5.00783792137695
3.76524337306794
5.38283766462296
4.92610876297171
5.06061324665017
3.54725356708533
4.11779921200511
6.47766793290509
3.69935991957946
3.82664516868524
3.97893534578715
5.19918505619605
3.01029419202444
4.04445437259096
4.12415842237508
2.21398209885618
1.60341522048449
3.98760801489248
7.12644550431887
5.5334198504742
1.35997771064263
5.47871380797694
3.62887583932642
2.69248894508149
2.7417052387776
3.01986505943566
2.02573402546549
6.91861841075159
4.42534578779907
3.05872462051066
3.6893935212498
4.87341022471233
4.50646173789892
3.95080377159606
3.3945457324745
4.96115824101082
2.89018550569554
2.0755240268981
2.9608897141965
3.85280451423682
3.01450436827153
5.10116559612699
4.10459737309734
4.86910206876732
2.81070901586837
3.25558648935028
4.99130019979286
4.0845902629453
1.71587194686466
4.02131845460243
4.24481644968544
5.35843541950426
4.1824447016931
4.8957896217234
3.28859439877597
2.87168973288139
2.15392196366069
3.122898814985
2.00262736741366
1.75288472450656
5.07578389325173
2.771073300064
4.4041199665587
3.31545256153836
1.93310688347778
2.35744838996228
2.34363782206153
2.16265987240483
2.31888415653218
5.02820952315338
2.09511415178249
2.43820305852492
3.91595690351017
4.69038119103929
3.1438901281908
2.56521284879056
5.53506247962598
2.58534543985783
2.40943497045619
2.97550881936409
5.34019533734914
2.52048994842821
2.55153232005166
2.28825016705131
1.72849843904956
3.98939740686502
3.10101490876607
2.21413546281808
1.71771521816062
1.91672083029336
4.3233597579243
4.58674282201224
2.42550385284404
4.24489854248918
2.89268322287756
2.2372046618467
1.90544560582246
4.02438955718284
3.04839872145797
3.45155887368433
2.79548947153717
2.6414202025478
4.89274988221565
3.50963478605141
2.93550976047081
2.52606977298952
2.62542483747338
2.81584105995968
3.07890003869935
5.04523996342018
5.32288457170413
3.40860002287778
4.8778307751368
4.28121814574268
5.41028545797882
3.10259838658457
3.54072529294028
2.55800526816944
2.13645184874866
3.2002389376422
5.86164121809378
2.98440344360515
2.07774706389581
3.82333217859647
3.38976054635904
5.04217530584381
2.89851821690734
3.90606856153951
2.01876321253859
2.28805962517896
2.06576772320891
4.0693300924991
3.39995949283035
4.9869509326502
2.16827269874669
2.72705689812118
2.33831887126632
3.46395010307554
2.63970349637026
1.77603824773088
3.54698490211232
2.61326968243634
5.37395249674518
3.12241219983378
3.99322123726479
3.23240588843268
3.56348372359065
3.87765996374159
0.907984202505796
2.97573796411441
2.03222597499494
4.71101089719045
3.39583407909077
2.0147730477095
2.8454075274873
2.86682661019315
3.01428258857994
2.80552431621281
3.22558332281688
1.08313808369277
0.879593349811171
3.09554298164152
4.81838554021896
2.98368299395452
5.17702661982142
5.60311010023662
4.72933497389368
2.71948723706111
3.74436771601905
2.88473623211961
5.2410289748153
2.89278825531248
3.225360280518
3.83298869947479
5.68537282500893
4.12464895307255
1.54594481320857
4.7190885247192
3.00356119205819
4.25122693732275
3.28589493249318
4.37514579271392
4.45288160884849
1.82334981762577
5.03753665737894
2.17542854299283
3.6874399159405
2.6237550921292
4.71273911333801
4.02914622243537
4.88630565220913
1.98536642031488
1.93419097638557
3.55273565792449
3.3439599453315
3.06344866425923
3.92541409761102
4.99795287854047
2.10850278486529
3.39130568007745
2.649249291647
3.12402206973702
2.7647045666541
4.26637660284371
5.63199699749652
4.39465645950539
2.74208601974445
4.24875018762819
3.76452938997565
5.47946250710996
4.18787713050868
3.07319026122847
3.73168289713371
6.7873223937838
4.19653739149861
2.00045621371258
3.14318897964358
4.0282367513952
3.37206592939011
3.50369096193897
4.4744135213615
2.83798119529515
4.04946703574835
3.10187574148387
4.09367861422417
2.67455876173592
4.14267675623799
0.68210455331772
3.64254714493141
3.02452870419692
4.97588477338319
3.63187019278756
6.66365615851188
3.86404999679457
3.46847294976688
3.3652082135644
3.61048767443826
3.58176110209866
4.8851397383689
1.97724946230689
4.82457898027706
3.47643437620707
6.4850525147755
2.13657381174939
3.11081098992206
2.91395560433286
5.27306354504199
3.62793235023889
4.47069884436709
1.92189723445996
1.6483508052041
3.43453032779115
3.37680622647385
3.53973729934625
3.13687495114222
3.59373644166205
3.41715301740417
1.61860683602176
3.43724913064854
4.37855209302552
5.36170527545995
6.32532382422682
5.94625200524774
3.45041233405603
2.18383917077143
3.56497205618308
0.14531168990958
4.92092350699837
2.20485048789848
1.99392455353144
3.34470056719596
1.83625816226639
2.25655322670922
3.12572726163207
4.81219898180333
2.27512998451812
3.67043385167492
2.61700185472387
3.08369039105503
3.92711667145411
4.85087925512483
4.7213956940985
3.10290290895675
3.06805364399191
4.27270418732158
1.91952120944318
4.43628256252681
3.44069449421974
1.85386865727756
1.5789203485452
4.59199591181648
2.81639815475051
4.64356895310113
3.07465725568279
3.99947780143649
2.93654476072132
3.58612832116087
2.13114685185373
2.43140620605811
4.6573076119431
2.58052406000881
3.56056999294725
2.56761130375641
2.45230521213746
2.30252793933705
2.60193359088058
3.78899134609268
3.88539884143249
4.25670597958879
3.4594454806472
3.17310485691077
5.07653529016266
3.2073081364771
1.49729139733543
5.84555411941042
2.54102059654524
2.54173706917305
3.39468833106068
3.01836176688038
4.25425183948279
4.53026904517572
3.8118660037797
2.32716277513885
4.43011450068274
1.67783394471864
3.42487747189579
3.0537960971721
4.37191958914819
3.83121553185279
2.19307605190399
3.39270937498562
4.26546568060398
4.78119341123898
3.99254807452403
1.53325837333299
6.09869345235714
2.79861118117307
2.38110863168066
1.66536503367702
3.4254754999724
2.86032841609191
1.82532478711268
4.43498148356791
1.34839219853932
5.28566352427542
2.10522418832701
5.2695535315145
6.25604331003339
2.53122503721119
4.03495374887367
2.52023529834308
3.216410395671
3.59932135825133
3.60692170438028
3.2145365457834
4.16109003332909
5.7355073076877
4.15204249822009
5.52056498427325
2.19822201014766
4.1204479876204
3.58817588260864
1.50012581483787
3.77626513150487
1.79111304591669
3.23176669408255
3.39834198842489
4.18745676775737
2.07259035598869
3.05079603165789
3.5727186623669
4.00251902843837
2.70997401356555
4.59310166833176
4.58846519996421
3.39756467401788
3.24882058641745
3.50602401733774
4.86467683784631
5.14179882742975
3.2280180654573
2.31505133478401
3.43909045188815
3.984595623665
3.71143765152199
3.04027039331995
2.4379294687777
3.60588621142394
2.40243928637992
3.12787081194337
3.5333382130828
2.18278620198842
2.62421736374783
6.03720618406428
1.79306546331966
4.56859618709521
5.36469593997858
3.64397127298996
2.73073733794583
2.35126930706877
2.69417625677204
4.03578141477452
4.25118362387961
4.69186671667616
3.86195155042895
2.84544079164662
4.20744813008053
3.2922253839852
3.65780187240565
4.28844315023234
5.16652994897954
1.88412224722058
5.01761629073696
4.33323267829621
4.57823461341395
2.96578031889415
4.49538053836177
4.06847289138484
2.51429859661965
3.08783634599096
5.58908607553096
3.64356815176671
3.22493878581595
5.74116896311814
7.29656303539003
6.47486708388425
2.66425490736863
1.94434319345132
5.0384344109324
3.57935673439247
1.68107411057612
5.65434768035571
3.02750761618996
5.34210447934838
4.05334519482563
3.16431416233612
1.96972641465603
3.29793506514147
2.86460865693405
4.48295482997502
3.19347833632305
3.23104105266232
3.61116568201668
2.64047809375338
3.4387171311946
2.69796167484701
4.19277237261972
4.41450701466517
5.15198169007271
4.12508906128226
3.52583401677288
3.54617857233342
5.06146847685647
4.49529315574049
2.09890076081976
2.84851103146645
1.58175718915006
2.53237957533382
4.12066601155859
6.7942859281924
3.44767240721727
3.22199870977072
3.04673128258723
3.54668191804727
3.5612919388136
2.69036217800456
3.01768811586846
2.66473783421248
2.88427381876178
4.44654210194451
4.48422381483748
3.20291141254862
3.45718006891397
2.84921899584097
3.17325766583119
2.44683508885343
1.71572507848818
2.09052232830522
2.40196194652873
4.03408163679278
4.45124662386046
4.72439977952576
1.82305642164286
3.45441168487628
1.96176342474624
1.55330442194614
6.13379307573787
4.39381203908677
3.38226766992005
3.56157492012645
2.71704009870824
2.19315062387177
2.80373058826889
4.86841333078088
2.69784770124849
2.27920443960009
2.78724524361665
3.78589814437561
4.83434285127487
3.67157673069456
5.03368312534292
7.58617884362713
3.1952711499672
4.9013110459401
4.83939744965581
4.66140057012797
1.10430282527217
3.58990238761056
2.91649358590113
3.80745369364965
4.70328778136942
2.43774764196053
3.06336001419016
4.8143886756194
1.96698396692973
2.69000601136824
1.2892029387283
2.65720223104876
3.87808944458487
3.77616830481652
1.93590988629698
3.52752397968523
4.92436586168725
3.6498596538015
3.21207966603563
4.83388927111795
3.17282388043419
4.2326953190064
2.28265145362129
2.51231411127243
6.41480192723087
2.7507884355087
5.61622530239774
1.99843993198151
3.19171242322353
3.10656720344717
4.86170879863822
1.57699505534606
4.19354505658843
4.88862752502625
2.53107309477125
4.02814548438626
3.76190931048504
3.1424264242715
2.44731927269062
3.58018580873357
2.1560621582103
5.01153188560808
4.62269889102098
2.83529048163937
3.96833441670485
1.22740344617949
2.11382869693585
2.92033784912134
3.86074005123538
3.92402537726331
3.76734652565779
1.86250085494579
1.74821274800572
4.27912525547575
2.00013024101763
4.5465138943535
3.14296149189039
5.51762014774776
3.23219334232832
6.12384579702122
4.06383689725337
1.80749299881822
3.2463722500767
2.60324191036807
4.57028630032058
6.08309677339991
4.25821380360403
6.53848822548681
1.83542592758874
2.13678753495632
1.78011750709787
1.89291075864974
2.41805954703528
3.93310155437929
4.54054500099633
4.3497441891285
6.39314109593266
3.05258158139467
2.15987786420365
3.83762515870545
3.19608837781162
3.30299254877619
2.59142962770838
2.41205604525234
4.25489411075581
2.19193362598909
2.66386718538038
3.09206721694997
3.4125181277012
1.67525204382735
4.01005138350731
2.19996335250954
2.34642950461232
1.91323792847228
2.87181983201116
3.50699036080544
3.43784946059893
4.63681712641207
5.53677152629162
3.44063665586835
3.84148507603106
3.07780821713123
5.11150187158857
3.37705823413765
1.95837771555098
4.62543168328554
4.956807681273
3.11700210374981
4.89574395447006
5.24264673308691
4.79042658947114
5.10170334291443
2.32326200694052
2.20277907467606
4.44536883029086
1.80961956903882
1.58024730082853
3.32981169475912
6.19382915776845
3.21818238123095
2.41491966208215
2.04278349936214
5.03512995523881
5.25811606328992
2.94957913041268
5.18810729305388
2.66782375739918
1.80179233610342
5.29345787509629
3.09537596709203
5.64665657473386
3.10970227243628
3.17105458527791
3.64104932002931
4.61686101636629
4.54649476492968
4.86137933442405
3.62017630967946
5.25194543954169
3.51560732689727
3.50041216002619
2.76347569175846
2.26477027361862
3.45070743868499
4.64283981218469
2.96757374438277
4.07621944422926
3.45938906918194
3.81600806514354
5.39764050094219
2.96746345041931
4.63101800844134
2.18628426961837
2.71659600821201
1.86183177533312
2.06550403073424
0.855157249459667
5.33990955594318
4.10047700883341
2.29849067611347
3.24845629049264
3.44112323029957
3.41984030735036
1.72897214879429
2.6754373795353
3.98454864282924
3.30580271369452
4.00678624605957
4.79532705429682
3.71506112134052
4.09871281828965
2.8188315206175
3.22728283615761
2.7180082441324
6.03753023635684
2.92225463426126
2.28897860185257
3.86317619460666
4.37138717560406
5.77125566384689
2.66107547703742
3.80402108803123
2.25290432465676
1.21028677600941
2.27647735476255
3.50445932978431
3.57600122121302
3.05127151995019
2.86157634948423
1.88258910014251
5.3175027625014
1.7619209831439
1.48065602959622
1.86460678663264
1.81092055086762
3.74108766081216
4.06774302552255
3.56708324962587
2.48139650906539
1.89071313748166
2.89887753613015
1.7072634664804
2.01999372409437
2.7378215857472
3.21057193210958
3.70146930660014
3.55962760932614
3.20988676528728
1.91142690358354
3.25300980614152
1.89393832845866
2.04808273711276
4.96347823815839
2.74047354422329
2.60081439061573
4.93982245188006
3.68070341540244
4.67374692902059
2.46350013440279
2.98871259817076
2.12416905535772
4.6120936457669
5.19474439414801
2.93586331435217
1.99502099931511
3.99825837364007
3.43140037510655
1.48743668890346
2.34616823933026
2.20575372889852
3.77848844090311
3.30559573228653
5.37776960632654
4.93801979080807
2.67009191364464
2.69044621705325
3.63892417315806
3.44387878401767
1.91923876349407
3.92282941291949
1.78345200538072
1.25032784242741
1.49984598999056
4.4590741981007
3.62330557842138
3.76177549863263
3.78639501435859
3.47008659283058
4.42029891044657
2.14856719553345
2.83694489350746
4.74686715585188
3.06443848678311
4.86239964831257
2.26910722744346
4.86198470517197
3.14872834124795
2.93173402582699
1.82038992982298
1.99325185719443
2.11830051379786
3.30909547587265
4.66947884670498
2.85610240508803
3.85459656911854
4.98278288496423
4.22239510316757
5.05276623456938
6.15217234374401
3.46324575549183
2.71431059706415
4.56812924388116
4.12180485008266
3.9945511194769
5.04677544553695
4.87831940349666
2.96994064194573
2.35403182539646
3.20598650266448
2.18074537054096
5.53307071816958
1.75627172938023
1.80545365162077
4.10021536744345
3.81505419633616
3.83543298527088
3.92243004535645
2.04867866519575
3.67635607104628
4.84212001672165
4.73847903037114
3.40163802737707
3.62736136294356
2.81857030103727
4.00639262556859
2.42063871935444
3.71212263908139
1.52596493673643
4.99469335814676
3.67198178824644
2.64613493503681
4.16071855476992
7.30758795444065
4.42641138359049
3.83583827907821
4.72141482120379
2.71781737309452
3.9084047702474
5.00283227132412
5.82975099629094
3.82876914729155
4.7415216105296
3.21942900663705
6.14855719319529
4.53608637693213
3.01930371083316
3.58371521462246
4.4453454606146
3.89820198159376
1.56279981108898
3.51193993966474
3.27474883782415
4.62512910725869
5.18283444911824
4.42646276518317
3.28699330126063
1.99442786854731
3.91697305025255
3.4652457426377
2.48553675500573
2.94602895627941
3.43556356221551
2.06643346957942
1.23660860659491
3.88945877002728
1.26935206865271
6.57258032918907
3.20525130588144
2.96206990568125
2.58777394397774
3.83192759675284
2.72849187530466
3.60127860936619
2.3877257182018
2.17948607699724
4.16066854859332
2.75930412327657
2.83645601859009
1.85498181397194
4.24185531707995
3.02123709804406
4.75031078785228
4.59086160928518
4.66144431783901
2.69147107603979
3.00942266757602
4.05911017387028
3.66540786636935
4.62960562872622
2.83502357104799
4.70840227780378
2.91690784803407
3.04886447740378
3.70607181751711
3.23093493503855
4.4129529647529
3.49225342423016
4.24023557929493
1.8277170516735
5.22482054296327
5.00575071210429
3.20096459299198
3.76117034223962
3.96130446148228
5.1102691262209
3.4336365934942
4.54453809109027
2.92971402745987
4.29250713127335
2.80167909546099
3.22698517602243
3.53081698929332
3.93614853799682
3.5873635666339
4.9268753065646
2.08872437748672
2.21328488887039
3.48767475414924
2.03119493376416
3.12006036806396
3.31495231569966
2.90326802643609
5.05627410128455
2.65667936992503
3.59117805471863
2.44966849149383
4.90558428032121
3.51140637425391
3.46332127538935
4.59019434297007
2.66085175745569
2.32179446995273
0.451857345857135
4.16063236890332
4.12711881589444
2.85209566730424
0.711660790296981
3.88626507370469
3.138722254944
3.41121572726445
3.16875825329265
3.45856138293348
3.61089142837774
5.05860324248899
4.37086896080734
4.8576757092888
4.43959179946727
2.209986466743
3.38771770040681
3.23325273579834
2.29452094329441
3.11743328225232
3.73875712615927
2.55038866888851
3.32572145096833
3.87638865257069
3.00047291273564
2.75366022717516
2.69653428305719
3.65169225309121
3.47386066889922
2.82840259748742
4.65821984358319
4.16879452141415
2.36302095176009
1.59517119338736
3.1698831688534
1.94138530608098
3.92687888630541
4.15201566936149
4.04877849645112
3.11827567938245
3.73899524936716
3.33055055543216
5.65001141371333
4.07771900190653
2.4599523316144
3.57466694405318
3.44810953987502
5.10779956876952
3.32756797472008
4.65795793251072
1.50607268342209
3.70561081480004
2.77777334066947
3.97291145886349
3.87846935116577
2.88777186926701
3.3186729370534
2.85062290286123
5.23018096001327
2.74562761700855
3.46655068152988
3.34626985900871
4.12723075963986
4.31173275509576
5.1354494024698
4.62069846054839
4.12078502770015
2.31719105541555
2.11936608328896
0.897030074981131
1.506073140881
4.10721284027673
4.77333560489354
5.79283730649675
2.47798741398621
2.93842837200732
4.54439518992337
2.27621634687542
2.78007955007249
2.52593924022463
2.85286403787355
4.61141935521245
4.37262202397329
5.34979164972069
1.25717367277684
3.70809377569647
4.29396425921061
2.39306108362957
3.07434354442125
3.04714210628983
3.22026905087812
2.8449372499452
2.7760651764904
4.98462258444891
5.41224802880833
5.34474466967352
2.84149754177697
4.42052208738728
5.57137430547366
3.55982806720544
5.42307691748827
2.95717733142326
3.88922774956689
2.05914692629923
5.12945050497871
3.99323675686314
2.19646020976819
2.46306566502451
2.21903455362104
3.94308769230127
2.30416895543876
5.6082208843188
1.81725486469805
2.16968378826846
5.06238892839868
3.9554239024723
3.65811047605419
4.78170580673867
3.28810442573023
3.86845515404431
2.78934550337575
4.94556829662614
2.89211711904522
2.82383969291353
4.16057821752031
2.52266764426207
4.09526031524914
3.62411355853299
2.43521454835527
3.08503007434824
3.20439471330017
2.62089188782217
4.90672100282545
1.98084225077744
2.85927353453469
4.45288573055303
2.93658952681649
1.52901729212582
0.952047533130776
5.28773174198408
4.85523552159764
3.28755963424913
5.99555898833932
2.63143884720502
3.32949451206384
4.37447804209318
2.8245171621883
2.13551882542658
2.31410326383111
3.45680488440591
3.71313320798618
2.63961526179235
1.43737004755768
2.41284894306338
3.62205882008653
4.28023688784321
3.73513152325388
3.74161898120477
3.3904958618873
5.54700876765565
3.60696807176097
7.25357281893345
3.05253807448896
3.21288642902355
4.23233152826692
2.77480550302782
2.73931726569657
1.24341179196749
2.25551108453717
5.73574672301743
3.81888866074671
3.82476482888258
2.69721665566092
2.45888587773409
3.37542249857741
4.79433490801536
2.0554719017543
5.45994423006584
3.32042057510074
3.57254799546594
5.16929945645009
3.70296821328399
1.76112256114154
1.3222152581807
4.28397161337286
4.36856716534134
2.64479358188836
3.24618479636264
5.0930683778356
2.7147196870692
6.86974852782447
3.67877807331799
2.55579867242786
2.94491220923239
3.52688578547215
3.36463272491859
3.37304332890151
2.80433116308523
3.76134788497043
4.89741200246054
4.33574107916947
4.47611996149576
3.81253887893088
6.5534505666484
2.67695824417528
4.3788517335421
5.09666059482756
3.82093822524958
1.61773199880684
2.19635148497699
1.02978456256284
3.17747484633533
0.696056887269539
3.77444602950268
2.06811774794476
3.90488637014227
2.08036879209726
1.9544504533861
3.64315014980363
1.9159491881608
2.84726069213564
3.77135570089155
4.98207212282145
4.51467667589003
2.49808231030252
2.86682105812603
3.80146731025428
2.07732395567832
3.87615098564655
3.37120436050317
4.65343407916117
3.63435740778015
1.36373078581568
4.41000140939838
2.79807495626739
2.65407053183395
3.38515919086144
3.15311189133242
3.22753848173312
3.29825488434699
1.9158687077781
3.26432364704093
3.5430766229123
3.83579230385047
2.05882110181588
3.78553333602532
2.45732203268401
1.77084681896593
2.8182349283133
2.87742506170886
3.49271238480717
2.5938199141331
3.07761718106147
1.64687944966617
3.73328726545642
1.25395837812441
2.95892671440813
2.59660307363633
2.80795062466605
3.27064910992234
4.06640311519907
2.16090367560276
2.96298536883237
2.82814738617511
2.91041433302158
4.63866914435707
1.80457587762723
2.25277411676533
3.25445384266931
2.39743440709952
2.38387999036449
2.00375663918545
4.11100575428994
3.90709152519765
6.05793767018458
4.23860085977211
2.33432202891675
2.12708617100975
4.12250162344847
2.88976453768029
2.93077873222683
1.58394693667257
3.11776182552329
5.91166093615341
2.23808013907192
3.894681275342
5.95604186311709
2.79237220978656
1.87987415753387
3.61610708760465
3.91339888114002
4.16820780809976
2.40480991095165
3.68907531289424
2.66022395407456
5.24208987289179
2.1740717140297
4.9532685807786
3.82331218243519
3.3214122808898
2.6860435521456
1.94614987073493
1.90654344602512
2.79287628541799
2.30519597006171
1.34326027545927
1.59267098130445
4.24329400882336
4.14262755179493
2.60742385407156
2.57366552220884
3.36784082886066
2.48723317465794
2.35538017964548
1.9456257335864
4.4724782793913
2.11156904904136
1.81751015363204
3.4062178779376
3.62888965947975
3.29953641380517
3.33900973350372
2.8628483462432
2.83969580839876
4.59484106717412
3.60062535101569
6.67922469119559
3.26839475306187
6.13588478170523
2.50937158547237
4.31957969066501
5.34079372007658
4.41813307030872
1.25758893024971
1.87072248652671
5.23031181084998
1.99164578612707
4.26126874279377
4.30220298122502
4.04336366268255
4.42019243691771
2.43559790201589
4.49622557599133
2.48504332248146
4.98314703298075
3.27757351582298
7.87626874830817
1.98559124067804
4.64748750323775
3.64751601213845
3.57086177341693
3.75393723210345
2.26863283984926
6.62311413846898
3.98684798970688
4.91953503143574
4.68371799137607
2.09399014438597
3.33819514811398
3.496742305348
0.867095737776505
1.2837007443311
2.21213544993807
3.06114718195693
5.21059214057383
4.09960522973032
3.53373894989488
3.69916286212375
2.85003096565942
4.46968111971438
4.73967373038507
4.09934362809713
3.03742808587472
2.89569872918676
2.63996148464465
4.41081021390232
3.14467010037153
3.64848387796308
4.87320294469444
1.7035460705465
3.76063016098725
3.62417458938596
2.32034068825471
4.42097766647528
1.32782023227539
3.23001686273372
3.04020877594619
4.44426912678151
3.51868908645089
1.78088814450664
2.07349739436161
1.48358966832629
3.34908826677027
4.9009586947263
4.13105517352984
1.84718034418502
3.87663144686759
2.00812824666148
3.07720243330459
3.70377501626964
2.76842921780754
2.42674207189531
2.81723896867801
3.85597229955789
6.53173905494318
2.96151410793652
1.68722714066627
4.27354286169031
3.49004686505825
1.86076237053188
4.91336369697932
2.65945365870867
5.99631155784202
2.54346496330999
3.09955598369325
5.14969742027638
3.2177506963447
2.23250976470328
3.23812575438365
4.43819126242487
6.24231606061119
4.38906694155942
4.86011797472749
1.40650417209492
6.83030992013761
4.18079127685239
6.88913209710682
4.34584540392972
3.47769736260453
5.25882437309608
6.23058153441966
5.2330081050231
2.77557299960146
2.71459797415899
2.99128353733277
4.42589924100202
3.33353062146676
3.3147733724614
4.22858639394178
3.60148867339651
2.72356891981378
4.77531545998123
4.33920992894519
3.31681874229489
3.58084282451216
2.95581058073828
4.47622228793261
3.77665508912622
1.97448637116007
3.29113001520281
2.00880503759067
6.17630954137408
4.64917578534964
2.77977176697639
3.20724629416785
4.53107775834776
1.64577545989923
2.37005470887864
3.12613016890129
3.76205089028447
3.8865625741678
4.50345667362378
3.99926849928026
1.77325579557609
5.62582766268096
7.21064644116058
3.69470580775623
4.74485048526771
4.21470950643942
5.65025636354008
5.29779227716849
2.39752346631919
2.00650222347488
2.96883853091254
3.65170269183906
3.71048099571913
2.66236157709334
4.93073806538234
3.57993784812174
4.75345955400358
3.05708383579586
4.76430901403021
3.96504579362938
3.36976320984039
3.2925710487279
6.35328483851492
2.43527283510282
5.25417535802779
2.50829465899904
2.37877912342569
3.59185174922492
2.35976614076722
3.41544278412916
4.7698115530655
3.458536479979
4.85448095676383
2.53893910877174
3.73418425095561
2.80888830245305
4.40118020708672
2.14010015587719
4.28140754723988
3.02165767363669
3.6452541036848
5.6422810208569
3.99366553385334
2.25670917725243
3.67810248190345
4.83776239791767
3.54998528381534
4.34418263829049
3.63544733212059
5.08959798107175
3.76909576138665
4.00492217403446
3.72303182389007
4.02793663763999
1.95031887529921
5.93099401354978
3.40943294763821
5.52806652451034
3.23566793702666
3.71029175932156
4.46521346696341
4.04114867576268
4.69716195982715
4.33254938254519
3.55147851897447
5.59436117044706
3.45223090373553
2.69385392221303
3.15828751857491
2.77024936766221
2.61741573439312
3.89454787035388
3.76927140318909
3.78282998882429
4.42575780973593
2.62926308875765
4.52274490625515
3.71590783071781
5.91489852384282
1.20798805508686
5.1602126296056
3.44345374675112
2.06082865775371
4.80933123289155
4.67114997326492
5.12607511430416
4.51327306451108
3.10901687588328
3.41925410947977
4.59852428725264
4.64897438965455
4.48349304892372
6.30789374843853
4.21492859092205
5.27828009611326
4.77257489218421
4.70191037904122
4.14808227003441
2.20033851007619
2.67658775119783
6.51904508674541
4.47792854307625
3.59811770983211
2.37050389785859
1.92548818162967
1.99657825428411
2.34527454982623
5.49192624311612
4.48243576701561
3.53420255109359
4.06527203205533
3.92004358589333
3.4841999585534
2.12337751574256
4.24800468154827
1.05460564817981
5.46191173687249
5.11007185929631
1.65018745497875
2.42753119169081
4.84659767994946
4.53734175036121
2.92218828797634
5.34083048482329
4.33302621370017
4.27249898592898
2.95344404063231
6.4362656652573
2.79185826112376
1.52709817639492
4.39469819901406
3.88660158963275
4.67087283201348
2.38803973500104
3.09668916892277
2.391554796953
2.28594114510333
3.01286516599488
3.42121583203903
5.42590570245838
2.41806561137914
3.24793892529087
2.49027454942237
3.53536935121771
3.54014248446551
1.82924536075312
5.99377551743869
6.27394319517489
3.53429000098531
4.24742562847839
4.04723486463884
3.35099664135002
3.73967934880255
3.59334077245454
5.59686869994885
2.97862860400268
3.82615494827622
3.76683033380775
2.06336683151605
2.63905109121626
2.06166535503184
2.87893222749956
3.02279610371806
2.01532825183228
3.46660271599862
3.65285943019694
4.43954224619886
2.7753209543811
3.79289612005999
4.55942397355154
2.01369285930737
4.33023568589262
3.37619636034276
3.88072130516057
3.84794238826135
4.94730239888532
3.33284560776764
3.67403615611322
4.44885764853596
5.26282014151048
2.95540597192488
4.60559723630979
3.34403006469153
5.1084526677722
2.34933941882172
3.7941411946095
3.59984167629607
4.82602100301152
4.39942168729614
4.6128389498805
3.44438514995723
2.65123752908811
4.7206049195176
2.08155167681964
2.84401084325312
3.08153895895024
3.07651560077707
5.29396606114007
3.1696097644714
5.28804974406597
5.73730291469381
0.581526017904196
2.6916617893857
4.66042281150613
5.12705435879922
2.75859163702339
3.34562311564706
3.40427562918782
3.15075569807467
3.04517692948594
0.991727319460766
2.89098285989302
2.59474838014989
3.78616870188686
4.99383363872857
4.87040790069441
4.11229149259014
4.09318070118306
6.51740236662135
3.87122943602004
3.94174362170506
6.14280944238009
3.61446617418791
3.27415175460267
3.38297509644553
2.0067887068482
3.09087590591152
1.10617244577375
3.99168532528192
1.90646369375262
4.53797008998137
5.19460579612827
3.09160219192083
3.64995946980332
5.15395213052657
3.53661849412813
2.99450045513251
2.52993382680659
3.326717772076
4.51070876224114
5.83533823805667
3.65564281558402
2.00555629541133
2.2820317179921
4.71282331222039
5.12018922319093
4.85349567422737
4.30254611092734
4.17187752330155
5.56809630606388
2.31000820229006
4.00588900842625
3.64509598703516
6.25915713306315
5.74202010902154
2.74421315806332
3.52523101724755
3.52963776525431
2.38008192173769
3.02124526019677
3.22342816173526
4.86775635645614
3.18687014070433
4.05305643238404
2.47686322318885
2.92249373782821
0.935363753108225
3.97954751810072
3.74032127685345
2.39656066101051
3.01359987062393
5.34746057747093
2.23220364698672
3.85893220462839
1.79807998173565
4.15121063975147
3.39039522521213
5.23937644622056
2.24648392702578
4.18858475587636
3.65506599303851
3.63187781285513
1.50653123666615
3.96658976633099
3.37357651682866
6.15920258425395
4.1426957111101
6.14634310093356
5.81190342261438
2.57094005364579
5.22519755815827
2.82373385080352
3.61335024412174
1.38466057753086
3.54537221744461
3.46261189157902
1.13760565004388
1.56368862193024
3.06195630875138
5.20783358864188
0.965821121555244
3.84419440307111
4.60428420929849
1.63651705526448
2.52299288644666
1.72537717950061
3.08877899326669
3.11532317305795
4.28735413442892
2.99359012672819
5.43823861513319
1.70131514664613
3.10581689242748
2.69179312806263
1.73243969586756
2.93628638380083
4.52419455005685
2.80126918149584
3.91767328759092
1.91613761892722
3.70077530508191
4.36603995861849
3.24483475585489
1.73195764092214
2.44243235112021
1.16415942577952
3.28621242398833
2.35317627152415
1.98224150858914
4.02640835768821
1.90422203988374
4.59201654262068
3.06953228151216
3.7719522079152
3.1312151728122
3.01671710588483
2.35814445844654
4.74656547734548
3.00393679812003
5.02705505230167
3.94959843813476
3.71602965583259
2.34649895728064
2.74442952151967
2.49125941113454
3.90170407171779
2.06585115728461
1.65173419771711
2.83240346969222
3.28461961370079
4.03663927239501
2.95547350409511
5.03494028546724
4.8538543044707
1.9396348120313
3.84316703032044
1.75781777798817
2.70525423909938
3.39140041021765
4.22722201033807
2.33308798797103
4.3180583169216
5.71888466525365
2.58190952273512
1.36395327991253
2.12356705828156
3.60707037664578
2.66564780056822
2.88754256171436
2.44958347130172
4.64715409451897
3.55701043522732
4.20401221677571
3.72997388572542
3.59754385613382
5.36328318932579
1.56346742262343
3.941205831954
4.36372549145645
2.81349547103704
1.16322347655966
1.04576706499685
2.53565229435035
2.99290037469414
2.66417028995737
3.3834173736154
3.7500909397486
5.76884861680396
3.88348377487915
4.57519320095957
3.96841089813776
1.48427566057834
2.33565358333624
3.03762436506828
4.4540701000136
1.93230122233574
3.89040928953394
4.98260321769795
3.18015647798144
3.74162418637409
3.60838898884078
3.3771706797423
4.88973296731419
3.08600070198507
3.9063535306094
3.02978233882141
1.51115631369186
2.72034786052018
2.11030629471717
3.38766936003027
1.62154553161697
1.67015471277284
3.98381509989921
3.90169014167108
4.23963456444886
5.9465781328059
3.40659695475996
2.56622365428287
2.76821787654099
4.72193826476305
3.99765974024615
3.95779423752205
4.09241264930854
4.7542158623948
3.5915455357804
3.91035205428375
5.09772034283256
2.00006098790324
5.28037450406118
4.52167832033416
1.89402587434121
1.83022529110246
4.63455732822038
4.27073558355313
4.48124038184578
