2.27574508517734
2.58864522845183
2.27504489145451
1.73560276818286
2.79882212107687
1.99380655784147
2.33124188670907
2.18003621260297
2.16549870982015
1.90655783908258
2.2084733157992
2.55247134333912
2.74946193972057
1.51130230600551
2.22770548579422
1.84656273230314
1.86307761607557
2.55033180714054
2.25575908496382
1.61770483504659
2.56949409867888
1.55198501419262
2.13274480618457
2.28885665564922
2.33742329119351
2.02705815887931
2.26943568958192
2.15755274919168
2.10169149274095
2.21994639730441
2.31384001460049
1.85725527780843
2.7586406700833
2.06560301563842
1.77872711515212
1.97516264434545
2.31105203385857
2.09635588642493
1.68575530520687
2.90659344373359
2.14601277024837
1.80306025379482
2.15453442856147
2.29538360685562
1.93544476901377
2.31498265457306
2.14590802168335
2.42765387201952
1.7483152956022
2.84560071569056
2.60371080669006
2.21356799241181
2.74222466510957
2.07322812123373
2.04334153697213
2.74482525569041
2.93984420512945
1.569950586472
1.7193115949626
3.01750694203892
3.02141524861243
2.1628494843353
1.79608053596855
2.33620803560021
2.00463287745015
3.01963455829039
2.29912719852961
2.67293858637812
2.67598559044909
1.79144332992345
1.75114507522623
2.9142238107525
2.94470436998785
2.79855385045736
2.60680588458781
2.60790858274943
2.59254446823407
2.25169202746232
3.01753620222046
2.80915345395046
3.09792969404877
2.83590205584787
2.2726631334622
2.30244548740836
2.7416909071508
3.02943271992788
2.86341161324159
1.90179183573076
2.39211552670428
2.79114703157883
1.76667105784601
2.18496583413816
2.86414955383183
2.41694945643356
1.9452951781001
2.42587178027648
2.56773213943116
2.09380057528087
3.39650680161
2.3420525318892
2.44515761610393
2.18644028083597
1.70118105611356
2.47771368764933
2.52286239475951
1.82992595011266
1.96635193688639
3.02173161711573
1.80904068970837
2.23997070292539
1.79020328689845
2.88619556809061
2.04524849178102
3.20975916013169
2.32125447553728
2.98996127769468
1.83955001985961
3.04810961005468
2.77701375749108
2.75837964715761
2.7705315432575
2.878758670382
1.78058108440844
1.7304372441203
3.00795328215082
2.42628655291686
1.63349210863815
2.34620517773577
2.91958011054651
2.00887796774025
2.22192185804274
1.66828966865603
2.14125698861616
1.98043588920139
2.28423435422107
2.42216306443915
2.3138150014128
1.69060329211819
2.28223384497768
2.52332666352909
2.04567687228123
2.46875588777418
2.3467438119544
2.28771860118809
2.75914209362411
2.80506108232038
1.59031165176977
2.56107910131901
1.83014371074788
2.63167148458821
2.29394549272361
2.1073933986267
2.06374218947989
1.85148801485152
1.67302544520614
2.04800685815506
2.16996577859403
1.97361884594114
1.66789432335221
2.12150491965727
2.2683265919739
2.05232398875955
2.06413540986647
2.92693533838403
2.24612222177031
3.10423927740545
1.95628923266628
1.98907370711659
1.37594749448123
2.90149182536009
2.6362128616398
3.4821886421605
2.25824328980463
2.62060062641425
2.31232838653041
2.51364748111693
2.51815577222132
2.83347162039632
3.24971067596658
3.64574400636908
1.20747360651819
3.52733406913637
2.87715791721532
1.90278007206271
3.05152895254975
2.43623948886319
1.94094997653146
3.18389730459158
3.43181600643391
2.18563151848213
2.25062391482793
2.43150440288607
2.21192621723211
2.26567480226103
2.50934167124356
2.46274087759954
2.59404816913843
1.65185451285175
2.09047776715513
2.08246624918038
1.47054411750822
1.64691505671544
2.85717420909332
2.72320466404219
2.39594761921639
1.98101304682334
2.38858138675672
2.69983115923679
1.24814134018368
2.43012632405886
1.88675816394879
2.91431177092844
2.53392683310452
2.11596797238883
2.42243452653078
1.72841885592712
2.72499092168947
2.56921956614407
2.73309046563832
2.62878837701483
3.03438358932677
2.08066589519205
3.07032884475623
2.37149621011179
2.60144638181799
1.83567544336608
2.9587667845938
1.84650433182946
2.64748020014244
2.61243011461172
2.84635120867808
2.38014341122783
2.0847244893864
1.91654336624929
2.71810768267444
2.71708242950824
2.48487345870112
2.50151254669351
2.47961772532321
3.50404035174553
2.25966338246546
2.53051768233588
2.24053978618265
1.94765880881025
1.7038664737311
3.15370680154289
2.31623412869293
2.12783695537877
2.25371224351344
2.27435577828864
2.13770352279351
2.09866956200622
2.11081197798334
2.16475476737085
2.25127312626879
1.82535039385003
2.64535655748873
3.02847510460896
1.76755717431456
1.93548442933016
1.95452713120354
1.55663425738517
1.78206996536183
2.66262627386134
2.44382144622182
1.85928054339604
2.07848844901857
2.84038993765695
2.34416998315402
2.29636769275706
3.14494600074136
2.38213635477841
2.07786855709384
2.81417302063782
2.57938193766297
2.58552887389229
2.4175844617623
2.0562690797387
2.1857760358237
1.90324710919206
2.10768429453535
1.83357842619199
2.6283424139583
2.89566497600202
2.08431173701574
2.54407175248675
2.11669122022178
2.12416043550305
2.63123830069864
3.00807392571367
1.8220199657888
2.74042313400514
2.46700934163036
1.98595365007547
1.25517237148978
1.9221916297297
2.52161583222076
1.79537566046832
1.99556358514582
1.66888569924699
1.89931920421839
2.3255601890985
2.68140647183589
2.352093144392
2.19040195200611
2.61746860444115
2.53688864590529
2.51149900258618
2.36588353749273
2.11608200514488
2.48687561415165
3.79151451833751
2.02745745423396
1.90177024200978
2.59875645859129
2.68701352567165
2.40808493221323
3.52341732495244
1.85876957779655
2.22072721818827
2.21393985319258
2.03323469086454
1.89945465054609
1.82533528188475
2.09104598005933
1.82858493145838
2.33204920037507
1.80212596395146
1.82863519428532
2.81847490737412
1.76928891055173
2.0173019210007
2.4603670048245
2.15060878489665
2.40211552381236
2.31919977339373
2.43184734936003
2.23231878130207
1.91264675688263
2.21911148323326
1.75915239561024
2.45744264267627
1.97559507480322
2.12875713458089
2.1450724587175
2.57176333195866
2.53300048271855
1.52402010862139
2.13349279357644
2.30923337281527
1.31609787538418
2.68232758821573
1.36709779479694
2.05274483576709
1.8672667458423
2.41619274679066
2.55171635111896
1.95478120770689
2.66757559834846
2.38405024172293
2.23990235811002
2.74774987340364
1.6348675164801
3.26208803350682
2.08855337610435
2.99567615895228
2.32587925770237
2.24342179427457
1.78523338946008
2.47114968858256
2.31991843089905
2.59188918477309
1.35736025971121
2.04514934542471
2.34212673273102
1.89014270273505
2.16950853695861
2.45700955301483
2.27246457418847
2.4417271020298
2.31559162275087
2.2768453383128
2.50867077462518
1.23008514578561
2.34730832641157
2.28853543864524
1.67204398454232
2.32906900000019
2.77710207187067
2.70672027174606
2.04971792334688
2.28150909876458
2.15520604600924
2.53622309465864
1.93268288887023
2.54588696660489
2.3560883144797
2.77312817134185
2.20085608842643
2.65456772872004
1.91016378716257
2.459420402216
1.75820100486515
1.55362422319397
2.7274216117915
3.19196149248085
2.17735263942749
1.87034619837137
2.46768519334008
2.06244140927335
2.93445209534671
3.83051987720582
2.30819100648149
2.38455186257212
1.44083504859042
2.77476856974972
2.31686273351968
2.34901683408001
3.05572048210665
3.05630979077631
2.87563789767025
2.20329078471347
2.18533021279937
2.5367111383325
3.18664609362689
2.88459435546444
2.78958338490193
2.73061397385804
2.65327172601906
1.89572344143278
1.86806552264108
2.82025935137614
2.35564976393565
2.30584547432424
1.79827134305248
1.97191313517988
3.19036616245542
2.79030006262511
2.79924209509585
2.25900672989635
2.538179962458
2.81088510772433
2.93569396958533
2.73794387031526
2.2916815333262
2.69452120361724
2.11593020393117
2.18371437939723
2.35301900597535
3.62359473559803
1.84379543967197
2.25485920449964
2.05634518987569
3.27901356402777
2.55726924669585
3.35928335360748
1.64730562785089
3.49757337789589
2.5575272137491
2.03846237303855
3.59765097804281
2.37307404361994
2.836242925643
1.91116299023279
1.96271637517815
2.68610168400413
2.04886222802739
2.11357550656467
2.14210234062702
2.48909382009932
3.48014465727093
3.02042435825454
2.25361622791754
2.66759230755323
2.58194741416642
2.11028961410872
3.35065285898706
2.86893052533792
2.54501715022448
2.84239210517129
2.03804806177897
2.87788201025277
2.57838007771917
2.35984504426816
1.78588780697699
1.65194575914625
2.46855534429812
2.52764717785867
2.50534374459274
3.17024583333333
3.06667184013158
2.35584796546822
2.50333376317138
2.8338778314286
2.06223192466577
2.23738070447241
2.03020127191355
1.98131549960074
2.47044371328232
2.54739892928167
1.8949303650839
2.89962488451657
2.01919245265809
2.98452924163476
2.04157244428709
2.67600408787508
2.07588019194639
3.63165671725205
2.76186865300268
2.3246688336632
1.70669591440373
4.03981971669436
3.34488390214157
3.26169486444881
2.12844644451931
2.1349429532605
2.291167359178
1.7417271030403
2.93148752492245
2.70215759395025
2.63323953213209
2.36843194174688
2.70804635518158
3.43719240694768
2.01782196391241
1.8303015868628
2.13024558260695
2.46309326425271
2.99611283435035
2.4852307297769
2.26495258295929
2.47620257414704
1.8963446483727
3.26049615168157
1.80829422777572
2.08496871335661
2.16718435216309
2.8899097861219
2.92758735770335
1.97076694180646
1.53183307437011
2.05613876156648
2.62529266867298
1.96748052354874
2.15761498455218
1.82474564018786
2.22298387478991
2.24987209890211
2.56763274730941
1.81284966329227
2.32307790567221
2.05407578855372
2.67269122085327
2.14088501116074
2.11966439710407
1.6074922412664
2.39007166820182
1.99855780966874
2.69374015193905
2.92384704626787
2.70399609565397
2.78834427400648
3.13706086733794
2.53303688708918
3.02887346288958
2.57962766015802
2.83938771292672
2.53700024078598
2.79500639641479
2.6531782108132
2.6013390734062
1.98286529783462
3.34539203830544
2.59742922715494
2.41537023642078
4.34365591380012
2.4663283978101
2.50695647988184
3.19831357258431
4.04008670743412
3.18407258575488
2.60295653611226
3.53857016059114
2.57726131470489
3.3433171986693
2.65642530619928
2.49398434762942
3.12701547540623
2.30300910226197
2.53882763685552
2.61995073229523
2.20140234953522
3.15858571091773
2.14102442987776
2.434847677571
2.57559458761352
2.55309939332167
2.27582782129679
2.27377136868284
2.37282428976052
2.06812765837635
2.02990376209485
2.08780776538327
2.41121459092493
2.30351323798914
3.13158211732759
2.88697577696787
1.7505798447771
2.63127442859534
1.8755952778965
2.51760486083907
2.07824746812485
1.18437670808414
1.94460757793748
2.33576650758188
2.16563320743434
1.98240639391604
2.7821757370883
2.71207124420373
1.49897622261581
1.92845380509629
2.09919353042488
2.58750210910589
1.68273157379169
2.58497898579288
1.55086470254471
2.4095423540318
2.29806066069134
1.84787828798326
2.22472287330838
1.77232734553832
2.66045895374139
2.64496928817393
2.28337552040377
2.15376560432736
2.56813760432871
1.88908376935726
1.89199697806592
2.47156066760387
1.95133490869015
2.13783559448905
2.33559336174808
1.87026248893903
2.01180834614709
2.01916585336704
2.33210809513224
2.03053731312296
2.87817624856859
2.36144215359526
2.66894971598282
2.34492150088982
2.36818482131253
2.18276603825898
2.77710613587976
2.92181837358375
2.53322786489624
1.92821756001664
2.63263509620909
1.5938871915683
1.68309308881444
2.20868231281831
1.83005061978572
2.22202910832273
2.12234451841671
1.44727427757468
2.16888134550848
2.79089867328939
2.18872462297146
2.65028307838223
1.76304255454427
2.32501733628668
2.3317616268977
1.81437165109649
1.86237811254093
2.64376768435738
2.14799084510039
1.96451375295217
2.14338961060509
3.11045586845353
1.99487315507829
2.69750113808969
2.41019616711031
2.61088704041291
1.49283680712194
2.11331227288361
2.37446637491078
2.69958102859523
2.38141552910481
2.74327415934967
2.83779750855098
2.40954732340395
3.16266902348526
2.98900740179054
2.35819418779206
2.58187852669494
3.10521159677754
2.60649782700798
3.85633733084514
1.2231483730565
3.0191968454757
1.75029084599494
3.10556472703003
2.36380989747145
3.07019707973846
1.98071993643851
2.22344399143296
2.48486592928836
2.4585355058827
2.76398790262416
1.79883497102439
1.71003286645187
2.57474909575424
2.02758302093802
3.17302906986934
3.8695390434233
1.95324441223851
2.70975173366
2.01480433347418
2.49948527972134
2.0009092833123
2.97862998142165
2.90846965756336
2.93426475167159
2.78582966095014
2.8034015919725
3.09404696803015
3.21568106231109
3.34623805022756
2.48233735156822
1.4985341630303
2.39415260855883
2.83468257968809
2.76511833077719
2.11186639936446
2.86350770973295
2.09678970293476
2.70803014488729
2.17828836284034
2.50886758553423
2.83784166165323
2.29218374985377
2.37448739222975
2.71193079591078
2.4864306770035
2.94226411358714
3.27808403744639
2.23930023130685
2.3538758246566
1.86838522635139
2.98836701307301
1.57258944041027
2.72641510632123
2.22502803993495
1.9343153985616
2.12438145173286
2.14713179002314
2.59902504057744
1.42758456050181
2.77043276557935
2.17375724508134
2.90240589385568
2.23605823310738
2.62838517883599
2.14826632805808
3.16515728171771
3.0778209305831
3.20378522964637
2.48611463727266
1.85618829903655
1.83106053830871
1.71563053726106
1.63264010023962
1.95230479280215
2.34783154084137
2.78477146681211
1.70262235431655
2.73925492085634
2.37274670876337
1.32247551797465
3.05122715155638
2.67485057423805
2.07575128156635
2.3615679431097
2.897738205002
1.79971994426628
2.69475849884034
1.97190115490617
1.92291486331331
3.20817633388132
2.30725501155469
2.26281473968575
2.34222017210814
1.99630056674172
2.49848676200436
3.06067293444712
1.84505766460004
2.78834596154448
2.21811029804172
3.1217394209752
2.04562593869673
1.77735067112209
2.63132093885497
2.48388679019568
1.69164881508627
1.75916644973429
2.16946633545803
2.91239778034081
2.24218409945385
2.07936465780843
1.81756469237138
2.03690342470532
1.81491789320081
2.79709116162057
2.43786605469472
1.64285421454943
2.62098557312412
3.06700448721371
1.58158833980646
2.1050187774706
2.17784802666927
2.53850470205717
1.55747505573854
2.33677549708043
1.84061300860108
2.1851547857845
1.56603664188268
2.95916598714698
2.26404775940225
2.7848994459235
1.65032099529902
3.65493913242503
2.32236748190319
2.72951929123668
2.93089068349126
2.61444905189101
2.72914108099473
2.69660749606032
2.66997545728495
1.9225595183974
1.8005451894736
2.64392431073073
2.63647248930499
1.36508353063495
2.30832421320244
2.22792963974556
2.2664729269693
2.62459864436354
2.16646707126398
2.49838484661897
2.17261508284924
2.66723103439068
1.95361476132538
1.47020064605766
2.0451649123508
1.97439879674276
3.60771585532806
2.92498000396885
2.75210541244988
2.64654738227342
1.82413727225161
2.54838909646352
2.18168061246876
2.21165446306845
2.10061427447699
2.22099074774514
1.60075349477051
1.25221278952189
2.34807443721844
1.98736512227924
1.76766207408747
1.7802224221598
2.54443997954763
2.6018769845154
1.60298729821751
2.38995545405865
2.37974229102433
2.44242687430799
2.69759059790625
2.26428692060415
2.06994996525575
2.21419986540929
3.02398448724572
1.81856797215361
3.02012773636325
2.59385680648014
2.19056219350146
2.32120567714045
2.19820718003133
1.92549089470913
2.95092253081254
2.80879892922198
2.01086412540237
1.18773978087529
2.36512438776467
2.14642452314456
2.68346212739624
2.56991316291233
2.16090167048322
2.65180430323557
2.07740351317038
2.82703894977738
2.9514949290873
2.08466283743097
2.3519425764148
2.65648726489215
1.83245463238388
2.66235883503233
2.75405477800739
2.39862952175348
2.6341346709144
1.72862159199065
2.19884425564224
2.30006419285631
2.66931464774156
2.5107454251399
3.47324923798315
2.49744465909712
1.96568420573435
2.87759129451366
2.27992418950071
3.21673273543512
3.08982997778486
2.71178750638874
2.79476936719982
3.11497475615807
1.89749733824766
2.0224170017678
1.75514082929576
2.22185073234961
2.76085128201359
2.38984692385372
2.17010702037308
1.94367957382838
2.61580663154058
3.0707496981874
2.75496940397134
1.95168146915807
2.310222260201
2.24411236121197
2.26178838429958
2.58791590369786
2.21609448014527
2.4775519971245
1.98520496241354
2.89069525668027
2.42320516409319
2.50908614056569
2.04650016541345
2.68775900278419
1.66554801400043
3.01437199360793
3.00652160441657
3.01235747331921
2.09229226608384
2.54933804674477
2.80633835027498
1.85228677498218
2.52176123830696
3.54460040302672
2.62526979917991
2.35988039195876
3.91529011859809
1.90913329679302
2.32043228566743
2.70419454536214
3.21807168451048
2.03734865472464
2.95340480831839
1.87638902648847
2.08339961558776
2.54387043057648
2.98212154450537
1.84290066539111
3.16597992637122
3.10535008661007
2.4928901927473
2.6795572573823
1.98195571083247
3.38398949498531
3.03741777034076
2.00969092838369
2.26061204474888
2.71254033982458
2.18297973408969
3.02615542365283
3.25980178807328
2.82715757775366
1.79365577223379
2.54184129138093
2.70176718289167
3.17047511094563
1.71692378709048
3.08588300750328
2.91842097566184
1.55669872888359
2.56049798068411
2.75093457391883
2.47396791888219
2.99839764416847
1.83730307724623
1.83747958034691
2.67279266066546
1.98418316140722
1.66152620327709
1.21148532330935
2.13010188853642
1.85676612555015
1.55834863378752
2.37813556721357
2.20392454458345
2.72664461468616
1.7630285569641
2.13594697126525
2.71699053222515
2.07027145634575
2.29142693576555
2.58169368913237
2.57735242491231
2.17074312470931
2.28029106478068
2.75061646759562
2.15298573909549
1.96143215834231
2.54913297543471
1.60810366946184
1.65324985102421
2.26141025724717
2.69034805753715
3.25265312911486
2.0053154211525
2.06383168303695
2.81287258242524
1.71062933283419
2.45896353738654
3.08218713664047
2.46317565972694
2.27362486689438
2.71638055842559
2.54806242037099
3.52322239168541
2.57291155993996
1.74754052861689
2.21414685852897
2.11725175785357
2.31584848286935
2.74799526081886
2.52909765283114
2.13622174946065
2.24017775672462
2.98576784604632
2.53008252814728
2.15374047969457
2.3470438491194
2.10556608933536
2.9335729986135
2.12660421690727
2.27574459055812
1.93531464833845
2.68934301353816
2.77008553304762
2.52973318404138
2.00031534480283
2.89666711388841
1.98122337655597
2.20613175589631
2.42266697972156
2.52756155628297
2.03210039122141
2.124179219109
2.43401798046269
2.9086102043294
4.45931567461069
2.69654255420874
2.63777916316648
2.97130541894744
2.44700222867653
2.51524604661265
2.78029393554251
2.43086127707255
2.76411235397152
2.211957854056
1.72101509322589
2.56761824003517
2.1161166234096
2.90281121578162
2.28442599774525
2.01229538393364
2.36157074843131
2.96567263479922
2.16656996145617
2.84675766078498
1.78312577429578
2.46316560508606
2.71364948398704
1.72694868600566
2.63889952029394
1.94221097058011
2.12168950939742
2.47278717398852
1.99464083900591
1.92917245305019
2.70186516800885
2.41655854337939
2.82589733101204
2.18652372869821
2.45589432151882
1.75147985676362
2.31057345576747
1.7174405679269
1.97010364248063
2.19253170099021
2.32948251716658
1.92274297465602
1.43806498341305
1.46579453455768
2.62818607560413
2.71861799840554
2.57914294531705
3.22900458642182
3.16286757772658
2.2667128101811
2.57036683094265
2.12599038120211
2.23643135064705
2.45597000564101
2.39198851012348
2.29092704064272
2.5855399408658
1.69551016657294
2.15172180563221
2.2487834926072
1.54368670694665
2.74699005212735
2.63131278996601
1.52601368737035
2.20294367116256
2.54730760872999
2.00229930081947
2.39028348997807
2.47689667018915
3.74889723667472
2.17416586142373
3.27022103913406
2.96007877375058
1.88742846292693
2.22349309630392
2.60558117499844
2.53867621963047
2.20280128103684
2.69439854747562
2.45916665675742
2.78273216709203
2.78891156042891
2.27310344843338
2.66882427956472
1.725645884357
2.49369399082445
1.87012646677217
3.52277893091254
2.53918059416935
2.21974488941209
2.86415604666258
2.58898255534354
1.65012534560935
3.48877090193817
2.43719481684227
1.5336598609085
1.65908565049471
1.21041305483102
2.07641977952547
2.26764823512459
1.80960513211316
2.03818099114051
1.89624699874095
1.99999272928124
2.11590809802126
1.31719423508025
2.67080680560249
2.69785827042591
2.8012395971767
2.39351828728499
2.50259930656729
2.64400793190198
2.03931826510108
2.19977669038912
2.67410149261976
2.5814116606252
2.05014238907845
2.31175258535088
1.91766370059746
3.41711200752375
2.96051558643393
3.15917545155276
2.1787729622218
2.49498711575897
1.62603327564289
2.58568295989934
2.57283756369525
2.59353851783152
1.8152741098509
2.60428903865091
3.03355254286137
2.48571357754673
2.57265583691102
2.43388702091635
2.21637706383307
2.32096796753947
1.86934098772998
2.74319205317016
2.21496648994719
2.83315916106361
2.25565009945047
2.81392266309858
2.08504360469158
2.66333122620434
3.08063595986408
1.89445599941828
2.89116862459932
1.8306012057066
2.41537873624729
3.23098374822418
1.65029835652474
1.80442423215341
2.16286286279775
2.44998737752618
2.79913450031788
2.70926700476006
2.08697524303414
3.10680663191317
1.85295802157875
2.77207609583953
2.96012579948397
2.41578590577298
2.29877930736357
2.2878804301333
1.99837934467382
1.62641141245241
1.94865941744503
2.57344414795903
2.05564916893869
2.10452595844815
2.39789350548226
1.97397476145919
2.49211506120048
3.15113894816832
2.46042280588314
2.01169243421665
1.67846167131922
2.06435700643378
2.77330504558554
2.22740660832284
3.32482633047086
1.8724253894787
2.61803446168315
2.7447482750088
1.99265492050779
2.47282653130242
1.9985508236349
3.01507386549954
2.15466927518379
2.43749579054226
2.42459456621687
2.4999581859383
1.83214682275092
2.52382038375151
2.14099664459889
1.66519238640137
2.31911822074982
2.22044741614578
2.3167575482894
2.67556721741152
2.14864088325614
2.15461876119367
1.89672331335139
2.70071993564514
2.70544214980044
2.45711684760841
2.26888581194834
1.52477431749068
1.92628147753222
3.13970070240887
2.75960885064486
2.19425429160565
2.99135268410827
1.64150615251556
2.38434606800158
2.89217053996489
2.25100613188884
2.46470152073412
2.48992166792913
2.92865110275713
2.86574356317005
2.38158818871173
1.45545743571133
2.44636620563619
4.09335871095956
2.4866603851137
3.16553735531954
3.20056848284419
2.95315149543779
3.27088952611704
2.74201731748929
3.24995179007239
2.04865142713864
3.90806647641203
2.82215343981519
3.79071783925226
2.13896000992267
3.16971754878565
2.40768952397036
2.90685965717344
2.05966560539449
2.54177575284593
2.6228748263749
2.28854099163328
1.60555784739645
2.55442663023325
1.61208678849534
2.09895243652641
2.07850009722024
2.17164808683263
2.60637785496035
1.84641973464294
2.64615701003064
1.61343220063345
1.51069362827924
1.98446243613538
2.34481899478356
2.7076289445305
2.84820288600549
1.45809327436094
3.10558878423665
2.17174175918345
2.55238049474944
2.19488180578994
2.17697841537353
1.66862243012534
2.1080282296666
2.39389047515412
2.18080150764333
2.15817995911941
2.2547897218166
2.36943071313786
2.54476103831563
3.0965781353657
2.76732785350085
2.4891282676627
2.4073767560063
2.74659121881435
2.11840514882675
1.59715604587791
3.44506963770425
1.91565587081621
2.95113094586761
2.73886673027474
2.05319250825008
2.0134398592715
3.08161178779802
3.1978379816169
2.42379514350088
2.86060603396117
2.50151104091211
2.29724088444951
2.52004131740514
3.17075045716364
2.38383712614597
3.34472868400895
1.86977123743294
2.56815021694822
3.27575627093489
2.7208108590045
2.80668022401833
2.89061690068467
3.15703491088772
1.78855561170717
2.48043918380303
2.54957105490593
2.8229173481944
2.76945016926881
1.80421351328534
2.69683489776351
2.48145169108374
2.19753980440051
1.89569264567326
2.29565145288746
2.242937094486
2.38666973809363
2.08947614945519
2.352182174087
2.01941466652764
1.90339522169333
2.93651774205704
2.51085326712811
3.32546302649817
2.09049476200728
2.28470934892917
3.48015272871526
2.01099654686332
1.9583529664607
2.32958416077842
2.17990610044
2.29350359017306
2.2296864896774
2.47072419820818
1.88306068204875
3.33293576948861
2.24445937486142
2.64361944045658
3.47010088576957
3.31386360595568
2.9279626019712
1.69965459978141
3.02248484128817
1.9987760415822
2.2743566205735
2.61322846974984
1.9987764649682
1.72324778109035
1.84010275909067
2.34798884122004
2.99829103243818
3.02768023026109
2.09766077993254
1.71421315210201
2.7877877242446
3.14536885970375
2.34005358097013
2.57000643150751
1.55588031009325
3.36282396151943
2.7669628184637
3.29627078693064
2.71269505221563
2.28096401631126
2.52943411751157
1.89255282456135
3.52997206764756
2.60174530595872
3.2288744144879
3.81299295192341
2.69054896738687
3.27168692493246
2.54681273129961
2.38129218709229
1.89900941187986
1.98069296616511
2.70503289693782
2.37215993245577
2.41588970690978
2.79721082969601
3.04310472071514
3.17670746640733
2.78729850896837
3.39919925507639
2.50927236211601
2.81800350209337
2.2788033675522
3.18834446030795
2.22702953042435
1.93968157971398
1.87535031789284
2.81358912881928
2.57256067807996
2.3858409817966
2.06037575692339
1.72309778773226
2.23535992771254
1.40566791271383
3.38943621669543
2.17687863509452
1.55826782219851
1.91289038414123
3.12888194405745
1.8567290515082
2.25294027886012
2.38485853203498
2.36943641102611
2.58115839766901
2.2386997679831
3.05756746029679
2.41798225236464
2.06973156115781
2.5574632597411
2.24244889085223
2.59063027106164
2.7312380780036
2.05144032498363
2.06958261979684
2.73971731877611
2.21626448443198
2.2471498155275
2.66116751232766
3.48365130246513
2.17345037245958
2.27755653891754
3.19300422905588
1.89879886266819
2.61635505631418
2.56592639030978
2.79964831812583
2.49368016008255
2.68036710414135
3.08754498239702
2.5199128086315
3.14128967702427
2.4357089337842
2.87874576333575
3.67515697426131
2.50729417376625
2.69860134309071
2.58850567322413
2.17847505243148
1.9218107334235
1.63885886780448
2.76256935496809
2.79400493528721
2.19336683777926
2.22066210898784
2.45913875474119
2.2101447376766
2.77837915200937
2.78763414546313
3.34458264991338
1.8639203352378
2.70546249234042
2.2779524687287
1.95362220460824
2.06266287014391
2.80415569305284
2.19057239227514
2.00929016929124
2.52241846598692
1.99626722962607
1.68238847071195
2.4846964726562
2.06907176777991
3.25490523026549
2.29592918835769
3.09828203271935
1.54236335933958
1.59536075974372
2.25380325682441
2.34364670131021
2.02084535404747
2.99773351976889
3.51255891194158
2.73075733302796
2.77600943354693
1.72654242264658
3.14719298873462
2.15195486532334
3.28436341708414
2.48418936156695
2.19000014476738
2.77185499756294
2.44797229207051
3.31680876681639
1.85184063357112
2.13329209007628
2.24859038005481
3.12179662079311
2.50787116588517
3.0151011532833
3.57325282003749
1.77973815527664
1.3414921763996
1.81103507465397
2.78353887451372
2.57641396258372
1.93823807353506
2.20502771327339
2.03885134254427
3.01968802626121
2.19940105783868
1.50843799072623
3.30562340471482
3.25132271452236
2.50100837343024
3.15958144936485
1.24972299595256
2.82397664550295
1.8490766769219
2.88403938918507
1.16548913180372
2.35998760691946
2.36345561722898
2.34859348388015
2.52243646041583
2.76021307108048
2.4399353197377
2.30515824410213
2.03942523218775
1.69487377886065
2.08860229702223
3.35842393562481
2.61970293832726
4.13038121275493
3.5101789519572
2.44828374134863
2.35227551155604
2.09826759067844
2.12191834800708
3.0085384060996
2.24772937287153
1.85500497218125
3.68422835201945
1.69206181137769
1.9626765999999
1.99879040301271
3.14808921830955
2.8742823067167
2.53860355331943
2.35073215936936
3.07594644334008
2.68589789797688
1.87012460420495
2.29048478420333
1.93588818376846
3.36775215299199
1.52082382076284
2.33547784137201
2.70161174051654
2.81331918466771
2.73597924115914
2.72031897036064
2.78831601371926
2.84320605604953
2.39249616576725
2.92119667251492
3.27739950103512
2.08604517982991
2.6617947206785
2.67774171566736
2.42872343416596
2.86741283791251
2.29702484091815
2.67803368565879
2.11063969297629
2.20667389846731
2.14042965678659
2.28128368359439
3.23618690450058
1.70817203753869
2.23449878553213
2.71210648406201
2.72480562919697
2.80802441249075
1.42807705163999
2.85019294917815
2.33207937242659
2.57922592014792
1.76795170891942
2.83429785301097
3.11871715123815
1.86486338172301
1.35513762623839
1.91874594029951
2.67612457409777
2.34086296244567
2.35071942285022
2.27036661798429
2.51566760976123
2.40925841117591
1.6762808685678
2.57358524828151
2.06399568489449
2.16808653403865
2.33172298562208
2.66389352282983
2.40987740829236
2.4907911525102
2.58231307226419
2.4535222002923
2.4498549292463
2.22071647605948
1.82633678902717
2.20703085527674
2.07582527250477
2.22717700762531
2.38185943605469
3.35644229489957
2.16658332018552
2.13878218645226
1.89232615554885
2.37538051497986
2.44304230644857
2.36016503618055
2.08291475771992
2.13623118624587
2.97248195060903
2.49004160750479
2.07123382860291
2.09098598797642
1.79607712365302
3.90324184241227
2.70821594195966
3.02325290062213
1.74043695995899
2.16385782633889
1.90067862672677
2.69324430989978
2.1951212548713
1.98296620413749
2.46512211530015
3.09904521704633
3.02944321428354
1.50075814411492
3.39106865787904
2.6852762767066
2.57946978449961
3.17819872958013
2.87184749620044
2.05149782891088
3.41925636467987
2.95418535989631
2.74287957029735
2.72573949958151
3.47219693197979
3.00470137939981
2.55297448130321
1.48287334889935
3.52473608979101
2.02138732336241
2.03160340012047
2.94379672131423
2.21707641970359
2.07147656553159
2.54590469726239
1.9371197117167
1.9822818720202
2.29006594289505
3.08604957790463
1.94499957712235
3.17434765453214
2.95117409007961
2.81252025631797
2.3925076872944
2.80018113876867
2.6562336239052
2.58136581088858
3.23054819564136
3.11398851955366
2.43794219994626
1.84974154858807
2.84350717834476
1.65594717277537
2.29679377926251
2.27369429674411
2.31289579553633
2.90762356033047
2.68708352549781
2.34747489529757
2.95320355269937
2.6604772382421
2.17204901638576
2.68748853340222
1.49782169039847
2.64349277950425
2.04078884972119
2.50448578037849
2.51786250466625
2.39133422747845
2.59756786075045
2.56070281721247
2.12767853827968
2.03188262689039
2.78595330273471
1.76921772432798
2.03398560618899
2.23603804151142
2.40915189710607
2.43270860141336
1.68518669411013
2.52872824744288
2.65584619415921
2.28803441403907
2.210195885277
2.61737780258288
2.30752775417434
1.92979445756887
2.95960664412536
1.93601606727448
2.13931284790743
2.627396427329
2.4490783271994
3.48705996141567
2.78937823539885
2.06258388164711
2.46451533806232
2.32213186980017
1.68532392658721
2.03693251366063
2.50674756015139
2.17198593646984
3.03219117929906
2.48428095641792
1.47141247812556
1.53030902387769
2.72258355571866
2.75840392794842
2.75223525474367
2.63093297253833
1.87450620425027
2.84923826007632
3.07989206750057
1.9813519693508
2.50142342743699
3.27072730103248
2.37092522445625
2.67333366227464
2.97358494721215
3.90612912221607
2.92184570979602
1.91596782741916
2.75213517348263
2.99487245050091
2.13240134681755
2.9863719804163
2.2139143526814
3.43388715008184
2.84837272438444
1.81225182603478
2.79084637336018
3.47405553776856
1.83646529281446
2.83217890677735
1.98956144621695
3.07520728419543
2.31851101986712
2.84505744413173
2.78413665250942
2.15915596049943
2.63708748687443
2.72557763873334
2.07728835272332
1.93601667858125
2.52987720036154
2.25430413018122
2.55792063186097
2.27656508179852
2.11064428294303
2.41097140498773
1.88780822219061
2.97809079847304
3.00052019571667
2.60110376026817
2.97761094840929
2.29336772901146
2.29171650853529
2.86507510193234
2.13326383245238
2.9546705450214
1.99457939870533
1.95668370293118
1.7867669694636
2.56120883586156
1.53931661898356
1.66337092725339
2.98307664851035
1.93172559414689
2.40545671502016
1.51493734754497
2.65539805770922
2.71001739051705
2.41335193215159
2.07635302061227
1.97895535160393
1.98630142421811
2.7074020740654
1.86174150061559
1.87985704078078
1.81784881877316
2.5004800333833
2.3776213496349
2.71968229432918
2.5153167397976
1.55550979250686
2.25823397325281
2.4200028482529
2.14149406461527
2.28080216188692
1.80450577941594
1.93811099272288
2.32758669453345
2.45964624672179
1.89559488219663
2.49465851203979
1.94827173953882
2.43585134597031
2.01338200375817
2.93678347195613
2.23809990101898
2.68738135547431
2.37571059189439
1.83938697463476
1.78613828390642
2.33772806883013
2.25479657044631
2.67393720395317
2.70051343255659
2.41770311119971
3.22790745909079
1.82975244614868
1.6205759544202
1.87168097512861
1.26668615324498
1.91551559599317
2.00774168641424
2.88302599456028
2.59099862191096
2.97930683572273
2.42987534685513
2.09874354827923
1.79739045299154
2.17569892468484
1.91217650823518
2.10305634738166
2.29226517013515
2.73765437593304
1.97650672530442
2.69790245921343
1.66616254447435
2.07653439672844
1.35021744545419
2.0822047926608
2.5347423442848
2.78820657006353
1.68648540426783
1.76496107875873
1.94131979746936
2.31228293199726
2.03817125427703
2.84116492517616
1.8261522039464
2.04098252968807
2.48602109844823
2.94173223096933
1.81137956436715
2.3579596505591
2.08836846996516
1.83947045090683
2.2580848748666
1.3507672095446
2.79176644324285
3.40581807662679
2.77302381763439
2.52977075966201
2.64428665596857
2.33384236269175
1.96496735185005
2.35597108474097
2.63710855641504
2.12739849982978
2.59794158629234
2.81632542463624
3.14909212934235
2.36190321946377
2.6007650490147
2.61799131083601
2.71053255406382
2.59609983112266
2.74257940763891
1.99449791852012
2.89975521619151
2.07880478963133
1.61212673040663
2.71444552714117
2.73312557060756
2.11317750564761
2.49262674361241
2.42706845211448
2.30594482392368
2.19278149598654
2.69821717693774
2.3784743840985
2.27472555687161
2.2858490651243
3.54464362030091
2.61877870632975
2.42340374773359
2.40858520444908
3.36486776665837
2.41641984987686
2.3538423115306
2.4617419722529
2.84219698355136
3.08903758933173
2.13399110047238
2.59561079948276
2.40383286408838
2.25862882870495
2.84802709206408
3.12375665341629
2.49914014978231
2.12789547390161
2.11610215866
1.56871090732982
2.85356840760101
4.37217038752137
2.37854059449108
3.01862252283424
3.67845580485212
1.73237103981356
2.44741972376464
2.11166991194495
2.56208099388801
3.59119609912024
2.36280758309488
3.17222821372174
1.96298282002226
2.85711837223655
2.77814805931041
2.18420813585247
2.74001349444791
2.0475887078997
2.32613599365663
1.69061922165765
3.1948636566149
2.20519988161934
1.78601189286692
2.03894964859062
1.72507763413118
2.73102031223853
2.49233465561712
2.8540620388054
1.41052468122238
2.62457062472278
2.29504516349644
3.0841254609333
1.62545660138716
1.92114089724566
2.45351771239882
3.12180855383808
3.20788847776482
2.47464077144801
2.65254337636259
2.45590201463247
1.95803556461279
2.98244835917747
2.23632471539402
2.07603168139108
2.98376250205497
2.18835300056886
2.43432046493963
2.41060260216313
2.334781398471
2.55019618272102
2.37230507334218
2.88014895474952
2.5094625689357
2.38830346730899
2.41482210708596
1.86898443358661
2.11030382682999
3.69538962364304
3.15995452229471
2.47070569095469
2.5444251285568
1.74571155768971
2.70712159384257
2.89280533537852
2.64501955396907
3.01790943383351
3.27331285001597
1.98355511110697
2.46312961947323
3.31815691693968
1.66855840326691
2.20675635750683
2.31481691220545
3.53375898106273
3.28287657557746
2.95612940443688
2.62661608246584
2.80860321231365
2.1434262306323
3.24443721708042
1.80303591247873
2.93554346556167
2.29503580611943
2.42859084444379
2.2874604090187
1.9805434272466
1.68655460953062
2.37096344005878
2.06552591459495
2.17617285052728
2.26996337123979
2.35536238540263
2.41506120919522
2.38754182566387
3.02818710193432
2.01901502446622
1.92900419268437
2.26594810051893
2.35884411140812
2.30275692431161
2.33893345764585
3.30362807737716
2.13612901928876
2.22230233742333
2.02004008044552
2.38204034066543
1.45272690877752
2.99263384652775
2.16858983100947
2.63573868040751
2.39560623128534
2.48537421348123
1.91982939859824
1.57232425547387
1.47157122422623
3.02446510067151
3.45499104214989
3.23270220116572
1.63998299061694
3.2355220255849
2.38332773432351
3.36391500787329
1.31754936816039
2.95717938443762
2.17738286884619
1.86734568516575
2.31862834288288
2.2026427593332
2.29195368440035
1.09622942815412
2.97279171749896
1.63630098632145
2.43219184736019
3.07749622599679
2.97091323427913
2.85278715117936
2.21695747210902
2.57663115196751
2.37753586151901
1.56880950965157
1.97697936172447
2.56026467498255
2.57127023651828
1.83759330526964
3.17308521434509
1.54499143437774
1.66676020080638
2.2080567158563
1.8636156797113
2.60631662145218
2.4507611291744
2.61883552805105
2.47005811584149
2.99679544713325
2.73928685948266
2.10571301386742
2.51161643177844
2.58989560491634
2.04057993180116
2.07129411567201
2.78569899816998
2.73421300482148
2.28456934687668
2.76263909288062
2.68472260903661
2.63004188192539
2.93317081508992
2.091279592469
2.64664732276106
2.11318856724145
2.48785182659505
3.50856848910177
2.62209534756401
2.18352775342261
2.50969030729419
3.3070216617488
2.39665557232924
2.65772912742469
2.97738031394475
2.56170127971154
2.56218104512175
2.10563146974088
2.41586324081013
1.97748383302854
2.59087003564005
2.75102436941532
2.61044429644629
2.88573681555794
2.01693587897007
2.44285707138095
1.61701217746747
2.06335066477251
3.0253043680983
2.39122577203725
2.97854121772078
2.51791654959721
1.88010369583132
1.75981236301862
3.28492248544099
2.3097785655455
2.5705793675423
1.52113611764966
3.1444089152882
2.24105294639809
2.81941501667445
2.49260363334498
2.4843584892199
1.92057689470415
2.16135162341427
2.88506727622595
2.55559536432621
3.19573129688388
2.36419523056488
2.59157506287288
2.52525980000977
2.12124340895979
2.85404678086189
2.35626080991013
3.10752906970769
2.67816865268065
2.18571457554499
3.14607621945441
2.54210651502645
2.20572697167293
3.10756259508747
2.13128601372212
2.98327708207461
1.98568856024321
3.34718568406855
2.60189272908426
2.52104067306262
3.2868797305342
2.24304875162567
2.27526503527283
2.24667788809621
1.92304250444847
2.29269714300134
2.69029821897471
2.39927313104635
1.6412792876129
3.09704876975779
2.15874563675287
2.32614865310291
2.13864546084631
1.82526310180464
1.39967091656959
1.91093941849823
1.83289722477618
2.59674650100102
2.60440082424813
2.72563982165205
2.00200673820725
2.14527887024716
1.38878540035286
3.60552017549766
1.9207129575758
2.34113803649852
1.53097235034956
1.996597692774
2.22489010682447
1.42346552360273
3.20164967274323
2.07179464112465
2.6346302994756
2.0746159302409
1.98238894940409
2.42098613010262
3.04975702758284
2.52986884181381
1.69108598729221
2.19293063188653
2.33172780340297
2.00892656551958
1.51949137824718
2.55086487743387
2.25897737625659
2.46663696328699
2.14520765462687
1.7718947032715
2.3200419432837
2.71952408308755
1.8630663989303
3.57057994683253
2.28441498488254
3.14712358243269
2.96727496238349
2.58334337703103
2.46822442529697
3.33706659831863
1.98636669186532
1.78778072458082
2.56587996255285
2.35840822616961
1.59842405344435
2.84259857778279
2.42716296457126
1.3639346383767
2.43362400829051
2.49998249208715
2.65821392300111
1.8666646816781
2.45622786141923
2.14942121046946
2.41201922128127
2.48109818537846
2.84379849560528
2.43082433459663
1.74748175440344
2.34904783361484
2.17059059322385
1.83415696240581
1.95457729827983
2.20098246259317
2.52873382725561
1.53627465079473
2.20725295608953
1.97634991783051
1.74814550744319
1.57206381450354
2.14239766517486
1.88842617426669
2.17878460758412
2.12054124334373
2.63170354950963
2.71480037794534
2.49014085175545
2.66646604149944
2.67691941328014
2.94951315947931
2.7710478857424
2.58270165400393
2.66917027700158
2.55577404849747
2.54213482206007
1.79917757499159
2.27411950916007
2.887288039364
2.49334774088633
2.02407662317355
2.23351120471592
2.5242474692448
2.75504028366323
1.83961552184638
2.36044487485792
2.73144232568662
1.66921696468695
2.4131630315049
2.52955236167313
3.28853673372667
1.76377908941125
3.04453399170573
3.34675500391639
2.45773678000641
2.18288624594914
2.11592627883783
2.200790598182
2.68582846598665
3.25686531042327
1.38901352736188
2.51250482674198
2.70452724290882
2.48706642846324
2.08405348836967
2.33558668070555
1.98135239460554
2.27253459928237
3.22681636323802
2.31939350740389
1.97282031963689
2.62836030711697
1.88882081473235
2.20498164476328
2.05960283042694
2.41073350252766
2.25883545891683
2.12498197838033
1.49231138764029
2.31218360847286
2.68553636603196
2.07212270686441
1.94561554434767
2.12765027034324
2.32279453493876
2.31441489011343
2.55717322032937
2.4879732933549
1.89833760721146
3.20354681416714
2.51520061222497
2.97390668013203
2.4215842157107
2.60076966919654
2.15236133613399
1.49855627837141
1.84194750652235
1.90913321043109
1.65665673649405
2.77358969790262
2.57290285171511
2.0974271535865
2.51796508799464
2.15684322079424
2.86841310132333
2.16424622058012
2.37296510555763
2.22384366407263
2.13451849723279
2.83476931317613
2.15742489732298
2.37503169930009
2.84895482329972
1.98274115378704
2.22673014219005
2.31662938688905
2.63499007685559
2.28562847969959
2.45833864941181
2.63847882072792
3.40260222954209
2.54188023142447
2.57611381772233
2.11545143685844
2.79680752204386
2.71013729189381
2.43842179357418
2.06316805111287
1.65360950061735
1.78292897674764
2.1171369727712
2.66715275116004
2.20447371916514
2.93499311832997
2.50754515995754
1.87058183257494
1.48386717704435
3.08007655749225
2.90774481417188
1.94334423586343
2.44408991420833
2.89036965090588
2.13903051328529
3.87114393773554
2.36805643223084
1.72667210665763
2.10624916397259
2.86899144900852
2.02100011467403
2.17569958903498
1.83380456747333
2.66659514684901
2.49266490381724
2.53522771117808
3.45805659220444
2.55688313643243
2.18300498835336
2.52255211746463
2.13851385218566
1.79702520360843
1.38811194790951
2.75076919007414
2.33268515655433
2.14024529398001
2.15352269425631
1.60389764366233
3.23356632323527
2.42941804913792
2.30998526665651
2.33247616720452
1.71742961581871
3.28209317291416
2.53569491751941
2.1138985398489
2.28026283357775
1.97807600093991
2.70419777499423
2.9269865467125
1.72057154667662
1.94277713025565
2.92628495970219
2.81005202975336
2.36688551020649
3.05694913960977
1.72547395041133
3.02496766878925
2.56210445779958
2.29432518924824
2.51998952248175
2.09423019952981
1.50769485699948
2.08118506152653
2.05810579914207
3.10078155468755
2.10536279588262
2.06513452777969
2.32428810091254
2.12288108294821
2.00532078719867
2.04838134858143
2.87585955604973
1.6827600577864
3.17151875193967
2.5544283163529
1.84148434531144
1.93979177838271
2.07863511530497
2.8444299520874
2.56829188764343
3.11734864011666
2.93736070535961
2.22129109570133
1.8327021531855
2.84133427514335
1.40390825109765
3.25540409083189
2.54249065626683
3.5369730707814
3.10021149785411
2.04089028751072
2.41821708628593
2.06044444670157
2.38645732717251
2.86578062514217
3.4023776746084
1.93378378069812
1.84047742006076
1.62864445056666
2.4339094876242
2.75806180076849
2.42836970712708
2.29087244259203
2.23359728109607
2.37640066682943
2.91272569583648
2.38776644853325
2.56045725427293
2.55801683875297
2.58236867638946
2.20977257164534
1.57878384092393
3.15412545737745
2.04440478085674
1.98592815126523
2.70619253668164
1.67154108293208
2.22929605462612
1.97807477972252
2.62981300299775
2.65115365086667
2.43528677298082
2.24752271409649
1.92326335364372
2.24930083728242
2.21931916752685
2.45984340083756
2.20706963425437
2.41628685372618
1.90595830488695
2.5860873296358
2.70858931211974
2.11229137389497
2.76324441770416
2.04766628170482
1.86302091088111
2.57610751951896
2.45054989198096
2.55956562779974
2.31720806969441
3.30688262307467
2.10516879463131
2.53236660131883
1.8293995629932
2.90405115306445
2.16333023741234
2.04881097969362
2.36307300859915
1.93503658973288
2.34417321510773
2.16289196348796
3.02578571084154
2.71039433311366
2.14298549093338
2.33470210521121
1.91320063369617
3.11476562683766
2.14444638236793
3.15817953589296
1.71969943950236
2.3535959940482
2.74848161358134
2.79343222524065
2.81068091560407
2.52527004553408
1.77672088769022
2.67631092642011
1.99672359209946
2.20372396936823
1.71029789922806
2.00421377922923
1.93923912917803
2.01941773398702
2.53284123207257
2.00067472727984
2.47418689035265
1.69035424557589
2.13033368790977
1.93065709245837
2.44085742729535
2.23968296818497
2.35337869040056
2.7573238985816
2.15639623078955
1.43190023693332
2.84141302258635
2.10289012216964
2.24847084584124
3.24931328250295
2.84682540251492
2.11889559264858
3.08577146094137
2.42802925811981
2.60803069998554
2.49999292281789
2.11840054863981
2.77310775427801
2.49855377795711
1.74364303188446
3.62747778353278
2.128441224783
2.58881522270329
2.37419797558306
2.7265456494507
2.21103199839007
1.91584084792927
2.38552212488893
2.53082752342031
2.6077309714051
2.78201830234819
1.57540227681113
2.30889712172289
2.53582471562872
2.21339396159025
1.38549056096363
2.22784517761617
2.66232642380813
3.06397620673332
1.90844863860475
2.35238705817953
2.57773590274848
1.83981185020443
2.40334814796643
2.54451945226676
2.10054454300814
2.29210537878763
2.35905960857386
1.72527310387123
2.26565675086689
2.46039510205978
1.98426838373043
1.93643858177234
2.3719923881491
1.35844628708276
2.3941593547965
3.12003136166346
3.04054607859929
1.93834220055461
1.79214438683619
2.70016673375076
2.917270929727
2.50837443029737
3.05078905446
2.63091941936949
2.90024263227221
2.73088557470406
3.06844022494876
3.29241480277327
1.51505861297053
1.97483867032959
2.77774701436098
3.25172133923866
2.92004023505403
1.63632467053001
2.47229648617086
2.42610578477239
2.11918465063324
2.18673144813984
3.216586844049
2.2045057456405
4.03229346353863
2.74647651730856
2.92887665878266
3.08667276685474
3.58736997506319
1.76344173733398
1.91435407840346
2.57556744523324
1.94999295911623
2.65402726115513
3.21395035531978
2.09310668843572
2.44023679073262
2.16452267103881
2.61335344715662
1.8882176334891
2.26805988165896
3.21738844004124
2.15860671870122
3.43360589691787
2.96015541175789
4.05159187407244
1.65060392631712
1.88756823185639
3.24656489878526
2.61207318535877
2.92185905640325
2.13619725718226
3.18973799029039
2.03207837755375
1.95230048104446
2.07534556952469
2.91101721523653
2.73849455380987
2.16728139666697
2.73475094842864
2.60598621155082
2.26443686206715
2.60724734366483
1.80370527588044
2.51654391871783
3.03659140976291
2.5138694343916
1.46637794341736
3.92211531019613
2.36605444658171
2.86058089817113
2.54063394924002
3.55542692590982
2.0505092961932
2.60826890006755
2.98753221470343
2.66100364828373
2.33934315745188
3.26574173294309
1.78195957922042
2.0651883459336
2.33949432433988
2.68076899581757
1.44246574949336
1.90155888224737
2.1727533977563
2.20834098981223
1.85703115664238
2.19466311652773
1.98352863380625
2.06667969789146
3.11568685477203
4.09007811972108
1.51236125758767
2.01830572255272
2.60052281775108
1.63116055559732
2.19653710634477
3.23807722807738
2.71775413429575
1.6989841121958
2.7283898157128
1.66632267675563
2.16910519220568
2.83713656842727
1.97040993189228
2.66247851503069
2.65874740888479
2.50313720898856
2.07219541389387
2.48189133864231
2.13208191136334
1.93311591611604
3.09710089845673
2.65709355262882
2.80910385682669
2.22570945285233
1.48318890533609
2.71955431074491
2.50890716760862
2.48611535254607
2.65637745926943
2.62549392596545
2.15990990744924
2.65624580044084
2.03761971338753
2.67989274202305
3.02196156144577
1.94901765812616
1.63077726204962
3.23343314686218
2.36244375623473
2.44865221647229
2.61086883438213
2.56545055553743
2.50445557959826
2.92940573780016
2.49397647023146
3.15615872798459
2.40330697829994
2.01763675509443
2.38640806965436
2.11173450695192
2.60301254868142
2.25989108369362
2.7082200264115
2.25603710072247
2.75749435251351
3.18526066584927
2.20232743960814
2.35948231835117
1.96170044040454
3.69228765520239
1.66782724848393
3.87802664313203
2.81663845305587
2.60555019656382
3.49654954492853
2.40008885847047
1.9863542206844
3.00083699055175
2.24946200806527
1.88468491082455
1.91943240973128
1.80435408093835
2.51403607433395
2.97726853469677
2.23499894872662
2.56205424710874
2.4644280678791
2.27412888256067
1.89753120898632
2.91974209627451
2.22208353028867
2.25124379428671
2.28626273357915
1.9694345609451
1.97125366062615
2.50669693057495
2.56360945449043
2.53322328233673
2.31374687726753
2.56568230655115
2.73085663214879
2.71678568229545
2.5598284421897
2.45818799408703
1.80518624068647
1.71190815794832
1.28947436365216
1.63515753657202
1.8097649107082
2.48415146606404
2.08572705168989
2.3153860081724
2.05270963804188
1.90366778790582
1.35217364144182
2.12232728361261
2.7138499196835
3.41782924428382
2.89898612968627
2.52819683038212
3.63215822186453
3.22864228378129
2.02484418164151
3.04451616404715
2.69121113093721
1.67076909441407
2.07887619460117
3.33671102985421
2.86418928299476
1.91205433236992
2.05625679476028
2.05557268138339
1.8889258663369
2.2164284139797
2.64531892711053
1.58471809737392
1.92812477081808
2.8279472507693
1.96982442977871
2.166088496674
2.02261340894854
1.50941654507482
2.39988029198918
2.05677836233453
2.40732566050552
2.24198903525684
3.03986686281982
2.48294745163452
2.5106381634386
1.85965501469363
1.90535538611143
3.19120160230677
2.23594219805074
2.34695152043781
2.07901438167582
2.83999802067473
2.55251490949801
2.85101431553853
1.34948338194278
2.04856736140632
2.91360891184966
2.56059527419706
1.94630897974527
2.61580313817713
2.58556212692867
2.04867864659879
2.1771286576556
3.12268094011297
2.88413213553197
2.01657595946256
2.18286943848715
1.36706332405187
2.54613999502236
2.67684710787812
3.25554948645461
2.33692566945278
2.99882423182001
2.26394208430886
2.14526289953424
2.57019127209122
2.50222760742914
2.78022219964722
2.80318588098012
3.06323682794029
2.69127764865386
3.43048370889623
3.06444093402848
2.43909380657522
2.26803543987716
2.28927197559144
2.70555279172248
2.36659654972461
2.4629576019088
1.58759551198336
2.60107808572039
1.95227247239948
2.83387505921401
1.35473935541669
2.5884428940212
1.13355784644906
2.42444362970116
3.42038342133164
2.43094902721137
2.23792615481786
1.03705109143757
1.80717578587141
2.39098893401216
2.13257852772408
2.1704591812637
2.40420630200522
2.41300485647104
2.88131043531768
2.03015075853555
2.16853093774835
2.2311540080969
2.54728707141285
2.61991736025077
2.52905847149241
2.08792003031337
2.29486433000137
2.55510246304919
1.92526820782587
2.64405177133962
1.79148864316914
2.33300404864012
1.77402014650075
1.66385849518898
2.68338266945345
2.28682706279914
2.82063483946919
2.24998087509464
2.71850575885008
3.25238579651393
2.27068338995215
3.01492791005049
2.55595073709374
2.29959380225745
1.74533112766523
2.21345561876976
2.97460371981661
2.00042895037214
2.02267646245899
2.30373139166336
2.55155135623438
3.03936040018487
2.8113954556266
2.13154076670252
2.04654628572458
1.93062335025949
3.31918905810226
2.3345392705549
2.30704905557617
1.92447836529784
2.74821003755918
2.11667960681883
1.924032343763
2.69402064635267
2.37672119019043
2.10933590269058
2.1252075025828
2.90199289221321
3.08752552034105
2.73550683087532
2.27528521696752
1.88298345383368
3.11059466451586
2.62373735874368
2.17743514435216
2.24330862930833
2.41648285655353
1.96733437594464
3.04284804743012
2.37682676510927
3.47720635490295
2.22666043622986
2.46244080853583
2.52047650294495
2.12050297330825
2.3276424862633
2.0209550027899
1.45832720475116
3.09808281733999
2.19807775189073
3.25107218553838
2.70722001038324
2.14367796746128
2.02186367908495
2.58108015059063
3.09973433526542
2.60793717500233
2.61839056171602
2.64761675961608
2.31909877325971
1.99936202723082
3.08752954332944
2.23027177825776
2.78601347979011
2.57940637706793
2.94026022323198
2.54794501492771
1.86754299494225
2.66834296960445
2.19118855987166
2.10337299869197
2.70714389408989
2.55664197314739
2.13153150756434
3.07678731256201
1.40722645250726
2.57296092336456
1.38984087616273
2.18548246186036
2.40381536229949
2.21822828123499
2.47010535333338
1.13561272134374
2.06359804289589
2.90436751221427
2.46228776891505
1.80715134242337
2.78657150933796
2.50507256818383
1.86431201908541
2.78559261819377
3.07479278399368
2.43963539882841
2.49162308747726
2.6100574442888
2.75663165094264
2.4559369529761
3.17259308654274
3.03621165206895
2.7258514721869
2.60313414392368
2.72569922933516
3.7577478803992
2.21598288222837
2.52820916580993
2.76003088365772
2.25886003057921
2.91132049370527
1.38346799348146
2.10107110758306
2.09938694021386
1.8304470528609
2.18050790921162
2.32351132266392
2.29435855128213
2.0796045839935
2.57864321524183
2.27890522162051
2.66981879534305
2.8763132834606
2.57942917537046
2.85785744552302
2.69916287875039
2.58922284193267
2.4794597866931
1.67763360373016
2.74541653917267
2.92974127477552
2.34791461538168
1.71657877697699
1.94985458280245
2.25370134090771
3.10693732496129
3.20627364559359
2.27598078746604
2.76845200890444
1.84385213077669
1.82666406750973
1.62706383124717
2.81928389220402
2.9220305891839
2.09368978042799
1.94156758059382
3.22364751833922
2.74605503254429
2.73806732205035
2.49495305462607
3.24145958633173
2.62986207894089
2.95957494267501
2.60591752171158
2.44618246025883
2.69618429898943
2.5046948878076
3.01535479978446
3.20952663344968
2.45184592571362
2.01410429130014
1.81662678340364
2.00896739799323
1.81890058453862
3.01258684021839
3.28876038647781
2.61411382311056
2.03459304129158
2.14048251715133
2.02274414367414
2.08909697986849
2.85606062289926
2.73383315479382
2.36067738485959
3.52542665902066
2.45978355574317
1.58397069756454
2.52091451004539
1.78490474481032
2.3252556812288
2.10073262405204
2.44900582074383
2.19618110925554
2.69659718451384
2.14548207648844
2.43296813463801
3.29689472044135
2.43784911712154
2.41154794734874
2.21511953627829
2.81552653000273
2.14947485878001
2.00452376534348
1.97732831590571
2.76128944694869
2.98526887421293
2.03070400332798
3.23443945927376
3.00648638038552
2.30455088306139
2.00544720179768
2.52293753784921
3.02150735377537
2.53444587693457
2.81617094337984
2.51698061551088
2.30788640177687
2.34877958108251
2.99437925989612
3.68576237580033
2.43901225038
3.44017019188998
2.54103612640936
3.09097276111774
2.58408891209433
2.51853032076682
1.83569824026977
2.6793977594093
3.06938967788634
2.76336915041382
2.47525304401334
2.01434694224216
2.36495180682921
2.80035880793928
2.47523660018994
2.71853406035183
2.27183630546783
2.13420848110516
1.6868732827051
3.13487889894497
2.40530559470449
3.08630990745099
1.80160168199323
2.38098360921127
2.55118858806401
2.83887843248524
2.49901792946019
2.55317917035337
3.17003836950076
2.47295836571772
1.53211672818137
2.26356662498478
2.55425724841429
2.48261876848425
2.64321419053386
1.77071472728057
2.31221868634345
2.55539234052261
1.76763008017985
2.03462196543795
2.67956619444325
1.07862392124032
1.43044421567416
1.82163662217438
3.51185262364417
2.22975241790717
2.12605144154093
1.80787564274892
1.9696801504696
2.02215838927752
3.23883214296216
2.02206479410273
2.78212765015671
2.05339557687105
2.11411735604473
1.41031174409516
2.84650226625464
2.40586476829186
2.49400412538585
2.93650051979124
2.1688977528034
2.25096952584766
2.90152123305589
1.53305236658215
2.03079950944789
2.1473268139957
2.05157659406642
1.93161268510795
1.99516437106257
2.28709690036849
2.1606812085164
2.69601410972524
2.86863441909758
2.52574913708627
2.46631115193084
2.97866104982565
2.47576422297251
2.02357207732771
3.39855148596346
2.17304198455656
2.99319918980765
2.67560379621969
1.84308486688455
1.63930647472654
2.02464869003818
2.29270538878416
2.58508945149978
2.09429374138362
2.35255609620936
2.51216685659197
2.40430089055116
1.92174702571198
2.88038024109317
2.13468478839811
2.90163699665569
1.75674377379518
2.32078302688768
2.61281196402526
2.56964538897001
3.6268411315723
2.32491434504574
1.89340344720156
2.39248799323013
1.88196085344029
2.20887000845808
2.87682687485529
2.48501949674691
2.59700850067237
2.59864972598879
2.80188558374559
2.29724514824978
1.90070969605652
2.60176665517566
1.80890597475632
2.10431762299962
3.14943966271244
1.76970491560607
2.50145287193328
2.63012675034984
3.84930225966632
2.30983791728668
2.2809787970452
2.01927601307333
1.41705407770879
2.80097914975712
2.67984462559857
2.40112362031456
1.20683201967882
1.14846075103139
1.97023829548265
1.82402871382987
2.97140670379065
3.3830682557353
2.5506008434159
3.0054561571626
1.64310329086875
2.22552122284622
2.57569686737676
3.12106256803481
2.41002536605902
3.04397407132737
2.58183238291506
1.83070048288114
4.29788430124518
2.6056621758511
2.16718065412089
2.2333674184358
2.54844121504566
2.1930208699504
2.37354523936937
1.36306224420872
2.37660373460462
2.08103756188284
2.16534960120372
2.70591010473379
2.83537074755698
2.96909208342416
1.81175142750767
2.51779331981244
1.90552331413547
2.58929607721311
3.10297324753188
1.78683469828699
2.36856298006805
2.7872620778547
2.13536079657483
1.9497243311307
2.34445557130894
2.32831316732946
2.91432489629414
2.30315796426627
2.3462912023221
3.11161519452628
2.01199534768846
2.56450100306546
2.78970587172782
2.05102866866738
2.77447943447549
2.44817094710388
2.86514518190398
2.60201478996733
2.39934102340874
2.08208442288013
1.58020420355959
2.6779010217649
2.76346459987859
2.94092189453266
2.16301516872167
2.26642278305123
2.74716338518523
1.54557907346974
2.69405274608773
2.82890997813245
1.82174862951935
2.18322344174385
2.82345724906235
2.21491433398061
2.10446785436103
2.34343317012323
2.59813228419543
2.80949652872941
2.98702844734682
3.03466017652254
2.82941805856078
2.27571521365343
2.47050208129636
3.53841911760989
2.41193208284634
1.97044060542246
2.56606600067238
2.01618702632411
1.82666881275803
2.08635244329418
2.81250412632196
2.85766840892115
2.6344687817283
1.93365690223629
1.94533610610074
2.91204821718478
2.13488073925472
2.95286093772039
2.32788020506095
2.43017417837955
2.17008265300994
2.12095494932569
1.89169363866533
2.22439498632642
2.23919657592115
2.03567726544392
3.29077421022719
2.95877549902175
2.10555570470625
2.21987145414106
2.3092923488533
3.1574377819036
2.30001973918757
2.82872709334311
2.5628682537645
1.88307966578233
2.47230801996199
2.46246270393706
1.26853466506295
1.98761956901625
2.02772607605156
2.7756194140399
1.79497533755258
2.17588327793588
1.99852615063348
1.68929884832742
2.22073002084388
2.31182151976911
2.30412477102037
2.79420789649442
2.00141264842503
1.80653475343031
2.07944826394011
1.33567378747142
1.88701821265842
2.1561208338818
1.41642081456814
2.3001527930648
1.97910965886604
2.15986203784943
2.255489229577
2.70868996574962
2.48288516238394
2.6803873972809
2.08184069236695
3.30441670287491
2.49549419646569
2.39062938155102
2.60210697865252
2.27183046261211
2.69544012787046
1.99422990583902
2.48347756863064
2.34555112922774
2.2863358151855
2.10877903542214
2.61716277871788
2.86575999826218
1.99950459852718
1.49050009603645
2.58518818842602
1.99530396254847
2.53331267326367
2.25479841721752
2.93060765626114
2.82466958411339
3.08355309579983
2.16848498616651
1.93245487405191
1.68649696624054
2.27968373280743
2.73717783765873
2.46096109560275
2.23613925611049
1.07196906532657
1.70750219277134
2.42724568634829
2.9139294208133
2.84334452774168
2.06633604816635
3.30303296643238
2.39307142776269
2.37106825308516
1.65495354588159
1.82644687681483
1.73205338387509
1.94002767942534
2.2501143743266
2.00214540714504
2.51383850265883
1.86821196821181
1.96775117305823
2.34976042188903
1.99250333364937
2.26413225805464
2.24782713396905
2.22444977197305
2.85958863177302
3.50842337675916
2.65218565777215
2.47609477597794
2.52156279540835
2.83567601068657
1.58002452755775
2.64095702491429
2.91209544802562
2.60669758312083
1.86546378016572
1.61885365837384
2.4126731636339
1.8534186105942
1.9741790350359
2.0722143777232
2.94562368011595
3.0435744541401
2.42227275351843
2.13691429124368
2.7975185593037
2.81585359258344
1.95873858730962
2.5143939470499
2.22670759670859
2.54793797062715
2.46956217626274
2.74325111627354
2.53936392463214
2.21928651864902
1.95202329013231
2.34145106968271
1.36134382264697
2.27476071953138
2.38447480091289
2.15577944358133
2.95317106475717
2.28994848775363
2.70919875358911
2.83290758623887
1.79400167614423
2.83185138208647
2.57628756585498
2.69835923594971
2.24676159682213
2.76724878215736
1.9173167514925
4.17014973794073
1.80595482063235
1.91410728016002
2.5211726188077
2.30950726174513
4.1391666753358
2.0006374756055
3.78294227926507
2.3463048016308
2.68337608965644
1.51379978666986
2.34740704301253
2.63013062333203
1.8998225657996
2.58988182222157
1.53293081416203
2.57456926788473
2.15150935984881
2.23735965294629
1.72534128134656
2.22729834686715
1.70008331707136
2.27679595473633
1.89979450010703
2.82463809410492
2.61703454580864
2.61689556799307
2.44584583328752
2.15573050184072
1.84262920592166
2.31346526611595
1.58935905285976
1.5963557424614
1.90689383280456
2.20924093145114
1.83872320782385
2.72383958624983
2.48361635319744
3.34683185971178
2.67855125439947
2.75007881969941
2.26461846978257
2.83125320929495
2.69090267967615
2.73523727436975
3.12038938011909
2.42888743268038
2.43978527594594
3.29564993533726
2.71874684776933
2.76167668192265
