3.68547532997678
3.09481394660406
3.81017599972839
3.4474180461125
3.54180183424006
2.66435421322814
2.65927853499777
3.08405942485018
2.56601943670978
2.85940919478546
3.39117504897716
3.42775172690466
2.7280493965611
2.98820965201597
3.08789153895161
3.01980466415831
3.82016427537769
3.24369391648801
2.68656726556744
3.19956581299363
2.83863832021961
3.85238464731342
3.78256553702742
2.99606372203886
3.01270948556824
2.94430691963513
2.70699683576208
2.56694801800098
3.71278068085791
3.05133322535643
3.33229536713036
2.91461981174586
2.89054799147236
3.1953007752165
3.1159676478817
2.59684187920765
2.8643966112828
2.79487295830258
3.04478764101071
3.14521864261969
3.18068765487094
3.64544587747692
3.7108623117133
2.89113985197335
3.30173020285192
2.59196680743298
2.47954145209057
3.72809186524923
3.07577257817841
3.34633674635618
3.27514473663822
2.54895366298856
2.87559604895563
3.38814453347115
2.59531041075708
3.25720000260449
3.0979507638383
3.43636229512691
3.22452861815046
3.5030465000337
3.09835219388751
3.45706002392788
3.52475571954362
2.79258454803427
3.48901216480207
2.67361781542819
3.18446553470232
3.2395075787274
3.40266518425514
3.07160158993432
2.38017222374214
3.78213717558541
3.73783048210514
3.1905943734354
3.18945481444223
4.18383904841609
3.07011543291968
3.57039035667887
3.74545251075132
3.15356946537525
3.52825084223943
3.26239873762913
3.01572030040472
2.81246426614425
3.40164583413185
3.48964392374011
3.42934014188104
4.05879499539698
3.27294112452318
2.87007548660244
3.29002006357671
3.31464847826683
3.17165721654524
3.46536433860998
2.92485629186383
3.43892706367213
2.76075040257166
2.92872766813402
3.70166392812167
3.52986155750895
2.76525619785619
3.34222307401887
3.50062840196581
2.77286882707195
2.80818331530581
3.26353007556929
2.70952907146736
2.45353063471263
3.2263521799095
3.48614996384222
2.82595910115225
3.50195570444643
3.52284491018641
2.78228279714108
2.97046592181836
3.66571673456591
2.91180550320056
2.51568863955596
3.42873944814892
3.13649462622291
3.30445402015914
2.59363794941273
3.79641084245618
2.71274805001546
2.16078786578966
2.66224087105165
3.22785103144111
2.85004409969452
3.28082864920761
2.62074197933522
3.66225011857592
2.70487502465357
3.54453706262674
2.99164154306187
2.94213560286973
3.15541074710595
3.16942075299277
3.29178487397645
2.87156291912111
3.18218816900982
3.24744075023851
2.95493139340919
3.4303372476501
2.73948587060178
2.70393565280055
2.77674405623158
2.56482487156491
2.63132954972841
2.76828356049636
2.46587385046671
3.51328596031044
3.23517214681281
3.13950716864112
3.42295397502804
3.14193799767073
2.94317568857825
3.66745848753673
2.5639947970509
3.49116364018883
3.46804875246626
2.52393204082356
3.82423569719361
3.82514799521128
3.09941652193703
2.70713184037494
2.62838565114261
2.35794995325946
2.77038522375887
2.28018321850752
2.45261693077479
2.99868746333821
3.27740405208396
3.37503678117103
2.67139265903942
3.05862911597183
2.82394841597479
3.56364229377249
3.75636391940361
3.46397072328801
3.51612294512255
3.37812067397301
3.78292163282776
3.63714754394416
2.53354095506746
3.30141931497629
3.87924078114077
3.308580510338
3.91800714883664
2.93200159531773
3.38393064989184
3.19861731607165
2.30166300602917
2.7207825377684
3.13080901567259
3.73336441246523
2.69176724821399
3.21802776957057
2.95013412917626
2.89726786510298
2.98650642370953
3.43126150846377
2.66905936230746
3.07112627611987
3.58603392518544
3.40973698040388
3.05957835554164
3.72207664619867
3.97790581953645
2.91705777162161
4.20536489076734
3.10181334624559
3.53946353771311
3.34862161324627
3.66935556440178
3.19568765046637
2.98848470898899
3.91858756514463
3.29770188196845
3.05019938825975
3.32371252486645
3.01146994260579
3.50755748320316
2.60475466860545
2.40770212023215
3.4685364817599
2.84224146732969
3.12665287398937
2.96765324920716
4.03858090212355
3.58191680810281
3.28653441808928
3.26383072219669
3.35413970619144
2.6453922917243
3.24479130210044
3.15060575924585
3.53141402610977
4.16394821132729
3.04569949111383
3.62304192635377
2.49115587040075
4.09875779251034
2.93490457177338
3.20588802563723
2.82155775088292
2.49797868324327
3.07855026293094
3.51013521677281
2.55790318601288
2.88568427517793
2.79540493085773
3.80901073008215
2.83903995266861
2.58725585425419
2.3294590410838
2.47013896716424
3.36117174233894
3.02676502916352
3.01324955254093
2.5085022100854
3.26246751551693
2.40757616521741
1.98453213631699
2.54490047424949
2.39873035646068
2.8898700286458
2.8130034374816
2.28153995533167
2.35758302999378
3.36164741412145
4.03509779115269
2.21799403714327
3.34137770184786
2.49483736504214
3.54192010913372
3.19463541670046
2.81128218789177
3.60712301261796
3.32199983530025
3.41998193154871
3.2732146596543
2.5208885606006
2.9236402117216
3.30402290570963
4.21142497374863
2.72370374115998
3.83419659669355
3.4188640387902
3.72204554737571
2.92440026771131
3.2208279444046
3.12933265020527
3.05489145927226
3.17612419840454
3.8578479584161
3.29632280626711
2.94993800679637
2.9677242473892
3.32244142455505
3.19166750292813
3.69667070070154
2.31523823020971
3.40302926384214
2.9817333577525
2.63306606676799
3.81175618024913
2.97361271544981
3.18806868737509
3.59245371820647
3.02228038588502
3.00008023172314
2.89398853050326
2.74469784965409
2.76668004668875
2.85787195685725
3.19230268493101
3.14963851358162
3.61937190172998
3.72177381049436
2.8815539387775
3.33861305320447
3.83236237379231
2.62897499382325
2.55245350265419
3.01924591320591
2.93957632757711
2.68792722035036
2.53289122119955
4.17675356082176
2.71747425996133
3.50740915758264
2.64672442509111
2.86617519410328
3.1810200321609
2.66255390892128
2.83944543614302
2.16081557997189
3.27119072212498
3.07660203324805
2.86298092804901
3.15023308956825
3.41422767981384
3.90205673685938
2.79846776501932
3.61313678111858
2.35847014187035
2.8363755166405
2.78506351516159
3.24246245367024
3.22666357458983
3.74859556316819
2.83871081067955
2.93801134415702
3.06316178650779
2.85149232541777
3.56443451452825
3.0730640779934
2.96242295641593
2.61333742460879
2.88077075098387
2.64611454761341
4.05842585527221
3.344939827966
3.41848945176261
3.20565970430434
2.9390898220336
3.93970616514256
2.89146115419895
2.64781649066418
2.26075047241238
2.92581534060806
3.51662583000908
3.20645726820819
3.63085719916576
3.16205898079277
2.96658410078204
3.3174808953143
2.6195710851468
3.31053773035621
3.19027768335471
3.25901335738051
2.81922147174261
3.15387583409732
2.62784306202506
3.02049053140599
2.13848111269927
2.01716701525589
3.36307801922173
3.77013952188208
2.43021352418313
2.57456014986718
2.87231139474173
3.79552597900949
3.1168605115934
2.85817660928728
3.15436238725506
3.79503890685069
2.82453185225818
2.59409823575499
2.95603484700408
3.78688761529487
3.50674314694738
3.20431275087931
2.90154664245762
3.08895099273443
3.37580004975653
3.72813230738095
3.3857943384781
3.21584023770721
3.66002966486371
3.44736518617905
2.79390291520879
3.2773110474713
3.20228385545568
3.76408456548753
3.54445066377976
3.32462686283869
3.12825684457994
2.98835465228778
3.90505569367695
4.30050674469493
3.22525689345351
3.31309743022142
4.00548547433374
4.1425448174628
3.85263822389044
2.89602861422106
2.80736964334102
3.81026236497087
3.27521134826087
3.41657528222556
3.3237615101355
2.85190897079076
2.43744604499884
3.25617574009128
4.04720991137895
3.3865079974413
3.41607860632884
3.70604824067795
2.29960534018297
3.79420874730153
3.19920304367506
2.71026413052801
3.28281859518794
2.95352722014201
3.39107979041734
3.3762754682097
3.67737452466568
3.34582024674143
2.70901507379183
2.88545521226842
2.88357502886496
3.14283548573157
3.72221658724256
2.99846747604172
3.41971815631628
3.45578556335593
2.76207460636208
3.15756575303717
2.6752043021779
4.05851838092853
2.96637039098902
3.48540302178397
2.74732240916345
2.41440353284035
3.72133907470484
3.16268793494681
3.06175355250573
3.23822401717904
2.93464625562634
3.83668505315293
3.11331616925925
3.55552692633191
3.02208218860765
3.79081644619146
2.76654786712026
3.46060066499573
3.21119814330765
3.29356213496125
3.32759162125038
2.5576494562458
3.01718060319063
3.17520602887614
2.55529337097403
2.56891138650003
2.8828463266842
3.81711342776642
3.11676509220607
3.33658440838681
3.01814950134105
3.76387896037951
3.04052169326005
2.96882841180692
3.31246396212675
3.50076482464569
3.70864242534979
3.34580779004988
3.42448291139989
3.34443172856943
3.13713902265213
2.96728953027774
3.53859221353021
3.01760629048218
3.28162575017452
3.44515194241869
3.02754326738585
3.84023125732171
3.91031050868313
3.73224959665575
2.059327663481
3.06195274769108
4.02767877734334
2.19674941812949
3.59039603433676
2.96272013508117
3.15889194502199
3.37270718888694
3.09288596550665
3.28055277991105
3.12110943855641
3.14199289271759
3.458123556826
3.53680105277631
3.52131222968005
3.40427276797957
2.41907516911341
3.12119235140856
3.09545799339999
2.9283914253804
2.58967611211697
2.84370149877531
2.56769946371247
3.5062632323103
3.87501165708984
3.65053955762684
3.38130095750823
3.16544722529322
2.91264925815355
2.73483342743804
2.9791141535126
2.60731210647988
4.21088849304862
2.71016957180776
2.7031541551546
4.02789698667964
3.68305346031682
3.2943237168002
3.66126205721798
3.57927261069547
2.87788107289026
2.93519837200026
2.56571074250357
2.98054681204472
2.62543582491673
3.06000716859207
3.41907006300391
2.95689689323897
2.81207346991142
3.58621548359646
3.19914738991023
3.85296477984117
2.77441257751292
3.01926857578527
2.73611600454334
4.03062466317544
3.0116228871342
3.93857872622795
2.96284633483605
3.93877730804858
3.2808298470889
2.72755980554569
3.74895943357485
2.59488583111822
4.54552623370423
3.16771769532396
4.09165756728821
4.10035234802296
3.38099777878883
3.56428305506189
3.53717358952389
3.69546279167213
4.21338526346882
4.49034304841771
3.97647019455285
4.14254193066668
3.61097597373815
3.4639098206968
3.47749993523752
3.34317811996627
2.82692171603935
3.24861152211607
3.38318756078357
3.94645869211635
3.77661377355296
3.61735891772357
2.24773031982941
3.51320864198728
3.98825623325993
3.43901888493716
3.18963596839498
2.39462268838731
3.23580481611244
3.66665121126158
2.41118003196941
3.39448957235802
2.77322325480059
2.73465089493292
2.01184291044631
3.54605869389781
2.62095801464446
2.77136187580898
2.62328415736452
2.48632765665164
2.55576299865301
2.76395671099914
3.7518165067564
2.99838765880704
2.68849648421745
3.02361454370427
2.24057835402246
3.02506465196125
3.2195808726385
3.37131907164828
2.87601580964418
3.19641195403157
2.89492051336882
3.245049361312
3.97034600953044
3.45727829189056
3.99653299723007
2.94295411187475
3.51824734486647
3.8206584222269
4.37836473535195
3.76398341420112
3.33972493761295
2.66296439082153
3.07555282616088
2.70727630282156
2.97619246250552
3.47744806322666
2.32531302744992
3.16973707201495
3.41623851069581
3.33727006346282
2.69257471310366
2.73623545594321
3.06052857642271
3.06289645370232
3.03614260806224
3.40359689294928
2.94599362261656
3.13368245054552
3.00047770854724
3.08788715434405
3.3733232319622
3.01047862721284
2.99625137172573
3.72968806080086
3.03245099242143
3.26117070585593
2.40375321122645
3.40451951571997
2.50779500827312
2.7772094851967
3.10609227512172
2.79820315302448
2.83958939026738
4.13361675085631
3.99961507107069
3.64642768149954
2.73192405071598
3.1941173539545
2.67004607076099
2.95997336940289
3.05630272690255
3.39871948707225
3.39609356071544
2.85166393677254
2.90161352768361
2.70711985271289
3.62016412546417
2.98159551474223
4.13575058870376
3.43321005243705
3.54835629946265
3.58125409515965
3.47793842048757
3.34117582685303
3.24839113440153
3.73457744734075
3.37880880415967
3.9777943530017
3.71486261850029
3.13042012820168
3.68388964504025
3.5527006354227
3.52563591286228
2.84032745266885
3.36185632473697
2.61857601875221
2.82610410265825
3.46515812662078
3.38327312566364
4.13061834940429
4.13936534907611
3.46502859753822
3.53445171990024
3.50613264756318
3.52982959594942
3.03963766071791
3.72766812833695
3.09644681009345
3.80214778461808
3.60357578519457
2.58443115769707
3.39339763488059
2.99410226374511
3.79924744108741
2.447970536459
3.14073639201867
4.02543387007856
3.3231887647643
3.14631456463141
3.24953438728545
3.14914447651012
3.47548726548461
3.70641961560158
3.12572773344524
2.99080041484798
2.69054587347259
2.99587905969951
3.08903631805323
2.70595110588589
3.62809227667656
2.88289870125364
3.49142952452002
2.50090730453626
3.11979533412932
3.46317933034733
3.33113485433329
3.64604434106256
3.16707600290446
4.46669996901101
4.34264482016097
3.26629468358995
5.26488223218561
3.91984474966835
3.20770049345746
3.70179681244135
2.58561259874444
3.7638696192848
3.26193872301184
3.36876663253035
3.25852953077994
3.30981550421233
4.07773848711463
3.1587324880254
3.26987477840985
3.03348757840893
2.79434724669607
3.15292007833673
3.31861925276115
3.06028280351136
2.75389534851475
3.92862436648111
3.7140658014093
4.08854831638049
3.37808642317553
3.21692915118637
3.72271990177966
2.79244689273824
2.48047329723006
3.34938558526688
3.80475141980764
2.59642872971387
2.8370932413378
3.24118432388078
3.07866573300299
3.02363766488226
2.80422191555196
3.25786361316964
3.42778313876263
2.2425217264855
2.75628938448124
3.53878513137057
2.00541072334432
2.71459899573948
3.13112521603645
3.11513253952478
2.63038687425982
2.97146759932992
3.16834130984858
3.5716048242452
2.61482116547859
2.79973365800137
3.5422165884274
3.5353306063841
3.52997203896846
3.03453146486177
3.9885773289428
2.65700657715134
3.46270194187596
2.37011507826652
3.3262489987266
3.1155813647847
3.27449966525547
2.47942256491138
3.23006872639932
2.6937522299063
2.82091564916021
3.46090114719239
2.09329117706935
4.54422846913288
4.2860988552229
3.38299359357665
4.03251234248831
2.84263768546065
3.88622283900036
2.40693695260713
3.58214208377063
3.48345565868071
3.99613797717669
3.08342523430636
3.91637878468937
2.75761926539446
3.36649122893687
2.86203272747027
2.95489597665208
3.22068787945097
3.14357799551679
3.77796923162815
3.16365860797479
2.98081930788443
4.10173747411087
3.93253017377188
3.81480026912966
3.32943465787762
4.21696049409011
3.03187455322025
2.63240194961511
3.5398087634449
3.23713750741583
2.71956349828395
3.58151448316518
3.0677820407594
3.19182771269867
3.78531508321453
3.13972904692216
3.64279071652194
3.06138914704252
2.54958896895255
2.9782931260176
2.56548866373423
2.74147126574442
2.84880948657652
3.12865246756689
2.80074259688365
3.75928467065867
2.5155120261742
3.30973846421596
3.40869124293279
3.14908876454386
3.24950729863423
2.6652691745719
3.81667528145464
2.53082501648891
3.01633774717048
3.47785694861007
2.32916303670622
2.87174536778078
3.84244253589022
3.18841768426706
2.81977365055639
2.68833333495206
3.12451231679409
3.36827424482005
4.22837036104252
3.27407508856118
2.85136965934561
4.06760814766654
3.99551686182654
3.29515439580961
3.91609674874215
2.82586392235347
3.13455877137166
3.90107161749286
2.35487984004568
2.99966627922086
3.23472775231858
3.13084772203659
2.70235742676833
2.3869384975835
3.40296776543572
2.17015986731339
3.62548718432803
3.19212001093942
3.58021216139872
2.08452158635207
3.67575564002488
3.35039535738481
3.76867152336663
3.6620437865007
2.83998117137232
3.41356098003263
3.05131429771148
4.05856860777414
2.86939081787537
3.05364505083812
3.05421923466919
3.16245641939108
2.39550817712289
3.06388733030628
3.0592322456385
3.37137280964062
3.56537472796141
2.83614315572606
2.81698943640642
3.48355185453777
2.99004306808562
2.48526025118744
4.69349463526771
3.00797022752766
3.34497421573529
3.64274688657145
4.00674263018049
2.99184645550738
3.19394036177179
3.79864643791912
3.08124471252426
3.87034170539999
4.07852948117186
2.89852621064709
3.97466714635919
3.64785138261098
3.31093083929745
3.04329135762678
3.82315589128801
2.92197656210641
3.62497457023628
4.17691623004146
2.88167249428986
2.75553723576881
2.82626554555312
2.86004253938229
3.41213371723767
3.98810615171908
3.72902591338928
4.29889290902485
4.61353724207205
2.83308574700499
2.40898162662147
4.26231363556358
3.58383243557108
3.1313596937667
3.41811718963192
2.97957331110282
3.24023010494218
3.18719399812058
2.74522091922383
4.35069292098538
3.17532276772647
2.58983964385052
2.99008267424673
3.05291079034206
3.32402697548607
2.96039242940291
3.07586636297556
3.55435080063792
3.77219980889758
3.23355790592524
3.01949126029684
3.59150631945631
3.73471102222537
3.27670646971136
3.78183238246405
3.58031125594132
3.04032983071922
4.66674883896088
2.72764899977334
4.61739152815367
3.77333351221778
3.44393463591019
3.80767129237125
2.82443502454577
4.02272602386277
3.20610390635125
3.11651889219903
2.52883423811212
3.25011790629896
2.58816112326304
3.4003427605226
2.93554747706862
3.46846931926642
3.0881763789946
3.25530936482755
2.33013274560676
3.41529128273335
3.2610908757375
3.03592020271458
2.66392875775194
2.16510762075258
3.33288973774273
3.26889853192394
3.51937721647923
3.09391840363705
3.14723435991631
2.44044705909859
2.89498381155198
3.10600335743341
2.9614525157164
3.14703647484397
3.04267492695581
3.61699646679941
3.00304553914556
3.35448238590509
2.99964019616578
2.3765225408539
2.98677683435528
2.88954000424699
3.57102713629508
2.50757214223926
2.97763766092335
3.52345784604818
3.11808856006509
3.35600426608149
3.59115375920312
2.89092682407631
2.3025233821139
3.03108613321088
2.921133145477
3.742065580104
2.92357948497578
2.79943547410409
2.57326586973872
3.25560117774756
3.05430629824281
3.01760962608358
3.25054280155124
2.85916789762339
2.87612447102293
4.29054006253777
3.32799962022943
3.02169172844184
2.35572104813568
2.52095608826059
4.00678043130569
2.91524872935724
2.84927812323399
3.09320805659042
2.81480896388264
2.71620875555121
2.83611322025903
4.1353273480836
3.841096010947
4.00613047461443
2.89241224939864
3.81221433115232
2.91790354683053
2.523834195185
3.32131386378106
2.32796413708214
3.40810335561059
3.80761796539476
3.86069875896545
2.89482424180067
2.32035988748277
2.8273473526605
2.60656658880067
2.99044994077128
2.38440683313583
2.83856552048035
3.5467705909795
2.77750734377283
2.49264794305107
3.24025772968528
3.15310574127974
3.75503127411701
2.89080898216169
2.59879909006573
2.77833642184468
3.52983818810601
3.84369859648409
2.67015807404463
2.83045863341812
2.74840726945194
2.76868160584165
3.70916198120353
3.14230814669362
2.3703991241048
2.64158606758688
2.76210824442141
3.37667927627973
3.05338634000202
3.08816255738148
2.6058607101921
3.6687339829069
3.16460734909268
2.50488290611306
2.91813834883619
3.2062685074451
2.64505392832695
2.53093571224474
2.47280650157705
3.01412533011465
2.85408192227456
2.83704679037311
2.21215340967749
3.82160847109917
3.15042505203014
3.78193177650283
3.01037993477426
2.86738046475894
2.36973155644952
2.70387569437415
2.70683621713889
3.19438049931097
2.7656463545648
2.65288342862051
3.05078787849471
3.02748123735045
3.12197183121849
2.32452051562775
2.80536089782472
3.39309268068593
3.50884589919941
3.23502315722747
3.17588587282139
2.17115670584344
2.59108863423213
3.78210549389984
2.99512172466694
3.51888334233951
3.05685170126705
3.07612423230789
2.97960041074531
3.22864529251902
2.35850748119998
2.81465591886441
2.89509425345948
3.0309881308834
3.50708934933
2.91312467123111
2.84472105565433
2.83865928159917
2.45790422141591
2.78301099031383
2.98353624787731
2.80328059023474
2.68957991874875
3.49359653083588
3.32127290069253
3.08069972875234
2.95827016002003
3.57724781819564
3.08582966022235
3.20484724815015
2.81002245577493
3.12756111543038
2.04478776203543
2.98502567811503
3.08562554726807
3.08541632409288
4.16137953581401
2.7090701791904
2.94250371905611
2.85069635288991
2.36168988697098
2.47141109968087
2.99882562470691
3.78448718852584
3.34650754426489
2.97541771270143
2.69658985399791
3.43163556657748
2.99849266273806
2.24921944866214
3.01922773400312
2.78131134492862
2.99847970315908
3.55357848846376
3.08208938574253
3.62010518869462
2.92556817040529
2.95150714292951
3.14332188336535
3.93240826723568
2.52931027557447
3.89142310593994
1.94040715544688
3.43394397200172
4.01651360698305
3.41654809341529
2.99035234692422
3.82425226891056
3.41544822885496
2.62174970548547
2.63812965289497
2.36232721436516
2.88125025148684
2.79825211129614
2.84543635447354
3.81622950858905
3.36679004203227
3.62373008369442
3.4051406362064
2.76427797472971
2.30053640637239
3.65793289143119
3.47626664938011
3.71823987261457
3.64133197462347
3.15903576537594
3.31653012313221
2.47848530100427
3.02098782228843
3.04766364280323
3.68705632703863
3.05315441371654
3.61842813512012
3.96819542457792
3.90618628973654
3.40230295592499
2.92079073051228
3.08422674956314
3.76846815399705
3.78347997917171
3.38418067341921
2.86368251603476
2.88974607875492
2.98659871108544
2.47291018147116
3.19273271078209
3.88922659402119
2.98559305348517
3.08975835070355
3.34656331675498
2.87921208955513
2.30781050877429
3.62807335418346
3.32817558703195
2.49833618966056
2.98695163972962
2.19807939047867
2.5944210848662
2.89227277362086
3.81035051982476
2.75126274330908
2.95953638851387
3.02659099452821
4.2490365128909
2.72541973955896
2.79811636962067
3.11635080896219
2.78692845577468
2.27211730251624
2.57788909502345
2.5894217432942
3.3339180380051
2.30881640755926
2.63831836666495
3.6251969268696
3.77576205975504
2.65575940252621
2.74961930117091
3.13728404966651
3.36050921328877
2.94299586392668
2.98090101182846
3.16962838487471
2.98486349659951
4.12738636937991
3.36145508628521
3.08145664192164
4.1631981351964
3.96103241663684
3.81430863475074
3.58718105301083
3.27412538157655
2.73199332025
2.76008534015115
3.42831177063085
2.63497299951621
2.75593088815333
2.51762010145977
2.74448975752254
2.87316271171485
2.96610556086888
2.70779239297338
3.16366250104808
4.73382402549423
3.52658462514313
2.35427139546616
2.65270585591943
3.00417256260996
3.35013840532041
3.88055826389034
4.01652800735756
4.6052630583999
4.21257606572583
4.21080628547533
3.23955625200357
3.46070218354776
5.07172913272043
3.69188204305605
3.75173873451458
2.87142986071145
3.16710886315955
2.7840899072384
2.34131076371454
3.81813513837572
5.14634446967221
4.13180107178762
3.59117352529998
2.91325885202568
3.91504908566495
2.84155535972645
3.09759622707212
3.02752006123627
2.66094582841976
3.11748694725
2.82002571675729
3.09505078183363
3.52235398322056
3.61281142119466
3.21050758121892
3.57909814108518
2.34957409301592
2.74244253644826
3.59253597366234
3.14859142088179
4.49744047685183
2.72078769574307
3.41603042721868
3.92244436960732
3.24754910138947
3.07648426819935
3.05701468255652
2.86164239212971
2.62510430160439
3.19092327666164
2.96000801853468
3.48753120545209
2.89720620391183
3.09407571303874
2.39026749649335
3.35924655350322
3.29996490972356
3.18376812640263
3.07857557093597
2.97376344824577
3.41467214825821
4.20118762988009
3.32865333638541
3.26029789779769
3.89206044099901
2.97612179848497
3.36825666031833
3.18038985232321
3.63603954017808
3.33874606330288
2.72914896043718
4.3497667864641
3.83907497882104
3.06451178508917
3.14505600980196
3.72872326033946
4.47681795182131
3.22524181798847
3.66429202113056
3.66045156193628
3.70756157078405
4.21817931805325
2.39596500969068
3.48713142543327
3.88029032529438
3.28482688252053
4.79181881823365
2.77604863171708
3.38096572353351
3.40136963693244
2.82861456337684
3.28674299543155
2.38902689749604
3.6828371114407
2.41689165217985
2.79903827118698
3.26904350442138
2.57654476101885
2.90174525701207
4.37177137351429
2.46224005199358
3.00799223615728
3.91887414161257
3.16590864973161
3.06881899526179
2.4977530094737
3.65318855076993
2.46901009894804
3.70482120667843
3.58875221539032
2.99019025480352
3.6571728213952
3.15797368869826
3.01041945099506
3.14767167583631
3.44511003631898
2.64139955586475
3.35944441639361
3.41316625843396
2.72088097896245
2.80803503331988
3.60324605341168
2.80427858039762
3.43302431545932
2.83373312535558
3.30670186962219
2.88511156062607
2.85548215859553
2.90850783087057
3.34436022781185
2.53742354266726
3.49393509137171
3.43431322426836
3.75594786093605
3.33798345634178
3.13953845386189
3.08897743691146
3.2364384125191
3.22840527583924
3.71595314505298
2.82234155270145
3.48487105779247
3.42490098480483
3.70253675660131
3.06116670772222
2.96625631859422
2.64589595446432
3.45904610240595
3.03492791667137
3.2522001316029
3.12875318356893
2.72076855171721
2.80561990248874
3.64177000269145
3.88835090483524
3.17556335649048
4.26507741579748
4.58237942548593
2.78101212347523
2.99212296622573
2.98963410839148
3.19880949130031
3.65157583452344
3.47481195094315
3.89425562876341
3.57572192397215
3.4322470402103
3.11080187319945
3.14066081217975
2.8786161088531
3.12575593107888
3.37586942647327
3.29843813072609
2.77599146303981
2.63430260093201
3.17545955390903
2.49692361189719
2.75246156550648
3.43158273056249
3.31396438023831
3.54901076937998
3.24109014357865
3.61346277639581
2.34700432752271
3.01549266660815
2.9524473672379
3.21482003880943
2.93322046324841
2.7592008623034
3.38884836126397
3.18703814517775
3.1340814531613
3.51549529803348
4.07685145370332
4.03040411371899
3.37952022867363
2.78846928270613
3.27849316873109
4.18676768981326
3.09197735987067
2.2237029527168
3.42703037838213
2.63163647453609
3.71837761525749
2.9700612270269
3.67303773004541
2.48078099313133
4.00905834214453
3.26706852549133
3.62022598178575
3.57952385923687
3.75904622844702
3.75898507967666
3.62256293447929
3.69276309044338
3.23485498645219
2.87058064570976
3.14453668010601
3.13924619803309
3.11227104914014
4.34707715646201
3.03832177286772
3.6783779816892
3.49939644209279
2.79748289435152
2.42849935128084
3.43804308432204
3.44410519017032
3.33078689483557
3.55088157065071
3.36163410233729
3.81804256782791
3.59639516400572
3.45846874211461
3.00184491909493
2.61488780216831
2.30242771775481
2.58782571871954
2.65023830190033
2.50756457409449
3.60759506325447
2.40064959532696
2.45597227539062
3.12244701910921
3.29165613303191
2.46895445714051
3.05633059986679
2.38661193296502
3.02187385566625
2.91800827205403
2.78640435018156
3.44936646990689
2.63218474107809
2.77754035988373
2.8939072725401
2.87965517462978
2.91084237547692
3.36797051781376
3.30603611244971
2.98048883346196
3.55233536688451
3.28429295331539
2.75151204343686
3.6685492636674
3.28230020968704
3.50734328420265
2.85907096967828
2.95449632251702
3.82034620221433
3.2960752580224
3.13143604131777
3.40441591690581
2.26960390145333
2.92392834047267
2.32157423239565
3.46395969602351
3.68312440339779
2.87746773200929
3.7604962917522
3.68740878102615
2.78817457476121
2.8083941755487
3.06953432289587
3.45568889134427
2.6369983480857
2.84264441726708
3.5543360962686
2.86734955783361
3.35934525060212
3.4162941624733
2.87930573784891
2.76715530414734
3.55220724409604
2.56213987876432
3.20753809771954
3.89992835926401
3.72555273306642
3.54532615642771
3.70989005311153
3.08281596437596
2.98389289364628
3.55888399181741
3.89733850385726
3.47503140810436
2.74132608499786
3.06014044584472
3.61931318253715
2.63627873270794
4.19956750475783
3.22469443170672
3.15840280807966
2.51025567990615
2.93824320615908
3.6854266848928
3.65874339757395
3.14207005374494
3.3226135414887
3.71699907072069
2.86895033297346
2.81649367277674
2.07086066216299
3.47146655102173
3.651052188611
3.29387735521254
2.80945439281567
3.51321436187531
2.95450998516021
3.0662361460469
2.79757820157934
2.99164455081433
4.31941002443319
3.81104201790826
3.0695253883544
3.52861442025959
3.17238930928264
3.88392338692422
3.30043470942625
3.77917944678724
3.36536519083918
2.89570644852206
2.79514825490623
2.8085594493256
3.22111855902832
3.56159970665007
3.48744164861361
3.81110472912382
2.31529437119728
3.49208958804549
3.81855522273634
3.61449213196462
2.94582429169069
4.4719960805564
2.9547527701327
3.43793511581364
3.31348196749822
3.5620217433245
2.89608669026477
3.16008148231628
3.06830458962401
3.44915852873971
3.49072140416567
3.30375698028912
3.51439336595871
3.25286075170433
3.11283171913044
3.92712349269883
3.02851863375561
3.27554780728266
3.60868796900605
3.5714586850736
3.56184537328426
2.86406966137712
2.90328979540366
2.90012588887368
2.5603016451675
3.22550769240121
3.08273679642613
3.33110908859243
3.64021681061992
3.63635342928875
3.69056001639911
3.93322660444727
3.6931104817442
3.23501815899154
3.12937157010766
3.1329251614787
2.62382397315776
3.30543681126972
3.1142796295652
3.58396031217493
2.95005832455944
3.67000870861892
2.92122275280903
3.02611579951755
3.19258812043356
2.62352267046011
2.59841843976014
3.5375660845681
3.22435035883665
3.23794800554752
2.03664442854953
3.53274832231955
2.67401225509755
3.07761689922412
3.12859186775517
2.65769526581877
3.90942127373978
3.14685507147129
5.31397029424524
3.19782257337951
2.45440858765166
4.05028612304746
4.13682958468615
3.69459392299685
3.68236644949437
2.97394317517841
3.34598418482412
3.64886918849766
2.92978265594197
3.85033799857274
2.65009749384713
3.01931576260297
3.32167815792364
3.17448726319671
3.17357757515244
2.8769282632645
2.82566492777235
3.06064243656097
3.22526695661
3.24506055486764
2.80844323499057
3.81899278223211
2.80432945713979
2.72166721033383
3.06386945202439
2.64465571480916
2.58133083538555
2.95371091850295
3.14847126990873
3.81318313525584
3.15324170814348
2.21641601890283
3.53298378039235
3.07483774517108
2.78618476490208
2.83408254130641
3.17288679862933
2.74424233145866
3.36136416793902
3.19789282524711
3.16556460144657
2.75175930690655
3.49404535707348
3.1551750560009
3.79460594230566
3.29576480550838
3.68485677151928
3.22349218427797
3.16754601031097
3.16496617877687
3.79993899975003
3.08459928876973
3.39493797971791
2.78719040571014
3.21212121708298
2.67349807886854
4.22797744428054
3.29949730073282
2.34624276077292
4.5958869401255
3.39453716914786
3.20179771719267
3.34480758400691
3.08147907791965
2.7597676748007
3.78491101255519
2.88080272843024
2.87934813295586
2.42799549469834
2.27676700430863
3.22704328247573
4.36249154178128
3.05466798134077
3.27877210157034
3.46359224980893
3.17849357716263
3.79215452720404
3.66020313101255
2.74086270067673
3.62153279919934
2.34112190804454
3.46491456600994
3.36487142348717
3.63738108874984
3.16835602094431
4.42067613610175
2.86987822501776
2.85289941915083
2.72340731029566
3.09389947346423
3.04106131710923
2.89818766121237
3.24832170883917
3.54099761912952
2.84739174792665
2.82274063252914
3.62474875192931
3.9539274815
4.00328182287661
3.55282802376707
3.42093471716069
2.9530659327003
2.84422475710869
3.99559209568458
3.17034256469775
3.14134907931697
2.9807685490386
3.40643103183004
2.82424692095205
3.53285669235126
4.08588066703996
3.24069518650036
3.46059425269704
3.50248638072871
3.16023294627359
3.41624943561185
4.00392799327858
4.43307758176235
3.52110291873114
3.46293045785277
3.12780525135885
4.30544620260936
3.08739055410579
2.80681778297489
3.30005468480833
2.86948403593741
3.62587911542221
3.91132286716265
2.9253195038947
4.38069258461474
3.83992066338095
3.45521000055469
3.58910825043158
3.2607762398667
3.29080597022626
3.36082748119946
3.29973934377349
3.23718107085075
3.0415995765146
2.07415713247182
3.6573267766361
3.05733334436169
2.83959260564848
2.78369455104468
3.62887219997214
3.3364770827921
2.97408278325782
2.57694608260923
3.66231508633542
4.28975317294282
2.39795264409265
3.49185047461441
2.9734012817603
2.83910784238645
4.04435829793402
2.89240741576615
2.73903025130079
3.21636887209834
3.83038475809887
2.90591540076913
2.72183423599808
3.68929117061381
3.44447925803707
3.82760159519852
2.77615288890742
3.11247170809743
3.09511176380695
3.44146964063778
2.87264098342978
3.88458155478683
2.92083230005907
3.1751809759146
2.92517105084516
2.89312018975196
3.51396323645327
3.24963576615194
2.82370963972516
2.64264877576547
3.04106555700429
3.17013957730445
3.42567016528203
3.28928739615712
3.04959685752349
2.96857955042409
2.88248828995199
2.38443259327888
2.49240509428512
4.16289882183782
3.49347259513699
3.48349095946358
3.23931066817409
3.17967069570419
2.65992445684869
2.8113169446098
2.41803616794365
2.73279370305254
2.92747360439175
2.65383283331185
3.25949461539631
4.01673627837387
2.91450022074372
2.71192062851207
2.74352600847216
3.41157491949282
2.96360667825719
3.21999340215381
3.67168897771637
2.70456761673987
3.38144461120207
3.16427440142692
2.98956027144769
3.0871992127091
2.8311695554264
2.72832259479154
2.81797270316642
2.24392929668682
3.16148126171813
2.63257629352104
3.03529303829522
3.61562357296788
2.95461005107567
3.7207223054656
2.78653590037604
3.55678838788463
3.43304274069667
3.06534936560626
3.28996430934515
2.5381462392907
3.35406969878108
3.01193309071296
3.09811279361732
3.96169477215833
2.73760257701752
2.71989274745053
3.72745209563016
2.83777766383166
2.59735368042011
3.01030176850911
2.91537103240061
3.57155035437836
2.56049871452459
2.83037910066111
3.26374699131669
3.51095051749031
3.63783338520681
2.63493560225837
3.03540331785259
2.77731347950994
3.01179382485164
2.93520032482509
3.06512028890025
3.25814920714807
2.38868870619504
3.10266088735299
3.43598161600834
3.01718311461109
3.60127633724282
3.59350213105478
3.0792597011017
2.81207851413522
3.3000268996521
3.223972708638
3.39720281879592
2.9870926142973
2.80383479973439
2.4729862540878
2.72306972335619
2.72006816948883
3.57929609458973
3.27445922064355
3.3388844343181
2.65724738192479
2.9882365079177
3.16256147142082
2.44857065708895
3.34745898204387
4.12093335077977
3.41086358065275
4.25790615206126
3.67142940099955
3.69541316083238
3.58069995550333
3.25580681638559
2.7375005416262
2.73772718383049
3.56271439281762
3.51466504842155
3.24151690887391
3.69085057951773
3.9558959618929
3.55051713725048
3.25774693842
3.34181886548438
3.84233616013261
2.81562614254262
2.96391884667244
4.4753561341514
3.50858651751843
3.72292984103422
3.62983549999611
3.17110743915753
3.32388255831966
4.00718436103269
3.71633187104595
3.16432102853161
2.98230898941198
3.13143812428267
3.35556763945768
3.66362884564959
3.39898592845679
3.70868432936082
4.21599189412898
2.21782208660842
2.21210741448569
3.40383539824596
3.28011339368715
3.24144530983893
3.61161552990925
3.21401184975945
3.30384641017139
3.75019189353383
3.20767627187561
3.84882797481493
2.39816555534062
3.06602292780311
3.57908424933597
4.19933921785147
2.78264885181479
3.17716874104911
3.61766881674035
2.79116972045757
3.57806600694432
2.98804442194112
4.091496191147
4.22342516021261
3.55760844404159
3.7467415710691
4.25401958556345
3.21546859863673
2.94781308923061
3.57006500665963
3.66450183120708
3.31425355634055
3.41342822686224
2.58670437923058
3.60717479823214
3.3618341486003
3.97387706051238
3.53767163453165
3.31118596049875
2.52839334278704
3.37715153266425
3.56251550757765
4.10418378569729
2.87367552936411
3.88412587660279
3.68575431933773
3.25084094241916
3.23876793203887
3.02632507545869
3.12020870099251
3.41439549283935
3.84155834152624
2.77004622671783
3.05827495961484
3.44245569810836
3.67095017873637
3.34984347999733
4.16558041378929
2.85786506768601
4.45444571467611
3.01513260972972
3.84770359658085
2.89760552539011
2.742228225814
3.46226126891942
3.76254418731792
3.55720350586466
3.30318249922222
2.97784331209091
3.38213136369949
4.28672707899866
3.35689202202867
3.30493984612927
2.51652473197846
3.32953490760616
4.06299989631495
2.43365594708809
2.58254717691182
3.08421521815019
3.07842435122844
3.73523123649603
3.78426942893396
3.34754842638808
3.44931159808663
2.78748249093084
3.43276828510239
3.6203320538569
3.4185765966064
3.17665955312576
2.78032704269506
3.01515308108597
2.92759542396585
2.48765675439606
3.41567055046527
3.93562275170138
2.96558776728982
2.8582841381316
3.03671118976058
2.88116329181405
3.24711403248152
3.30754811715841
3.55212236917347
3.29371010880201
3.39085319096908
3.38209112057538
4.36913296740554
3.92938419457306
2.50668352641499
2.84221833361275
3.19950608597106
2.92355531201638
2.9693457810032
3.47127106364801
3.55940624516892
3.39314629947382
3.5954004206259
3.28381579346109
2.65766145588112
2.60447618508353
3.78621272139406
4.44560284611901
2.71315218338774
2.64848195474123
3.55195802581685
2.7398282335732
3.08103004966754
2.67132572305761
2.7035538919384
3.35420619472665
2.72846396401743
3.08558516763338
3.0186049299058
2.77356959635234
3.4858655607392
2.61928851866305
3.28050536251961
2.93632157377027
2.38949663387563
3.04658330849206
2.70868727997662
3.0311083463907
3.29656094366396
3.10152014127988
2.7310373956235
2.91605295222971
3.16161253932327
2.90528480682772
2.78393430898088
3.56740362583048
3.4109261339183
3.11901488594216
3.22875345250507
3.5241218469054
2.60551699700694
4.66351529587412
4.12921547749237
3.49036723759002
3.96237578344705
2.59236085619814
2.86694394477196
3.28122350489481
3.87327180591537
3.45557486791527
3.33084283365561
3.88774740703873
2.96395364048907
3.01210992860511
2.91428160553525
3.78250091737326
2.97214384169623
3.25625337603799
3.13644146280147
2.88004222788251
2.89268100919682
2.99884556100037
2.74569426395484
2.89269262985396
3.19907649519983
3.30474280819365
2.83979609351541
3.50457332785436
2.3942544991753
2.85750001213829
2.99750319278113
3.64822192168391
3.5097754531184
3.43744003204184
3.28954594274908
2.55038273031049
3.31412447062603
4.10673562838997
3.05603182250154
3.06296830743407
4.15676754215139
3.36723793306396
4.24245499756448
3.01999189646262
2.8084695036737
4.01299523885975
4.1569955201957
3.13741669785942
2.98682348669501
3.16322768209875
3.34138298349927
3.12588071879019
3.43403201773878
2.95727561294565
3.47680748475984
2.79149053109241
2.86084259939389
3.20685689559703
3.78014764819826
4.20400553557503
2.89435919168719
3.68467309045583
2.65763172540954
3.770277030734
3.5155940637231
2.35881941923256
2.88000345555783
2.9875857441636
2.63139257254471
2.4788328515235
3.20797548239612
2.96906344311052
3.72510671499127
4.13991563393876
3.06374921938934
2.80330395545486
3.60096891079246
3.10775613247918
3.47080265473501
2.94200141067973
2.74620041463692
3.07868041195789
3.67534710069696
2.90411340307711
3.22981745788987
2.79418872481602
3.13116377558423
3.38852590001086
2.67740274432959
3.50959028554398
2.90629829838742
4.07540991622351
2.66478766542319
3.63123776176927
3.45753358157058
2.74804792407356
3.40683329888976
3.24345594737324
3.15099557860241
3.67029948445851
2.69124118634671
2.85368143120725
3.78166925215705
2.51446116615723
3.11690790353755
3.34411534688566
3.06115831386774
2.27121868472584
2.82012329082952
3.00046906830252
4.10203451494355
3.44791664820121
3.28810634702874
2.89632705148927
3.19401078796625
3.08818887770343
3.34388825303028
2.98250769073197
3.59840272503284
3.47611039237507
4.28861914013801
3.754444573471
3.32925701637483
3.54159128537767
3.33950493966723
3.23392895236143
3.39751679205333
2.75969747535428
3.69412936717554
3.04648504056225
3.7905065635304
3.78019191347073
3.27747029159286
3.44076692225504
2.44998227717518
4.0841613399676
3.02199626478367
4.01345431453342
3.66589697818604
2.86702502583987
3.03875211461815
3.10992119545155
3.11894753067449
3.52544844770016
2.46459258265812
3.12064623038145
2.80524589795511
2.49986704746999
3.26226047216019
2.40374245284333
2.94796581204539
2.88490648947682
2.80394883208201
3.12490004428543
3.23214601251446
3.59547377003777
3.56378335633813
4.26369897332683
2.9932172491385
2.61798743326459
3.18658967592878
2.7199173453531
2.61298979576029
3.93603938816308
3.68219487732087
2.92228541583362
2.56788199411965
3.58394815309117
2.97492811263183
3.30915243110331
2.20829421852789
2.51309785910045
3.4675692639302
3.46356488285401
2.56582318750025
2.89958372047049
2.9616563760119
2.14308893842016
2.99594099022699
3.27183232144156
3.04548763179909
3.51632517580725
3.19287640457749
3.94614386476916
3.1132494394587
2.76885077650609
3.00627723612421
2.91526428894631
4.20857148064539
2.85909725989806
3.29165024891252
3.01735591162724
4.50463354674857
3.75349864091233
3.31416069151595
4.20079388049828
3.64963350169558
3.72352067055909
3.53651218325836
3.15870076613593
3.50194255974465
3.85174615736971
3.7733161473798
2.46920260391812
3.60636742187317
2.47902405224273
2.76484159919389
4.51912985321328
3.66641473382357
2.97569271662794
3.1654351408376
2.79895845423529
3.81494332552644
2.77698997462929
2.69488477016185
3.06714290453475
2.43579478080963
3.64734121884708
2.97180779133638
3.04807134946771
2.59526842602737
3.10358669055416
2.7366190352296
3.16309881321127
3.14348280894121
3.70721986945744
2.75559573731066
3.48218084832651
2.02940930425456
2.85850102255749
3.36223313005837
3.06232694664961
3.34207914848589
2.8882876532447
2.37064760836989
2.79814424317772
3.04151063911669
3.30755346936393
2.96986057248063
3.42393816843491
3.89131573262497
3.69941811172901
3.52588792319224
3.36175638784382
3.9439521778047
3.74278492050771
3.54856214726946
3.65187503463908
3.93513792117792
3.8478420758062
3.35832201685059
3.32800755356917
3.2375207859519
3.19035764646806
3.35975370220672
3.38563788769144
2.87611389421267
3.62089387238471
3.38267683247955
3.48221532685814
2.90662097101984
3.37983330320965
2.52543928516306
3.44869538289448
3.27627326387153
2.23494920548738
2.96662991520698
3.23199844783262
2.49816877140387
2.89517795646964
3.48452365572208
2.72452643237964
3.45364816071807
4.12352416232087
3.08619580414827
3.85456393722775
3.57606669686503
3.19970690609241
3.58350110062032
2.90920003352339
2.47238639241341
3.18264264040306
2.76630161058228
2.77234555906879
3.46786545716483
3.57800245803238
3.0772550569205
3.34937992493604
3.33293905426331
3.24750146042049
2.99929470871582
3.77443642356289
4.52416529055871
3.21651720699649
2.01301456111636
3.03983082378413
3.14418421980821
2.88298257268078
2.33700712058545
2.18921119870216
2.02538513281236
3.8183387597248
3.15187382391057
2.88003008489058
2.67460340207999
3.33810866051893
2.06666128167619
3.15706045479323
3.23890747157365
3.69831800634712
2.54774700075636
3.06573351454666
3.38504817953822
2.91278574730453
2.60744361561592
3.674905811867
3.26330741556545
2.49903671308667
2.74863070451269
3.04162920347623
3.43057518076747
2.34617020650493
2.58846402206937
3.68213127173865
3.37159511215352
3.08774266838795
3.57931760347382
2.74017738354911
3.75815453957979
3.66144333537923
3.55431555230252
3.68869687334354
2.76480201765601
3.14114521911441
4.21347171695623
3.16336919865608
3.36361760011961
2.61756147569
3.59955114845272
3.67771046134506
2.82210526355985
3.23781697132115
3.93665444330593
3.06341716112497
3.59300834327551
3.75345562431748
3.0910737943537
3.4204370221496
3.5994599727658
3.89378651010211
2.38672120520468
2.70711776872563
3.1540688759737
3.01537681229756
3.39873877420764
3.60559460533473
3.59743734465608
2.98234822518689
4.13224191518842
2.96599096732731
3.78231092692383
2.89091761974784
2.6169894071263
4.01020620532742
3.1554510161469
2.84756853128222
3.77834184243138
3.40803782208294
3.91648163564242
3.11517278902209
3.3447746199237
3.48891142899154
2.50167497425932
3.79220807446709
2.63790471293641
3.93688251835269
4.0081159836946
3.6243263598242
3.58925966905996
3.67043793028854
2.81526651587878
2.97642937699371
3.23827023496755
2.65011302857299
2.99483405716154
2.56769551241574
3.36809952929692
3.34105930563294
2.88128359457134
3.28474814383974
3.01543143684898
2.55902213859693
2.98519205917559
3.63854494788598
3.0181097079735
2.69713919665628
2.75982087181484
2.75862389589586
3.4943824465683
3.87587773941198
3.62611437710475
2.55357061209302
2.88579999991969
2.95167253797878
2.14132595898656
3.49037796392728
3.58012316038484
4.20248360950312
3.642642265814
2.85074584799581
3.3287787328392
2.83617518945452
3.19999702127636
2.51773120908662
3.63838511152874
2.71011458955904
3.4713840719022
2.79207708686278
2.69993111534623
3.16772023490622
2.90533850206702
2.95579319677994
2.81921456419542
2.65980355551105
3.35972944705999
2.9931109903843
3.31818145093373
3.89242668996451
2.92486446352445
2.93385511575719
2.9112874087759
2.90216007013674
3.77094460559321
2.79093800077635
3.19174939786898
2.77830086892032
3.10013236592269
3.12788109950537
3.27195265108508
3.00660124194004
3.04941601056067
2.84219580243975
3.13957969044437
2.86200439326058
3.36646333843408
3.40027797185177
2.90217597568117
2.71874897982009
2.80773480832997
3.65487443169587
3.15926235693502
3.30473408864743
3.33482265011927
3.59008871551485
3.53105165177576
2.62731970773929
3.82471103761126
4.05561483601804
3.50433960704242
3.37392059576859
4.44797877908055
3.58787752748479
3.4721724187692
3.07272864526429
3.16750832964888
2.6143210283969
2.78871892187619
2.68380311109902
3.55072982045509
2.29842742212416
4.04768973125295
2.77794344518412
2.63136614508817
3.12619474336523
3.17716992961655
2.52560286183475
2.11146759338596
3.60997365859685
3.02476707333658
3.58623691751172
2.32066856287506
3.12606902473521
3.01454427514396
2.65615289142205
3.02648970741624
2.60289073289894
3.69560864273119
2.59254131909855
3.06183857986292
3.29868907152211
2.94126836783115
3.32377754343935
3.1376049129421
2.77381693845348
2.98667081890925
3.2838741529361
3.45508429315931
2.86397098702748
3.30505288399093
2.83834410108433
4.15773292377139
3.36969756476067
2.79564154557532
3.02584505710504
2.63712482806824
2.55668825851758
2.68854502383174
3.00576183917292
2.41953736641615
2.67516567341382
3.71534557839751
4.03861840459168
3.29475403589738
2.84907201479864
3.21095435953784
3.45161993464219
2.59889705720295
2.935612282627
2.87950440989898
3.70490783602912
3.44838105446462
2.92527160355187
3.74826819879786
3.41114887338284
4.34690278371377
2.87115905513672
3.78552058255237
3.33791590584563
3.59612583081015
3.97737874129813
3.69072452121003
4.07418298541567
3.07828745008601
3.15704000333521
4.16571905206301
3.27478208179788
3.06376582283182
3.79007938577465
3.44477319353474
3.35950291824818
3.48820150773421
2.79919537438861
3.29081930913377
3.83562014744383
3.77756356505039
2.54827768569511
3.28609896853054
3.2672717445093
2.8636489695213
3.11754276463171
3.18860017948363
2.99522374023107
3.40316985647622
3.61972273131324
3.52811262449672
2.67383179411581
2.74643847448892
3.443746384068
3.0524312460291
3.68131304734814
3.23036644208468
3.25620382924059
3.6061485946172
3.55748308264989
4.47870126392031
3.56009382310563
4.00403261272423
3.57873886575836
3.20206490832185
3.24884507734339
3.5947673757834
3.3468893618359
3.12441106007082
2.13675543369907
3.02792937615334
2.71334259501461
3.56746458766712
3.35407789905697
3.07140635416102
2.76587807735409
2.5848592373487
2.64814998157325
2.90027433721142
3.88192838795581
3.45711693345303
2.73420060937655
2.94876750185455
3.19666784836984
2.76416738708237
2.64379244390066
2.97576194260668
3.17226611899374
2.87306344712964
2.74202100973513
2.99665070212707
3.71014879040883
3.05218065507208
2.94448337227129
2.98718879793435
2.45863602674056
3.91527643414258
3.30930812229335
2.63452330790653
3.10748681997546
3.79742411561091
3.01526995927585
3.02115650796822
3.22844632465551
2.69977813798594
4.39795006951199
3.19257191754217
4.52349983759669
3.43759394219324
3.05745013079621
2.55181319925336
3.19185200387972
3.45359970986447
2.14554727179817
2.06453528283178
3.17855452008351
2.80862881638007
2.89775201102197
3.14197691362883
2.37040358618924
3.35710821893047
3.47063100493375
2.20134900954172
3.1683870822896
3.447414202883
2.62457194548172
3.32516323293518
3.95041497889561
2.93209030845343
2.5593142128714
3.69864272359653
3.23743591731898
2.73536288091356
3.52248662057127
3.4886959292858
3.37232044551961
3.76061712292024
3.41490535113163
2.79019255200726
3.36437182992564
3.02689722080234
4.5985857230066
3.19409051793624
3.28929580526895
3.33590213130715
3.34629498143748
3.38312963374029
3.09396560500544
3.45158438099678
4.78402511722924
3.06884553859778
3.40738338597737
2.82637118595817
2.99280333538623
3.16917798114301
2.93110080355133
2.88363046936056
2.82679854625372
2.9009359985597
3.6918593897788
3.29253808979412
4.57418704183251
3.66086626744467
3.17179704655754
3.47167675351192
3.08063232518134
3.37712667982806
3.25220312550212
3.26946325463285
2.91586969927957
3.7577741758147
5.08114931134306
3.11194398842579
2.89895009927193
3.0667615405423
3.26365096895413
2.1866264400344
3.13750231840322
3.00839116799442
3.13620065633235
3.14007235668313
3.04444022889028
3.29843865275184
2.87722345297723
2.59143634519612
2.54744082617444
3.19806744963974
2.97976581337562
2.86626873860326
3.86994377702499
2.74363969564685
3.61270579478484
3.74101008475854
2.82778520531582
3.51649919831896
2.99376291961143
2.56637111455809
2.4569061434469
3.44649277517531
2.72512506946803
3.51954489563652
3.11028158434386
2.90613502455962
3.58489659107085
2.86035390099028
3.03422591642923
2.81817563606546
2.63356609218163
2.86523901911962
3.11009524300083
3.22199327867155
3.1721327614001
2.69426991765437
3.22608693636183
3.8771074773289
2.55107701601996
2.56910378588002
2.84252640052935
2.72938913520063
3.66751524847803
2.17273518224298
3.35970807817609
2.91373191485726
3.31741819869694
2.9819346694531
3.36875477518653
3.38388201287838
3.03311888088186
3.48264131056188
3.54567903664006
3.63417422312323
3.1862726699978
2.61475656377881
3.10495485178118
3.26291151237732
2.48837345578193
2.67919721096319
3.71954475112322
3.28804814782534
2.95550212594441
2.61479905099103
3.77007372555882
3.40264851693639
3.05267023757202
3.47992175885531
2.45010030808951
2.37489487368234
2.87582866331526
3.45277580253546
3.12636942053645
3.35158571671692
4.24289238555615
3.84984265490676
3.21369251816161
3.16696083270699
3.88873202447449
4.00848072841429
3.83011804482121
3.39063435976551
3.38978501524514
3.82418636252521
3.2156085894572
3.38006186925893
3.81767562389261
3.19613136043222
3.55935176901512
3.35829033499162
3.05708189229767
3.19462869061726
3.83390577953328
3.73535318999702
3.78891303819789
2.85065800139832
3.0588561275632
3.55995919258514
2.64636025908615
3.37753678923001
3.48645039200452
3.20732166819879
2.99740617539543
3.96581075390403
3.23360595789899
3.60481823672455
1.87576848906715
2.59314464955571
2.44126280702638
2.96944114081613
2.45977412226899
3.42518569780595
3.14630811358338
3.43559039166649
2.51711372056171
3.37748287629691
3.54990593155041
3.28191589228393
2.99964392604052
3.46063899794249
2.87844227388695
2.68397957739368
3.40324819335666
3.85192637707287
3.2429185395439
3.00950010536881
2.49802486235909
3.2258865714747
3.0382278385927
2.88086526584943
2.97637659893051
3.0571359648816
2.6359852983315
2.99954141759447
3.26024412163806
3.14364907426375
2.57568304872229
2.89200330297772
3.7277400003581
2.87296126619419
3.39532403432188
2.82586060069977
4.53020424251421
3.12568869281716
2.99412091845856
3.31576490385608
3.9170479263056
2.61817943702016
3.8751074298722
3.48364199417026
2.60735472991496
3.41514760410425
2.1819527996995
3.39936310683366
3.20650199254152
2.49331562953009
3.30904582101287
3.38303701486761
2.9549007089006
2.94604526784274
2.72623796097963
2.1719093792134
2.59624089490132
2.48064777525809
2.54828893792015
2.88243041967024
3.4014551487959
3.03406150216055
2.80534567810319
2.76081609762641
3.06635857514252
3.02428654636279
3.91016549922334
2.63358760417871
2.8395103942661
2.72337398861801
4.07903616330126
3.39188603407968
3.68595023881034
3.29470515616964
3.60412111783778
3.73855880137001
3.76197640939954
2.680054324074
2.78823675261669
2.82403149998662
3.91953172735382
3.12492942409358
3.64570692944918
3.38602077548283
3.43083066143243
3.52587805505304
3.40657970614407
3.15399504769006
3.58505699904019
2.6042452930892
2.91031408680858
3.08787448215416
3.60690622190034
4.01062566500369
3.45884664289499
3.78321759012144
2.9844636745165
4.58801714489595
2.86042569475235
2.73214622280446
2.48806884561946
3.00811293816679
3.01980958801085
3.17023900568558
3.57156637989776
2.82485908288564
2.75785695735743
3.20498431074815
3.41713410199396
2.75928715795616
3.72005122362675
3.83339813896314
2.86159167697416
2.62723472412975
2.94709333891674
3.5111945386581
3.47021927401946
3.33774077430192
3.76838573922792
3.20969632419747
3.88479099927579
2.65445365340629
2.90822597322504
2.94164299018044
2.89859121271603
4.43871398939299
3.32630915907187
3.49531655974734
2.72294153007002
2.36255644441638
3.62371272627324
3.89750657198897
2.1671628362039
2.56575671884755
3.14034400613057
3.72675392824685
2.96301814757711
3.35923456938608
2.99523122105869
2.62606031487243
3.13993943923712
3.43314415839073
3.40844246128484
3.26688761368376
2.83895054771419
3.84318640310931
3.66858394788925
3.58197583293504
3.2737097960259
3.39995281077026
3.34855680823854
3.06937749006601
2.28641400091572
3.62250592480432
2.88124318267284
3.28723820466912
2.84594091147871
2.38758072564627
2.19916809199619
3.46158417556687
3.61277293032808
3.18399105062839
2.88521807079106
3.34321420017086
3.47373463527904
3.90698018664922
2.91517182368035
3.47570177397022
2.86318334318583
3.09047816118421
3.1338236385366
2.85419556540736
3.46790796423057
2.99846738161334
3.34233737346786
3.42657335350263
3.66246952361345
3.76220284514681
4.44964293768988
2.72916474762892
3.35976958993274
3.69065609014251
3.42663600522472
3.97665241650939
3.31783641254814
3.86494426620392
4.09124527188307
3.6454766039559
3.15610547891884
2.69242483180318
3.18136758533273
2.64197221823847
4.2947410132502
3.7579650585277
3.64758050080937
3.06697358527292
3.43604207991544
3.02193019925163
3.4224777439782
3.09906099324847
3.95525829520513
2.88387688190525
2.78841868083974
2.36264568331149
3.76578019006876
3.4215422678362
2.95276136914085
4.11914682803809
3.27289645070399
3.69919367831484
3.92971902788027
3.11857559960264
3.4203081440219
3.03927710569419
3.41055923530379
3.74066845291711
4.64329413150694
3.16845673013746
3.74711408905718
2.86717331595796
3.78375193666088
3.39663139434793
4.37442718654331
4.00262419564159
1.83648088061474
4.75080668613406
3.71573858161169
4.98922813972447
3.90041865913238
3.30195205503911
2.78680356038049
3.12072122931459
3.62159456958345
4.32572678696242
3.47559586129906
3.15183526463015
4.65278123222767
4.82375154047794
3.37143860504633
3.79438202199865
3.50491606248166
3.32757415509039
2.71421613689896
3.80266284212457
2.68390040597229
3.4799285659902
2.66722833717224
3.34589765369297
3.38239770370722
2.99320138603625
3.21183651678837
3.28025509606888
2.18552141274513
3.03073959930752
4.29526166311749
2.58067309046409
3.80730935591985
2.58056421144231
2.8649675558472
3.36057472907682
3.71079169287093
2.85081124523801
3.07678270777059
3.2799184559383
2.67710841842361
3.0892170755335
3.74366874109026
3.98917332739705
3.38310801698703
3.36169380498535
3.72125377890972
2.94119354959827
3.24253789500789
4.19854733010396
2.30088443589986
2.63860048448329
2.37146537994808
2.52963656150576
3.01577148587431
2.86115946860463
3.87845178899491
2.91348410652159
2.7755411581406
3.747108641111
2.69484314044238
2.93312429051692
2.93632769072581
3.1260989672431
3.23964587409635
3.04982015751882
3.24907612909859
2.92307755315927
2.64142587942535
3.56204507498308
3.17574558542154
2.74065031201271
3.28235283871681
3.17901807571992
2.65219426838301
2.85057298423262
2.41566349060281
3.24901215567627
2.78976238481124
3.17997884074285
2.03041143089565
3.47577333101066
2.81874490480314
3.6147722648068
2.80950415391554
3.44431903305813
2.94076890126245
3.86136079308801
3.74847154716554
2.72033938686676
3.60426110271593
2.58198349749835
3.4384052786308
3.53511602320626
2.63428758624709
3.25585671185318
3.01544673192051
2.29509860207397
3.04709947337187
2.83786439214488
3.61641991454625
3.42981029270013
3.42129452204276
4.00655253107052
3.69980176842333
2.99268572912022
3.18522014478424
2.53005048973823
2.68584084541798
3.10178237365325
3.1084442144143
2.37791768136857
4.02989632324399
3.41211797202632
3.07541206212843
3.86158411846953
3.22860663241168
2.63966635786571
3.32192835190774
3.80006719692815
4.16616767920702
2.78956843180233
3.23871207522513
2.5528962397126
2.65315166493397
3.38013803718213
2.91897367755587
3.22078883845068
3.099283293849
3.28896000325142
2.80263125311639
3.6967354681361
3.11808270167674
3.73612470679025
3.11337498908636
2.737457776795
2.51392314901775
2.95629851548823
2.37361287164922
2.70048544342299
3.1361998673675
2.87371156111221
3.51665295664449
2.8397539573298
3.30732739265241
3.38957791897001
3.00520612094292
2.62436911420681
2.09332235863132
3.73263487456154
2.78255844084502
3.16913530227852
3.77031771411557
3.2547970013911
2.55027904405661
2.66351116775824
3.41721743644954
3.79156181593025
3.14640438393498
3.11786536499091
2.66614859989161
2.45425108788514
3.09562654684635
3.14413584544698
3.15324584869744
3.30821989335948
3.97716283218939
2.91725092987215
2.58376785154353
3.55531544197693
3.87872779997658
3.81775252491036
3.10549547543045
3.26084311754214
3.15850404270596
3.55583661671823
3.54808001301148
3.01253734965482
3.57405591618412
3.84006222464351
3.32097940898825
2.97553614868355
3.6288437543853
3.06632115504385
3.16297917876519
3.03125772655154
3.79771512170173
3.40016573173786
2.95942966271502
3.58758780170354
3.49751260127584
3.13451545018776
3.6199545132238
2.48124838325287
3.80061578090208
2.96430000720653
4.02110829181355
3.56183558852484
3.67323296165808
3.0535992180454
3.04757853925978
2.63834667222892
3.2209206732979
3.10995009094752
3.29041243030607
2.12889570216932
3.78147180126984
3.51020420929069
3.40890536267932
3.81210503368409
3.8082493831777
2.51407084878449
2.68555159681319
2.52894789312469
3.7416320108004
3.22227586266034
2.8961174328242
3.64156651635357
3.23420239935238
3.30311624151823
2.76800062341811
3.43125599984496
2.51211525288817
2.52963759265972
3.69416271095856
3.3430573096649
3.13812838549902
3.23625893472768
3.12025728148854
2.62013123800746
3.86816958668347
3.65007562733837
3.38702684707668
3.18395139347732
2.53937877850428
3.23836848363219
4.22128611728759
3.78623862057951
3.68581912952951
3.21879744405003
2.83267606505486
3.09356347416412
2.79650473855415
3.67940110861221
3.27229014538281
2.87650216918312
2.95965494137097
3.34858742273812
3.0670597691128
2.81563622293675
3.1318091670161
3.2163524994148
3.18968561181441
2.20890035801562
3.15052236413126
2.71345682493136
3.69222664691985
3.27901287468815
3.12625024851904
3.48199039533028
2.47833481608523
2.53012929159361
2.87071419443417
3.56139649019991
3.61060618262993
2.64770506561349
2.91754103978728
3.21782105780412
2.81431275563868
3.11480063242854
2.12739016638879
2.80589703685
3.00647648653156
3.484860419882
2.2664159499383
3.30640669775404
2.61966202628931
3.06030128193815
2.82973782239776
3.1799400168443
3.76840400740962
3.77436343890685
3.33783308244316
2.96691109870336
3.27602828701793
2.89279684983386
2.81377897313705
3.21030047355511
3.35687022768585
3.32922211342074
3.45023084378645
3.77756819281664
3.66153576650852
2.99941334812335
3.87738156583365
3.22833623960659
2.87751172594094
2.68399047369514
2.77503167170797
3.69708310030521
2.73939122259788
3.25344150797481
2.65052906507936
3.42806407548456
3.12387430249001
2.72002090043047
2.53877368765174
3.7955291468658
2.79091101925025
2.78352263942072
3.18730939300853
3.76165726453825
3.44430864669689
3.29591442976962
3.42274145921514
2.82858259513335
3.62555975349585
3.06368339721035
3.17938901638568
3.1641126516761
3.02414882415651
2.81184773816464
2.96458246433673
2.62461834401729
2.89837113812897
2.89986455224276
2.3658027284882
3.2587021880465
3.24456992195051
3.50422748604114
2.8657602702336
2.46518929646388
2.38422591537645
3.45781784276867
4.17002818295475
2.63441486017668
2.26019251071965
3.1352971806707
3.37626176771654
3.03394584724331
3.23201767387224
3.14440521494725
2.56743976253527
3.00863907959941
2.95756575095062
2.56613504605899
2.84883977066447
2.78787242821879
2.73222685147744
3.00502684868669
3.60476602422575
2.61861585553959
3.26497111907992
2.95798920984611
3.34052658794335
2.21097973351653
3.13321090162492
2.74374792352465
2.57431890898742
2.32548533847386
3.0204283493782
2.94820866140019
3.18662545964987
3.44824666826263
3.86907001305807
3.07316882942069
2.7752859262812
1.74243460128354
3.4527636423234
2.78644156326309
3.95295721597065
4.4113393170721
3.54514238430637
3.47167736789176
3.33888985462696
3.76048917694152
3.52375846273643
3.27478986261021
3.85816412454821
3.37383546463632
3.97467640793608
3.86798700927699
2.5697404244892
3.06311935655742
3.34337358653088
2.8723547425582
3.99523467682744
2.62478941683891
3.78537035382591
3.35662475259865
3.42782863438526
2.64180678329605
3.11510017009487
2.77945976941841
2.69276624088934
3.32571755539461
2.76940635808219
3.33290864817376
2.92732957132561
2.06911349523324
2.41512298001768
2.07095984453223
3.53167364732963
3.33722395644375
3.62611466328955
3.07556784857592
2.90985038710624
3.68154233373324
3.38194855441814
3.0898691617986
2.85726721033319
3.3278839542501
2.59635777307864
3.33884738619197
2.56044742286286
2.5857193485223
3.40189560119284
2.8476204159124
3.05088115642258
3.85978770892983
1.70441027553682
3.23662061301778
2.77561908684872
3.40199878487296
3.22647114552557
