0.074105696643348
0.580584630909629
0.443391115261557
0.612213187425235
0.438215265175275
0.583533195639282
0.403120104640708
0.484406177569047
0.558667584102885
0.641426390561006
0.401834044208397
0.602998311400943
0.555558105088598
0.359759537976877
0.618435103750509
0.539040640682542
0.479690641005424
0.645592006296589
0.504337799848218
0.628484885839945
0.620990455918896
0.594044658340754
0.587166664998547
0.535608276506775
0.491292716883076
0.333904893081686
0.38814907839818
0.509722149384897
0.54638207943429
0.536412463343887
0.42497368494132
0.504631962862136
0.595698510146021
0.465886461456897
0.551515217116051
0.517409900357076
0.453464781257362
0.603691829291732
0.630831149013821
0.537209482697141
0.306006225979014
0.594176577252345
0.643967850904673
0.450590815826676
0.476565580625422
0.536353681363577
0.542315640628864
0.299899285118793
0.570531376301718
0.491341304016996
0.629944972716397
0.61358925776739
0.4262283594365
0.37740905195995
0.64848425862419
0.592336532843066
0.61872381037277
0.329080309951836
0.586215017350523
0.555271786984413
0.412709640148074
0.632520101906308
0.223404026481301
0.293149603769909
0.551273011029881
0.597030519966288
0.561999108419179
0.443188852472995
0.564292667064088
0.486139620397465
0.271209986196523
0.627751469696052
0.631004141379307
0.619581192184188
0.576197495135526
0.607832127834576
0.634455244506411
0.553320461619798
0.529072145172003
0.410328702243861
0.438081207195855
0.337412640691516
0.578114742488802
0.175204244394036
0.300516161125032
0.541865436086362
0.52892454247831
0.644215595684093
0.529857075962023
0.574934232081843
0.419721300632014
0.322251639907561
0.497268240762827
0.641789667590415
0.623431020760406
0.556930931278293
0.621402359353161
0.445133939884977
0.499601957917079
0.409435313530045
0.409475814969272
0.436527920820043
0.524357108997246
0.652972797431516
0.558485048681968
0.512230435200442
0.472555535954785
0.534547101365839
0.552298223791591
0.315148431621947
0.60076311853018
0.552460308667485
0.55028321131842
0.353797495655222
0.253957339937595
0.64269384122685
0.53017508588593
0.595281945681951
0.485724876547878
0.55421238700575
0.612996876630192
0.258165172669421
0.532930377436528
0.634768292635753
0.397313369778493
0.531246975479977
0.56794863960769
0.40779309618123
0.488407091556496
0.560246800123211
0.423861999121616
0.585623904008031
0.617334446664514
0.651334224417158
0.584015892099345
0.427776441938202
0.432185965219904
0.432864611775978
0.636330164357625
0.54307788713227
0.518719124304964
0.635119810684989
0.562843174235676
0.558846878613358
0.625811014163469
0.583120183913982
0.621731206707834
0.4976699958577
0.351531736853458
0.461569617861528
0.636970793797826
0.528487773744347
0.627931159034064
0.557262876172708
0.57566246376531
0.598640585921655
0.358566589304677
0.633698989704342
0.416157983000607
0.642663087740481
0.631832823129547
0.424767697166577
0.620702748697765
0.513624450832641
0.405554090015612
0.346955817898986
0.480679611647672
0.582446751174598
0.571778649835838
0.567047901704051
0.596842440280634
0.604391058332186
0.616047130885195
0.598562330858535
0.566069092624988
0.617000982767548
0.515494208208498
0.513702053070544
0.539274783902372
0.588883536700616
0.509037446139089
0.508089108686553
0.437531111661154
0.555629883829741
0.482336061088578
0.547692922422925
0.456974567330716
0.618154354813176
0.534248313994065
0.647360247093069
0.299053632830425
0.624754099429378
0.423586463719836
0.498875247044627
0.463470576747741
0.520577898601083
0.595650178990984
0.546834414931038
0.534875699671925
0.634127947522594
0.64842399076536
0.43414986622612
0.641104106549291
0.555323234323782
0.635029674259419
0.624559952538064
0.497492522065761
0.650478968983704
0.415822551983896
0.64530830060951
0.497515218505241
0.578988991357932
0.537164489069815
0.647254387512592
0.480371245051087
0.646506469011199
0.528037782996338
0.396549676545687
0.401344132271037
0.621535440086872
0.472906631923807
0.598709341101475
0.556798364446047
0.567549447662669
0.552097478671867
0.527056102149027
0.591285266571836
0.621543102538671
0.419245575742654
0.544792105805539
0.651999215781884
0.549968610804871
0.519438128587389
0.496353220052292
0.564893677908762
0.59820642079864
0.600963100070209
0.646725508448646
0.64186841005873
0.477540004051691
0.545015668635984
0.622913099284722
0.529871764606935
0.604507082372698
0.593598619782305
0.365999681407803
0.628743292311115
0.498007408456897
0.508156340290818
0.54375694314303
0.334620407920807
0.470761444993433
0.605399654305189
0.619609579993434
0.628708345420244
0.600560166413267
0.237858037480654
0.610979898477017
0.616163987033669
0.599052702669703
0.546363080062404
0.592872302086022
0.270550454796059
0.523281339279497
0.57946644874314
0.542957506435481
0.599290753898159
0.595328944465476
0.498453524213741
0.589619321238891
0.557998422710779
0.620163144426669
0.543027819284932
0.53525468141642
0.51815760991241
0.497353424596854
0.557202528627852
0.478831853724268
0.609730390773421
0.512861304802719
0.525391517871018
0.228918046421826
0.387579473613179
0.518654544520263
0.520318758137782
0.566927234224944
0.58517720503669
0.314976215748594
0.410874348260198
0.263067627729165
0.550194832719519
0.517631947378715
0.641450656709562
0.477166061590777
0.652074842586206
0.400502160167147
0.610389846296541
0.515543036183719
0.580261431138585
0.496516790731459
0.618088527647169
0.310464540918199
0.535464942085084
0.533933525580942
0.638545574457342
0.594454818587891
0.615293477934795
0.557580935848573
0.553479337717342
0.483513017101811
0.350450635344012
0.645266910130797
0.462303851601462
0.566208154564598
0.518723568691989
0.640054994818154
0.526141783259518
0.620258352408486
0.54756072425857
0.521415095986283
0.476021125572709
0.374819434273858
0.486872521059235
0.531856840232273
0.441887084565214
0.527748154708095
0.53693030316085
0.339979441198783
0.649253051341161
0.462435275959442
0.622904502886577
0.51693189427477
0.647636590655666
0.309459177617568
0.239253206639007
0.564144065322812
0.5956890621743
0.432543236263135
0.51795053205848
0.561747785456567
0.588322051058847
0.414190695519947
0.579840408090494
0.621552972123919
0.576106635849702
0.49967151264222
0.482384502859997
0.561474390370993
0.549330375882193
0.623639723503866
0.587949362100572
0.600854285262453
0.596121806657435
0.613223499660494
0.403406598087534
0.631761804512821
0.634383362078652
0.582785648617279
0.616501105677158
0.564343332752978
0.490498758491896
0.502185174458781
0.603521814715879
0.558166960446473
0.642613331268055
0.645826327095944
0.199630695836404
0.474054261553809
0.577620169011814
0.496873009140394
0.554771290985556
0.511046150547592
0.603856389783646
0.630228373968345
0.553972624428669
0.365902313081453
0.439122482234028
0.472226896076618
0.519480898076826
0.564181981430167
0.485398505320626
0.267315567219271
0.61158730777689
0.421849759678614
0.516926220722608
0.641031613344096
0.603112205525717
0.560764827916223
0.551981108218681
0.534685909191599
0.472052698544521
0.610931116210432
0.591425617317327
0.320064741961534
0.549640776252372
0.393626130608567
0.506642287208466
0.32634169914883
0.568660412150671
0.399188381131781
0.622898269151533
0.332399049646002
0.609637394676411
0.613416831560363
0.579802579736824
0.564310077743488
0.628557394852783
0.6122327930696
0.622357817995587
0.614554844694458
0.509341264406215
0.630075377515675
0.492424462550879
0.530340801988469
0.451103615346285
0.377172113846242
0.614972331472814
0.419635102006721
0.565667483409105
0.599728180945958
0.496044100516296
0.576228242149746
0.306291713911892
0.474411248277635
0.525559076835236
0.650916566173697
0.459074636455467
0.608297191887976
0.502917200759801
0.559226951174952
0.629230168186699
0.454841973487993
0.175299111497173
0.500096961607845
0.561236971392504
0.650286610844746
0.379067748598359
0.604309829911792
0.488475306561418
0.575645060984411
0.552208736409184
0.427794579435421
0.601883363221944
0.561825430953105
0.397051000972632
0.593691463606365
0.614758434914017
0.566894302174247
0.452671649910227
0.643656839266855
0.508078561933558
0.565692615528606
0.531068182975968
0.545542106570515
0.341283819335275
0.528482383388205
0.631191864289533
0.339451904978602
0.441080622441444
0.615851636712992
0.615751818380248
0.425471669040256
0.440948751419396
0.520491417375488
0.464312740096215
0.640469265136577
0.512292296702795
0.526145259950946
0.608008498465356
0.500745352837265
0.474380488629721
0.592910416321462
0.55534492270804
0.508009836532003
0.435370996483032
0.541633539994195
0.51931768171235
0.482039419403973
0.582382333616616
0.490413748257104
0.635609119519258
0.597043973089696
0.543030182868477
0.547900679996976
0.428359515272332
0.443610672886091
0.5898900033003
0.320024257627792
0.648171025107515
0.408100270590784
0.586142217694022
0.560883260281691
0.521060962441152
0.544035010934428
0.651518217655011
0.566077592158024
0.642557547623469
0.516588841512678
0.541786768075421
0.626758812664731
0.6256080353865
0.505145854231431
0.553474386052388
0.594759004748735
0.515674909438496
0.430799750993808
0.560869929705268
0.608046390544076
0.604798105410985
0.494028684660662
0.530600787547159
0.45957020607376
0.570474218230925
0.53343009331725
0.627196136477158
0.640123878266608
0.379085092673747
0.559985548159648
0.351137752891538
0.441337015909334
0.472455701752283
0.557636885954021
0.648665239971683
0.652526547929583
0.567458200973116
0.608482512639522
0.599088443145445
0.561504625294769
0.470385993546377
0.537475418959718
0.611843747403827
0.549788006503472
0.551572755327681
0.511432540089478
0.651193135458318
0.40644454384769
0.576236838370769
0.652148916308508
0.51681595059117
0.577809024779008
0.594104209796986
0.328103246482666
0.39052054401545
0.533460630014961
0.581268157317452
0.521447323717187
0.559669210406764
0.532268360987258
0.499677150303624
0.568514861291095
0.612420332474242
0.595963445665013
0.443748199999111
0.620300994124511
0.613685877097351
0.637210286680771
0.599653011834665
0.591962346448274
0.2684355851979
0.640776107114374
0.458018289517695
0.612563034131451
0.424044119129441
0.562930070637831
0.411619268393565
0.379862026944128
0.416823762803553
0.453483818141658
0.569110081709648
0.483454816833184
0.186582163135309
0.456921358057082
0.31994832371251
0.317624436871587
0.573273451348658
0.466327717917078
0.545412980596763
0.510184395731975
0.512838887105937
0.526105088340969
0.627305110630936
0.56577674330483
0.408270707631599
0.603036316898284
0.451595595410067
0.47554598449979
0.644132968541179
0.617855996519067
0.629949589391346
0.638580854415828
0.583990594311608
0.582048209124717
0.637878658472069
0.608368095017635
0.452028375152467
0.407333549415803
0.626730959344649
0.544249293135251
0.638568217546158
0.589258037346966
0.460892349300719
0.414348775792295
0.469147425964805
0.544304200353114
0.30024298069237
0.431546461689421
0.440049641918458
0.495497085548217
0.605876719310963
0.495757775312895
0.504441688078601
0.630596412367163
0.440614163586892
0.45849121945042
0.588043934606357
0.613220392595275
0.502328742548856
0.520495998289071
0.581693679304985
0.556261416356615
0.518907816059949
0.572539843553279
0.605517045052657
0.606432642570846
0.267244272972413
0.404782454807966
0.410011060495418
0.590383387426553
0.582194378573726
0.42041389874836
0.640422209953648
0.634874160619179
0.614129147798933
0.639046041738609
0.315383538224449
0.596463774118308
0.650404197000481
0.485546847618824
0.521653633850744
0.456838635401434
0.586118379127379
0.615472869888264
0.590019328697823
0.56545778087361
0.562766970334445
0.552975347516778
0.651808546702568
0.633766747946322
0.651403482585662
0.617706503604902
0.652207001006655
0.552728822862897
0.633019803699582
0.624438344828827
0.613992595537105
0.546174306077018
0.61225256622298
0.512399198081592
0.398521595669792
0.548622791145257
0.614207818422054
0.612049153871215
0.418183282374757
0.547696685460345
0.605245213299525
0.424355789641254
0.487062395398394
0.613110404490847
0.647897494311738
0.60204369092084
0.640038145019192
0.569045100191697
0.636449715888719
0.621727620423236
0.639569337215747
0.391855570224104
0.64260242953275
0.647304402308141
0.607732385916602
0.595087478881165
0.547350453454511
0.521806913900275
0.596941506950146
0.482645120516908
0.642520023037951
0.529140468931991
0.403823426309338
0.374224291442813
0.479366627630577
0.359429735271815
0.57477330965033
0.448228156552291
0.465040287612095
0.479057992389207
0.377486283532858
0.498657159752373
0.652928472543203
0.630308113820406
0.538144051080328
0.62428962021901
0.505388222309367
0.462826450586995
0.549934197490195
0.555836077645197
0.602908494872266
0.587948477495546
0.639650494034007
0.494783973764411
0.328660692756396
0.571443435939754
0.36216742501331
0.310789955747852
0.600402678404645
0.492550244627694
0.518847620078363
0.512210088408016
0.614731626440559
0.519951463337267
0.559150752845225
0.610115143295132
0.37840112597389
0.4006664212305
0.476486145341998
0.586516892649353
0.576755881291929
0.638138658028717
0.590424385713652
0.505359437919618
0.522646045230883
0.611123077752317
0.582208393052547
0.517623133861074
0.605586652673874
0.632754192135277
0.52006459360347
0.293478613385361
0.613205623847373
0.427962589752678
0.456379420928668
0.535981564574681
0.638204538228545
0.33359709981928
0.646043068864044
0.582919865697322
0.46905906450522
0.416652572774405
0.639476480109488
0.587817543688924
0.30810297379862
0.487454728145594
0.618761589835582
0.555048572588505
0.604134964613494
0.612536697221209
0.399440520427336
0.513513744599185
0.577274768744506
0.542521792276847
0.632579012232003
0.543149338267853
0.388555342602871
0.566315641815611
0.650754645313083
0.547277054461899
0.636990294817698
0.446755735278979
0.509543373434452
0.465610261198967
0.628985285802885
0.629596537688533
0.402480295358381
0.595518586701616
0.61539855655396
0.496529239970181
0.260637417229959
0.55698212004924
0.597218786274815
0.310103306563653
0.516491645794592
0.551435764680917
0.49988456924306
0.369558732340698
0.626102967759459
0.522436114538051
0.530086861780797
0.584913424925961
0.585127382649779
0.641207409924757
0.258432246113534
0.570406261223253
0.483811303222296
0.644941318482541
0.632505332249289
0.482248582183475
0.613299115897668
0.500074094312176
0.183803567529017
0.46522750695942
0.447957498521348
0.589177681003731
0.466520789434349
0.580624922642013
0.54266317921976
0.648846875853254
0.545072722132347
0.566954444101119
0.599777292631392
0.561590821230992
0.277119099326612
0.465796202707712
0.501358457486974
0.478473375409121
0.519754502685221
0.566529395030642
0.438510863424208
0.585663012787127
0.453269746185444
0.578679093263856
0.467273067506469
0.42849336129622
0.508288483044368
0.496854755713788
0.532815045702162
0.555582698554779
0.523723862552314
0.36589137965302
0.613725174942743
0.649688752399127
0.504297419109409
0.644816266154632
0.52704389254438
0.461258284232515
0.611806869990392
0.476741737071693
0.601602730065981
0.592879550185067
0.613822659581683
0.647081519565293
0.487274959218983
0.46277701564493
0.515934189442243
0.597849811625673
0.627106636529534
0.543030860018548
0.516023042263581
0.553277291248476
0.482198472702212
0.609633261910803
0.542405052580241
0.649489673636596
0.56956561298893
0.46968837358085
0.529754529017267
0.580630450572069
0.286153270908836
0.57532428294558
0.316650002431637
0.294533436219055
0.579718993096244
0.591216133312079
0.606648891733564
0.52054381229763
0.652840555195457
0.579779185071381
0.46425666556402
0.436109962795712
0.585200612175265
0.639490388006459
0.476593026059761
0.477245631202611
0.507038631379795
0.494616083909234
0.337469040004434
0.648345604509863
0.487033882168598
0.503300092133842
0.622762381166819
0.348443129611124
0.441582238346064
0.610665525717344
0.533387949324218
0.587242655231026
0.460613748510413
0.613430265324566
0.638464926345423
0.617818834862642
0.576835793494909
0.402400606553612
0.574108252655787
0.271761462225668
0.450040276910034
0.637925139704526
0.635516351763021
0.548589650853224
0.639804655273554
0.575041830128439
0.493159456194883
0.555634998143697
0.278333250155048
0.608572777367448
0.63009563728789
0.640218468651673
0.520857382501488
0.645932564918683
0.577157275195873
0.496014228268445
0.556754785875875
0.602821096196023
0.481468164377003
0.276702535258403
0.611869075451225
0.593723691620935
0.584395581433529
0.536139358333437
0.611330401472363
0.406849779596262
0.281820154263776
0.631768323623997
0.631789570790909
0.650372059365289
0.488373624940103
0.538095936546557
0.518042876889774
0.605316932133227
0.297095882291803
0.505028951177844
0.603421443910259
0.649529153174389
0.466251221595818
0.27824096982929
0.58118251172888
0.561340971938084
0.173685143265293
0.324346838922739
0.1677123838128
0.300905799556153
0.345541713014917
0.592169116195565
0.617979386423128
0.494544205752705
0.57719880809987
0.478343383509286
0.490517877151388
0.640440256493912
0.601623032400522
0.590859794621834
0.510510529692795
0.636888974338283
0.323836888944619
0.542390711079181
0.505572475996283
0.358884368892121
0.46490051121784
0.60832949428785
0.583890111249287
0.519897748485779
0.533366532069919
0.465685576625215
0.57418710487049
0.636862599319315
0.478720759305079
0.346163221114816
0.492866273345646
0.630284777727234
0.491921435412301
0.606011401291506
0.525530597425043
0.521330622880617
0.576008659411246
0.421524898491376
0.380244916625942
0.606940614828292
0.630268876317335
0.593922654630596
0.323924930973167
0.405168642919994
0.380457413188681
0.454838933757491
0.557250889938891
0.591338583381247
0.631470030094414
0.451635089518019
0.646472002541655
0.638234188460242
0.546277795759313
0.545333197625463
0.645738206315747
0.649347627672108
0.413601899076531
0.543456101101898
0.536962946131488
0.601296643606239
0.582227187154964
0.464551131498954
0.567789757998502
0.278443479528242
0.530065824862978
0.548061501523774
0.474991483727005
0.571783328563288
0.649063880800508
0.636002100143985
0.325221776381398
0.630984386878202
0.634513161080212
0.450252852408315
0.592352977014714
0.464955999033723
0.474929474121652
0.466105930083954
0.345656658028156
0.501117385370945
0.465947150055094
0.634352953347797
0.532016186196127
0.483712314306844
0.578425717763265
0.607147918298554
0.493034831963417
0.407721775209582
0.574559945964101
0.549081750493498
0.474217176067172
0.59533506948517
0.476224349214896
0.637491487251354
0.622857735184359
0.6395846029351
0.489088377801362
0.358904351168732
0.590487074942334
0.473573756711123
0.528565035623012
0.598055776512774
0.642528761468936
0.552600480780528
0.442471235015471
0.598400176471723
0.474997189041402
0.596530288557193
0.586104669332075
0.631292687031296
0.479964342646786
0.295726319646236
0.565184969121574
0.50197567494489
0.463020538430392
0.570117085835315
0.381777668283962
0.47936687875924
0.549679677345808
0.548598095926935
0.527725555326319
0.394775960472397
0.628678298488962
0.556287343968668
0.609208128712673
0.510540328876901
0.633291489096087
0.532523240232596
0.646074162379698
0.538337557824378
0.635487529223198
0.480224123863651
0.523451040456262
0.633358984974602
0.608932677564114
0.409618673611359
0.606404059901559
0.625748549483646
0.597954434620782
0.611041755557216
0.630797781063462
0.472362215609835
0.565541625263788
0.521817148958092
0.601544656022068
0.505933430147657
0.48635793779932
0.177094496834244
0.5545892761491
0.606761463551639
0.540340852366235
0.486832354181709
0.270497049016735
0.552750684878356
0.599419155181125
0.427712510542584
0.452919261303182
0.431313666540022
0.596470114116739
0.579333441261378
0.141610058249405
0.217148413008281
0.56125983495596
0.323212945982184
0.624555346992874
0.544123733338752
0.414157964689391
0.606003778763864
0.449186202868466
0.419787531756116
0.56814071993064
0.513683817078206
0.471306716262083
0.474069196439576
0.416482106719157
0.507737149480108
0.537244303536558
0.639472618394894
0.511682679891202
0.645680205552964
0.454220699547768
0.568184807918769
0.547995134730562
0.555250027925587
0.514661209575103
0.232469727334382
0.513989564690146
0.587017818680339
0.538950664754663
0.587280105129379
0.588099292358546
0.455719146933801
0.218578479782372
0.515721168097138
0.519546438141929
0.248207414572375
0.203758062985651
0.63813582176744
0.644311967857882
0.324056589841662
0.380717720479347
0.578896353072187
0.651780214312777
0.468896710148201
0.53758209088472
0.482876760026525
0.443840949278518
0.638701740554539
0.540445777257607
0.57747856708736
0.522284915219122
0.496112139266526
0.644408608565932
0.390239368065461
0.270920134379619
0.596266456436882
0.603984345930569
0.370936102886546
0.599198249604986
0.472100107830362
0.547087679591811
0.371398647376662
0.575806329965991
0.47243717009363
0.600040152166558
0.496286298209697
0.437317539892151
0.538348378398564
0.480647640651081
0.547656556118106
0.485963859882462
0.592549318668035
0.595235472210658
0.477985242002395
0.640953193692683
0.634266401792274
0.597996254315884
0.536488598405996
0.645401769393023
0.351742608410181
0.561383246780849
0.64719171008232
0.348833325135422
0.531340022617503
0.572474990937137
0.614023334067655
0.554299136033696
0.601904681326361
0.526251825022294
0.513203729625205
0.623709326736874
0.646735935235218
0.473391628357921
0.561304160531665
0.398604994679375
0.598620787541411
0.543985845843258
0.352761197516633
0.416504207259248
0.567716533916313
0.58639092384324
0.549765661410815
0.475854248282046
0.573446322198512
0.56958663488119
0.516149322483928
0.487696049463651
0.607428445946842
0.583021233742823
0.49674909371341
0.629349989777702
0.64066389057724
0.124659640670383
0.581083425931482
0.644675476625657
0.502921814202759
0.448632209594012
0.325111349358261
0.564379969347975
0.580070917953082
0.569902267283476
0.599629672913286
0.58522577830147
0.506730291596673
0.629870190420188
0.593563296356223
0.649807855204221
0.648053905365128
0.577322458435332
0.500619318067262
0.497554705315823
0.505108840719169
0.605110044284428
0.42958273317693
0.474523612866487
0.611329677810095
0.62692452386627
0.460340215147185
0.513142571551926
0.58150261011501
0.634520416043139
0.507075684630155
0.460542444243031
0.627726878130749
0.567019489354712
0.639510655708683
0.470074059469487
0.597759588460502
0.382713658745736
0.575838392481064
0.633565339955969
0.623443218901744
0.544081131829386
0.591002647925949
0.583336702714631
0.548590135953915
0.6213048294449
0.457342179236472
0.607819616425894
0.591900925098013
0.618694069907474
0.50543513595022
0.466422607678199
0.348151841536999
0.431833568598931
0.399142318191891
0.587517411864507
0.582223552695522
0.530597266929045
0.60134754228459
0.504590321321519
0.49358330129374
0.432484914654406
0.577490700247877
0.420245899349699
0.623382113651468
0.527148643389759
0.376934720119592
0.514313323109683
0.408435817339313
0.119882453492738
0.528211469132217
0.383245382897117
0.539926287089371
0.590601649977999
0.614683424570852
0.253340694921293
0.420764897819399
0.484426012567241
0.533946212693469
0.383115193291986
0.595253755994556
0.612774170014069
0.476843350734656
0.532928635548578
0.589389653088681
0.531020351186062
0.505715921716278
0.611387055100926
0.53588337994257
0.440507597403206
0.445248846918717
0.525285777931518
0.609598503618149
0.638124730333305
0.590133645937284
0.344435742402364
0.629071778002179
0.576516791227119
0.624108401817071
0.560154763642277
0.620584527700668
0.629577554779856
0.515551293294604
0.595459129948914
0.538093402667377
0.555758123747679
0.607990292816646
0.535787952103648
0.620539140967118
0.504967863556815
0.651918772632515
0.586793632129735
0.552016055111923
0.537159029447111
0.575466798378428
0.439999499913067
0.6035894918173
0.501715569883547
0.644078784037496
0.530422219473162
0.563939381064137
0.645165459849222
0.651266314893587
0.632225422501254
0.572540254354903
0.5289851786522
0.489630356381276
0.412321769269843
0.565163753129669
0.599348844532718
0.591781080097068
0.588664910817314
0.615557162035417
0.637243388659249
0.314315750979743
0.61816389560329
0.633131571611154
0.549318343686781
0.236213527323163
0.624650829625121
0.571186523266484
0.483729651633118
0.339562488753348
0.450623703896272
0.5493625474075
0.59829508808138
0.589789402007331
0.569254198779555
0.602312786899315
0.310106218558827
0.593876960852511
0.628138416300129
0.440905268551362
0.605835167902177
0.631208685955973
0.481185457659303
0.485922923019496
0.554535861250615
0.577445746692297
0.546254007120112
0.50534425095492
0.634135786979375
0.46532103227168
0.600113268833639
0.329250450648605
0.482711928682384
0.506061801719065
0.481517844940587
0.62285565760122
0.638233675007962
0.412366874741695
0.380459249981495
0.652458213835328
0.340368079838741
0.402351776983163
0.341429972411458
0.321643066154737
0.581365281953965
0.489940503183954
0.646070194533219
0.62848580960726
0.447728523919601
0.60912147183187
0.451645997817947
0.567038643416259
0.579169124519309
0.614783289405738
0.420850005417452
0.56930269547059
0.496865350992748
0.331480091501227
0.429927358092744
0.629603272078205
0.646059241758418
0.463200627745877
0.52478734072123
0.608293320915149
0.469567274969612
0.633344955026669
0.615204187748598
0.543590274112923
0.645037182706031
0.571412225855675
0.582022220285754
0.508041685193942
0.62527904966879
0.629638914936091
0.358418603260174
0.338585257948574
0.580227010075863
0.612012546177859
0.472170332077782
0.583615012606821
0.607630444489363
0.510937239217485
0.566503184889229
0.645765161128285
0.479884024510081
0.543636041250872
0.577808710493779
0.502228930132632
0.521902757838083
0.531605262433806
0.593072868337247
0.479843169734563
0.355687818577849
0.505835805639441
0.490313027246935
0.608801713859127
0.561878658779063
0.410702470501446
0.423693232798056
0.637121140042831
0.524231825663142
0.60944714825689
0.609864680693242
0.353611627479469
0.595394521523747
0.449974110678566
0.614465107131764
0.50704836570091
0.47823602830377
0.507252013397024
0.567594122231171
0.552823273131632
0.505909868917755
0.573499643378652
0.642290981570847
0.64117452093951
0.556031282584767
0.321781232810282
0.593145780126872
0.388436983745307
0.532934510956892
0.628615863217035
0.58373722764233
0.4093226391522
0.64580177542367
0.51480995797661
0.639726115202373
0.483331341734049
0.578832842437139
0.641131277850294
0.493825833281682
0.406433739207361
0.440160192307159
0.557295909255638
0.615127226654736
0.553579121995125
0.646127377553984
0.620150770445265
0.182435914020676
0.634516761015114
0.366565760574036
0.491261534520434
0.553585895306632
0.555859734749381
0.599004345351757
0.610775127344348
0.51728116208882
0.609198314020506
0.5603374851981
0.636619402244754
0.6380229334602
0.619636514465306
0.411531189687035
0.603758505424565
0.503195812649121
0.648961292220798
0.634499765274285
0.624917080772478
0.580121666553096
0.597972871265084
0.484809277714708
0.388711691240322
0.447977431366058
0.557025833150295
0.560940314495641
0.450271020903339
0.576132390413066
0.492102862170524
0.54161909604044
0.48235014508847
0.643917011559857
0.625798175756146
0.54172668835703
0.602178845738272
0.529872228100168
0.570914925857598
0.500283551955591
0.260383621339017
0.46750622037533
0.63705785436042
0.1190839285663
0.324659718042101
0.6303592931446
0.520322222854249
0.486328878517218
0.45388975919645
0.509273281187947
0.503998852248576
0.268071816103286
0.624679467454152
0.468168080019057
0.472324062088926
0.384198919200988
0.502235695169659
0.643980915775167
0.601738085648632
0.578222997534274
0.431398674564186
0.641200687559319
0.510474042707026
0.451537365874698
0.523598152525048
0.4718922148215
0.380704400463755
0.300400991111157
0.474836442032627
0.47979996221708
0.55102062595624
0.562732156720781
0.536156305216838
0.41747619904998
0.306738606428874
0.464401027070507
0.383047284250811
0.534652911461832
0.582495849148169
0.631754406787436
0.504961690013573
0.447121397299983
0.476872062167709
0.526088755572555
0.570146357625957
0.471994022711827
0.598646634969603
0.629215157411491
0.39451047860486
0.373697029544841
0.651578690326608
0.525520812956892
0.632748552833625
0.437491486213816
0.589077461343983
0.62619177379429
0.640617374583713
0.367652720907268
0.553457872100379
0.483064255475617
0.484353323858141
0.565084246349907
0.433788943723119
0.46184385898186
0.616028201827353
0.528083933220384
0.388297837802197
0.401206437070141
0.458680148867069
0.582954124715053
0.632900252835507
0.595466539750919
0.522526935524912
0.565232738541069
0.207776280852842
0.543995879783561
0.409219285152919
0.559436119050307
0.652695690469534
0.645522145810213
0.405181707885302
0.254254947842338
0.468240604624861
0.584756972705818
0.607507278279055
0.575692928380402
0.572900678174572
0.625009778234357
0.629453022153955
0.367319061065876
0.502158216495472
0.39679441566002
0.274510390099641
0.599609012710611
0.46944095791987
0.436294591302541
0.461549947836618
0.359613661162938
0.604520710147847
0.405349288571138
0.584338266958589
0.592814607308814
0.623484578462072
0.585384072916971
0.457866844438087
0.597809408692448
0.635899080052776
0.54479442129399
0.246034828313889
0.601829010765413
0.559809774273441
0.557023558866989
0.605134503884266
0.59010585938767
0.519458298033885
0.62595821829526
0.56713095499147
0.628466191985557
0.568376638911974
0.503490691704688
0.431665442645587
0.527331685296956
0.481371308455065
0.565552780298886
0.574409867301503
0.500953122305276
0.497420406132574
0.609025778851789
0.547298372039418
0.576958653517802
0.531131497065149
0.482913173696875
0.64013127308987
0.552549964133022
0.614581830011327
0.341195259576341
0.485826011710916
0.417929421615279
0.592562952407658
0.357460141073938
0.52488340468259
0.54036820550018
0.619942634254011
0.604050261426357
0.554857744632372
0.36410300414576
0.540206080749168
0.625229763170545
0.643644784397069
0.541500334683015
0.647433694275843
0.498553491851467
0.620563912107857
0.495255318197551
0.523612590982617
0.561699488607961
0.581642785900279
0.51850176208169
0.606760229607841
0.528563254117735
0.518324939316741
0.61371242999383
0.53441760651888
0.626207194849838
0.563454984037223
0.432191875865429
0.510043503391567
0.575767812885684
0.555787181653574
0.522870506982018
0.443610237438215
0.593718444374077
0.427572772014595
0.494849731140245
0.598241833061137
0.234724347220888
0.632651821018508
0.478904759697426
0.574114402556493
0.47561604945562
0.345452085167876
0.613874656823298
0.501512350701913
0.579203657736393
0.552815665616206
0.449495170107201
0.607182256840959
0.49931048379681
0.517672605993565
0.619737666277772
0.599581513289573
0.62197573687865
0.549275988250573
0.608595333449955
0.594091876220538
0.598273674826053
0.499912626280107
0.621505060661004
0.546327064012417
0.323363407001269
0.590563973232974
0.601914700822167
0.332684115962893
0.465783806062951
0.619603938240195
0.587862078100266
0.517685902605889
0.617132490269104
0.599969785749877
0.60513724593139
0.555002052909514
0.629712873921286
0.422466005502019
0.642878473432027
0.574616775849472
0.624578363736188
0.34054298879737
0.570632260823601
0.568343944986199
0.629240411800268
0.621953996755449
0.501450473569962
0.613502031304972
0.57176277732911
0.615170767727895
0.58147067401486
0.58277125777151
0.547298376921627
0.544333607059407
0.638454815439023
0.4840690477305
0.29937106340895
0.585929061152091
0.630561950176807
0.461079942674417
0.560814022465203
0.589211440468089
0.470447479286266
0.443772357159375
0.510149023053325
0.592934242386679
0.622413175330702
0.599766050210763
0.58428233337166
0.395011144594411
0.474950591338674
0.439399138528904
0.383267683242838
0.535000597863074
0.455276428625569
0.441346590875098
0.528346879040944
0.573441031951877
0.637436956393288
0.564880647017137
0.501145586557376
0.321111140940666
0.533333993491079
0.521964202170872
0.612449733218395
0.267576818697382
0.634307120767626
0.301826943770518
0.564077627462046
0.533988954651272
0.286436680097792
0.583496873463913
0.510107510005401
0.496854177934732
0.522198850810748
0.489199762198135
0.345624208012557
0.413319906429514
0.569688645517276
0.417549316453575
0.580540719245886
0.574324636221753
0.503359757684635
0.409838946268805
0.602034650934681
0.24670330155834
0.46776852944592
0.490555992826063
0.228499634263787
0.576312169576685
0.401032248705618
0.65175419193574
0.436916053413306
0.431454123797763
0.475135356021041
0.601959657955386
0.637580929304202
0.52131611746537
0.528072710583601
0.565737347517329
0.566946292504324
0.594456476566835
0.44528794321555
0.472007090993631
0.644303185094395
0.620768185225498
0.621271781575683
0.545983141732119
0.244600998796292
0.647607530270212
0.482265460528949
0.544764600162869
0.515496958611386
0.63798102007272
0.26447926429908
0.498811975151741
0.56340878791821
0.536747542543335
0.6103922686291
0.55080646892248
0.560948730608992
0.567736034329829
0.404501016532226
0.546072817312355
0.550854857641228
0.540673497137781
0.547140219411232
0.498664796712129
0.584657441211806
0.397892546751222
0.6425886975034
0.588132774954621
0.618791371532328
0.379457321967724
0.3662874834865
0.522123707912562
0.626307737138239
0.398813324391998
0.596378283325221
0.599286665803612
0.573972160240172
0.587395840273317
0.647851502132505
0.438861915434302
0.478951551205228
0.592532106508056
0.402880223601145
0.559345469074523
0.471818103573919
0.591870830483682
0.522216692608192
0.548112467453912
0.447003047055369
0.61801235351291
0.573988622804553
0.435186799466576
0.558550331904497
0.491575152938867
0.464214610448722
0.586815006842027
0.62508621596535
0.516663611965799
0.476809813903601
0.449265041684529
0.595447343746342
0.641890756359188
0.594042525163927
0.56551375224405
0.554681744586165
0.580694611483591
0.413495972846673
0.555075202982789
0.539191561113308
0.569515336697796
0.411597863582283
0.594092360976667
0.532273659253996
0.608447911081874
0.646685368177844
0.552262677733682
0.497595149674568
0.451977305190004
0.645514096341546
0.571930553624692
0.565105790567353
0.553834231916894
0.647155284875659
0.410339053585969
0.466483416917861
0.472419575192599
0.634388652558265
0.565872275373767
0.547827334554415
0.54460876696382
0.50504711056858
0.483999254130081
0.619643072503563
0.522870596102296
0.504488536298347
0.507449009011503
0.554010777284682
0.435146996569022
0.580165189252421
0.495993596128576
0.328091318998145
0.38035953003236
0.413828563575014
0.488974830433991
0.596862306570115
0.512977689733237
0.33822478420887
0.352804375410739
0.5222273496487
0.586486964107986
0.523476552051211
0.586055646965087
0.599938636572183
0.499951343678857
0.63895430460553
0.329606963447819
0.351862713286757
0.614208485262553
0.608839479951234
0.442152607270457
0.518672912671748
0.561638215465281
0.499066198540439
0.542476743234127
0.605490613369362
0.606963250679442
0.530663146218747
0.419592344903112
0.533327174536378
0.535974617787339
0.651345014410376
0.353518504854722
0.538920000582319
0.364346496538509
0.405555095994486
0.487786557899385
0.432863023756381
0.542342880705213
0.570686450846675
0.433128773190815
0.614833547297828
0.65258247665855
0.646372269078724
0.492163325292033
0.651523429133849
0.499640469616009
0.607247737753328
0.592593962923518
0.593459685789797
0.603790142021538
0.539601077397156
0.582105918552826
0.601735478439372
0.591060962529127
0.576194247673289
0.506722718152494
0.309428144752061
0.638304864089963
0.472705013285308
0.542950163105552
0.648327348047612
0.356823671209236
0.374178392260826
0.285481570804996
0.603178057370919
0.54980726388807
0.454080521810201
0.475590710358663
0.441436828796719
0.523387950746504
0.588532555589124
0.627653217602952
0.636612327514068
0.477605665775553
0.58645211330498
0.465238354418303
0.611334589867293
0.602343227438254
0.599621413100692
0.540112071175433
0.339148849689393
0.393289022657207
0.465652080976966
0.590627225006108
0.561946761604367
0.581999013901873
0.357255200025645
0.595647143511812
0.461054025040796
0.591392925056187
0.597006051519226
0.479573690987481
0.55531818485241
0.515266934766415
0.473511202468381
0.218022108403478
0.486364958093582
0.514914396310178
0.61013792466491
0.63511415315603
0.521394527445071
0.618530661964556
0.641159645915077
0.613061124400369
0.477670880285504
0.527226885519734
0.250592343288375
0.585266299448289
0.520489460505323
0.482762973577145
0.534836695828716
0.319231932224238
0.622578828061934
0.538977739299967
0.380592904961278
0.589649050079287
0.525471098554872
0.600759272654292
0.645325298173973
0.614628682807732
0.639008975076458
0.585503734190418
0.606042007233164
0.51206943537565
0.62336440996984
0.5546503790606
0.60232952239096
0.563013788747932
0.508375338609899
0.537159071255728
0.452492486304007
0.451585256642185
0.429211681442109
0.611882518304124
0.56528251508905
0.622415408530931
0.461277566656874
0.641115097856561
0.586105133411602
0.577572834651442
0.508920519218656
0.641233622337131
0.633400781976451
0.618095984999011
0.534423477561307
0.641068333717123
0.624180498015458
0.456196463871716
0.21246172737401
0.584182422870291
0.643514942854081
0.512166139574851
0.501042637812409
0.65294422480643
0.469162320351639
0.547234968901398
0.342178571083383
0.652464962419944
0.511705904536841
0.638392962083858
0.567191242386273
0.430254980314997
0.590935950978045
0.505513900060647
0.56529991984971
0.588976117611572
0.568079971480371
0.640350197637882
0.608133142949503
0.383505194133139
0.611410374143724
0.629121902110045
0.512681465393127
0.594630467355516
0.258836511225904
0.595749116466494
0.529541698403813
0.355624243847912
0.559849958727379
0.450898210696138
0.423055165139345
0.475320640412321
0.637386443856337
0.55276453132113
0.471888355547431
0.632328821300976
0.608804432836003
0.577857798162989
0.576391888771343
0.357894228593912
0.435721394377286
0.455340186828047
0.604176089637127
0.454012309260826
0.629078005799843
0.601868895824162
0.545535819642957
0.577056950863113
0.534398172446502
0.522344726747406
0.615875886484092
0.630025331819147
0.576488258165244
0.334011054667015
0.630679865388063
0.432201535924466
0.542491455595663
0.327164480786221
0.370765673929653
0.537076572591979
0.61825554279027
0.604109776326036
0.407634493960993
0.490628707321109
0.523591902289864
0.472280596978116
0.620459567214429
0.559601144645394
0.618673193952861
0.408191147490385
0.490772846117653
0.478888813754847
0.405257555290724
0.382810447565812
0.399309010844974
0.574467307782393
0.596990159851954
0.574888537902049
0.621945840899661
0.391848917022947
0.49545543421751
0.529788706862307
0.6151323940492
0.449377671763902
0.564739481481562
0.51392718864293
0.514174205258683
0.627129343922323
0.58132386630243
0.48196095447231
0.531187807792645
0.555051317443297
0.630632897490334
0.416530940191505
0.64363047849623
0.587065371393132
0.652181254953061
0.564098221753468
0.550934257728356
0.462361357659312
0.430979419657197
0.652668072500596
0.592614912753203
0.482631571015196
0.447052299364358
0.646679275256085
0.61344096126304
0.497107362627028
0.623833800391483
0.647617792835967
0.501318211724358
0.577961727257325
0.370601056402193
0.617178469564978
0.620446496344539
0.379192900394584
0.591928014356069
0.459627255161635
0.620554483218429
0.541620434360045
0.524404550055003
0.535715517431873
0.561669128026931
0.495607204629644
0.448789634276704
0.49654147295226
0.563087715824533
0.607522040701369
0.434682460247977
0.626841135730774
0.578822218351177
0.648765171955702
0.62816878913444
0.420847252841803
0.488630161370209
0.584311619525522
0.50695229635028
0.528796711981696
0.576220832687019
0.61513565582368
0.509020887158154
0.467696775498065
0.497655107989968
0.579403910492091
0.280115396746901
0.543487105476132
0.474650971237664
0.469083946979945
0.63602617013322
0.502722758088973
0.632228165517662
0.413861099948433
0.438258672699576
0.521984386504337
0.590421178196141
0.47331680869636
0.376718620791073
0.491972366378472
0.484934285683603
0.371937862792267
0.565679984836212
0.593571623392111
0.336701077245977
0.596150637800876
0.421096093842178
0.501034918294864
0.598604601987581
0.644272554260819
0.519667770140547
0.635005901042215
0.292782630702696
0.516112104290523
0.535600894080747
0.561108851847597
0.603624113193441
0.612426971226217
0.528945197021524
0.412820265461561
0.587091707327755
0.634962519305644
0.314334438021659
0.639950018003532
0.462889746061989
0.590686817186386
0.558972735864251
0.531576533063418
0.375855252030527
0.513637794678486
0.541656556229134
0.621580831304067
0.492414156269383
0.652596200946636
0.59915807246235
0.575729926199514
0.435623578929739
0.491538832159057
0.154975016748487
0.495348431273113
0.354435102873747
0.237496580759829
0.471641402251544
0.622439649727385
0.48200360731597
0.46349227302212
0.632410800060152
0.281397200674105
0.591533622591288
0.477498512141567
0.61783942807447
0.62792436548226
0.532154323582616
0.626828417122785
0.548940751098148
0.518714337983537
0.63774958977057
0.576266341203451
0.412192626399935
0.638785751356805
0.584812329517033
0.624855088434547
0.530268181915652
0.59496676184915
0.502986526065785
0.629800713664103
0.630486574599076
0.650556228884008
0.592285894015447
0.304108357338467
0.528379781894152
0.560120370852394
0.446520351335968
0.522954925473879
0.54489707320558
0.623375488291945
0.550037743446537
0.436948552081198
0.576312925905389
0.446479526578416
0.603792471470971
0.625756009207259
0.504397787030914
0.518719375366178
0.249850373597089
0.533517186835957
0.557083907552003
0.646553562484538
0.434862514003781
0.466696078572479
0.544882537335659
0.611612489455762
0.257157470399224
0.439819698925944
0.507340958435076
0.514793542267527
0.642062534849257
0.645911290876928
0.51878310472821
0.639344698986281
0.5779432235757
0.552915574510236
0.55258125965594
0.587171987027493
0.612662998663697
0.629627130649524
0.425705535959395
0.526355366188781
0.564324351494336
0.582365354155035
0.431421668794921
0.640173395478469
0.423699396792211
0.556347683350164
0.605228908464108
0.57021036543447
0.551044010223705
0.575722674999717
0.47390487280656
0.578702433639567
0.605279525622496
0.495769300668505
0.633103688226864
0.596899885759242
0.637067445008924
0.309916298908785
0.505543650268377
0.509517905376555
0.628472592773684
0.413540862493566
0.484449728943057
0.648674147503787
0.609257225972426
0.597353532818424
0.327381888351038
0.621339781416457
0.566721790139897
0.648524595769149
0.622239367398164
0.639118550981317
0.486661151907887
0.447994937525584
0.610443404761112
0.626360332283699
0.596960373655121
0.565759752622292
0.619361045329279
0.565234991750419
0.304297788649204
0.334657628293798
0.0290856550624166
0.552621118019732
0.598080382341687
0.612002881417927
0.47723336413492
0.623186301946328
0.513084375854112
0.34942048530861
0.65009587374791
0.63034996403344
0.61171717021921
0.474371969254552
0.515111891519109
0.450630184683782
0.623593054512707
0.592334295980685
0.566808044458581
0.423727563581507
0.609054087812188
0.554827499103993
0.558687002940436
0.585153179804995
0.431575835844609
0.514458730064351
0.5478902999577
0.417292831291889
0.647036977651352
0.30852012145314
0.457075625112377
0.508858459564451
0.597259327570023
0.5004303864023
0.29522935583389
0.584323201274335
0.418703902519779
0.599922743596819
0.382332067439314
0.550927733869438
0.607906516112051
0.604926214207881
0.519305849670612
0.508882587423016
0.573025298115858
0.637633536048164
0.557524850308898
0.573310062119154
0.57733604617258
0.593716626154505
0.622864743920245
0.381289594918816
0.51972583936093
0.605238653504631
0.371141575233882
0.497981252969201
0.571068801164467
0.564872928816708
0.652552576307664
0.583079702822626
0.610660803956923
0.41291334827066
0.643589190310391
0.609667892951419
0.467028978408703
0.613175769023728
0.497011844999731
0.597650678138328
0.5192547013201
0.427754160481516
0.238769081961306
0.594195258925804
0.478365265524242
0.599655951277511
0.574133581417466
0.289111178476625
0.540018686900638
0.627767653472843
0.469518878125363
0.554938820354228
0.46341091193237
0.556281624839519
0.23438812202786
0.607146957887667
0.507288134533052
0.398495567902993
0.30835902442532
0.468985373133142
0.532354697603413
0.438628903129011
0.541568099618462
0.451767267320233
0.583783489949723
0.652097821314926
0.581492158080925
0.590280322484106
0.628058764835083
0.567939551877023
0.527148268430457
0.574987392589366
0.620816375562638
0.634817385673061
0.490135788479383
0.482134842954736
0.534940589161956
0.391512014402362
0.538614463164178
0.515325488442538
0.65202663302178
0.330717167434555
0.623390281891259
0.407303402671188
0.643516766531041
0.541852804326775
0.601581986183321
0.496325040195103
0.593569325274507
0.511072636811916
0.592599220117693
0.646437727851106
0.543490025010175
0.620261946998731
0.626752919889542
0.575962084647715
0.626495985022477
0.551114430703177
0.604788261152872
0.651115401788668
0.595883304173962
0.64303977042137
0.486401186817967
0.548418602006709
0.519572729389408
0.370347855085578
0.650856444659231
0.51717676874945
0.508962471448063
0.580952371066922
0.511276346588081
0.616160676763358
0.495854934418499
0.490883041478026
0.628614774485338
0.358050167807251
0.563333020583917
0.486558819887981
0.361345216363157
0.474594509357617
0.558708372760107
0.230381028493925
0.609480635107423
0.411775313041528
0.489470321404978
0.418282942261047
0.44430268377137
0.639800311740307
0.552373851531294
0.503092260185956
0.51215080043153
0.648079680010151
0.64485998694055
0.441514738453477
0.437880763650346
0.36196538486979
0.5988809744599
0.567806418918995
0.310050060848959
0.588053295745767
0.602839498930164
0.652100546802607
0.48973414235249
0.450967092469991
0.637947904339389
0.613717977257164
0.589034438741928
0.562208175249092
0.479505890396179
0.606373162050352
0.596491107581451
0.449224686735481
0.4377607746048
0.525086706850919
0.520237432397061
0.622096305069713
0.146797028686102
0.612285846638805
0.344451555318256
0.59801847533878
0.509316932437729
0.419280316560177
0.47506646187283
0.549128478856427
0.640163833611847
0.652587751046804
0.638930086309063
0.559945294669095
0.413227608315261
0.567167265723668
0.645689466065357
0.128952123156758
0.555003448574477
0.53386805997201
0.560609258176432
0.567922249625829
0.64941276778074
0.449214202302383
0.390467275520554
0.564721429694986
0.57347098459623
0.511571418042261
0.590729098962288
0.298832770631
0.254891196186638
0.490095990028434
0.560097884397805
0.581216664152868
0.470689298087209
0.607741060202782
0.438433601028012
0.650912696339851
0.629979259740255
0.404690940036139
0.590179423439642
0.585556839112367
0.636597668399588
0.517321000909612
0.621928051476851
0.517167175934481
0.477247428643835
0.55270257684068
0.282630128595295
0.617726565243904
0.578450145701613
0.589585755259665
0.418974655812744
0.631041355314394
0.52391688279596
0.638949257122689
0.5340909302437
0.645105605612352
0.613901665958238
0.619795768742439
0.568624031388355
0.584769704919721
0.405794639008807
0.437806470967537
0.553520149727141
0.644831646914399
0.625080800740285
0.443324764564759
0.573279011394935
0.491779656059079
0.613645919561785
0.315409154138499
0.646170356143702
0.493013579039574
0.510081410095645
0.627336961878822
0.639161615566261
0.51636973891554
0.589734288319858
0.604097577878664
0.426237711319571
0.555793352039535
0.621485225439919
0.576681191295467
0.550479817413308
0.560467593675123
0.594966272235357
0.558002976840273
0.390315635899676
0.414885417396336
0.553858110435478
0.586102786964073
0.418264121518224
0.465110301255475
0.593764229144783
0.640851799159234
0.593817843800923
0.456326222984118
0.447046262042509
0.48034398441076
0.392350387704209
0.401380957104554
0.515639807805364
0.521429911310431
0.464833024266248
0.628968706246473
0.564279020423363
0.510120853254875
0.537978235463218
0.620698697583061
0.265126671096391
0.522831868334661
0.592471356374897
0.427182854048979
0.47267599343467
0.586039595062303
0.652445565759362
0.44905725915888
0.57586459747518
0.455964710553727
0.446548791275627
0.513965020275145
0.617465275302937
0.490345379344875
0.642835481887932
0.576573593530227
0.595390056869387
0.579183732575367
0.594541907105762
0.604432426536879
0.617722317412076
0.428356312442837
0.341213074221816
0.64012804243742
0.551975346266728
0.481694174654174
0.635338582947251
0.588266590192292
0.595215745067652
0.53896843612988
0.596996528893308
0.24327953393132
0.473498276522304
0.621124312342246
0.305406042911452
0.630539320228647
0.644730619869009
0.484141558803653
0.445858164517325
0.542823382616337
0.101347723663861
0.535486677431723
0.449829201670707
0.498425439824465
0.555460020732061
0.524061502679116
0.508085918073039
0.628215831000193
0.552283759047994
0.585025335757447
0.576947077299684
0.585719536848574
0.541397479059854
0.603325003180728
0.545824398937868
0.473051982862148
0.31890004208456
0.460682624723116
0.582531385412965
0.509995137490123
0.279604134099317
0.645590315629595
0.634179039584302
0.427076441323441
0.589222297467785
0.505675640120342
0.527727933987061
0.64491995333468
0.452043785530936
0.224515476651075
0.396256384881711
0.650622749768568
0.432209676219293
0.643966541353633
0.571879086428351
0.582246421305325
0.58949311651211
0.630495975682084
0.608474258883541
0.591005017714313
0.625725165970164
0.605828983436364
0.634467776480225
0.587601282747346
0.63183692739657
0.558147026149009
0.255455705910639
0.492378157099386
0.49091625872687
0.611953486249815
0.38620467472077
0.474254127692571
0.530299988502861
0.512052949448756
0.53732648872506
0.596269674999792
0.474675885537743
0.644869674971321
0.606768923452803
0.422485127981963
0.528723531634196
0.47524176835138
0.438031598205579
0.619324394810822
0.589278548686297
0.538852391249343
0.640370349927573
0.545035456590735
0.63823245111446
0.593369879514427
0.492634274955921
0.353723412536095
0.252181714121438
0.643390888945635
0.6254585518169
0.60078628378151
0.640035921269061
0.438400097095094
0.606862380289832
0.596672294380097
0.613368502253793
0.572160279989415
0.548622849957476
0.629971922460143
0.42484626758006
0.563207404523655
0.565396677810848
0.246706400040005
0.55833971700111
0.594705982529101
0.525838733868081
0.461455374482874
0.372615177645571
0.323716339709703
0.560531421796232
0.617317866612313
0.640491342954248
0.544658002481123
0.649900408938696
0.345920463535575
0.603309541810394
0.517397443500624
0.325449744904053
0.563822442341845
0.567150080806579
0.520828777628679
0.626639324664188
0.56409999969488
0.320549675944572
0.491430470177769
0.548676690501336
0.390297875363603
0.624071486120754
0.580012747211778
0.510136054162232
0.504038920528627
0.571213488282473
0.530765632032901
0.535794444443758
0.49248408877237
0.508586160891671
0.610275992147553
0.624689617673666
0.499602339416111
0.461536459811595
0.421967250102012
0.502063456401458
0.49365668544829
0.503226164679806
0.589281827407652
0.349574288025064
0.552683488306861
0.468277204327526
0.523548159254914
0.650770724321043
0.535014059832578
0.376428872217006
0.604970572822589
0.300948001163822
0.630878458665095
0.559739613164412
0.279509560507691
0.545632233832362
0.232593860545085
0.593893604590024
0.564084021246637
0.519447702436969
0.524384750645847
0.572807072334334
0.377963470404902
0.607570126518621
0.442730722878833
0.632100011806863
0.509395920208411
0.589906579398203
0.603753233700216
0.519011458180704
0.565767093219924
0.650601482819551
0.556320991148008
0.565873735246653
0.552374358157824
0.508551998315336
0.489756589345022
0.38866741641569
0.52290939098214
0.530962979229097
0.567248633595512
0.502409209131057
0.57112058614696
0.552391573150882
0.25134463498897
0.647912331046559
0.569150677704886
0.453783527389122
0.483758346683145
0.535886075846503
0.553178433411548
0.408714341530277
0.595242759190834
0.634549861153907
0.615414177129545
0.62953007971967
0.368883565212095
0.520952077597953
0.551385869299355
0.325994934610079
0.62495392540689
0.409205542162509
0.472294195732719
0.534291625081923
0.605332766151582
0.564019195526745
0.563029524613357
0.440485946995571
0.316971029422007
0.623346330473441
0.609421334088547
0.619151857509414
0.477690919343781
0.582725377056688
0.604751949388722
0.389193965311243
0.465756678067484
0.650198039041393
0.489055581480015
0.61410593086884
0.614377670273559
0.466295060249052
0.363363457012693
0.400369561821192
0.266454029128737
0.459019633169305
0.511921609193947
0.63584052063092
0.517692062070814
0.59024283228401
0.332043016175262
0.581660493297517
0.499658405787625
0.406287995376062
0.629953429020884
0.558500670814428
0.576963474749914
0.427016757773244
0.648669926043492
0.550236160905281
0.518989353233412
0.595957929710212
0.577131234812483
0.571462202503512
0.261271473318278
0.642298934720081
0.643221392527065
0.160603942839806
0.551197563485497
0.543276124705467
0.439646353426863
0.606138784586654
0.485821773216112
0.489028649949202
0.290723737742219
0.649348497185023
0.619534742405154
0.500591120505229
0.293318848527344
0.645615920506962
0.488319409560747
0.580117515402085
0.606353237649713
0.386311061771825
0.577261191342816
0.284732603046199
0.495318714553847
0.624509084558921
0.416072615077584
0.635522950918703
0.441100496554958
0.532470351032399
0.562531234490335
0.318815116599732
0.50315695545617
0.597582878532553
0.571584817005621
0.439102827955913
0.399365593331241
0.541765373570425
0.539593786045096
0.584226281252014
0.464408827923799
0.551434566748419
0.576721619015635
0.500260091027361
0.562490718455268
0.47515620480048
0.565189273116613
0.548788692606177
0.564681896636308
0.517603372162588
0.581345953860078
0.416520202765056
0.619911710689108
0.480755613451577
0.331305844223736
0.60297312523399
0.598796210465986
0.412284510665615
0.568169328267824
0.572907804212856
0.636994360071567
0.649347952503198
0.592007959352994
0.330983165701315
0.487587475108922
0.509544156025672
0.505789587117393
0.62730050975911
0.213538966391027
0.358683563776883
0.495736856632995
0.587462798904689
0.25408856422999
0.468865218036009
0.605388036446783
0.425437687340135
0.579933686634807
0.412273970587452
0.618124185627197
0.543174744320632
0.510770639855398
0.502978475055699
0.323395894418318
0.517143154774121
0.633158928871634
0.606930894708174
0.627479183604146
0.546152647729891
0.604761295160282
0.363514396488623
0.576432431616164
0.606393378731355
0.562907320454641
0.620579534971599
0.570166392796349
0.634825441884737
0.630721968308698
0.569489093573702
0.422811355945395
0.620000358746196
0.384586487606222
0.635708127421664
0.534247442575822
0.645063718562276
0.400337024254698
0.643804209368654
0.565170543273323
0.438112968862638
0.428157499792196
0.486429425534515
0.552394482432446
0.615168085162053
0.573456265606429
0.324236623385041
0.644579830702302
0.459735529396877
0.629237434272184
0.65206570728861
0.540561870904609
0.278842666732444
0.644527056776522
0.575940277230374
0.58809385974764
0.481417875085705
0.538582668851307
0.577851470180113
0.37784693985995
0.619453452498688
0.595154552926001
0.580229456875887
0.591221462408063
0.65243113073448
0.600427253488051
0.504182888655983
0.51415744360676
0.651249562912903
0.571899605576313
0.569640779843393
0.33200752630354
0.612376339413524
0.425626356818617
0.606091250374651
0.566714156639656
0.291041307557279
0.374804291855612
0.622129339285382
0.421531535728499
0.344504699882813
0.480950933969489
0.350363144905924
0.554631136644016
0.633992975452028
0.44931408730157
0.649785336217463
0.594500237784593
0.598837899676501
0.478734213406949
0.359916456902992
0.522923657171651
0.528516254024804
0.576221724936873
0.413746291751479
0.592210942205058
0.542611250518672
0.501860812570193
0.638324052578391
0.625171188352323
0.485216005591133
0.334733887926326
0.544261131422892
0.547359037933967
0.595561615096591
0.626193346844804
0.428751581566252
0.65285838863214
0.62990408281839
0.464633979312539
0.412570552399772
0.547877643546884
0.524951907974627
0.650589700343211
0.542475467603425
0.512799921449363
0.601358427527126
0.501565562710533
0.565341382825738
0.64212267382618
0.592558594650522
0.646442971541341
0.424186910422581
0.629099959925398
0.55705478567699
0.622427250664438
0.562624256818851
0.51428267972474
0.602244972788498
0.478802093626317
0.423707184504041
0.582146546050732
0.476393950908664
0.279926100402751
0.447458020076387
0.645762538769657
0.398219331878867
0.603829615824753
0.475782811527953
0.63069287249755
0.566445898889086
0.646665676314025
0.580867324332859
0.503253178188498
0.623596295405423
0.32343178817044
0.462410097941361
0.63676205313997
0.620017445479909
0.487895933089436
0.65081827645859
0.617234569383388
0.356118445722069
0.569058628570101
0.611757933468556
0.584486309903924
0.275503445518782
0.645783942032166
0.390794370229305
0.47583781011058
0.582830639416299
0.61317714878769
0.561893975284404
0.564856700662585
0.624925285543475
0.564454955667199
0.374084535144638
0.597120743284167
0.467064481262976
0.607325821775362
0.471387286447158
0.588107784950419
0.620348266330448
0.610832656803295
0.551123827754601
0.532733153714933
0.565246431890526
0.339187484931899
0.409427454176847
0.443244598879217
0.615229623576281
0.575105527081111
0.389737881230069
0.5094352068908
0.567062946415333
0.617907380445748
0.574054515158261
0.55262871390954
0.596504103149747
0.576850100563612
0.598343082068438
0.60974898378897
0.564631008284109
0.6193976867907
0.578415402496677
0.534134978171921
0.647756267463837
0.625887616864116
0.541684581635109
0.534949239074588
0.581327546731949
0.596092241774012
0.530869212140184
0.610068745672772
0.525144762288133
0.55495220729406
0.34224260609055
0.582063815868291
0.636342118908689
0.634333235312422
0.504725187945954
0.632453504601816
0.619848887249282
0.50383896866516
0.534473441680166
0.401808989797549
0.429215724417782
0.46358149574778
0.411201343974769
0.614406591003495
0.590183410664335
0.622961959717117
0.629541391914066
0.404580637860923
0.355210607774004
0.461047710280993
0.522943558871807
0.517607434456011
0.335691624544062
0.550606669318846
0.567046522080776
0.641807998702866
0.599445440574003
0.440309107551653
0.635992384901807
0.616805985893104
0.479678981694981
0.555323771689405
0.634284071513763
0.483554958915756
0.479324273511946
0.114758025186674
0.573349548280258
0.579565725645603
0.593150995222536
0.220857295334029
0.518408979574929
0.443163640469568
0.575909319573813
0.46889055176443
0.454812924761579
0.545970322629598
0.531038602693809
0.598902812999179
0.546586896603944
0.589375450645571
0.630477396739484
0.570302083310473
0.592843356784183
0.506612386891242
0.623760347739984
0.565174477523894
0.644748984961614
0.481436599529072
0.538594723228447
0.641822688779057
0.552806408398343
0.566424711784853
0.623947303403321
0.547965679678964
0.61534139909284
0.38328058446277
0.504388301271891
0.596858948568968
0.603462620325614
0.573889338394566
0.454628123311537
0.62443148962775
0.363042715671609
0.524463482877788
0.437225742594794
0.512340933931054
0.567304592191647
0.553486227807326
0.579050619869508
0.426702843667053
0.506201514124478
0.513731703502237
0.602391006928893
0.63551788442948
0.606729038926456
0.619944685367317
0.336355322028063
0.529872675092313
0.5214287232606
0.57947193118382
0.556770308830045
0.440734907115758
0.215651844610431
0.514360207154547
0.494931590140969
0.433760112537536
0.551543893323609
0.614371826409938
0.381635403655973
0.618030718987597
0.438981327097537
0.639740410547503
0.49126965459127
0.584008227508604
0.495548800724813
0.635233511933491
0.332539731030235
0.450959368756557
0.511129902404671
0.635176685476508
0.481247308708877
0.55711410013194
0.635072617366811
0.417479257023015
0.494853589986164
0.651065752693546
0.545549072026323
0.470165925035723
0.608048057817154
0.560492561992536
0.509178307265631
0.650581582460884
0.513036283718317
0.524935757843564
0.609996691096743
0.64958978554019
0.344284140943108
0.585337668462274
0.513852437807075
0.56614251804676
0.60878561832889
0.61136018361414
0.568813065473121
0.591432348907309
0.477138200248532
0.623712350428587
0.505557268947912
0.645966791437029
0.651185276206683
0.648659135291107
0.463051245469055
0.621836570944286
0.581602883333401
0.485032031549062
0.456809756502022
0.37037435109156
0.416032444250846
0.581972578427135
0.589108570511393
0.626272362282258
0.48008395094874
0.619122548430361
0.475269352380658
0.549595373602435
0.35356543100386
0.593045172797292
0.52303257446023
0.581189955601821
0.536362407764229
0.565654932950374
0.3249067189333
0.441988539708282
0.53367426844844
0.652173434461233
0.644672403867988
0.444916636664341
0.647963655172983
0.626268907049655
0.500076891303759
0.600336023746261
0.571272347201072
0.413613962868858
0.31195774659505
0.580186518618647
0.540294087757333
0.409835936454805
0.423300486822783
0.651409459671976
0.615287541885495
0.504212319439104
0.306629213892648
0.363965741103719
0.441754506656476
0.604423372283919
0.528645340290075
0.584852933890933
0.509810977975299
0.606510229232579
0.512699771873915
0.558936490000206
0.554122998072395
0.648072901302847
0.418559343620237
0.425587416827985
0.508971785473095
0.35421185486656
0.178436227812137
0.631260564873507
0.56818208802889
0.60201054472667
0.423322790941955
0.42817556121515
0.566511984465991
0.243681109820022
0.383850158859308
0.579246925757351
0.592478803744454
0.580954017672091
0.547605785404799
0.477339903275867
0.461338052819073
0.572621524320282
0.540304970642495
0.611044093161482
0.617439790881942
0.589875811904918
0.344646540779768
0.463841871391542
0.602216331190253
0.581174633145445
0.649837986855394
0.569485976050261
0.599744054326936
0.408269940076808
0.595309419235764
0.645654701712401
0.591097153010032
0.630554042584685
0.509482772103275
0.526916397344406
0.631443010366556
0.598057390669777
0.433504497408882
0.520885951227909
0.503949909593347
0.452372326301667
0.518388207765312
0.475970505439243
0.51189400143851
0.652126153236632
0.398343558838221
0.367775600962184
0.587510817806295
0.54199315465758
0.57307201230956
0.615278735986034
0.619453776570467
0.633703093472978
0.514943054376672
0.519089463679265
0.60322977093024
0.49436710083533
0.554453149635592
0.548968212384654
0.268306065102168
0.502542073504944
0.59471575061029
0.48004028209525
0.649332567989462
0.647026878299426
0.455221250502791
0.591944665777747
0.540190176656635
0.438097242160753
0.561469213608554
0.372533813601086
0.590291145281021
0.63981104735575
0.569575777835155
0.646286671753653
0.605453744735864
0.460510796954506
0.629383980658532
0.496331618121586
0.571396592496077
0.490842399867996
0.51325715946329
0.627841729886448
0.412153932926715
0.643925802392803
0.520177616426766
0.598775377580768
0.55673968241005
0.555869584102154
0.259443303848665
0.503099327284989
0.566424486036883
0.50285427272683
0.146460410003961
0.45397980927066
0.415407500300095
0.570883149299283
0.618149231506944
0.61858984664609
0.584409874862878
0.443601369329673
0.568569241685887
0.529380721495531
0.559224652506115
0.402520762455863
0.551252572049279
0.395265260901381
0.309164097347077
0.637050479727863
0.560606285814687
0.584654264064992
0.636772832955275
0.602036467415402
0.539291178605144
0.520399712398316
0.496475935918761
0.453479415544958
0.469539834554035
0.425803072101213
0.588851361999969
0.594483973930978
0.383649802310196
0.304242522983074
0.479348167019139
0.469745701432735
0.511050108458989
0.445106158299663
0.560891699805134
0.470493473266714
0.594441152614718
0.574140648369727
0.567505664591198
0.583182617171431
0.306122657748524
0.576459233212742
0.608671346148145
0.563149545946209
0.651395227507736
0.626449870363188
0.551987453577094
0.511757577760544
0.586432200561021
0.539445571206884
0.534225729852902
0.52552308085754
0.593759903584589
0.652927095914656
0.642701346568513
0.55513134877163
0.576014898244545
0.603005617079406
0.315857376139689
0.549156352581228
0.338324993186071
0.475838397361195
0.578800313522863
0.651430918981102
0.503736207586278
0.358137341973786
0.36482269986745
0.575695971890336
0.4158131087186
0.56530788560578
0.459403023885989
0.457059378909399
0.438255323906564
0.386713180711601
0.599690832709211
0.449780528514439
0.562341513999986
0.607380289442909
0.306361025119666
0.500411608348387
0.564215027361714
0.575303412041606
0.503159004137238
0.584959884323992
0.368691396921508
0.644055083268157
0.536463365709337
0.346531312087205
0.558906030498544
0.565493576714546
0.493392217129837
0.601249117493636
0.50540218874505
0.572054730064741
0.535219141706459
0.586879186511772
0.452778391275065
0.558799546864828
0.527474221112244
0.6385731692512
0.649913441020063
0.50648438684923
0.537457046637327
0.432715140687588
0.593547393104028
0.507404053198929
0.522268466985348
0.626890614337113
0.418468844711125
0.64103164329209
0.55877632765799
