0.477248436278004
0.431688602454049
0.614994645968752
0.60336224953667
0.583357562234653
0.511009787284208
0.600487445963423
0.648256659649165
0.508249383179705
0.193994782201227
0.595102388826501
0.580849673802234
0.637549569837347
0.52474952304198
0.569268789552258
0.468476765746988
0.528127211426245
0.377874823978813
0.519221417122301
0.374208407229127
0.497772628454735
0.64329477158848
0.639434351658296
0.650591152720266
0.480307665715929
0.557553929366524
0.449393919177804
0.642178562205223
0.483825960148744
0.593298979661937
0.588187971705656
0.55816200163239
0.629191362147174
0.497341013032614
0.516787465869867
0.467418991797427
0.499575957252154
0.635500593809407
0.649011258428996
0.463149836433573
0.619199018467139
0.507481506078411
0.519938149961547
0.609437006434402
0.531949156575625
0.477585878433628
0.636585765642309
0.629223115624145
0.638802027376094
0.617649483736288
0.634668841331578
0.313945439672016
0.516210730719556
0.354591446673687
0.61053819604557
0.62533622725243
0.560212467211794
0.454761643718993
0.458730139963827
0.508967186042614
0.411520308743837
0.627178073202571
0.612500157077997
0.635496795682483
0.538712716790539
0.425385399594184
0.603436064229954
0.589167152441343
0.61628274243401
0.330524146909365
0.563752280799379
0.601975552675676
0.570574874374782
0.619881360378327
0.587127108430444
0.636582380422682
0.455216013695604
0.603883810290857
0.467986984475118
0.609448453862983
0.538549419148994
0.575533334299982
0.471818834562161
0.596027363551504
0.559612870095715
0.516958833661326
0.396914315759944
0.506164305287856
0.507082240195038
0.39096348747489
0.625079934158945
0.651742482581312
0.562688169296234
0.635063984765958
0.635445397055907
0.499407890337948
0.611265598668014
0.545662584124784
0.620246616785447
0.30937390960771
0.586907506022561
0.514724170508032
0.609663911667648
0.573190109669747
0.573269409630922
0.529224848789571
0.543914370854163
0.639471777745249
0.431291383485451
0.476891048278188
0.593314891078846
0.647144276475198
0.583017044787812
0.527601537220208
0.597412674137838
0.603773488714333
0.543079785677277
0.574846453146522
0.559712399212036
0.541937799275634
0.416332780545884
0.595453702710809
0.512963011181289
0.602634526356818
0.603131064354987
0.574924122809576
0.557428586834443
0.513334698212297
0.569977611101302
0.506494201368389
0.610478275498835
0.517551943650191
0.637620808386673
0.626889291027663
0.57844322301056
0.592319232534112
0.577136583163324
0.628378029203915
0.607033288814642
0.613290590317693
0.636426780634304
0.370915347237697
0.560307533345114
0.567239636935713
0.585457460151907
0.541965997956422
0.518988887096107
0.611961848690668
0.579585124271206
0.589278955773957
0.631068996873585
0.534668894302221
0.501054016394065
0.62072083119644
0.589435326736381
0.419852297235389
0.604976625407442
0.559438422255904
0.615946789962336
0.500790749813821
0.482104662873962
0.414156992713756
0.517359719773247
0.651770031010825
0.487424028385541
0.539878339095731
0.579924101669814
0.641792595371889
0.495442631568452
0.580785719920524
0.548467111602994
0.611120542768705
0.508958627088109
0.590378543478763
0.605233882260032
0.544229346176491
0.63120143142468
0.620229848396175
0.511540644628024
0.617755026477839
0.611908641502405
0.586175807474478
0.602003083289285
0.586605730665294
0.621166520950528
0.511295498870471
0.504893889875093
0.583440795098283
0.474453182663152
0.539659611746822
0.541109618322798
0.546740989002311
0.509896270414642
0.612823182705795
0.456152123255742
0.539218016119261
0.624488356614435
0.550403450561901
0.642160948569281
0.622861828106285
0.640300636458567
0.595449665566741
0.625303749438519
0.596728909079355
0.618114741314963
0.450880924474868
0.503257138789279
0.523729270169076
0.540919299795637
0.416579423762687
0.435895990571791
0.623886906622723
0.299274444105348
0.460708634944958
0.370017119702299
0.58598977939925
0.603569537020802
0.468415283277626
0.36284656964846
0.615193607305496
0.596808419638002
0.552628410333769
0.529684659823871
0.62997007023084
0.433029473905016
0.603701740112613
0.638364159471951
0.605327053920021
0.473507745874955
0.532024368185708
0.627095161198823
0.575977250946981
0.533069369284739
0.375797695802931
0.356793905618883
0.62293255001294
0.62010641089236
0.438215868288821
0.548562224263398
0.490643530298385
0.5045015259625
0.577875019910773
0.440655902020871
0.594479778300514
0.451296386467206
0.486651346668014
0.45793228818728
0.651443188206093
0.631754271625282
0.645480801728273
0.626600818141439
0.537482031574951
0.50575726178094
0.57807642472711
0.643719382467061
0.563062576375906
0.641054210978464
0.651111378498344
0.454101036833925
0.546612969231349
0.23090155544651
0.584836240297864
0.514626952449049
0.522572618160839
0.590016226803996
0.542870658175
0.622138252713215
0.553707155000018
0.633225832867624
0.516628421264458
0.633818291361957
0.61130541928162
0.636578484724656
0.623631052985183
0.60346069019704
0.625569503537056
0.408799755011767
0.559980598414583
0.624095847893636
0.621527203121143
0.64614707733232
0.515797233117936
0.436496540652086
0.629406416520404
0.645832075859481
0.64855049413175
0.628880967218416
0.480081950736603
0.369483892308001
0.636693206851879
0.651491538182646
0.447759951949322
0.645862907291718
0.596513675750157
0.585253247705001
0.557964930768849
0.590677717078935
0.579527476793614
0.385035568935191
0.530845413138177
0.649901769508475
0.63610441163321
0.5930050068861
0.513558764207261
0.626787655220642
0.583640513794784
0.592222876604104
0.620217556976729
0.53623450717452
0.643096266617689
0.407215436703947
0.492494208905565
0.64384659890063
0.650676524567709
0.51181119841719
0.60438287844189
0.578656055713732
0.587514993541436
0.351643211926284
0.525147606314687
0.633225003855722
0.230512757328391
0.559046042751259
0.479106977947851
0.547452395985272
0.560132779974752
0.523283994057942
0.589540088691265
0.621269839502529
0.630769787342406
0.642769262166968
0.594129151680968
0.420056720280098
0.530893887952419
0.652764212294451
0.470025501967576
0.559937132278678
0.622776710031926
0.64047567640503
0.612564975554705
0.560744842539016
0.545189411024017
0.500938911882706
0.472060493836309
0.446563165595787
0.624074543949584
0.634268948891885
0.638844409153727
0.62527742212909
0.553285822280296
0.643625699642076
0.514788017420036
0.648802122499024
0.510775281031211
0.508935578806227
0.468922635631939
0.651311237614549
0.625516135301645
0.559309000740599
0.539348628068798
0.541907056999055
0.493697967175254
0.251888253064537
0.622801594307351
0.608349617159293
0.640396630037127
0.593352691491422
0.571749299427461
0.635140362122439
0.648023110848107
0.323577978102143
0.265161932921049
0.583568212319195
0.632174614616418
0.598341429135066
0.556297314843581
0.56640833526735
0.508158982184255
0.641324898252156
0.62557047035724
0.631671286673454
0.258782686074625
0.501111847068478
0.553307394577069
0.551347256155215
0.469148710784719
0.510394546791342
0.59177991037116
0.572702628502424
0.593867136129961
0.636080684382601
0.609004226341816
0.619334235273161
0.489427845976084
0.527522928254085
0.451007933325286
0.592207064663564
0.598706864380294
0.551627965291081
0.418284562633296
0.641138598129502
0.622853489435746
0.60342106874512
0.57391985521812
0.478676284385926
0.563766341798044
0.440476993693824
0.53950884396099
0.468898236966097
0.619411581089396
0.401840309255473
0.504663022611838
0.621359534630214
0.643267718526719
0.472587717933898
0.567889321063542
0.447147075042743
0.611200376836787
0.57132835005126
0.613469472956862
0.637503583654152
0.637106087484262
0.548072041783205
0.603213431140667
0.595375164240225
0.595334083192912
0.381866554450199
0.599174587890311
0.65111303457788
0.51507472864683
0.508437638439031
0.48941904839784
0.527074376606431
0.609259404429224
0.531594469134304
0.596188131546022
0.59743556780634
0.572400669197352
0.573697066841271
0.634683093358074
0.636189365211301
0.609021077650542
0.427302129697446
0.465653000833155
0.652197573921964
0.521673117889909
0.408046625222057
0.54850982027392
0.48871990526769
0.591352957245292
0.644295890395626
0.525967405726586
0.570514713069887
0.645940142402614
0.482409729479399
0.618710285435718
0.587475755982704
0.560653436745979
0.594734167501055
0.62266853377802
0.476330576815954
0.51207543795519
0.652000711159151
0.631572748501453
0.519813977641432
0.606744007493769
0.511753697965473
0.517714958144285
0.526621866700061
0.577922049690066
0.413663738118265
0.629690568949839
0.506301297766371
0.63476945151856
0.569078643174861
0.628121423660553
0.554458249648361
0.629717069916705
0.551900274105197
0.605353867553561
0.637406512392259
0.617124661012352
0.426527317746468
0.575830565369678
0.560434435710222
0.508453376011062
0.639128530468186
0.572518594433607
0.470687015640103
0.426878872423202
0.415723504884282
0.59971435710471
0.637040255562513
0.634210124619935
0.442724508470978
0.647150896771491
0.604321768403552
0.456710163824563
0.5830423062298
0.501056815965347
0.597573541990803
0.606320843442019
0.624468526352173
0.444295347634571
0.543548441224692
0.531608064416711
0.567464852395363
0.606280114132089
0.594085556053299
0.541188657768855
0.615960789078228
0.401731913875094
0.62595418153978
0.555776305061363
0.4770165717658
0.650657604216255
0.490703916399371
0.611112992533848
0.606102433721374
0.453609359375846
0.620914235277965
0.628407422942638
0.590589312262185
0.627589137092373
0.468419906627695
0.330605156627221
0.573551206514596
0.596042497202072
0.54057300871
0.482879406068491
0.338830773037925
0.439766242818303
0.514573985600468
0.626067686949138
0.569629191604071
0.606311497723201
0.573686614738235
0.552635825631267
0.487399869656562
0.386051591811872
0.587439211407644
0.614049044047888
0.624157464159932
0.385077603756716
0.642064447977442
0.572779664901182
0.641087446651345
0.506366133741026
0.501877219157422
0.375206845386805
0.511120005384256
0.393421269451181
0.557371350110332
0.551049536378796
0.622865020821988
0.607289625602112
0.590558653969597
0.540161555271271
0.615706829436915
0.468743452953717
0.590919969203823
0.610702816733179
0.492182029819047
0.64124903390285
0.614392520631562
0.572477474961736
0.567875891710353
0.50421744203546
0.623673553390537
0.354052291938324
0.56074054516387
0.598057537416721
0.358434990019649
0.484360162310045
0.549194318410336
0.549209121550413
0.592731708606042
0.43040077668486
0.551473117078809
0.498781580386771
0.522251335959001
0.603880082691173
0.594977464390055
0.574687700488991
0.607884823930261
0.612495811854068
0.57211778123989
0.636782792097716
0.43461313101929
0.618883040627304
0.593168472170647
0.620261584422049
0.400113677898564
0.618960240187807
0.619545064928394
0.614119719000743
0.594190385313844
0.370725931695428
0.570930152153972
0.482803865752101
0.492361131959156
0.51971839385334
0.466676613853484
0.650849168808009
0.623137741896794
0.49877854653576
0.580337885527724
0.500729625223149
0.465513562224997
0.60543283061722
0.544239292062005
0.605121158851395
0.566743966519478
0.606320394707785
0.523227370263304
0.522102358890067
0.609820914108498
0.543517327613105
0.596179472621668
0.566671677076193
0.476567212965215
0.558536531688608
0.561448267152134
0.385006661093081
0.606565600499617
0.572229718037705
0.645449076633971
0.585858091940983
0.602366739571393
0.652429104391812
0.551438336387596
0.554413469627165
0.46447866208616
0.577866622594167
0.581288000076591
0.617997537051035
0.44737765842933
0.608417291772235
0.581820988647619
0.423591626441682
0.626566713500184
0.568071414997069
0.551681524939193
0.631695218318995
0.637523434152099
0.445266775058696
0.582793466978826
0.539692377982049
0.448229389115158
0.608999035754625
0.608445430278142
0.532312157734433
0.599461188028668
0.484644121808008
0.630590365310934
0.622254983381357
0.577553414446606
0.314809211967864
0.571014030120071
0.499051466968381
0.567893628146939
0.616344234904431
0.501665799955485
0.589491646933478
0.614457267794357
0.622480487185346
0.60902212226917
0.491002567793459
0.54309133810017
0.553700493047643
0.498063189133958
0.513628090218325
0.650165037737645
0.469930314326089
0.520987517119852
0.647104471026083
0.494787109953289
0.562685539016816
0.412411863899195
0.558289134427705
0.476100578383226
0.493427193987992
0.478021951222226
0.593026951586993
0.518665927838393
0.485545526072291
0.474990600676414
0.588716241447044
0.569554232555868
0.616612916587667
0.555063354476862
0.588373920925461
0.539848390744138
0.646821461312867
0.449495869093021
0.564250774094407
0.548439264971359
0.546806347104739
0.521460694735829
0.421129054434372
0.506003010490558
0.647893035632035
0.502597781266818
0.595806236922795
0.63291934399638
0.488040325683786
0.57248544192686
0.569985261478389
0.64113340090341
0.534724702049684
0.590860648560336
0.54330265452028
0.624634356168864
0.608640661120067
0.55429637616026
0.568124598336839
0.643408430833032
0.465851129600866
0.637379044313475
0.587275943376656
0.543721026352029
0.442729646619538
0.588962799346689
0.574094684422516
0.545145938972311
0.577538365147197
0.648554547005242
0.620965422171278
0.579820988332814
0.322705424490747
0.512373711123942
0.531844949814196
0.573666344616142
0.614831594800337
0.436407539384382
0.607226445911775
0.612243166152651
0.386549062599671
0.408665943786746
0.523885288935886
0.606152945123381
0.590825143327332
0.638767097917334
0.645634837141504
0.533117983802492
0.390629326765017
0.622299421015359
0.631982228199261
0.615953226899701
0.650150290815897
0.570842154439079
0.602201844380732
0.64660892318572
0.652124196773568
0.579235434079612
0.506592851223489
0.621221751319348
0.458835981940811
0.496313554136832
0.627495540285704
0.615265939646469
0.590966139603816
0.510961494979538
0.63797461264364
0.179397801170299
0.427847638370308
0.344413857928395
0.544376644471209
0.501533808715416
0.641600982367767
0.625587163404636
0.613340294039841
0.592378215067602
0.650751492910841
0.549786038599256
0.629908102844566
0.606839190608019
0.65041837428157
0.629804308463196
0.532200004304069
0.580595479871552
0.565026140309273
0.619814454312997
0.526210179008924
0.470984993794225
0.652869887829657
0.536595933423833
0.545853896757143
0.614077806485152
0.393026657435584
0.39570882975297
0.599877523570444
0.552547033536601
0.63084084234061
0.632531955125427
0.640773957747264
0.458233344294721
0.642443754605417
0.546840685269816
0.628641703892792
0.598817270227725
0.561753988301003
0.577117273471257
0.59629152828912
0.61438632877207
0.46974077657501
0.273236729449474
0.515465307405634
0.626817654337267
0.588413501842228
0.567091175903138
0.514280399114397
0.620480736723528
0.606574949367847
0.545417837617927
0.647893863025104
0.463829271172885
0.62346153782714
0.545623932156838
0.605476447042205
0.368319541528474
0.634739717031131
0.402391390563986
0.424826356719133
0.285298716367573
0.520248718056766
0.650117922704558
0.534467339251732
0.502601686214766
0.62476608059022
0.420050970080097
0.552387997928566
0.596966395176627
0.566144372342154
0.625124721425227
0.643382667649245
0.608032277319663
0.53030176363008
0.617243939498215
0.580750467887894
0.612195352328157
0.505275190379794
0.523414109538397
0.305282101674736
0.610859497528327
0.621447199368961
0.458178702199601
0.546871256911815
0.524531757200045
0.473476120622143
0.267123522010104
0.523404606099044
0.619032456117816
0.507012845321068
0.622460784971591
0.548669952063237
0.513763288017586
0.593119736706118
0.372715759101041
0.50501077711355
0.531393682199668
0.650321782573237
0.487480454122167
0.587106035226864
0.614031302401685
0.621735187875554
0.602088571894459
0.647496653334193
0.622831939788385
0.46735968506262
0.629807048096853
0.404478711656346
0.529383800425527
0.586485649129072
0.555298017833054
0.529692467496215
0.609244075529035
0.61963988658273
0.596418689467978
0.5933629694627
0.595796609562213
0.451950561934753
0.649345454359588
0.264225735220349
0.498680668086482
0.652255834980999
0.616235005243926
0.652488615344218
0.60433626272779
0.624427566884536
0.641288998357948
0.649719437572236
0.261618982575775
0.442794949616708
0.550217280277594
0.493381103425582
0.510332335136873
0.58292489387881
0.641565284737582
0.616097664567064
0.541846473917233
0.612197630317654
0.412892329501602
0.544871078536324
0.649513666550641
0.392528852099182
0.53681783547092
0.558928824015982
0.63990932393217
0.598731505184387
0.511920137284853
0.540429298113013
0.598864983388776
0.492604502806411
0.254057200383228
0.474742441806809
0.499647510584391
0.635250133998015
0.572913655298416
0.493581723216603
0.394040205169049
0.559088413253046
0.554745400283995
0.600834166082039
0.541821689028355
0.646934868542583
0.595353070678198
0.636753653352646
0.607413520835024
0.572887219409585
0.553493569954305
0.532122526811477
0.648055755758224
0.65266372328365
0.572434500511531
0.565250595789942
0.499489595517214
0.485857395817372
0.609756184842143
0.523373098738858
0.513752230601371
0.641605794061578
0.559184342325426
0.650998979929363
0.203128033895524
0.55089457301039
0.589910698805229
0.426968635252322
0.51745335754273
0.417120613430572
0.562020032053949
0.407536069154624
0.51595444309758
0.644932977144719
0.608238879168308
0.645161304063292
0.3874750378939
0.421439207662678
0.651926603327611
0.584677812231235
0.613551178193668
0.578938313400675
0.652208346405719
0.570998709370676
0.590860713965274
0.551842112465831
0.597635998858852
0.538413178692558
0.590368942079001
0.564986317714479
0.404855970759709
0.625503323504562
0.548886238739636
0.619602976407436
0.602966214780677
0.585381594587288
0.471795283693853
0.471680735178663
0.625985895076481
0.48114468057944
0.559408697434193
0.611671033178595
0.454991522556619
0.563215805480129
0.595226961405372
0.651924426949207
0.636238229773102
0.613096236275268
0.547905548656717
0.554490845506022
0.39745840685933
0.45566755829469
0.582922628202131
0.544912935434594
0.595081311608928
0.472777643019432
0.527521934925686
0.645815410860547
0.596480547035688
0.473894544532771
0.633774103676438
0.535850292770696
0.581809780872166
0.54269643642097
0.578942060805629
0.519135446491164
0.607116707608912
0.645823037602933
0.549695505259481
0.608254795228596
0.440448201702983
0.502935633320562
0.473340574210017
0.492445591580747
0.506609668074079
0.646436582278575
0.533605488744474
0.5530695156305
0.583993995810204
0.591474698017429
0.626746986372965
0.592397305548627
0.451707844312426
0.491089408176686
0.588563517138044
0.525919242622377
0.576910382487408
0.634258001461474
0.608937593376734
0.517649380084917
0.572628918981902
0.632159338467249
0.496921305637829
0.485141304983047
0.562737833015618
0.630447302390531
0.650691297633132
0.55773461371492
0.620135145775435
0.577310103072461
0.479766128084273
0.618754464238777
0.583501623719134
0.580260983691146
0.600869215463486
0.556442585249874
0.643479323716405
0.539368759908168
0.587456461986004
0.617432831013323
0.510100751036302
0.42383641206012
0.652473053846636
0.621678178334157
0.592015111280484
0.483915976052247
0.440822000791546
0.505307830990299
0.525409966099138
0.628010932261833
0.421946210127394
0.349775046530721
0.422682621416872
0.295954832078099
0.480960862806034
0.578978845993895
0.64852954189764
0.644117259606717
0.604682290215874
0.649247418619899
0.488688114378638
0.332365921752321
0.635960851275047
0.602522380083253
0.51052573142936
0.591529997525108
0.48860357295154
0.546849832451615
0.492829491450191
0.62916164243748
0.412600406601463
0.485673752717707
0.389747937062535
0.578219309343169
0.624603250776882
0.56599944409261
0.616309928176186
0.40916357990448
0.645025000445471
0.634379546400123
0.448194323696555
0.605886688125227
0.405189627271613
0.276643751213769
0.439143725098917
0.610939381669706
0.650518684512935
0.622850836296602
0.452353302515839
0.49960679499145
0.548674531875566
0.586261770629168
0.607016239358068
0.623196264589649
0.393800063621113
0.599249511768191
0.586989412910768
0.597261023638724
0.519837628437251
0.48391938624073
0.367441170264912
0.522667866662155
0.439313022536949
0.61847466942685
0.642036241768952
0.622551732814799
0.273450354837737
0.508193496097057
0.627955683501729
0.500976744631786
0.651385193833054
0.598077135282628
0.530004877361705
0.576639219148874
0.567021794561273
0.426177755880315
0.587965673877127
0.450673275724941
0.605839977484739
0.550872718868024
0.648622597528652
0.624575171974064
0.576301869189229
0.636257764270686
0.604536247891825
0.450826378803733
0.514051180750515
0.533043188992962
0.420197392332885
0.476837238072219
0.430048715358522
0.646651523608123
0.551083396531023
0.599651287205839
0.63559814136507
0.627887282988623
0.567424779971626
0.53355595703857
0.621851920235949
0.624836668514112
0.571618821687582
0.620202000643808
0.593798343281687
0.617330647362823
0.552700554161365
0.592081531278248
0.485182455607829
0.587452400401805
0.548559112422291
0.546670155515193
0.460017677283847
0.538182839467944
0.577757518684246
0.537044667077027
0.583049826665401
0.542323833964345
0.638941654883776
0.57852205217024
0.589200168197821
0.635742712556248
0.635224538761208
0.640435477801306
0.628670372317664
0.461968689686661
0.489531398475998
0.501457109286701
0.564585782385628
0.597692535518367
0.425375831832451
0.491666851502617
0.496152440267033
0.537285835414998
0.65192390948119
0.609988437518348
0.50699242973401
0.578801347321101
0.641170623950665
0.619196590701302
0.585953614790075
0.534110112260115
0.515218451884594
0.601591370672687
0.526297758392697
0.506158506007917
0.624507256784905
0.526144752062585
0.521177871959051
0.644446517793541
0.544902595358358
0.641453040791146
0.435521242282681
0.59080935158528
0.445820408665027
0.497466907062571
0.57252342361845
0.556684050334955
0.509159131012854
0.625178990977673
0.624076945160051
0.588270282192892
0.554454162552006
0.609124171175585
0.618120630182813
0.57410927369202
0.533121541316686
0.611912660389423
0.616929713288565
0.601075382317535
0.488739732006477
0.59861557777315
0.588030437143506
0.610278033478752
0.58140907379076
0.634237801845526
0.476487986257884
0.649228932694951
0.534708980565365
0.563392092366863
0.551987036355889
0.385841311277354
0.60616756633494
0.528097194644259
0.338763318813386
0.623287209878615
0.62664811160917
0.625183190995085
0.477925853972589
0.577874439043226
0.578850521312307
0.606398309302168
0.414191020740001
0.645876967211434
0.570994557811438
0.575416369847244
0.367013202915375
0.440727582521031
0.610063722146474
0.635623955044285
0.433239956726866
0.633332529624375
0.629800209610273
0.637305240505418
0.495201283187807
0.469615590357697
0.569263740683398
0.547795691423003
0.564259546438666
0.562496688197705
0.633141221675153
0.506497526701713
0.369932768201799
0.635453645462862
0.566978361190753
0.575495020874812
0.482664448517861
0.577796575016743
0.547714154364642
0.595775805841134
0.626152072512962
0.652550863877235
0.462466361886357
0.553289080890391
0.649221242225714
0.43123308298585
0.561221867531591
0.474497545737351
0.614582101429365
0.55459454781694
0.382341660723804
0.543187946289176
0.652474476653796
0.581381942853903
0.401411311689005
0.533872179919019
0.568928739307636
0.579282177818608
0.559899290300873
0.647330186970867
0.474603552046812
0.529586210843393
0.489742136153873
0.505066496152857
0.646858470875788
0.632023549451469
0.650833387756061
0.525383830635924
0.6451399569106
0.630478212098279
0.58179797441442
0.556392160579539
0.477654148963186
0.598024340676857
0.624806079600627
0.489506568096663
0.284387617460949
0.600097460191328
0.572629257173429
0.598504975146612
0.649471001926802
0.617791258023261
0.542134945549244
0.551913821096703
0.577494940505506
0.565948534915568
0.48362536451307
0.527852427360977
0.555333525984136
0.577806418855625
0.606187299398557
0.631345391576526
0.637579593534321
0.527522626220966
0.538719874693717
0.624502279135372
0.443539673892288
0.544974842070875
0.605350574236037
0.492165102436427
0.40299047383579
0.554047419275511
0.597651564781582
0.640960357191725
0.439663588479306
0.622569217687874
0.509373323554027
0.53031613089763
0.51459923881325
0.596979082064905
0.521401549985287
0.57543867446705
0.580293347812023
0.580525608544857
0.571301593924815
0.616207155572488
0.573809013293076
0.605576667466687
0.617758721879673
0.616328307279947
0.495289233345834
0.521166660712113
0.471586018416219
0.559803658283586
0.638231121749401
0.506128484139903
0.575320737554903
0.637911246103048
0.410736898334373
0.441982233756863
0.532563384630514
0.57604804800032
0.550495909721806
0.548382941797448
0.506254197124659
0.635159263420775
0.513637702894594
0.466108817388216
0.404140434468214
0.556671735235918
0.560257524221603
0.641404129659404
0.629098277977864
0.634234928623509
0.565086340348926
0.545967061861454
0.536239820970307
0.550996709774499
0.59648289348824
0.603677024490611
0.48065697845165
0.620191740767412
0.436464186265727
0.640705952615104
0.443604931449477
0.565037869131624
0.587365694967971
0.645570190351461
0.574342957043023
0.602653918924294
0.599547537482244
0.577709464126444
0.606923160053362
0.578738946907412
0.542389093971264
0.453780802014056
0.642025914296599
0.597230846052707
0.556513570452767
0.634506885568282
0.603614592580803
0.506163604918642
0.504201971619248
0.506225735722099
0.548767716280182
0.647205723092123
0.363320021287948
0.498376737966286
0.611468845567554
0.412128605601425
0.495296111829484
0.446011112329504
0.649236424284795
0.649574888329008
0.531975242207777
0.539926895224441
0.509812425029941
0.593185551623783
0.600120261114327
0.443402937871906
0.614351711134805
0.400699724343965
0.589098374207464
0.623720061081563
0.543454986735165
0.591547755204562
0.615516080130056
0.623754523584506
0.520746628253226
0.52606600001081
0.518410141570191
0.652706313679344
0.56058950518249
0.390607425074213
0.589393490039029
0.573271396965682
0.586767767742548
0.633910597422809
0.57284025799755
0.532113027161339
0.552886884675814
0.506432230301721
0.50623175855551
0.500652430625649
0.574607603130951
0.647783278965965
0.5446619860218
0.497792483670599
0.523951868331684
0.525636609844435
0.553548637532191
0.562641120645193
0.394469127089739
0.55549150697613
0.48923854321169
0.515907619107846
0.465759599273606
0.651150349237692
0.621771369324949
0.347573437022041
0.329038729686345
0.586455008520793
0.581711677496156
0.558733062614991
0.569231260790182
0.609901082210021
0.551756581532389
0.58155300357822
0.639859535242486
0.475924302412024
0.627749868874665
0.567189531903632
0.545453351728621
0.639410066409803
0.636535299330382
0.446504120331341
0.476117225343934
0.644359637607687
0.536975085005355
0.583299804864639
0.592933975391279
0.629051487496408
0.550646824994716
0.496652274685153
0.615320491022638
0.462043493786372
0.494590563440799
0.504361663617665
0.376403066126183
0.622088957975458
0.631486562255384
0.631737343544448
0.646218517492165
0.584375421749346
0.508784194427569
0.589453196585892
0.63193467567078
0.649682330160913
0.461071288533702
0.432868241724231
0.560979952306214
0.379072532795623
0.637678216002445
0.398018044919496
0.570302171690022
0.46539893931016
0.522012218961153
0.540221268055733
0.368817723275735
0.629402923149245
0.605329405941655
0.555695755690503
0.519127741109276
0.257089650440774
0.620407564804765
0.531905524831809
0.593749708614518
0.554713769766568
0.467547042003998
0.506713595988561
0.535646881641131
0.411209253763091
0.58515431309936
0.557479196409848
0.646478847089394
0.603916730949348
0.473912924336557
0.467966117995377
0.512397220687857
0.606230622936732
0.644731858672363
0.538149851065596
0.546588520396637
0.520181623860569
0.636427453885079
0.650228897930964
0.632175740690908
0.484403647630248
0.554390567246863
0.416954746644551
0.594862757173541
0.618329298667371
0.635358591076936
0.556494974790635
0.516724851626102
0.56076314628281
0.633001441755562
0.612740581206098
0.503398885246867
0.411279602557457
0.649460083687256
0.63760215059809
0.53396064822099
0.325366214082893
0.5623924857967
0.457524943936407
0.630804330502474
0.576677056672362
0.639962971893003
0.621128157160631
0.50450536045915
0.612395979364879
0.582890615544892
0.644391612398773
0.597947167394899
0.528237548653806
0.624223699081477
0.536241951042164
0.494462915302088
0.600756324437048
0.47011261038715
0.529489360090761
0.32772809388275
0.520802525163573
0.566655149649256
0.521483188130054
0.503520091032658
0.582520423600748
0.534926050673483
0.542463842230526
0.356930429741404
0.496912074349288
0.595334383509719
0.614383114012425
0.505357239157735
0.593863690794339
0.434781395598028
0.592418293934169
0.457012719062307
0.580001171339091
0.542785890550694
0.56177497257744
0.608548370309353
0.529562549086262
0.518763288570123
0.612351655481639
0.569003007842888
0.468972965854938
0.533514195489236
0.563001303048054
0.589637593376778
0.548756315811534
0.612246467074745
0.520923913979944
0.59200929594701
0.567543674722135
0.414654162286563
0.450297879706127
0.563592156377891
0.394749681255532
0.450131594224454
0.595512865176822
0.584997188435083
0.592048009410442
0.496057322512644
0.6478372688142
0.5457635344424
0.525204991946673
0.522443485720821
0.416747327097142
0.54201782804162
0.527183336866873
0.577162192099342
0.611898802610801
0.558139448404819
0.550536832816405
0.508353331644456
0.619298817055289
0.523393465257283
0.574731605360325
0.574311955028939
0.622496237684177
0.570944239571159
0.616284043102904
0.61736806106898
0.510328528259501
0.645340079404355
0.4231806479447
0.639694276585514
0.608404064099015
0.60981203575933
0.567455307989486
0.650642344491675
0.451708956351601
0.498795650490362
0.595966724731897
0.587010939166662
0.639288740664734
0.650574034578318
0.534024337529121
0.579008170495614
0.498369787675597
0.458320173983916
0.629651948089852
0.538363546408041
0.59817305634779
0.321374705010119
0.535530985952692
0.398901448915395
0.582983136754778
0.61008583752761
0.637316734634694
0.624336677718394
0.456851548003245
0.521380463053878
0.569512732753713
0.540952747238296
0.510374945665652
0.435149880855188
0.490268332110209
0.507773139934325
0.447933859054003
0.603375683344119
0.620176358272467
0.591280456357481
0.594680309045712
0.43879852451685
0.627273823215849
0.650456942472635
0.603794164063058
0.543448078317577
0.498351179396046
0.650113135060119
0.49264628017262
0.646566347992251
0.386692703003456
0.295867330927962
0.322025940439492
0.576544388339688
0.475568885911298
0.551167438087936
0.643958683321989
0.650313080251841
0.636011772419431
0.547105663089892
0.461075012005229
0.648861327593997
0.515873019769346
0.649889016352342
0.62052834757337
0.625833904973557
0.572309876545953
0.60719672206359
0.580371869015848
0.53879746571799
0.575321558929726
0.57475595271803
0.606671201846046
0.541065913658569
0.481395740491844
0.396567374375357
0.585307782175226
0.595026314123644
0.53310031885101
0.480047064366655
0.479126441761111
0.599340354365892
0.631926161104601
0.623006453808198
0.5469200748567
0.509674831126399
0.647507004394585
0.626497690696471
0.378706857630004
0.513360943061382
0.583260865276513
0.567790602472249
0.599770655907507
0.555314177911563
0.650019699917263
0.606626718144715
0.564566998822962
0.623551382414951
0.601867423853807
0.565029436961954
0.581705720634306
0.646847541102609
0.455826702182869
0.385635101267393
0.535996311890778
0.645117473483027
0.514556359376984
0.647693812191398
0.476665916748206
0.648968600199458
0.587292982978008
0.627477956693778
0.579301178940369
0.36064594893203
0.614924013778581
0.581321536360378
0.575380986618456
0.499806454867794
0.443800255508733
0.587562847234324
0.56526075243889
0.562169872490855
0.53376466925865
0.597106494327809
0.633329256873735
0.526708325655975
0.628187283904827
0.580544794380203
0.531558219514347
0.61820163568369
0.483998010981795
0.597309628640925
0.571717266629002
0.386667908121116
0.631698749916046
0.560976104482064
0.650226785228747
0.509686423086276
0.61866800779267
0.336026598778677
0.491481400826854
0.55073728101985
0.574193819663312
0.44213657055199
0.488907559471199
0.630651720948414
0.474612162731698
0.6410312663763
0.476466005481507
0.315393976990924
0.592019345115568
0.632729764186189
0.500011805343484
0.641358365186816
0.575565908359224
0.619803118587617
0.559558839619374
0.610456774725999
0.424743849850641
0.624405656628166
0.398755190839544
0.648059529519671
0.63145117850076
0.614117479454366
0.39886935283845
0.62581818772399
0.521782305848366
0.577895512094968
0.531122911645598
0.451061974974414
0.534285594054116
0.610884636731354
0.642863230068347
0.529278768789718
0.557337995299906
0.462236579688082
0.562510766840195
0.626066133914495
0.553664420928387
0.649719171043975
0.644208833549274
0.634156723736702
0.610487706212641
0.624145114654701
0.45954754370008
0.588512186970345
0.541293586501401
0.473531636735792
0.522342887898673
0.530010853364078
0.438669836630189
0.409152004715789
0.446559785933801
0.547022523156453
0.609637531706675
0.603488129144573
0.559422532236839
0.523836218893095
0.636125429882174
0.425156906484554
0.65073513284757
0.493169155991735
0.625114105749189
0.566781981844756
0.321686174671567
0.614707945774593
0.319525378529047
0.62680189123106
0.43372036131667
0.642332499881451
0.63380181643498
0.449022598182946
0.569024929007886
0.481997753999059
0.485818991673261
0.409219764870313
0.47786414933222
0.629187004675926
0.646885165996336
0.603453823235088
0.481491308729209
0.508383417379847
0.48255287881894
0.467282237836792
0.479710637122668
0.47453112847532
0.536158674113352
0.599607787652505
0.585372926067492
0.595754206835641
0.63735007515769
0.603676720930079
0.63466724606319
0.629683463397166
0.631290676744183
0.547613501939487
0.484721668229231
0.63911953628836
0.564050220761323
0.563414416122642
0.604440157763968
0.595135127788299
0.632536176665911
0.545125094800847
0.611582103645311
0.603750815863093
0.630223224343073
0.635601127440568
0.602413758646634
0.589049227610755
0.445139644994785
0.528652690346188
0.598896266967173
0.606207487205032
0.560393780197927
0.457074371981738
0.449355091031711
0.574962825643385
0.45798569638786
0.491088015150073
0.417715427529456
0.487170287223846
0.634435170061308
0.644523582689348
0.545768074421004
0.593949952816023
0.558912574386554
0.495513714382158
0.550940829778298
0.40805789221894
0.649834256067296
0.552556096505841
0.583134056809709
0.53009545762258
0.562087086145886
0.511022004326007
0.60126469080116
0.627461509650478
0.503725894218198
0.434110877710409
0.529353006423479
0.481950592609072
0.624616096646711
0.55844599672029
0.622397970514074
0.561007139517287
0.530672203340824
0.639896173427542
0.391540693826769
0.487438402349941
0.568708230926401
0.651845840893183
0.575034271229797
0.536183379376335
0.331297860990501
0.592547121954537
0.485012529429189
0.574460348159511
0.555882533094253
0.616096815281412
0.359614409800106
0.455939552773363
0.607144978131315
0.596983355498643
0.52722608334759
0.504891764328127
0.649823300820198
0.191624870594585
0.532557749582257
0.589825535809907
0.518533939231667
0.548927728316029
0.648674217854178
0.607835209590054
0.615447723537752
0.534403112235169
0.48676195106996
0.506703754429593
0.600506152509587
0.469813890947745
0.575341183557393
0.431284728258198
0.584913921385038
0.607542063013866
0.648215558032896
0.51375650125135
0.564773960412561
0.544364865304462
0.652921466417832
0.568862359331343
0.462622266945064
0.623215153790022
0.582515164247209
0.595837154618029
0.646799848168947
0.605350477512587
0.403031463940093
0.503033567740201
0.358590397304577
0.62808107790672
0.560523518971019
0.610078829906401
0.596888384268271
0.59047340912539
0.651156827534091
0.633475592508206
0.59103283211413
0.522996916377358
0.41300736695399
0.627158315416193
0.569494810705255
0.625272735818212
0.465707268030948
0.613477507709651
0.647751975684993
0.525663406516107
0.562189653995252
0.623920081205763
0.637726518240967
0.598486717632096
0.423610093967994
0.597222956821835
0.561992608748251
0.608318394875207
0.469296883473581
0.608194097410565
0.638488326052803
0.632385142706132
0.585384602497797
0.528918867262131
0.147359568550901
0.545145139518507
0.639922171988351
0.620139857570084
0.44483026394334
0.383880041805657
0.468896285663353
0.651569164420927
0.591490955004237
0.407733549838823
0.556814006310495
0.62832008354443
0.417567834037753
0.579920188360009
0.564860015927723
0.547995323034708
0.482712164456938
0.59570412175122
0.650156728388661
0.487262359492911
0.650560399821777
0.635473301148379
0.386309939140097
0.60276971689116
0.551781197346138
0.611887560638632
0.470917354084507
0.597697547243798
0.567908276583515
0.64674001228087
0.587364632608004
0.621269254082673
0.578285899433416
0.489554316258349
0.635508860927392
0.634287986689142
0.450577508459827
0.532488168534278
0.608045355078788
0.473171285566036
0.512252423532055
0.577495220388947
0.497967263083416
0.536785452365541
0.581047270131491
0.644821503065031
0.629683089206713
0.541893315554968
0.469453375096503
0.58345075961895
0.611301262153974
0.581232817924769
0.61176978705265
0.493214679448604
0.500955992965681
0.645469401046422
0.486431830407777
0.631886908572511
0.639163601730673
0.588377710771307
0.598685368443969
0.53961870256776
0.629837244506461
0.626538809434769
0.577374770873735
0.444353328245341
0.609480147918357
0.601937736962765
0.586206172939894
0.571003974756497
0.447754862326433
0.584685922338245
0.598821074866353
0.592349978463375
0.641565951489791
0.590638808965253
0.524455624722589
0.42352035391895
0.645350788960885
0.646897099873264
0.643014114267526
0.569285240530585
0.621299046984416
0.458380542189271
0.520910302107624
0.592763620122383
0.500207601055994
0.644793773892335
0.516972767100515
0.453929863386921
0.559856179570674
0.571358483390221
0.477844251655429
0.612657912787144
0.63688506423722
0.47951958789293
0.578048383310782
0.596980282076417
0.480841463459554
0.549873338853342
0.617001522826338
0.366773645454238
0.381516846435228
0.64885440074676
0.637126217948682
0.475561950923616
0.421184059306282
0.58912484033739
0.322395745618724
0.496094339368777
0.579300068750165
0.568154448402427
0.631196357931606
0.607188419242522
0.582551937728899
0.637270111712733
0.646899131003277
0.384253144421069
0.629655933922815
0.462497807847933
0.549490546792849
0.623260308821751
0.510713455746493
0.511233747098244
0.635416097803033
0.646126469974304
0.615758406398759
0.492942325113342
0.651783179681027
0.556430610728582
0.652566165882179
0.447754447535818
0.553475816110194
0.619411325024072
0.642060384797497
0.515333431803671
0.632147460209756
0.555677701432482
0.626948721899962
0.581024861341336
0.570689508742323
0.300567791335487
0.597041477467693
0.616664015371641
0.475323236081519
0.63207068195971
0.302165591566968
0.546453524626443
0.570706384781746
0.465011634351457
0.568737302384405
0.602211986140796
0.446403958958592
0.645321835607845
0.630755522289348
0.612528647510443
0.362277888571889
0.609788248999319
0.648819893087142
0.620550372375322
0.565296243163668
0.527390146562293
0.54009576110214
0.535741372598446
0.580879036733611
0.609936016370859
0.627163280187399
0.507286454317175
0.562208434123861
0.553152852346954
0.54158182179423
0.516220976193809
0.403086456112792
0.633334723875459
0.586006281670368
0.639469482647841
0.585183155798138
0.547801813330657
0.564998854720689
0.626062239139795
0.645264112266863
0.611181232583933
0.589122042741861
0.537532992693642
0.525779640733817
0.534380468901643
0.542447945882172
0.578971978213175
0.499999647276352
0.510364202446247
0.55379943211215
0.449445807105666
0.579415255557091
0.590139398686596
0.553814145862635
0.328367295952892
0.554643971057102
0.527557333432659
0.639181664838974
0.355386195486924
0.426244814716931
0.327520160437302
0.612082863099892
0.63321531677962
0.142645753333419
0.593452440457247
0.595738498911189
0.572396685813126
0.612532240786325
0.616426992155234
0.380816107532246
0.629932427341008
0.336521190546082
0.555736216268078
0.635548532800458
0.513170992479709
0.587800937481392
0.535428433312015
0.647928353606935
0.578160209436604
0.560439031939669
0.638711222120865
0.51255195302372
0.630586268840846
0.576014653446215
0.588551503390339
0.610601093361263
0.429857431828059
0.595917101891422
0.412560764622558
0.554583558788419
0.652546261914409
0.533659899576404
0.628639246722296
0.623592005399554
0.558085540244737
0.52472293357869
0.620156340666547
0.607563798026486
0.601233309317203
0.571013603683591
0.570869208217268
0.564040197443577
0.610272010698584
0.56725824797842
0.641590698590911
0.467303407891618
0.609105023138473
0.635100305311337
0.648846323010566
0.472096672893317
0.49044502637205
0.57878891842846
0.635609608904008
0.601106924661977
0.619373545241931
0.483232982124444
0.628548319782481
0.602084395875218
0.534832776843046
0.497184955124405
0.415318380823752
0.593516835660872
0.436057962482176
0.571809566112409
0.543899882073162
0.601161249178887
0.590985909983606
0.570163836889074
0.415549383038485
0.457373672709503
0.589838162988372
0.517318865337017
0.462206202716308
0.479275269510171
0.625819323068531
0.346139279810938
0.588913668324833
0.490698879585946
0.620247774489543
0.648603093561799
0.610074223172383
0.589459776689545
0.577772645066889
0.629368250589002
0.580661103125689
0.599772344675464
0.605880261158004
0.645600050013018
0.479674935407538
0.641436891186414
0.617115563358048
0.596350582909746
0.536646726915484
0.61255727170388
0.562589824145633
0.639904748960799
0.632952346998349
0.434010719102544
0.603837594135739
0.513043789246843
0.625175857688376
0.585456415820732
0.591681836596132
0.541953493437371
0.603501931984304
0.636199590409244
0.541947282347862
0.641842911992502
0.502435808963652
0.544067391858899
0.556322903770107
0.527047419185955
0.643203704346064
0.573992743516419
0.522320531254801
0.652231681647463
0.640002367221169
0.591713844190801
0.642374437475908
0.628170685060236
0.647098490594471
0.57009871137434
0.561162319591517
0.441854334411306
0.436212064758667
0.390249276284219
0.633140244329062
0.56675163747985
0.635700777273677
0.578349826533651
0.550724445539282
0.551672254379562
0.323936174642463
0.608341810322804
0.539206929626516
0.326670250491568
0.518048582878911
0.589580813099207
0.439053116434863
0.30074345424113
0.599847914338841
0.645858292861498
0.460840095610104
0.422626112292368
0.649128979381883
0.612026271094877
0.441276405876319
0.378876059454554
0.440412784829237
0.630983186788951
0.510093231170268
0.6333609837975
0.48542512931056
0.329834774316395
0.507705285629612
0.39891524259163
0.553298319030107
0.496813586071225
0.607218684384635
0.604067702866614
0.587221570798216
0.636422422746863
0.486731298478677
0.540132227442494
0.587282391212361
0.596168884808926
0.304336536720395
0.545847189219731
0.499983917450151
0.529815049955404
0.531781825303943
0.552257280226917
0.622530409525161
0.589383372786418
0.556867495119663
0.54585575389798
0.606425977907214
0.585280734966066
0.554237436205888
0.491152782106662
0.602370876536738
0.493983493471883
0.590467518064996
0.646324232844738
0.510644368503715
0.59486919472259
0.515115497241345
0.569883636612398
0.560755718490408
0.5130631887901
0.527474509039691
0.611701965620374
0.589005077311496
0.491364802075626
0.61778517208946
0.381777128833725
0.528992208927421
0.540013033502202
0.652296979854146
0.61951890759493
0.503685891848247
0.408677057009575
0.641211175281297
0.612828646767502
0.62689237032034
0.593421037620586
0.648607156430904
0.485184596931887
0.565933203097225
0.651799889795372
0.638942853738992
0.577877822802655
0.530529787481006
0.579135408104458
0.544037970509113
0.577871279270955
0.58773453591797
0.602994538134911
0.620627652189159
0.639039054716709
0.649753119901268
0.457639622844693
0.598853693006675
0.466506392126576
0.487979068674065
0.582788284712649
0.362231052079384
0.584944172020804
0.568915538487008
0.50268146997637
0.635040171671509
0.591225105882549
0.652472958399775
0.546371457074876
0.62930373290452
0.615445882759256
0.597547082931647
0.339998747636969
0.642577964140417
0.493799344871549
0.611824375147586
0.604079792760452
0.279192778260141
0.615623687227231
0.536551354606421
0.468131918181851
0.486322669586516
0.605999474744551
0.393718187253546
0.530533342475769
0.600809759535927
0.606704949351407
0.4227473392779
0.558010578302022
0.531959130407962
0.388712785811854
0.568058647857683
0.593333533855007
0.588513749854125
0.557888912269116
0.649712509793298
0.592647743625038
0.62409760109205
0.136436679352035
0.553760023285994
0.457286074710894
0.533660643763974
0.651139153305894
0.59450916759148
0.58292716230488
0.644842089935648
0.510985384270466
0.587208283490162
0.511269766670318
0.487603128681558
0.435841840416915
0.58093116196993
0.624811447295665
0.625125678922103
0.620228300339787
0.571573403390216
0.60827634287334
0.592314304824379
0.561022847425199
0.521300348798192
0.394889237494915
0.616696834597828
0.481201655452367
0.556425651402413
0.59931787413115
0.462008400327104
0.565624409269979
0.528796239598332
0.547037645026733
0.400017231488969
0.536331982272285
0.582676315434994
0.554124095341147
0.518693522816918
0.639517689530621
0.445912489632107
0.326474529229979
0.392161245959569
0.436305986111508
0.618460372000203
0.501017700404209
0.537339715891709
0.57547053000572
0.6466101326968
0.566123924345425
0.52530808774673
0.647021141950605
0.439414927716083
0.645605322389509
0.571313719774368
0.449281802165376
0.4096493476662
0.638029043271025
0.506718551183245
0.515186592361917
0.622899853554526
0.572670902569915
0.625273136861799
0.608191720266565
0.626188348295882
0.479482576148895
0.626542248551662
0.57928903831655
0.629795423411418
0.637301485023908
0.421889800115522
0.532643454503911
0.558378628445777
0.55476521028798
0.596255286594988
0.204368800549235
0.51859328967477
0.570862623892497
0.462972462267982
0.583304909127276
0.637662419418795
0.636778657587767
0.506484972475067
0.52622102549566
0.629360807139205
0.567285991606735
0.559215389731373
0.527364874008394
0.519238006330299
0.648362432592458
0.647895500511618
0.60551601929462
0.496733710852089
0.650455612141183
0.166811504038934
0.589797072216472
0.447867835711617
0.5106089308972
0.480795903254067
0.589528710444774
0.524575690887417
0.534937242027127
0.579096341567075
0.550990492481977
0.64522799728127
0.565776972226088
0.557780396426537
0.608203128767389
0.639071340551496
0.60163554225261
0.624587744648788
0.386066826213361
0.652376988646063
0.392115311592581
0.512637898416591
0.598642372372806
0.557614144852526
0.533636644282942
0.632325229097076
0.649309748061904
0.629194823792656
0.637779580420152
0.62420844259488
0.62849482498049
0.506937770210282
0.651600470638045
0.29265253948311
0.579883029739575
0.537581055860468
0.609594521148351
0.615533728087319
0.502632698185411
0.563153385999429
0.55219878618241
0.496879828369246
0.377175787094413
0.573428748781369
0.530347547324908
0.578250770853536
0.619638469784024
0.567590713305614
0.620762173666061
0.482704530373254
0.399074605302242
0.637460084456647
0.33234122219914
0.599161526021824
0.641065740961012
0.612586288715473
0.404384191429688
0.619457274588253
0.52711302061518
0.629356341042586
0.558741888567412
0.570580769629264
0.616984305235729
0.529731470052162
0.627257175090037
0.538281197816117
0.590127597505908
0.628850170431204
0.646358249616231
0.571958290315749
0.555550449129068
0.561770546333447
0.440823512450781
0.63965859129448
0.527742359961325
0.581139548376854
0.56739205286119
0.545718614138706
0.509786430323165
0.599037323432416
0.553319776534688
0.500171555331816
0.500577520330001
0.500571779129813
0.519761715660514
0.616606128725524
0.650380602997285
0.623864213811432
0.628966722630632
0.581645022314883
0.338478393259809
0.649872650440257
0.56035656805559
0.579242579715231
0.570263640065174
0.652508036520721
0.63041835778976
0.518518780647292
0.600068395885108
0.603879978552101
0.586029188860797
0.632266990628362
0.621068155423333
0.564081253269208
0.594943601244149
0.462765544927666
0.573539296320274
0.520638384919331
0.558400993044583
0.588885770667912
0.645921357242334
0.62286665261054
0.652184761891101
0.584227906313553
0.52017988077488
0.59139231744025
0.638640518029273
0.543158921594384
0.424454472635763
0.593161943194744
0.613301480262278
0.609813955891482
0.458992249544865
0.643322021767495
0.535231527374649
0.48822443584971
0.544863665811169
0.528479715021572
0.451437013344364
0.457091380911626
0.539541809484707
0.608286060630793
0.589076758779149
0.588982131418123
0.171800864438696
0.57379443180032
0.435047503236654
0.481996049270998
0.419259894994863
0.387772800423901
0.606921288371045
0.579601012589413
0.63333619404188
0.566647461003716
0.461770139387788
0.632615984417077
0.595822519081463
0.628241955847402
0.640251202235903
0.651464192028935
0.639350783133871
0.582060466379486
0.393421922997318
0.521140026556124
0.573378314738146
0.589089754390178
0.539050193738408
0.619473772387075
0.608303775221705
0.606330946563977
0.547097949099364
0.503630193603488
0.549067637831454
0.607254163657051
0.636572119361371
0.543753948329367
0.652906482240901
0.468118519751973
0.622938199442787
0.514521227781931
0.571215358040849
0.500904235947833
0.615296517237077
0.608884870254447
0.42150760564175
0.609236488232938
0.52471914345567
0.604907407563662
0.579787901186356
0.63660392107316
0.576661924088082
0.54158423068342
0.645348564549505
0.582833712275016
0.64658687699959
0.54273007514139
0.567322010463025
0.591449374873961
0.587934208697572
0.634490711215667
0.598640544035187
0.50861695049571
0.521701648597431
0.634785342469587
0.463604692368386
0.6505790199779
0.62591103174522
0.441835067314135
0.532547068811164
0.647384788506727
0.418210822959362
0.585668618540089
0.58056982979245
0.606344490371297
0.598542452635437
0.645696764821635
0.414454476013415
0.62559763294463
0.323871353367167
0.611882690529146
0.543115233859217
0.582840206748355
0.279402813149753
0.576094241129124
0.528214699036362
0.59645877224763
0.528272443137918
0.456953399551903
0.597141792238897
0.639882388621037
0.359561315475748
0.538874968776093
0.63959751533514
0.635096524724379
0.551872024454964
0.631616535869941
0.57112346201803
0.606485375108267
0.516228536765449
0.636690597500812
0.526721834464458
0.551157946149873
0.510737419198303
0.646977973297097
0.562744327690452
0.629912039471385
0.612706263963319
0.592811362328393
0.539504997737715
0.575296841997461
0.519782770554597
0.617275029169726
0.632393163980795
0.471985353900726
0.578715213236437
0.309349189073227
0.535623404348715
0.576734460592625
0.632302166997653
0.592363414360118
0.468628413026245
0.634362076681269
0.6367970461335
0.480820950972558
0.460277015536957
0.585988624372434
0.610997871974066
0.641967159162681
0.642458989186635
0.543526585552481
0.639073286755777
0.637786992041788
0.611771688266339
0.567321761603683
0.63483764846239
0.450910094328193
0.623700023789077
0.493134337533003
0.593261247989289
0.643434975945469
0.630417873405885
0.640501310293626
0.569371838324954
0.410839966099729
0.578409459421515
0.339094676120601
0.433577725925268
0.579028250798677
0.513870156357984
0.452751729640592
0.57014890896917
0.625460061026367
0.582344467152049
0.546501831769629
0.611417138218231
0.559388148637158
0.634436914075928
0.42862237700651
0.652173718550006
0.401527300335864
0.55380211679453
0.582041950226601
0.616985355722204
0.642354356247745
0.574236575344028
0.558819752762445
0.63673821807961
0.601670209870304
0.574424568455055
0.550717314669025
0.638300020847098
0.236644305843631
0.605926735840413
0.541977879867936
0.527520603369522
0.573947717865073
0.4817962740905
0.644287070830569
0.482608419921428
0.601824430766689
0.515953926920596
0.652452380695503
0.628292723377972
0.490139516040455
0.625487867676146
0.631352473146889
0.647634325901535
0.650569920379551
0.310534109344268
0.535435442945664
0.619821398706596
0.616352241283685
0.527742499314124
0.553075424280192
0.39858701798862
0.642865478412501
0.51971889484949
0.61275686618258
0.617060111017614
0.606794289634814
0.407660919758368
0.610208144700529
0.603104306465514
0.594185622443187
0.557610075591446
0.617811478590064
0.57095908727627
0.426366383092626
0.633863965527086
0.647774858101756
0.447364074898615
0.603994560655557
0.649678450761701
0.64189396504928
0.617793602291893
0.615822225533335
0.617931240009673
0.621840750391303
0.523077879644511
0.579814633562325
0.637954940110374
0.522735631704786
0.614441291084068
0.546170529228573
0.446144804435944
0.630534002319612
0.454422395675235
0.601211314563639
0.607218213760766
0.434191520947701
0.512581068259425
0.441131713426973
0.558026213650328
0.576778261049895
0.608193660674986
0.650388555017034
0.511611904808617
0.559962670723715
0.648387912576663
0.30849925674141
0.471919209122852
0.508968791264228
0.291496561208573
0.642782990372517
0.640857654592114
0.618190453826127
0.501940600425155
0.538173528561281
0.519055934188734
0.651195145219549
0.366000605953421
0.609909488267076
0.609145254589215
0.613164564514981
0.249686904475064
0.547156243076664
0.587125046468537
0.641182922289353
0.35111061005099
0.410082883709325
0.641995124510911
0.569872134942816
0.451081789021328
0.622162718314607
0.62123556739435
0.522611280430375
0.60159051395234
0.555828477675861
0.537396181379059
0.621916745830531
0.629778094391539
0.561666348399621
0.589319287077912
0.642175253272162
0.545276971972477
0.450941419022752
0.465721118293896
0.56992557380031
0.460326766011147
0.599352297152357
0.455823346370538
0.542194998383704
0.474288636453633
0.565589138141636
0.602217781317173
0.503903282907531
0.626394669706478
0.616073263061987
0.559943869854511
0.520688223123587
0.543883331943083
0.578604582603783
0.406518894891006
0.498396934950945
0.649379329268174
0.632726460088653
0.629256771749445
0.623455158752516
0.63505830852359
0.446093656206374
0.612687613467705
0.416409942173172
0.613523804972053
0.597724219703559
0.387273149210414
0.505515772852901
0.635677488695521
0.512517594949216
0.625061475093964
0.623041813430525
0.452074859576433
0.578146849353692
0.571171225903092
0.569027690199808
0.6122689127596
0.631337720320362
0.625389312902032
0.575293047629394
0.590979843186467
0.465765039316567
0.629469504117187
0.625537543390303
0.519297802344627
0.652029855476043
0.636160103791609
0.620237137989507
0.436990004165422
0.525380829143925
0.547130257943273
0.447436838094812
0.539997159209458
0.619403931703731
0.558038837183653
0.575178000528892
0.465173598677898
0.616497894650277
0.635410177911559
0.516364973564842
0.491602201806711
0.583766212187343
0.376607172078521
0.436577107893174
0.591633429992338
0.633891239564409
0.635043949061794
0.482303881729225
0.532944862143233
0.595833146493825
0.480108395508638
0.388195172946005
0.550976452798374
0.531548479864081
0.644716915229363
0.363973107920882
0.511082483776416
0.516420611380249
0.569459670291761
0.441701500322481
0.554724563773887
0.646460503304353
0.636388624266992
0.512449675563847
0.563089025805767
0.618024627507946
0.584060204203595
0.641643666665441
0.553257802417908
0.60389497314125
0.504113392550868
0.570690012503108
0.564852948899741
0.6067067437952
0.53303662244876
0.578964577795846
0.568136082971137
0.545022230329964
0.57533898586611
0.5121804996034
0.585704488036929
0.647591023154349
0.641720792349178
0.482813256789738
0.609412990564585
0.520144509931481
0.607756165411553
0.4687885568596
0.5838138164832
0.647143509833114
0.61110161145004
0.57949817866893
0.504508774945657
0.621962797586812
0.597334235868265
0.578655815289219
0.515021377378108
0.6204548459183
0.625612221268126
0.579392288928292
0.589501189692532
0.524189540420758
0.634123225655809
0.413444189321807
0.611703085980837
0.593647389836836
0.543225561726291
0.563201776034432
0.498033193406724
0.520149060401596
0.623914111663197
0.618261573708596
0.524236908229289
0.617609626424524
0.56304936599555
0.602054725711946
0.493483401874588
0.645283410677675
0.546158890888245
0.484360645414481
0.637591736375745
0.607620394762643
0.549915736060515
0.503722097508888
0.499054781569027
0.588843602045099
0.579433737446649
0.518315821244915
0.582009088677515
0.549057931693819
0.500145737855406
0.628971657748089
0.549043190637149
0.595044341012554
0.638486241751708
0.47644242090112
0.461019938860141
0.533305328322977
0.412772044560236
0.607505257137222
0.578382801333633
0.652660793433078
0.496721311746639
0.556627540771892
0.623416670603164
0.645028072493812
0.57955495982956
0.297652772483644
0.608966279529265
0.56889930630905
0.559324797372997
0.555116647205957
0.623212505498017
0.580992079431915
0.576229657069959
0.430752227535096
0.589244112147763
0.512752738617621
0.587429313603531
0.487550652698382
0.590217043106012
0.630381604782393
0.607002365240872
0.613234965931518
0.61977081141651
0.442437093347524
0.59620669267577
0.603508093687788
0.593314012004369
0.475634443471633
0.595578834136744
0.558990524137632
0.648805086067463
0.575282768500485
0.517631701353613
0.648867674865917
0.640948464250084
0.581541617987012
0.52667673121858
0.635805010787814
0.610761130333099
0.631905068193156
0.505425810800824
0.405104631249272
0.563504750931977
0.45448486614643
0.549291326831931
0.652401982426553
0.651923926688238
0.511764937493836
0.64863544803189
0.580877082343744
0.593668707208555
0.382321225663247
0.39893500847865
0.483504544137499
0.625393237712227
0.480126847371629
0.551159606684965
0.627838576410924
0.474734455836883
0.544337058008141
0.557065873143425
0.615756992963043
0.514343378648731
0.352041646033214
0.585511321847799
0.617996713166273
0.439527427278064
0.609723866767394
0.458676393366114
0.497704689846508
0.587389549379709
0.616806838979519
0.48095402640251
0.301982852478147
0.644617387492685
0.334223545645383
0.531751915767948
0.634781974730325
0.634402765935923
0.612363641372099
0.433544146204566
0.518911521991707
0.605127687294528
0.486407188992646
0.434009789983668
0.614619369704243
0.586978693445709
0.627032126737876
0.526731906143607
0.627739947221029
0.458220899375746
0.63734602447552
0.64915556689854
0.635354118493906
0.64568517028627
0.547520934281621
0.609752483149484
0.497079869184841
0.4563816888082
0.453161548449904
0.589363028870316
0.610824616733478
0.516273445865725
0.589184310708797
0.507387332408569
0.52351916255579
0.606152603597373
0.51147309922593
0.598554562799481
0.590885814884158
0.651217216689155
0.522857071057724
0.600181011345081
0.5835270162087
0.514224604476242
0.582445131045265
0.625589946655256
0.570271154241383
0.565296962495997
0.536873123676157
0.467173489542
0.593991914914904
0.652973130944304
0.613696105133937
0.415972389341392
0.588908038390046
0.554111599476412
0.527051811932726
0.413783688523808
0.627630276959009
0.452392685245881
0.604372446746593
0.520418018803101
0.643738479570407
0.412979974453119
0.515386149211628
0.591846005326285
0.396451637860745
0.63809404429179
0.536496126640881
0.411923061829293
0.598056200862422
0.313001175279553
0.605726108408676
0.600070862611526
0.549356833559316
0.599130730218332
0.553177410523395
0.489077172075337
0.638484040958121
0.628735267665613
0.646237242909876
0.595159675358467
0.598660963499765
0.632186156027809
0.529262797047013
0.56422151528005
0.56051955881672
0.56359395343926
0.624994286675427
0.500374458018395
0.628974912970045
0.632728752380961
0.531912186241046
0.503261704975018
0.436829108973508
0.642362362647175
0.498559841831606
0.384461129783633
0.614854976499605
0.595215567807832
0.390938393035746
0.626754648438529
0.552672643397763
0.362121692374189
0.454820115015099
0.533546566039747
0.445859778401733
0.355753417234433
0.562693622424991
0.591280597753209
0.647227465394175
0.443865932606675
0.42175220181952
0.57768800208429
0.637714666297207
0.526526414968222
0.446131798840279
0.565270053583592
0.572318608969212
0.575201886830628
0.605464202714862
0.612366973175212
0.509111412757154
0.584605838311057
0.631983211019141
0.499648307153321
0.62831563222816
0.63088883535142
0.637745313559897
0.622444133438724
0.515184140030119
0.594237725807984
0.341023754615789
0.525415626576173
0.605797764944928
0.626803592073087
0.557200780549249
0.367892562722998
0.549605374440901
0.623837404417777
0.636741025328211
0.639768781595376
0.549563054633708
0.393396277376084
0.55532079641631
0.617519725629322
0.491637950458327
0.508242242388983
0.552390977531479
0.478966824865291
0.436737366222038
0.390088616831329
0.50503063714394
0.630516429719987
0.508284579006767
0.571349917216913
0.560739061081568
0.571360684214631
0.54922338667829
0.539828197136001
0.621663071896017
0.639433935818891
0.539759108750317
0.623895949141656
0.430631421173495
0.600797377422082
0.604566398679471
0.519836837672789
0.534919663415157
0.464889332550126
0.360779889244748
0.526668098167255
0.55163256583969
0.335734571515811
0.433684942235348
0.51043554171353
0.561611272690935
0.593875005578531
0.53762004702491
0.639082846419012
0.640388020472096
0.448068672053116
0.584140104956095
0.644397122223075
0.502592593309297
0.411248811030044
0.548181650286162
0.636278375259693
0.556389085000314
0.648739940112361
0.546784634425119
0.636043972745665
0.446826438006111
0.479908821597391
0.43027862654602
0.616632466106904
0.57082774749254
0.526832444048731
0.562077124306696
0.6377797487312
0.558924184150582
0.503212097043932
0.526800262728782
0.64878669373228
0.643766187645278
0.595355790877459
0.638965003341273
0.592502442380543
0.522603132238645
0.554979235421326
0.494263297069763
0.49253467088966
0.642750115026623
0.491771656383151
0.620022929983637
0.540152274359174
0.563861912235361
0.471486097425914
0.574935759234473
0.60225960449738
0.587859991926448
0.573478309963856
0.63233327921986
0.620577741505938
0.49828569182816
0.652124609770933
0.447531532544569
0.636856020778626
0.555122359000505
0.616198921911331
0.533807469208106
0.567507217685408
0.547663211400432
0.622828481233062
0.573569453951308
0.539949062067923
0.600019623540827
0.389557640294076
0.632365191729389
0.41857778959892
0.630032637262519
0.532131431260526
0.578003463810419
0.64230146570643
0.628701480982994
0.490524463478496
0.539734428119092
0.619397320886345
0.597721082622304
0.436481258048801
0.599023473494985
0.422501769346969
0.617265537552726
0.600447037883762
0.426663218804608
0.586910802941151
0.545160325730187
0.613284142311919
0.60181987171426
0.51527423677315
0.603234767128992
0.596795660839885
0.549569151342544
0.567917345276949
0.401669625239629
0.638317670313973
0.263278459819734
0.473123658231994
0.625728194031879
0.613866420742198
0.652341069574852
0.59638127382735
0.623418825358854
0.614539890738492
0.426497230559919
0.611305693132956
0.521099650482977
0.533040961411437
0.46676501296549
0.517494465037214
0.552983491111404
0.607758159332521
0.612881658306668
0.621433221621362
0.456862601491558
0.644810456933602
0.609776276519512
0.542489388269225
0.627892037489478
0.53054908169741
0.33312705159667
0.570312634502404
0.588713166934924
0.44661307190231
0.601269243107644
0.574802727867842
0.602476106778051
0.557714129389156
0.592568746423893
0.544223608246891
0.633563097680936
0.496161707453643
0.397503217289056
0.529643541744423
0.630103232118186
0.37090310143652
0.640452529807864
0.486399096277047
0.468760339046042
0.525392473521401
0.553952832209184
0.594449230170669
0.623402835881701
0.539228074811734
0.601237810381098
0.626059545111901
0.589354932816006
0.563091244413992
0.608926419139711
0.594061257952586
0.649009267286072
0.634463573939347
0.580837039259711
0.625951005632935
0.577750302693171
0.628865355159915
0.642538458040702
0.601800682478065
0.581145476981323
0.563438340389443
0.630050873407342
0.596973113152526
0.194833759229263
0.480351434000719
0.644858890912825
0.51456355252533
0.60782030038165
0.582023803637962
0.555342194340466
0.584203922198546
0.53377302142915
0.58252973252107
0.625546582476854
0.611589466918635
0.573763416996916
0.594223854594995
0.651310974764193
0.608557655470237
0.637772175933097
0.632692232048834
0.564526201842527
0.626570646479017
0.511235561752052
0.641299465694224
0.404023628217148
0.548548887669927
0.42667293866066
0.564679506924315
0.576903512923988
0.603375622275069
0.459653981724777
0.550707257529048
0.613118972784236
0.632190051411506
0.481915016233298
0.320232260489587
0.565421448572766
0.525776638824204
0.492318458424238
0.458755370937632
0.539539156894145
0.632815404803458
0.627169477881457
0.594888596519617
0.613813380860374
0.634781242328077
0.502979671540096
0.584675425902161
0.592734333457883
0.585881596208391
0.335558423990419
0.627177379378903
0.641932154712547
0.606558409385693
0.606338972557179
0.46974527698773
0.549210593365407
0.519080377646022
0.639135967543095
0.612482428963379
0.472642495501886
0.420863388154326
0.466826427841405
0.608657684653784
0.504953921718055
0.417718432282431
0.491453432811337
0.596065833000342
0.544183040797029
0.580997210976981
0.541208967150649
0.533223178027424
0.548549726018214
