0.17885331200832
0.216042101080371
0.595404956805017
0.400873548194463
0.642697302520081
0.39655482908271
0.55061292028709
0.603084037969285
0.569941153545155
0.569450780481542
0.640653852890163
0.622431598685528
0.387317454098964
0.604307374050593
0.42128236734508
0.629030012136615
0.616866062954764
0.495984708311263
0.640043436845452
0.498212147211807
0.634525777296714
0.612070318692139
0.61498187235002
0.53343224989679
0.553028977236817
0.595275468172327
0.580465156516613
0.593077471846166
0.638037045355009
0.608683883517472
0.557616931937755
0.629091575988812
0.540482365676177
0.357740826847752
0.617248382891916
0.527979960416826
0.563271124961432
0.625143493889443
0.557795645956933
0.637568300489653
0.647544786682789
0.590549856209726
0.368379929778468
0.6115141914342
0.5235024397028
0.633264300565038
0.617787991649782
0.602724262349262
0.518055038133042
0.639361967081985
0.579016797060503
0.606466482899202
0.587179292359551
0.63364515851002
0.379185401129424
0.595901782374438
0.477101720444599
0.645395970647773
0.5565424504336
0.448354974989275
0.353359323037996
0.599568369042338
0.450337929912466
0.581161792309408
0.625828311342203
0.515430011534934
0.614700869951771
0.598339372615416
0.485971563472856
0.592708801582277
0.62459078364461
0.579151002083176
0.641695600211868
0.579066728809669
0.628871926265442
0.539613741239044
0.581971828706087
0.402967973110466
0.603099018183091
0.466799736530742
0.591478923252466
0.29120747893797
0.547640268427574
0.557083918275655
0.61882120223013
0.59398307059274
0.592247082335458
0.45228038678186
0.642749887070792
0.457268711771558
0.575680848402813
0.637941963814241
0.526719345225396
0.580353640429832
0.418392345970865
0.532521690463999
0.605283032066917
0.615087139175731
0.559600997610485
0.625008994177885
0.614251357878923
0.456631099041445
0.441599074837618
0.443875792975583
0.488376626847169
0.495479438233125
0.266004628646991
0.565249316810132
0.646497657041315
0.49855988885906
0.522193902281643
0.510703562771301
0.548872373226404
0.582929213793571
0.558092712440109
0.60550559871956
0.500068038568867
0.618018405980121
0.458314129147758
0.449472044190853
0.472730708815122
0.568636711166342
0.594372309729016
0.605481107442191
0.369475828798481
0.568791391555595
0.601562706873155
0.594418027983523
0.496120022081526
0.4853995745666
0.627139924400395
0.565873057084114
0.574970007712419
0.611416549220362
0.436839367476243
0.584182737272214
0.649154365831505
0.620541953207499
0.594104325487907
0.53598970790437
0.617998314090472
0.564288116628737
0.51998135004716
0.476971877006574
0.526404566737426
0.636660849328822
0.432948838657783
0.652933336869802
0.513345378414031
0.465357357650607
0.458978191337476
0.476972839193393
0.641259724780021
0.52611770739751
0.416602437247832
0.502929631662965
0.56679962938153
0.567186971492353
0.512237237246324
0.579772875552541
0.634393020367696
0.53366085540227
0.541780872459648
0.592367509463784
0.64641256344665
0.634907833380878
0.409438096966554
0.58006331894086
0.581757139010343
0.560878021782158
0.448459645381804
0.619310918436556
0.63589328036639
0.540356575831389
0.411681111540336
0.571928275939656
0.604062050856558
0.571757500633104
0.627617775039223
0.592766773104427
0.604238987990174
0.570023217099999
0.634412743746024
0.641681583617953
0.602248005929306
0.57880549630907
0.503426454425584
0.613159721064666
0.374541103016015
0.602625972874317
0.584135328713824
0.616062220359673
0.476293167548717
0.513475627533881
0.622874545803002
0.558287085998445
0.477291839195822
0.615417957196377
0.533416395559336
0.528772830289377
0.585897749592687
0.622056203006928
0.577126837567545
0.590849074239217
0.62944372749609
0.631070559118101
0.606330204472953
0.583994335471703
0.620199208565696
0.651194428697098
0.29203999288504
0.603714797780076
0.64983788655531
0.607474763288519
0.5918005401279
0.57796854318948
0.540460651099396
0.630176579745025
0.429487326431948
0.482761858186079
0.635108025961199
0.640019288672293
0.613909745028082
0.539838832197873
0.555275613943424
0.635032500369942
0.587306197266467
0.480511990201205
0.556367965664772
0.625840211291574
0.638281991331577
0.626143837814666
0.560743944469574
0.642347990203572
0.633086976533441
0.606530875256894
0.51189715509776
0.608939838691331
0.608432028169942
0.590903815082273
0.504678265061515
0.526122218600134
0.555330510052678
0.605253817631168
0.34893582871209
0.534392849793415
0.634221344830784
0.580324982437696
0.598368423782836
0.631395934557253
0.554127059487214
0.580293237921056
0.648645420524851
0.620074323995613
0.565176340175965
0.356813792465281
0.618831185492268
0.643361885664342
0.499226882553686
0.488027264548389
0.572506635185025
0.482522278046616
0.575716553378981
0.536267221942548
0.630139871577978
0.571206342063371
0.438268666065837
0.634466382596646
0.610381123786222
0.636132493481092
0.639248989004127
0.491434191919843
0.574296022950987
0.507373188940266
0.650019867760393
0.635944599186563
0.629595935351079
0.563191888610417
0.612500532788112
0.579179106272962
0.600335015805144
0.491019216086166
0.54261647177505
0.637742505970343
0.615045203217134
0.581483123249767
0.600348762724018
0.568858021340236
0.391886826362702
0.652627695617275
0.490875727999491
0.594794581801793
0.605162889274313
0.603259172501691
0.479650262807982
0.651653798717441
0.636600392429623
0.57824632623532
0.628020120026517
0.486432336455504
0.462162734633774
0.63844605990791
0.356480866539995
0.567340230897426
0.564976853952155
0.439992455466751
0.57183531348297
0.643613480128104
0.295083662993342
0.641263948538155
0.477559838935683
0.565073207360672
0.506526881836401
0.478661048511858
0.581080106860581
0.523263545523946
0.580967967653027
0.550355699397614
0.58432248228599
0.57143776844236
0.516669594866927
0.254761820502127
0.409708265914497
0.628572934974915
0.642197385328906
0.593805030789134
0.652107367191034
0.55521396244409
0.648028736733526
0.443546500661045
0.489162946449639
0.595268574929399
0.489479506581885
0.512517748788859
0.640634602884416
0.505289438456304
0.643358711666788
0.620748422967892
0.595758775505205
0.650251553897116
0.516897504573659
0.621771516695264
0.500556123712484
0.644741778604377
0.607231851895905
0.568757265811767
0.479496187025962
0.64500919698258
0.453693461787244
0.591919211627644
0.622140633229489
0.635322601763918
0.4355651187898
0.633390290993773
0.592223287484319
0.606397116548589
0.641489851635343
0.533729567275092
0.606290843833586
0.592477492283597
0.568233237261405
0.572744022825793
0.553008472342744
0.589601778671426
0.630237773351605
0.641085140638051
0.530736300289176
0.518132456669022
0.517989993361272
0.425983859767356
0.480663232412475
0.626612813933528
0.420615875258084
0.596486746158036
0.581066911688514
0.648181913161915
0.56584697202582
0.600644552066239
0.632226432033918
0.565513662473839
0.520051622754228
0.547220337760362
0.577813371025068
0.305218464887854
0.647960370998097
0.491686175648525
0.607346053737813
0.427137141799516
0.52780081727387
0.485694147759206
0.514985363627541
0.637933061767734
0.601549038329249
0.555731112966801
0.482262831198883
0.377305968797344
0.622503877630588
0.564005091955541
0.558307932609704
0.626052408365375
0.601654850377458
0.504205469181624
0.651705301407803
0.323611885845608
0.585161102885151
0.569852635126796
0.45738308427449
0.53777444941025
0.6457862484007
0.562032005247115
0.635345832466305
0.642677338504422
0.610996189875943
0.613042539457215
0.62150292562661
0.561342597555862
0.553688765715729
0.535510672099707
0.550482649451284
0.641216884363177
0.509923242590968
0.454649793054876
0.530259962401603
0.647277834871401
0.599833061316539
0.637952392420144
0.622818335396165
0.638058955599552
0.340134642007296
0.569374885482258
0.541584628364439
0.495200484146298
0.490941353612594
0.543316506579292
0.444524366561042
0.597178931053967
0.620263537295989
0.524551700280481
0.587531863269306
0.513956536987554
0.592717573840504
0.526182962870172
0.443812657867325
0.488361082244783
0.470790307893973
0.494389945710268
0.546386983102299
0.643495321816305
0.638553948781297
0.550779708965469
0.647812431555333
0.518677315215914
0.571445053571929
0.439222088972018
0.523417517855759
0.610610551343632
0.532222494087186
0.604413984079025
0.48581277485144
0.622446925579509
0.570545116510227
0.574070751881214
0.568300111129243
0.6316694021494
0.539304440319685
0.623558231816738
0.554697409715939
0.651822940257366
0.476545836375685
0.577147547959456
0.451362971613765
0.511679488793516
0.595993513688676
0.641163436970588
0.430799068616551
0.427874945360464
0.505541638269162
0.585564078376472
0.569049209337444
0.649963694906924
0.645414768972112
0.495284249434608
0.647764567798002
0.624326477108238
0.615362826831383
0.57473399451642
0.606829605354106
0.354828476223471
0.408344889651245
0.619162857488933
0.562211841853054
0.573151898821343
0.561187286163836
0.621524878872552
0.433194704913261
0.545254410145232
0.587685547653724
0.613710041145722
0.496298490310398
0.465060430117783
0.617537145201519
0.650686353021442
0.420445033303879
0.441605960067706
0.624385993373272
0.648323190731932
0.627487180687038
0.573282555977584
0.593213581366411
0.647505367996034
0.636649003575873
0.647426877177272
0.524292570808194
0.536407792954518
0.492630775183801
0.530453212295212
0.515562947288219
0.636586503922587
0.594770863559998
0.532690347192635
0.603061449376091
0.621452200364452
0.464029983135314
0.542111425064938
0.55604331308068
0.645805500633663
0.360022188022703
0.369851139637946
0.587608518492357
0.583427145208971
0.639436296817191
0.592612011594956
0.367771273684863
0.582915499963198
0.583437055922529
0.462549854593984
0.555476982695289
0.498704347375059
0.616434338974659
0.559186089823177
0.405267122011571
0.632108483901659
0.513930275147427
0.638480737183535
0.44834415362627
0.516480765003478
0.610799265692909
0.510402040011089
0.541072204413419
0.643567269740392
0.531349665764637
0.463628801685915
0.370686186908809
0.647550468919882
0.600504543233849
0.442641214648802
0.575857670056382
0.647935589591208
0.523486552380945
0.615958543534488
0.649975557835986
0.623467206792948
0.410837036180531
0.452245222560761
0.566170761761387
0.424166325520061
0.649020763193716
0.335727195665104
0.514212749848434
0.644155583152649
0.509831252165194
0.606477097584921
0.557368089821316
0.587136914278337
0.639178647623745
0.635030112725346
0.515055680483497
0.576945208244396
0.332649084318042
0.61628246582776
0.581742713852023
0.544990679792017
0.58505698307243
0.425554146342233
0.645837560700493
0.278382147568432
0.497360734702561
0.458290512412187
0.518030073710558
0.528904624297135
0.480537147395948
0.534273434710496
0.637285322577019
0.605713418005807
0.622855956759764
0.60548427907011
0.490855553989896
0.525591993301417
0.493110311618508
0.605450980104527
0.618811638475679
0.588468395184481
0.554169560777632
0.534867746224723
0.650286397340142
0.553337517098367
0.562234392527009
0.455324711617907
0.627904048856083
0.60445504744529
0.617681628876452
0.626453266731693
0.513074935340695
0.563801513634
0.582961943673963
0.634273203387951
0.466095667500083
0.502866581954461
0.431073173992911
0.414153202471158
0.477602595513766
0.557205146787357
0.480724243880958
0.479304995370898
0.564782617650126
0.628181334944232
0.422603279247019
0.652248963101094
0.492095848740323
0.434683582716344
0.601493918577016
0.600650181820274
0.58923302656096
0.593161271344136
0.531175782091818
0.651399276458576
0.649059613753646
0.593988837323451
0.497805346712377
0.538474970002121
0.387831274428213
0.515869435494831
0.46329095354765
0.50690848748178
0.612576595926525
0.492401113334119
0.484758813145931
0.629940945365922
0.524339833847243
0.616070723160109
0.631769978593378
0.636441269895863
0.566728454709706
0.46007286390842
0.492610606370299
0.628458298328072
0.563646460632466
0.639514844128671
0.645211594929709
0.620153437377647
0.472724126519774
0.320253725562658
0.575127645191404
0.525087652250835
0.618588615177689
0.599391297309457
0.627972735073195
0.522346840065634
0.635688411970592
0.582408604531732
0.559004572621839
0.577967107368823
0.535065205301002
0.517496021780298
0.447741824576003
0.539448570081831
0.575077838647922
0.621878993389216
0.523665379385546
0.642329451242549
0.633068414928213
0.64617688237964
0.633750580686898
0.59338115855199
0.27066415976294
0.578071359846704
0.546299030785853
0.63901424822762
0.459608446793062
0.438510263602214
0.651436127730741
0.621050195204895
0.588685333616667
0.576843418148125
0.525358896707162
0.573706406238537
0.519260132889883
0.647237859324694
0.498644005782874
0.544127923370327
0.521484743787719
0.649950437394526
0.389624725426327
0.646273951234284
0.49303929692277
0.647526152157111
0.630141623176849
0.546416546952107
0.543112572248283
0.635721614623796
0.507205859936835
0.624953378891077
0.586532716351749
0.544810648826437
0.534087596829603
0.555261022225841
0.562674963121702
0.531715660337078
0.318039813630262
0.647214071588714
0.641056686868377
0.615321957717399
0.577014596755625
0.354642479273262
0.630272159586503
0.585779404979623
0.535845559215461
0.492309125805276
0.629526535782089
0.536655382970962
0.583889473497347
0.510374327272275
0.612571470022746
0.569567155266639
0.60683778050968
0.591314685236952
0.551868126349936
0.618538044817985
0.49530050385803
0.519954554754781
0.539123907636732
0.498462841642214
0.584963297607225
0.640777336190659
0.600149144430494
0.636969697919837
0.638337528907078
0.651139162168934
0.614154115351284
0.548578352087705
0.343383519259101
0.649383563833199
0.537165933053595
0.634206893746596
0.63836259315186
0.493253426496208
0.624169188609835
0.642801870456764
0.588966242860148
0.584436358373462
0.57080705836226
0.558871592741794
0.345136121360891
0.533184014398407
0.644599681477313
0.544245373340172
0.645584461330226
0.597334652508008
0.547619669522829
0.612916662983788
0.623851456666627
0.578232371046851
0.601153723602741
0.629633616057642
0.596786155497643
0.440694811684899
0.56466645696031
0.560391728196013
0.613079902532144
0.487059773292354
0.355881269160492
0.582156341888131
0.620017119971111
0.439809421754089
0.633273901316834
0.606199907735704
0.633703034087396
0.389510166265665
0.563133857251265
0.635577380717016
0.611753549615306
0.52704894853012
0.608067922840639
0.627608040181542
0.59525798722268
0.603764417834505
0.521267781237677
0.453401406844374
0.5987701603179
0.490807938102811
0.635958336236965
0.452975671693203
0.508328052263762
0.385857420654353
0.514026136526241
0.527152356661671
0.526688090898292
0.349374112089886
0.548339520895948
0.631735581887749
0.632969324454987
0.485223500861727
0.531891890019531
0.532346368959262
0.597116744485702
0.629360554557448
0.64255468759417
0.550214662296716
0.565162162915741
0.609910210064279
0.50719385828714
0.401840639026801
0.630398267992721
0.538921974776848
0.582053709965563
0.529658325507172
0.449220200364915
0.576315201333622
0.578927984602881
0.623091307851287
0.475679187139327
0.637643275513136
0.649121024339672
0.613846200256923
0.546334942535916
0.558971174430224
0.647045533509339
0.634060567068532
0.651439505588412
0.631050466735334
0.567422147733665
0.614274696088759
0.634094812348003
0.609353562877659
0.605723534523625
0.463832195058487
0.593810670715916
0.552600152438738
0.435560269296292
0.381558216638678
0.554689356997699
0.617909755271601
0.571511325049395
0.623516564057462
0.569765263647962
0.53696598520198
0.520653350613731
0.402820264316772
0.643133101841129
0.512557195552623
0.448970038501958
0.604460766298511
0.461831455374059
0.483320216104762
0.563745946990642
0.624603919686871
0.510484603885154
0.645606966827123
0.477880925099187
0.571436521689464
0.575264871083655
0.652901486356905
0.610574670517682
0.588405506546442
0.517264181568276
0.552672689253795
0.643935669482611
0.576054052725365
0.628199617701672
0.509718351929891
0.50098042923177
0.487952061317589
0.604247044916116
0.638067984816464
0.620375317897615
0.613501381353561
0.517433123121144
0.335396720167208
0.593362382044798
0.562302100451871
0.618455598668577
0.566621615424115
0.627190122768196
0.598430932456077
0.645770725626648
0.557142024800946
0.534615057385217
0.616836593091179
0.580608898978134
0.62237328138264
0.60619580135265
0.555379967369334
0.639650840870554
0.644590202745562
0.523225054806292
0.590638139459891
0.584258056938808
0.624123491043245
0.467450122602386
0.600936117523923
0.621893485381688
0.483510064972149
0.590792951894843
0.443821670198592
0.520809628069727
0.646296059273317
0.56230321341944
0.641862342390956
0.638056978314487
0.555357276507769
0.350885082087037
0.548157493776872
0.510150451178731
0.575818277760816
0.585419440274021
0.531514445912193
0.381003025059596
0.572771266926413
0.623360401784912
0.341237919028521
0.587112831249477
0.558563710184594
0.633734839450998
0.453949752255526
0.631327630164726
0.642097162280546
0.644068040601864
0.64991818960166
0.409112042073697
0.332488599157928
0.648980122923891
0.626773794277699
0.487727714092941
0.421767107440488
0.645194508139439
0.476843631035321
0.646299968966797
0.477100418740162
0.471013920936162
0.528988896347155
0.581299406199073
0.644363208130155
0.516027565695283
0.363394549696779
0.637495612155706
0.513439501237787
0.590377325502803
0.651745416424491
0.592312543145688
0.588650786479525
0.650281075464757
0.569128628961763
0.611260724450885
0.615756880678479
0.555019646427556
0.522606508139615
0.638613284755862
0.481922627350164
0.564380747917458
0.455367375878481
0.575388502488022
0.550357401774111
0.652157814939026
0.619699283568335
0.411370736817623
0.361349409896043
0.521593974058773
0.612080628936902
0.49574920147453
0.563240214141578
0.509726402196356
0.636555138567339
0.642753639607142
0.637011676340479
0.629185673507253
0.594469880460684
0.622806507276779
0.532946985108464
0.644006739394327
0.479462513557759
0.509176924802011
0.579254394732408
0.614645391151724
0.64481781268729
0.584165064576908
0.626701289409741
0.502324466718009
0.640751904581955
0.360219852809711
0.405211405521099
0.618648446446735
0.648576951220363
0.528832250863801
0.627914526842764
0.481739208533747
0.640041362542737
0.540484845144283
0.564950724116162
0.52525495651691
0.622224882941641
0.387311060015087
0.529031957314124
0.590106163428139
0.610528151645292
0.637404698110613
0.590494426867275
0.292603608269605
0.573773962584981
0.611760220617819
0.515538379461459
0.555546290063863
0.532667471946098
0.522512088547006
0.618319932964311
0.648844282844945
0.616677270216764
0.504689190923777
0.569544140919904
0.512928906585838
0.612366370897557
0.62001180033744
0.617275035682648
0.463234074402993
0.597984539635783
0.516861498022852
0.637465660617654
0.55261144094965
0.573032581281104
0.577768562658665
0.631904657400225
0.605455930652461
0.471355243116699
0.597916451959094
0.549260193879278
0.594435519539123
0.602444727025626
0.64537950500417
0.648712991306641
0.4129099321726
0.600041944407258
0.651442238596849
0.490958474170035
0.379916450920194
0.616620441117103
0.408519103799708
0.622705379863809
0.290110432403729
0.380123149668597
0.479792606175674
0.590787132124766
0.544797970010894
0.609462345870807
0.619025938447912
0.409862226290005
0.515541865287658
0.600380593129516
0.652664357899805
0.568617530264418
0.604047799012145
0.644791257521939
0.651602204247438
0.600415490621119
0.452631663435935
0.619213644270795
0.558258974870869
0.636913382713322
0.437969402785794
0.652485228993536
0.590900582125012
0.503872899246068
0.480213284432973
0.609924259931844
0.588858377431491
0.575850950808962
0.611040838459637
0.542094288319197
0.637345536721529
0.568628731189788
0.425941108311357
0.588077204749737
0.568202282477012
0.606975524482173
0.514883714053095
0.632840718240912
0.627807487926497
0.64635591125358
0.557993501645005
0.459614652545156
0.623397000468936
0.533579823113314
0.515165138334972
0.510286159104353
0.625339911474933
0.524317449450404
0.628530755990174
0.468696737957333
0.570657627099377
0.609453890576401
0.569933074944671
0.637311538893512
0.416637409333275
0.440058335993703
0.548571724989583
0.464938730144054
0.59424606889032
0.560273651610574
0.549100629711973
0.651544241916164
0.591048575116811
0.604569708040919
0.573388998786469
0.388515775974899
0.549760436053096
0.615291074774591
0.631785135212888
0.238219031895641
0.582978375312185
0.58080655754739
0.507947182173623
0.577680805970443
0.495117119468561
0.624311213850399
0.649675981049863
0.565909866360935
0.585850523936234
0.607184343007338
0.441715925067809
0.557013368041539
0.491072058469435
0.476362217523921
0.637496782004963
0.495452059898926
0.620304930235904
0.618687719175337
0.564627665472812
0.647664930516854
0.555733495430561
0.548229155525245
0.48351376201848
0.623377846612459
0.494436290060602
0.447403828005
0.545832356755801
0.573909551784407
0.529838187756757
0.620191367280857
0.623462772445858
0.607345266947301
0.587544862581683
0.521885186671737
0.578323098800891
0.55880539163952
0.645873799789962
0.513192591728805
0.571071641247029
0.636647778179787
0.463418105186049
0.584630539278138
0.565933229227001
0.53543048254848
0.534520546799013
0.606380113798674
0.409607151379876
0.548025188697634
0.618068858670743
0.561683198984144
0.569141775472019
0.581743253819065
0.506861966681581
0.463832934421313
0.47824441210646
0.483260257887389
0.608287234194304
0.646095626282216
0.530968030246988
0.629850601486379
0.644866734942768
0.423633658877295
0.593153665664035
0.646479658784907
0.571492035167334
0.582783785808439
0.359533009467036
0.495282382916305
0.640624287536576
0.485993123705632
0.479206504534949
0.477585404482923
0.622915370693908
0.594237252730517
0.603277998142793
0.487154378745902
0.633138747544284
0.607606775420533
0.636239662796444
0.321592592744916
0.632016341665213
0.459221486913037
0.335472064496761
0.605353226883179
0.59682733374528
0.597882515554665
0.613182392009749
0.576009631330318
0.578987040408492
0.544888780409704
0.598925421356314
0.589354636957814
0.47476267044002
0.649712536241628
0.518956425519996
0.526931920172474
0.584975560691455
0.485534122311209
0.643897485422555
0.621360721358464
0.538074138593408
0.444709448517682
0.574386316880535
0.487701346238932
0.583747300963135
0.509352150204882
0.618740006155687
0.537217509527185
0.560203429319006
0.42306173976251
0.592849341718417
0.562361774715901
0.576597074309368
0.604929276598329
0.599375763117915
0.378720552786177
0.428772098390908
0.513172871137342
0.36394063152168
0.557989866045994
0.583392480247961
0.420586466377289
0.559783297906845
0.62594133797581
0.440207785204655
0.54399683215221
0.390371748398134
0.651710590126838
0.590059717817633
0.50332988139975
0.60960793857787
0.572878039637342
0.508061566927192
0.58188291355959
0.334010743572977
0.647479988045185
0.542508220648018
0.640087129100165
0.424632413921692
0.624766177573192
0.538470640907414
0.651170790319377
0.602940472200424
0.492022134603673
0.610935548942143
0.420916699326228
0.633586757470759
0.636120639594095
0.555081366304439
0.453299809389599
0.197427451782904
0.536292257940364
0.559952919553986
0.534058767850796
0.353084989937395
0.613329353217996
0.621252154507116
0.551554490337311
0.602309982976214
0.629406586103103
0.510092214468585
0.570159073327427
0.648913747031572
0.649386850867499
0.405530950454298
0.448846957584795
0.619926813563905
0.398311782957486
0.623151556908101
0.462616281625372
0.459602035224559
0.580431753848401
0.528340934787905
0.646239053823725
0.550910249739031
0.491806344889367
0.643622046293548
0.632463519538553
0.542520542461489
0.579075398676587
0.487908854518994
0.604395492224212
0.487917608070749
0.519913059646409
0.616821429683892
0.509325346233443
0.428644223742652
0.565187384844342
0.509086863998904
0.64886362334798
0.465987473334527
0.616797413192401
0.587820270127248
0.639128097632817
0.630925360450734
0.615916755170954
0.642287060980949
0.639175477490261
0.643066033133943
0.588500017611765
0.624358367358926
0.641096314617673
0.643494089368426
0.613163132452645
0.595414795309805
0.621025575296066
0.536994256872443
0.649321794934041
0.587155222509402
0.626863385567676
0.570683090493568
0.596958882680457
0.626490562186352
0.572627840212195
0.613218828870665
0.429083800408624
0.183804047990181
0.604640779112886
0.523855742804866
0.544941268754195
0.589390098204902
0.512395114601167
0.58310976346163
0.595014150346929
0.595041949732533
0.473323028414287
0.64127604950627
0.60141844062697
0.591155577638402
0.460517732466458
0.49128873893798
0.617627146865034
0.565447697104058
0.554898543734866
0.474296917937463
0.63361293594859
0.521896081347594
0.651531860507226
0.588491874083705
0.573232102470611
0.58033815885162
0.646368705574239
0.591252865279565
0.54358762394386
0.601760493526744
0.409688661805165
0.513066540480581
0.616076329170746
0.396043189600339
0.614676503190199
0.5759359877911
0.544871347333568
0.600773231413911
0.3966148671615
0.495643832873854
0.470556406822925
0.627269799221455
0.605104900632252
0.615444324614384
0.616912496430308
0.396984014875496
0.568752818614244
0.594044254730332
0.561888650143144
0.583482606061314
0.522114069021959
0.4019827865466
0.564182582074414
0.651396929881899
0.627480975895554
0.506894863235548
0.503033956643667
0.519816433913498
0.585773812788993
0.543933779906872
0.516423711467045
0.638457883054392
0.588906329445827
0.616147071176113
0.484566379097941
0.499291433167089
0.648581615141126
0.555658609816337
0.624713687696028
0.640938246623512
0.541107158771727
0.542872253541236
0.539243588836641
0.602012724128858
0.632946519766269
0.556142394208435
0.455654638776952
0.571464944145419
0.515385417936489
0.536981341566472
0.583150091783894
0.532915021908545
0.648906397817877
0.618923364762129
0.555005699324407
0.581478419288098
0.637411319502526
0.607096084448971
0.606403443610448
0.633641138021152
0.599659236919308
0.622920772001799
0.506160188557195
0.554675534440405
0.53713051646114
0.377744576248221
0.413035177798457
0.612210483117525
0.555086653942174
0.63118602953709
0.481958522727942
0.492510668278463
0.60897843797815
0.365321322905354
0.619676407382752
0.634999142676245
0.482798377882176
0.635818063935117
0.635325597312996
0.555442068491818
0.59497407940622
0.651860962668715
0.484318784819056
0.432177295843422
0.535637057683316
0.646140220669184
0.449893036722751
0.519446643851945
0.580266503628698
0.573788903736643
0.557342952659608
0.602377372834248
0.596569380035758
0.614721054434696
0.459186282782989
0.652420587504648
0.574308400890416
0.447463137615073
0.593266306508695
0.448692684295829
0.53745299542165
0.455564780583483
0.525601689943595
0.582842399946492
0.648884044495512
0.641914141952466
0.61650789164253
0.614883152984892
0.604259400834241
0.598254420199299
0.651325850639699
0.642259590863574
0.455086438428051
0.602523288020048
0.551688785342384
0.476411932566382
0.493782065249671
0.564656122807524
0.647685094889987
0.480524517979475
0.64317632755079
0.641168786980984
0.441646635731566
0.62191958730127
0.486487121072601
0.505797518406104
0.562595552593303
0.625434641692183
0.511065193640125
0.612896719885763
0.438248506037706
0.627162217362858
0.547529332632085
0.639530572366224
0.643432259803702
0.606535968836742
0.390023679892374
0.5244738136607
0.547654491063937
0.642435933946556
0.602455734960593
0.639620630251176
0.443764361518898
0.616709597410941
0.472590454441093
0.506454540290696
0.310683278144133
0.631785567073101
0.560556512085664
0.401727474324727
0.509636789688637
0.520925638926122
0.521613074513815
0.623394682947335
0.564980736496696
0.638359756897483
0.603112176187967
0.58342452960752
0.404938957504265
0.47220946573926
0.530681463540063
0.593334811772136
0.349406273423812
0.627790316877511
0.533052524947843
0.463117028779224
0.476347725559071
0.535405697890695
0.609285982914865
0.630362178822156
0.52419802180341
0.604615150230733
0.532830186551039
0.527882149027662
0.643857159301405
0.59254435885795
0.576840742497443
0.56709962315792
0.577235452930437
0.460966973727787
0.639113811233403
0.649838952041198
0.639233467303654
0.590877767625939
0.564268448104346
0.557232827412213
0.540572945733933
0.594210971446926
0.607515576669357
0.540126247997689
0.53262824012693
0.623819810733161
0.601167574627974
0.573719170202638
0.61346813755307
0.620383528210883
0.601227977827789
0.516634645696828
0.474387459670611
0.383103320045901
0.5582306133634
0.602340501558346
0.539175834121261
0.623231743665632
0.598456614976238
0.443091111671664
0.547400119421184
0.615312254110521
0.505701593817147
0.594339035555376
0.605046953155748
0.505144123319997
0.533062013205988
0.589516572640328
0.45025297362642
0.629702361619812
0.642463607510652
0.522170881166859
0.502681751320685
0.637503717016043
0.538402797432977
0.594145817604446
0.606326119012192
0.433011765003044
0.575325106570873
0.622422020950268
0.532053380054057
0.424544327969775
0.609951957864382
0.630383176760989
0.598059437164658
0.558873485321374
0.507866415237719
0.493247221088961
0.634929977746239
0.624591370295378
0.598101373992368
0.598617989426372
0.63394225555093
0.628994168839154
0.644668415734319
0.576195634675526
0.517820718011092
0.592185299732529
0.531479425300313
0.48144692059869
0.586902199278557
0.424784549560907
0.566458850607716
0.649803210412877
0.375334444648718
0.54921768796136
0.254265120732865
0.639124502898171
0.586664850985682
0.592452206408508
0.607985258054183
0.459167451236628
0.500975313942501
0.607158181935438
0.483388373586237
0.57148481043075
0.581932519448741
0.408460012936224
0.49631235322463
0.523312008592964
0.590050528516242
0.605430226612621
0.648117450853679
0.538568048250038
0.599733521499662
0.623335269399197
0.385816651855665
0.44172826525524
0.625896130933993
0.511345205796614
0.599616708781122
0.652147768029334
0.611627784351478
0.404756499102177
0.580483243170761
0.586621333224443
0.628258643417098
0.532783221836482
0.579369856952937
0.640106367838944
0.628431682746012
0.506052352566424
0.549593664682648
0.534290391976574
0.561580269156652
0.591521726212746
0.458568711370488
0.59596053348989
0.61109215974509
0.508506978827634
0.562320960416957
0.611262018639355
0.652733596640197
0.460219083707214
0.524962776213155
0.582400794701517
0.646461415639692
0.54220819143122
0.620436426384944
0.54287067569601
0.632510424866543
0.509347138677072
0.627550764563848
0.59872384085333
0.482807352664398
0.593927612216206
0.626434153108131
0.48905337795436
0.520020762314756
0.584682565864402
0.620293522176244
0.484683694460166
0.503320840757744
0.618355350492893
0.530251430471381
0.593298598665304
0.649078936763527
0.649352086832022
0.571419253188838
0.491040776279813
0.418720802631779
0.514516490120461
0.54827584425392
0.593935189179717
0.598978032475036
0.497531230373837
0.643266283845109
0.395218274090546
0.632209686285261
0.628766262119398
0.634333547147282
0.609844735933493
0.568871496456413
0.58751681396964
0.501654050374643
0.540869536207622
0.620172078645274
0.46257115481877
0.577885234263756
0.601083793687908
0.588716660709816
0.63073331291496
0.450688646406429
0.517820351713372
0.620238967031499
0.329309576307643
0.619400310346001
0.481963534945349
0.649312065632661
0.415628484647444
0.604317617271745
0.502267001726983
0.62807273807968
0.589595600175714
0.535225716319555
0.588935217667563
0.571790214919627
0.597320290041477
0.611928032604752
0.553821825754593
0.551097528601567
0.512474537342019
0.415870088520208
0.495224398424905
0.522841426899164
0.46137114188028
0.500794034858626
0.456821398685727
0.646278532121367
0.601365477142016
0.633104359613606
0.490891687363322
0.48921471654671
0.619056553227569
0.400103772649719
0.625552618121966
0.645200874867399
0.599143628519996
0.552514211195946
0.522324110211546
0.622490622764419
0.539863754411698
0.467524132767513
0.486331039207108
0.643910206273049
0.578156742096056
0.645726027306681
0.556060907494922
0.498972747040758
0.449929890582367
0.611081695685028
0.598414576995848
0.428859940205007
0.638136708592723
0.532077499435404
0.592466191509731
0.583890259068692
0.628498903704775
0.54120073653303
0.548870227501031
0.637442176850144
0.581263818562818
0.645861010859974
0.601179045406121
0.639589190121621
0.647919373745594
0.615837908131531
0.644008184885862
0.62349556948089
0.493485256921817
0.645511537342063
0.456187882519346
0.536272883853157
0.52298988913782
0.61425582520503
0.651688962929889
0.565768919022884
0.53468036019721
0.627928672107328
0.585047457979693
0.554515905490962
0.61840666873898
0.555832274026497
0.422433403295965
0.460897211278662
0.419703269740678
0.498119600386385
0.492827984773373
0.555614873076764
0.332899892990286
0.527541971753734
0.605267408674601
0.583279809759336
0.642114618123593
0.610722397904205
0.530799737173682
0.537556820784653
0.637223755669268
0.616716655272258
0.308917119769413
0.591038511204079
0.545162618733033
0.600663228785111
0.342221005157793
0.625071863511915
0.621379704874703
0.5237402144859
0.371053619032761
0.559187498573912
0.616860702873772
0.590648362279792
0.615836532931931
0.634301520234141
0.554745238825237
0.571003476630789
0.538830718745839
0.567899704328136
0.56912673543755
0.627082877906303
0.577896896851785
0.580910590482737
0.557676229816372
0.598162164402542
0.512379119297711
0.621479607233823
0.546463837620914
0.547082769189411
0.651378926209654
0.635866161020167
0.465514688126834
0.637063981052384
0.378415391191007
0.589758089550577
0.578633876807338
0.547628714619985
0.634574317947058
0.638166295713639
0.628399129174057
0.475237392932339
0.50918553403965
0.607924492136203
0.531987049197966
0.638640059598773
0.62894411579077
0.64645943606786
0.51058426739007
0.585264072582697
0.494368309478314
0.559557807756959
0.635394218633436
0.593011756605047
0.5582631696656
0.503440172532982
0.592934416549414
0.494058243788532
0.589540512759963
0.579996628439881
0.646279351239039
0.594134500264361
0.582314883398373
0.530321142623083
0.467927369049557
0.566414351232089
0.646361122379374
0.52717597852178
0.644784123175215
0.573374640586145
0.552873997613506
0.641208970980129
0.633248136824485
0.510960345240958
0.614536071936466
0.596500347518317
0.436468612868344
0.603706215739408
0.604188158171884
0.349576361994465
0.617392876099031
0.366772642594695
0.583970279456754
0.495445137479075
0.390126140477881
0.507949578052461
0.290389339902887
0.525629418598334
0.56957071036574
0.639028363462295
0.48807725131618
0.543034632796381
0.565540203038312
0.6322494801249
0.59612855687078
0.518333951509471
0.622047820083103
0.647697063670117
0.530217700792311
0.616792658365387
0.261236155921621
0.554136731102001
0.582232116401279
0.557437464487597
0.587645153716962
0.591611646051803
0.44819365261191
0.608493649247485
0.503181803332992
0.435925336266977
0.524633769954113
0.636649833519011
0.490968747806154
0.622965289785152
0.589835226595105
0.572112878906209
0.623919554179054
0.512450099717032
0.440903411890825
0.453475093759512
0.181199242922962
0.456724627090088
0.600593839043872
0.563601491520806
0.58812061223567
0.591936775370569
0.550082014643881
0.482868932784707
0.565646293223703
0.55944035389999
0.572216796351621
0.629901391744262
0.542119078712965
0.556818967671088
0.624100595551881
0.435075422670847
0.415713398282506
0.527819238604608
0.642966918545628
0.493722735270469
0.215482163477757
0.599686714139962
0.526157522706847
0.518705980760239
0.481823752147403
0.502750506281905
0.591780294043645
0.505818650619969
0.594174535254853
0.613822895458163
0.554464811341693
0.579919185732167
0.613250361930128
0.562181502220762
0.640153451662492
0.578021976194954
0.419391399427237
0.609205879969288
0.641778781017984
0.348659001762869
0.497851442281039
0.541921852162274
0.565415533758247
0.454874289291716
0.604159763249403
0.323023876395357
0.47344056079065
0.508841138288369
0.607032577297236
0.637024628179947
0.65096995754683
0.503563412577892
0.622869466439333
0.613074205907956
0.587236799124289
0.455172093187203
0.612742479334114
0.555995734073012
0.444507316403678
0.407346830831755
0.575279146296075
0.476282057968391
0.551295886882242
0.233560113189626
0.533816217073606
0.501898789974832
0.617721216859924
0.613199514901335
0.649059528333051
0.526550466282452
0.632465183667638
0.4411059926463
0.651355738787677
0.643468046403252
0.54731440854379
0.552444874087882
0.480842811664147
0.603188848262879
0.59023048575236
0.574958957984686
0.587379241692624
0.623219249974699
0.303313536192574
0.405546973646099
0.591824167936674
0.642481367752906
0.612224119648741
0.544608806097037
0.568874671107951
0.368275182191301
0.558760320212507
0.592558049319042
0.566166817516786
0.586140144366761
0.639425464302771
0.629831118646725
0.492286127758798
0.620391086095915
0.536478224216604
0.477324752955403
0.596510250905093
0.647057317619941
0.623718841601361
0.586768308834779
0.531992021001023
0.558555191167975
0.554138682300226
0.485987447095688
0.525738068167474
0.536382298482188
0.646508465936832
0.634073602234752
0.590402813549329
0.369811195941147
0.599494318241161
0.625577034184482
0.62509504352139
0.533901433496383
0.483914647310323
0.629824968772335
0.556042398738255
0.567777185675913
0.485653409205341
0.537205729420087
0.532659898073377
0.613047236448538
0.523554911278752
0.602306640171867
0.433648723187376
0.608184668411665
0.6172382013352
0.404190043375952
0.577169898665536
0.65214237357325
0.620994526888046
0.650881122786755
0.587631240291125
0.518097426750906
0.492473602592312
0.630164742086356
0.463896062932536
0.529842806273254
0.565725248750498
0.336486603491163
0.639593621539689
0.475590054083671
0.595180546759757
0.467002447481898
0.386852964483032
0.464476890271688
0.534454777757194
0.589434635447573
0.589347156825433
0.438159056383489
0.375592693760125
0.645013042735945
0.445731623794144
0.576713454733288
0.651394721675921
0.620941564114283
0.593981225443242
0.621232642175706
0.645966462858033
0.552521613020845
0.518336317397428
0.622626091546782
0.633489488309914
0.617237144430296
0.583826539748628
0.528636925382186
0.388164160304038
0.582485434203745
0.482258520797657
0.651059174872018
0.624542191224742
0.462246372298887
0.376919471911679
0.504667143834933
0.596743369006747
0.576002846831958
0.624164939718707
0.357557267065139
0.535024752907722
0.616450524325875
0.467850308832529
0.608362953641547
0.441345306786807
0.346100073053813
0.555714010639236
0.533805358826362
0.591547199074838
0.604670137396415
0.598001658093392
0.637385315731625
0.588680118540407
0.571590579512364
0.499745432795162
0.612701662587492
0.52367237123841
0.621189769954071
0.534764144014508
0.531154244872653
0.541403490236015
0.601803889215273
0.441321807439445
0.635852886828381
0.421345240470676
0.555849643199408
0.644584171211719
0.527576630713027
0.455311435471237
0.552134244809841
0.44543692781057
0.492614766643447
0.582684693546315
0.506350950298167
0.63351203963013
0.34418203069228
0.543766473286662
0.638741852850957
0.55544024927911
0.636551041443479
0.540673677754081
0.462309404818095
0.649048660501498
0.635605737900184
0.583359944892879
0.516479372027495
0.630693398381702
0.519884873015638
0.600453162305117
0.638975205035318
0.631083998132262
0.458367843204675
0.551406102468658
0.556629239555843
0.585941018113941
0.558782732970175
0.558023365470108
0.546212884662666
0.573715744556597
0.519981709183702
0.612134060904684
0.389091373440231
0.65261913602431
0.456856069092745
0.643366782555093
0.549135148058206
0.583886773610641
0.512232361700301
0.611407322613691
0.617133929891479
0.561003770094295
0.617268793025328
0.635628575408115
0.582272694796024
0.622503244405759
0.601540548760219
0.54792246535075
0.639487730019327
0.589100811529533
0.636044823789958
0.548414989019928
0.612758659977764
0.517443753647278
0.545246423196046
0.562122940793068
0.512108028991628
0.366695572924843
0.538604472977036
0.648240873993659
0.644490028197941
0.416981582196236
0.555414964863037
0.553724969712504
0.528963784262181
0.449938896127738
0.636818785954804
0.597823374771763
0.616806949951094
0.641824530028874
0.548614158347278
0.571417529911965
0.642102127734087
0.530797652693098
0.491826605217537
0.552029278188386
0.536787893974326
0.620402921685646
0.622405366807517
0.589615182952884
0.623426902152383
0.585901338317202
0.391425876815473
0.461381451278614
0.575143036695427
0.547519492156429
0.638609197184734
0.631577263634203
0.492977190896941
0.622243547691602
0.538928889548734
0.403163505663725
0.60443510570189
0.636771430102411
0.64520565726987
0.532202169566194
0.612326453839406
0.57310452258661
0.480126788157534
0.608923340852792
0.615640912369768
0.607213839903795
0.607069333057379
0.538921102854462
0.620249695144987
0.607932304744254
0.561657601224077
0.592628501587035
0.531401119620703
0.478482369950874
0.633896771750917
0.574599041279243
0.553426395191983
0.448814424140705
0.641589077058837
0.597219673398345
0.528669380199708
0.370744185639586
0.636023462992793
0.643404496517311
0.569764545010769
0.482233189604229
0.564204469829066
0.39051913546074
0.616747882607523
0.626812841145279
0.644789309622615
0.556644449217167
0.617169704531156
0.588712456572953
0.428028366823237
0.398138701217256
0.528696962464593
0.612009047230523
0.490503314688317
0.358951531757818
0.545863664855428
0.443193948678592
0.545176850177312
0.573216913107726
0.618386808899336
0.543973636258979
0.542432644584907
0.578256285384752
0.563803454263862
0.485139891707594
0.626224066663209
0.635021986518619
0.63055702627846
0.427098336185667
0.499672907456018
0.524312435853059
0.592830568005135
0.493570047219395
0.504215669083082
0.636725853688311
0.590257962188116
0.584252295152217
0.486045600081779
0.535950624513778
0.537368697720973
0.518450854223234
0.5452247793717
0.492209345242583
0.574468547900216
0.623075463997828
0.642668972559402
0.37549444242959
0.646826079125242
0.535234676980939
0.369093408959206
0.640853823232492
0.468444049816197
0.594958938283352
0.586364405566314
0.618585350120081
0.481620076319418
0.634152257915853
0.535008461678526
0.480356651035413
0.647013224893841
0.563387166203072
0.565017209329366
0.636857040873587
0.571139860015426
0.603331641457697
0.514177867337847
0.561041081581965
0.544732357708332
0.599365540913607
0.5939625642799
0.53343722658929
0.492704415827338
0.518165082556648
0.521396632599328
0.642197082796133
0.57324130757491
0.625865562546823
0.570827645537342
0.578859008620204
0.427201315863404
0.46078663744131
0.507877146303059
0.610026120772053
0.612237976201935
0.565231002905857
0.594756478163761
0.491863657999467
0.630207477783206
0.509345012384863
0.421538222298025
0.585264450909164
0.6170784586215
0.593064288081274
0.607923266291206
0.648740730569361
0.284621196523033
0.472343705388599
0.538479281348649
0.623164477060925
0.576147807558981
0.456745265849171
0.640579981660264
0.597452488458976
0.330074602806346
0.637807507140786
0.410294090989234
0.579207528633702
0.516007251539849
0.61922494946837
0.341426381233076
0.472505479050044
0.479478870074056
0.584542976316115
0.646440269358775
0.507165277664676
0.623128587799707
0.639473762420308
0.428147556650846
0.652688938020377
0.629766082413084
0.638755820180624
0.626598137242963
0.609560759130411
0.578819491285501
0.472191822276527
0.572869460615831
0.524883204344257
0.52169042295164
0.519466912852608
0.431860184048382
0.602855000307048
0.422717252298504
0.547840386571742
0.595949765617452
0.591055114373219
0.588369377078449
0.393504428688186
0.498245835615408
0.577978598278305
0.632340751543132
0.607033686209937
0.451650515302904
0.36570727458529
0.643063080747148
0.515255715959144
0.573438404216084
0.644075056617989
0.536924101026641
0.526777751794163
0.45199966654436
0.626643682525463
0.641695716128922
0.569107992628115
0.397020575314242
0.612592813744281
0.488926407283333
0.588625623472026
0.610112259371986
0.645696401711163
0.537302158784445
0.524015609216998
0.574655267276311
0.592888141608204
0.606769350544555
0.650317038886289
0.633910694462424
0.548409114745235
0.563851585459479
0.49908861706911
0.61784308048134
0.643733037227176
0.552551939843134
0.57606587125197
0.636697122117818
0.609267360648378
0.421710206972116
0.458054023776044
0.540036794470224
0.430832205211612
0.538558446839488
0.544464488945579
0.450744435590557
0.652702598754922
0.583585620192001
0.512076573053096
0.623417029019105
0.597779298754356
0.546599030942097
0.647876505167717
0.571486407834055
0.602216138853726
0.501400092569264
0.489054908756351
0.389765463323347
0.59714783965511
0.539256708217606
0.594983042955292
0.647056483992146
0.571505085138973
0.573878896955344
0.459350205917758
0.650413523388062
0.652547048876145
0.333987103294888
0.520962326638206
0.294707966228426
0.570712156211957
0.575721581200182
0.37250447330436
0.529224212540229
0.547417605381663
0.424568340288292
0.302155631976754
0.617159283970048
0.505145012996967
0.404117232493447
0.594682092608389
0.56315945084653
0.557287055668378
0.648637587923676
0.568922204002565
0.6142265063762
0.530990289887642
0.527561338414615
0.620291713193834
0.562906304910776
0.430753259681469
0.533533333874059
0.577141182585165
0.444550949473453
0.454309177407634
0.619447765224826
0.586877290086113
0.531668551310709
0.642356454780007
0.64435579544026
0.479391092598286
0.635952319838424
0.474684760887053
0.602743982912422
0.474075759218499
0.505295454170395
0.30679153377008
0.623539701372821
0.534704926606893
0.568718043173031
0.582342153124864
0.366434568102041
0.611532557064342
0.5310694726452
0.610410408989611
0.571393470691247
0.644737766637652
0.612359404920334
0.637242681907529
0.59468517678897
0.636929155349493
0.607456916940397
0.637491751844277
0.571408423352048
0.530329113756186
0.574851543945502
0.569269433513488
0.551534081519217
0.498417151459711
0.611699438422996
0.623620436735696
0.588357039074369
0.603019297612067
0.457043702800732
0.641182043213206
0.623612162193735
0.334687781723193
0.489426574307595
0.585453748302208
0.622011412296798
0.533537936210032
0.607420345686951
0.548523486664649
0.547019319406249
0.595541319169835
0.399727065560694
0.532378741626604
0.626101390256636
0.597188297438491
0.6500543251852
0.329484985841774
0.520907488030607
0.533018971617065
0.576476608500566
0.623459324938112
0.598728862530227
0.492121935097658
0.625272695227382
0.344631525752572
0.577705706910973
0.583666026126725
0.351607916055584
0.609087604906611
0.526457184177671
0.617736475304161
0.572481192909202
0.487910706703467
0.38289990723921
0.563458610103705
0.486066579027254
0.426855034725058
0.603623910424357
0.59529537139461
0.589909238684447
0.343417476175839
0.561301987542842
0.483439432110892
0.541813726284049
0.628618272979015
0.622266337962305
0.375036554981587
0.532521314683978
0.598062513052703
0.589326388029856
0.330466496221961
0.563170467372202
0.533523921135849
0.615419873472198
0.495202756508674
0.624303182729214
0.602078649271596
0.445178636852478
0.479414658988229
0.617271867996394
0.547736667305992
0.596540135495382
0.547137320959612
0.625795643042913
0.635051503765635
0.619947531362876
0.518277105097815
0.627640177718234
0.568534499725043
0.456214398475502
0.514378854208998
0.554892341377308
0.480794784867505
0.593080223770599
0.579462097975096
0.485860942883932
0.60624720001435
0.56003702767183
0.482739997318424
0.588494471006467
0.523129457148897
0.62297955243916
0.527872939427663
0.512864718913714
0.48730465021384
0.569514926212655
0.429781328984992
0.542083901210856
0.601864320876236
0.397041441839998
0.60385196719081
0.531162880019602
0.503802553512557
0.627723498910548
0.613659098297743
0.531477437398002
0.582056789810559
0.642975644503144
0.450968185009524
0.505681124990178
0.461487680405247
0.641024354074399
0.603652600631655
0.596112691465853
0.553818110950817
0.62332786898054
0.609076311556193
0.548567059996587
0.629958897995169
0.579515002425405
0.640738403212378
0.402115229281778
0.4977548442895
0.618636343663445
0.577705029446606
0.640964465921044
0.436136917961678
0.64899786863035
0.573994613479416
0.343772446651068
0.570299723950993
0.600862798575379
0.441079212012642
0.409005140213312
0.508955036044504
0.611814301909408
0.589966784363451
0.561799371668806
0.646788749829481
0.54711772285709
0.635624550030545
0.575829838477972
0.488117908291635
0.591271294351936
0.643330892267596
0.560218284032344
0.4510687433082
0.476466857319307
0.571056509016675
0.564845430354657
0.615221876995664
0.582621999606193
0.622020005871553
0.636106496632148
0.608459579048739
0.509254013161537
0.534219337167257
0.602180679903156
0.641380333069117
0.388497541183716
0.514488731200494
0.431881641866998
0.585821077812929
0.515100968014915
0.635666151233607
0.640289399826688
0.628971175549553
0.492798539875215
0.485419265429105
0.451171850194176
0.638049101808853
0.614397814834862
0.448822706433507
0.461611507924594
0.505097704176416
0.598317336879224
0.546169933835193
0.624170014831651
0.635714588930771
0.465166956787537
0.6165809169519
0.5908029480828
0.619110095158973
0.311322234494152
0.378074882849487
0.616301210348422
0.59935988592671
0.42305689145512
0.620443818405344
0.639142880527492
0.4444127070014
0.637698136434686
0.512225826401861
0.547159526158761
0.603959483719085
0.482959386136461
0.523873471141719
0.59089150871618
0.591779132818935
0.579984548654823
0.631986371631006
0.623727789998143
0.639909561595164
0.604541456831612
0.635270579203796
0.522387386380698
0.59546000548826
0.628115403293255
0.602611114264958
0.58428602417424
0.618321894776538
0.396152238773436
0.646992041829355
0.432107540380839
0.622843042441862
0.649239927272433
0.557956062455575
0.621412700733765
0.563974317960034
0.353401481036681
0.632564714424998
0.555340911276161
0.636799371080468
0.419788704415926
0.608111991161403
0.542889841627923
0.614554760774571
0.584236436798745
0.606669996631416
0.592315503010131
0.602379099020379
0.540663522174311
0.633648132630903
0.486007542212189
0.494345305527985
0.590443308136343
0.583723428921884
0.591047922428841
0.458296310485118
0.644777575546294
0.355903910010627
0.652415272779098
0.63335077874704
0.51483242782948
0.614084977462114
0.550261956881031
0.479644359671626
0.559696208465015
0.615343376639398
0.472722003749461
0.549909761661708
0.551335363293346
0.447171355504622
0.651437355851519
0.571344283374402
0.614308497315773
0.45072176266255
0.459422195772767
0.539317492146799
0.633378208689745
0.557222537035655
0.63367638323341
0.494979630635763
0.577725515342284
0.36697600743924
0.420765202993441
0.626436566327745
0.464840578181804
0.56937000059259
0.594216888727133
0.587382010115708
0.395561791676579
0.576252172767978
0.630176617331046
0.497128354324859
0.640091831838718
0.489327978761845
0.540857307852786
0.497140928961177
0.580736235863353
0.595634682888225
0.617851090271139
0.64452615556512
0.577747117294472
0.574068283833181
0.585707313889168
0.639444151470267
0.54635039524295
0.561123304465005
0.568570324498186
0.581785556379392
0.460977132899969
0.566980348998195
0.375339375192317
0.646497451190948
0.538341874987482
0.514127368307738
0.575245910217459
0.5485992004196
0.516288414819673
0.579454625899075
0.598073054161688
0.513788015770585
0.593548971661109
0.652693286058308
0.519927202037788
0.624944957469086
0.620176522705871
0.622005126639085
0.622723310334247
0.481027806553859
0.530138425326119
0.304679459699254
0.571930489691333
0.319363625191531
0.540592124269149
0.612650870900513
0.464816658827383
0.516655573640548
0.556247197630931
0.51382626409094
0.579978059022217
0.636285629794796
0.491930671972823
0.347749761226289
0.605902289273254
0.541230542853719
0.581604820537765
0.543116046585433
0.599820198697272
0.592135777449043
0.639765382811538
0.367546578043766
0.521595815677742
0.586058177112428
0.600130136803285
0.645418759990275
0.564112786805143
0.581292413227219
0.633132791963826
0.646729556486015
0.636959286176956
0.484600554481933
0.388380639325742
0.652377597947937
0.644709628846407
0.336399361711261
0.434148559824075
0.543112929547516
0.566476773877917
0.531723197921744
0.524138377298864
0.460777039309643
0.420048116804335
0.527235469898816
0.565896502686451
0.60145865500099
0.567535429754725
0.355245945483679
0.53445922243962
0.509047369460475
0.595508809565332
0.579200628234709
0.477223046959935
0.648796977859775
0.621924462170115
0.610834795192793
0.61938654098352
0.576529233991519
0.579888394367635
0.503931835051444
0.624630094117692
0.494874816503887
0.464697787049106
0.63276275054874
0.483660306942582
0.426458342428374
0.630147584306189
0.555957498340672
0.551207174696152
0.497436073381516
0.562556796882256
0.524777709333006
0.48562379867112
0.516826664525854
0.588124260938868
0.524286213621196
0.62560052699109
0.648754499798722
0.484522193977287
0.382457477356809
0.61896363555309
0.360004796480402
0.538855578024069
0.539064135858783
0.613757627193953
0.467969219196575
0.624155846120051
0.567213449236054
0.610411560474762
0.533797489525955
0.451680520242629
0.614077565677113
0.410328753426428
0.643359943154565
0.610974976145416
0.59872059794037
0.564485655335676
0.537975715259367
0.649819600066313
0.537891966974719
0.590459949259322
0.647703550017278
0.636813689427579
0.63150929045047
0.530362455364049
0.637637500974955
0.349201649707918
0.61315671909221
0.631018853081075
0.574697326927593
0.646501275377345
0.568207622718575
0.569010753119487
0.63372599846542
0.495442566477673
0.569553382601004
0.645541954564157
0.624725926915753
0.593713524015103
0.549706811188434
0.652689402693043
0.392750582106586
0.462555009254125
0.644495136407976
0.639833183610933
0.640235537614451
0.574309415262659
0.601436562310227
0.625349447145862
0.597428605130494
0.582436117735453
0.47342782194944
0.464547886765644
0.622310495573674
0.644870834514297
0.49822550170351
0.568228091662169
0.511030019838411
0.57660579533789
0.425687781215056
0.458950945557048
0.51490558001143
0.541491749779101
0.568605366268145
0.646526047181282
0.557550688541507
0.605251784648183
0.632868220862866
0.588094128828769
0.406757473119897
0.610724804353908
0.546923338269928
0.583390088550334
0.624184347987022
0.593296970259496
0.638363912099916
0.594603819801892
0.525774302098524
0.53191522474466
0.607967984120742
0.636479621453237
0.626360675325159
0.610887308151171
0.595441506619825
0.644888024890029
0.43843347744677
0.396829560165096
0.501235702940167
0.619561318838835
0.530811279831604
0.617729888053945
0.652266025932258
0.636767734802561
0.62968728455481
0.621859365901885
0.609468799096896
0.494422243212246
0.373253958078746
0.540242356653148
0.402177688480246
0.608327490643955
0.628890266638202
0.520707823860609
0.550894643456072
0.617110417658505
0.521917467919569
0.597962877842519
0.652787910939638
0.573572147052845
0.601124341468485
0.471172542825788
0.6519008093117
0.477985364697398
0.63034526964335
0.604108370274592
0.582784369820209
0.633712576004568
0.525399027865613
0.613927360699142
0.513867255174212
0.485473640512563
0.626683514722853
0.298848416127949
0.606849620354519
0.582042718490271
0.583780273465384
0.629325583958555
0.638492922068794
0.644338369001338
0.515649765915416
0.647149157958996
0.494296062293652
0.569042691056932
0.637116115750522
0.520227027647947
0.573059944287068
0.42918188629804
0.467608844650565
0.516234991860548
0.542717462772092
0.546098861152892
0.465949794045779
0.603710453756562
0.555262808051581
0.5924306602062
0.587141953396775
0.576707703544055
0.535167243142996
0.621489885031501
0.563823986369726
0.640976509414277
0.641967832564955
0.609331212760521
0.562971886360691
0.566328379832046
0.568048175760403
0.510899570917271
0.403256633604294
0.61853788997529
0.639993038489837
0.575976121148807
0.531361734687731
0.359587751890989
0.579510198268534
0.471679995359722
0.623591428722052
0.5602291626193
0.621282407515561
0.527674751667
0.54010148257989
0.64094020345819
0.547748405261697
0.643471703204439
0.629264185450485
0.644720222681337
0.606686289392205
0.625199864581041
0.549514742983754
0.528089803115252
0.553943032720806
0.615831837266039
0.60749464869987
0.640048717979411
0.559899243548476
0.603659158560938
0.55193540254568
0.450618825096937
0.630491664420635
0.287110796221465
0.606208503172384
0.614526598214421
0.586284434716895
0.561808529797149
0.409470643230456
0.574745628301512
0.280538888660513
0.649396831246311
0.611277320976079
0.525912996425079
0.636276492299383
0.625468415886969
0.600189053008543
0.604289422108144
0.487024689429157
0.53666501880842
0.527933172609186
0.603090765198167
0.484748739125612
0.603426857705279
0.563821864353118
0.517404223396354
0.526470219683833
0.594024997286012
0.519430702869451
0.618111386754786
0.473168448884049
0.431162415529318
0.56811448436903
0.615690142212052
0.533873279122079
0.3284868438591
0.423573249408072
0.386587309515141
0.608608119602797
0.456475857625089
0.513886552228286
0.626551300292514
0.372751207938428
0.412240213250956
0.649315843119078
0.507573828796578
0.577538611998355
0.631248638650406
0.631730269645498
0.416701265164619
0.641826755933171
0.563778222576219
0.588127944540816
0.627208614464557
0.541502778517326
0.442597145221551
0.57749868992125
0.56501234054989
0.503637688552799
0.5410491000596
0.490689576630677
0.611467428179614
0.598535437278769
0.545912891599923
0.597617494227119
0.486706615581181
0.515087538141365
0.532076734951362
0.491031566677952
0.626830199400481
0.563719007717575
0.463206683605821
0.634363894974264
0.546564014207106
0.613283670297315
0.60991359099243
0.585569797421897
0.547938116107604
0.480272622138659
0.627731071354
0.59559057606483
0.610722987878789
0.630448232201415
0.618535234245537
0.622952409648992
0.604297221221291
0.487663600920669
0.60990974444214
0.649064258737262
0.536890109061297
0.614770372981046
0.649399647560699
0.538361637352208
0.571474018878305
0.400422370594887
0.615338666470117
0.597987943722342
0.459317676743182
0.647992013038408
0.532876849940429
0.642330197900861
0.642484003831302
0.399470271077618
0.552813454631824
0.570969359635972
0.612402807256533
0.548242748429899
0.619548807924416
0.416149988946174
0.267899896715769
0.482698698772218
0.588283241374106
0.579282659508528
0.652009429826898
0.535853755035846
0.556270472553007
0.61563049815323
0.474204608236395
0.599943590824314
0.533142690924853
0.645064944242711
0.397475975762641
0.523988229229341
0.494888367294981
0.649926867844395
0.608852532844799
0.115383680957091
0.375982184576245
0.596326337126036
0.338765829316507
0.601304464935634
0.609143934091663
0.450339155127912
0.602239428314364
0.395491901444828
0.5932180305151
0.591917315705622
0.516436158044439
0.553292287076543
0.507786126025314
0.481671859937976
0.605163241570067
0.175447346745304
0.555982147180295
0.477569068558477
0.555313842939278
0.605167536486379
0.464708336025312
0.510045492369324
0.501638922637525
0.490671883747882
0.525297256645474
0.625171608990636
0.602535911362795
0.571043936593238
0.448961246272302
0.503437040150708
0.6143327626552
0.594938594563064
0.629404158803242
0.640512219829349
0.528552827881383
0.535030326332037
0.630544044514099
0.449246140572521
0.549225274298213
0.543158602545035
0.573331395693806
0.617910534720098
0.58920084752552
0.598384620712523
0.555379591678604
0.426199984010206
0.5738307871915
0.612253538308501
0.579600414651503
0.301127892563492
0.615510328680178
0.545532454234875
0.497804714926956
0.568545352026683
0.612377358582218
0.567332362246191
0.61253594857914
0.534676345513086
0.455099401629687
0.645261242612416
0.639095532890192
0.559185143463352
0.389616795933379
0.496527089031863
0.56300621968734
0.62677605937769
0.530093168522961
0.519360470967649
0.479903684007223
0.518397425317273
0.416443270578368
0.603368679736
0.58188310570591
0.5871132015228
0.564941167343118
0.647466403904362
0.549949950825793
0.485728224922091
0.448825389558971
0.638053557137931
0.465635144297828
0.480949241366826
0.646593016734569
0.547365632521639
0.617511245877158
0.510808283554419
0.298148421538964
0.485657546334614
0.530292585432517
0.556376166651019
0.57022486342694
0.629994046663207
0.471023169985154
0.464402948281042
0.651633696795465
0.599647166818988
0.619487496523177
0.448198994215436
0.650909159070124
0.582993824665013
0.649855301575002
0.510236269111546
0.635861579151661
0.51093673751324
0.488028311941048
0.470518373540767
0.500416908196573
0.587472601425557
0.539111491198282
0.480168953892103
0.650308858316333
0.644283644359395
0.428022504054445
0.461021200085154
0.594690746394809
0.419358202622766
0.605680070236897
0.589793843615059
0.421944207934044
0.60313178761476
0.485722437395544
0.610770482623923
0.652702374686281
0.543725579328241
0.603123477959944
0.501191304909799
0.639336499856011
0.586594729359361
0.425954010069768
0.40602451623034
0.530737545684698
0.591985451745108
0.600132939067542
0.623897357802438
0.548552192586708
0.509111100082827
0.606245157657422
0.650955398288379
0.630975051911945
0.427181484603017
0.501819452927253
0.571428590263056
0.617832445475454
0.644234948732161
0.493110071596767
0.593297524958357
0.537826053620009
0.543271720041143
0.481396507938336
0.576582011469421
0.631039460177689
0.550246331287839
0.28790164931201
0.498297667711109
0.514241675450924
0.507726003093082
0.64412943248005
0.633109075925213
0.463142820640632
0.627704448011826
0.530252914079794
0.649006321260712
0.38752123924819
0.517833871127051
0.646810547640685
0.529582148075284
0.381425161621803
0.510906560164148
0.474888202367372
0.589326664777693
0.577242487157426
0.630552284444098
0.433108758754979
0.54556338994023
0.619512508448121
0.487680814365771
0.646212483694136
0.517160455611863
0.482110795343538
0.578105508076347
0.384432560626645
0.55963024405326
0.41426290018498
0.563450593238072
0.550564353612389
0.414503254456912
0.630553329134382
0.403529862896108
0.641799583103817
0.631432757199745
0.59829500370321
0.530737369361881
0.395619098807399
0.576502542206129
0.571103376836899
0.538613207329964
0.613842891028028
0.615760367594501
0.581857005577655
0.471487260430759
0.448523313926249
0.636703598320519
0.508847753436067
0.55898524156281
0.522898846437252
0.47286212568109
0.480206050597098
0.458564069120451
0.626820562396077
0.485397461054709
0.64836110353209
0.398678693165809
0.595675586050842
0.521890409251515
0.645909523564472
0.633002332272425
0.488073549791565
0.54517968105124
0.427502924491685
0.518605427536708
0.619145488011944
0.415765934245501
0.504095850510275
0.647352720928524
0.569330408912065
0.467259861049153
0.617849148304094
0.445429669925331
0.629729790582226
0.439615997671702
0.426523423130361
0.603012488698062
0.503306994065705
0.421131979699609
0.62264940107752
0.449955885431622
0.494293596240047
0.570256119313732
0.621510847585656
0.435928386319379
0.603033218325078
0.51804055673784
0.54642457327991
0.427146314340977
0.589552965448242
0.444167422877198
0.614488567311335
0.505665294443579
0.602036215078471
0.610714095112401
0.461294899492604
0.461615434165811
0.407558960333275
0.506972687740483
0.618672938720985
0.577677103185667
0.540811504929522
0.401993226303158
0.644694452337576
0.607207181353377
0.416689605535414
0.577395903813719
0.616797953657359
0.514876540571683
0.566142404187725
0.57189856650905
0.628395786578189
0.6385862584938
0.522517631085966
0.451939493901219
0.583820632901535
0.403586261281558
0.601034519245127
0.602339644576273
0.396433039370046
0.503662070753496
0.583742587634143
0.427895756728642
0.608267746317129
0.608470189337862
0.467103967017649
0.470158014100408
0.486827225317728
0.547720753098563
0.649576369415476
0.469775957744087
0.520101143380959
0.470764054922172
0.614824168657966
0.620310063093891
0.511781736333553
0.612747690373927
0.365913497207424
0.495150593331433
0.575454113715378
0.501248340318132
0.637352771427102
0.542614903807793
0.522474152450361
0.491646184983525
0.601723812549074
0.583001572594569
0.43953494129764
0.305218812792677
0.618097855588038
0.519344110950364
0.645013763550171
0.624672025503307
0.626840619722011
0.628391066379781
0.568149559745918
0.633904958072924
0.546472484604962
0.431137285555377
0.451903095846494
0.340545657579081
0.546841669971234
0.546063020369998
0.445065181767142
0.525150351783524
0.459966935137315
0.437741772843359
0.460075358705658
0.536203516158556
0.479862196378685
0.525109990166239
0.423067754556373
0.461038920237645
0.613913874358726
0.551259155000641
0.597822794747677
0.578839316446817
0.56833173786211
0.560227217702256
0.469898857835756
0.517382445399227
0.453860232921736
0.607947003942676
0.608979392661533
0.614667048486123
0.596130854896182
0.559391139922194
0.629350743108186
0.571992662988198
0.525074728578081
0.562248107400464
0.557800074841552
0.605434879336088
0.584981151625434
0.580607463370105
0.51052755585784
0.605111383210892
0.455247898904033
0.608410256702754
0.580263733372969
0.535118849922515
0.543426728832247
0.454789925447099
0.644834711144412
0.600917202158647
0.58238206883378
0.566292287342143
0.450219233121397
0.614079912162209
0.600148180017542
0.488076783198544
0.574046192812616
0.594799851222976
0.603417202146031
0.61773625986189
0.429094317663713
0.627259835639129
