0.454749405929102
0.524037434844716
0.366576281729633
0.354550221731702
0.481930983173646
0.621673323443404
0.345784309635669
0.593914517030974
0.608405565341785
0.443798343473593
0.62364623253169
0.597132376256494
0.6507545990392
0.555820782571042
0.597111881830675
0.575848564776677
0.528500807580814
0.65015894227818
0.617988716950164
0.526242390206225
0.536258583790908
0.554956297069272
0.557457585257055
0.482755481053755
0.630309908501873
0.395065267199665
0.596535330568039
0.585049043021922
0.474956600537285
0.551448352071749
0.581576750259415
0.556287755855792
0.469559251153684
0.543457677693428
0.555561106259371
0.491875854265783
0.458123294022783
0.566023839498159
0.616099389323026
0.590161703354233
0.486209994181387
0.48445652052666
0.555877898454203
0.601764103372604
0.632745693118
0.563983233611219
0.591692380276047
0.445523305823096
0.560544806519228
0.345430303992122
0.529376400976617
0.54252405515709
0.58923724288533
0.6407648080311
0.464960757062895
0.567653151455405
0.529156475928274
0.587129329686204
0.488115912517428
0.534548427633547
0.645019209428293
0.51726543831497
0.512979650575294
0.615712476200935
0.469357867334432
0.504088174506945
0.536112649160059
0.531370433370259
0.266175026810038
0.527382072193594
0.573805607623553
0.566922598070207
0.286015351811316
0.467763317200884
0.604426959033797
0.574018028309314
0.590997887739965
0.536721824122392
0.455455369648656
0.628946919563245
0.4330994242916
0.530667566490516
0.557540042345138
0.547937795620635
0.479303450031084
0.474261544325728
0.551218885086703
0.338643627458698
0.460505851065745
0.597413254485554
0.176816484400963
0.508371700084662
0.387442212415436
0.611419881250966
0.338342948331407
0.630201707877989
0.499232319483145
0.572241373755651
0.501783803897754
0.616033885486868
0.576322600021175
0.644675022029518
0.602349842924517
0.610369856328288
0.633498341107661
0.570720253666062
0.627987712983324
0.42276964012858
0.424279565309612
0.649052750949933
0.391680248439032
0.626081677892106
0.545676731546857
0.511080733333439
0.582777221478443
0.635996102336084
0.620326599620527
0.586432345985982
0.470111930918811
0.640312331093607
0.448339984414757
0.590101631701325
0.615962525576401
0.575726580269156
0.64606601528088
0.467772423165042
0.617706580451817
0.590472802044891
0.615521554667515
0.641675767976332
0.542974763241245
0.494097379977176
0.403838265416141
0.598352846412515
0.640667982665844
0.625107800835919
0.649537110316071
0.509569575182377
0.634021259001866
0.346965724616281
0.466417617539186
0.645702250980869
0.595470495591723
0.627661750043872
0.644676930976428
0.504616393453703
0.5348830295365
0.641040534384381
0.610880919538682
0.615891290770027
0.487093974099787
0.318624193614077
0.616618766185179
0.646416455262237
0.421676603302498
0.480731733249281
0.579268878794898
0.648645261152647
0.322759875808065
0.572411618574682
0.501253386652514
0.582137513677322
0.646437040942479
0.600044207038142
0.621632324763696
0.373558642405108
0.634390609887253
0.597601583839635
0.456109506258922
0.554348727101528
0.615278340079821
0.588310652928869
0.617044725630238
0.458203895669526
0.489417951592695
0.526119538182827
0.428884330413756
0.599167274425632
0.365383259463555
0.446380710524318
0.60949281695557
0.541313543368181
0.547104736915372
0.411683422068169
0.521275159523329
0.47667620646446
0.481722775361114
0.617703525526681
0.649617917165868
0.586453373395799
0.587861367160493
0.652102591112243
0.444841907722353
0.361546147686847
0.514046554829619
0.510433510818255
0.646808260183965
0.562956851204782
0.572614929770882
0.591796842123814
0.598317210338598
0.439475077796134
0.529502303093362
0.617776558328366
0.597067450607523
0.644667353739789
0.488620167316653
0.626270822816252
0.545079317453105
0.643252977143978
0.568900786153919
0.646357836290192
0.606989452912893
0.601449310170735
0.515086437245888
0.564062353930335
0.644536471655706
0.545209910259907
0.647087765106356
0.586746649475517
0.409224027617396
0.520462146309225
0.587081146949427
0.420400649246268
0.629938821167323
0.620419434406007
0.602980574157545
0.606160586409887
0.64644817413966
0.553394881675753
0.571098412786263
0.309759329885231
0.371708705050931
0.631935596376617
0.553908422583749
0.572662004141299
0.539546193930691
0.402834440292839
0.45214964894028
0.516143406798315
0.600487183626077
0.55787742258842
0.320669534001332
0.584197767043518
0.593042277307912
0.479987980222213
0.580007862925427
0.586817834604557
0.42675401599748
0.638555647951227
0.605467563597552
0.641596162876024
0.570254348389317
0.590834253705229
0.634473669185853
0.541196724286701
0.607998438830676
0.606237092485559
0.625386359790084
0.57917840925584
0.620309127259109
0.467079591450427
0.585350805658054
0.594624564215962
0.630195633526951
0.563075751483825
0.421981078257853
0.296460478574114
0.553672416169291
0.489909212801416
0.555369873376978
0.615052410591123
0.644396556143762
0.475106360272955
0.619213992695626
0.418690002527376
0.441440001230342
0.569611915356812
0.634262185065417
0.639914270282128
0.565364355524353
0.593296607067806
0.627094735645866
0.597029772683447
0.50171572131897
0.338419286638165
0.603726343577513
0.528084836334141
0.50212660774208
0.649055207239602
0.628276422164518
0.397881637842716
0.643789736605492
0.479445650427044
0.559429378837393
0.638800274023736
0.509543210420645
0.626939343530377
0.472121444754113
0.536364868712517
0.421238477662372
0.471172017386972
0.564378391269881
0.633748750510099
0.536721546827921
0.650260880909866
0.636384119073195
0.548255795720431
0.580115559889184
0.650797910102752
0.396418875922246
0.644736063949283
0.548892841664821
0.572995090210805
0.479712983544951
0.587247581940521
0.567627645832838
0.624842726942022
0.387619256591612
0.455516327574809
0.631476040154705
0.424983545043873
0.64899699814357
0.638252521431818
0.434953476901707
0.593056063929028
0.493338292505956
0.388305420169394
0.478750401534667
0.647698432276236
0.443912255150824
0.598672987807832
0.481354557050201
0.506916992444777
0.42570576401413
0.595181572098167
0.644852818491108
0.625295237000779
0.43591936054526
0.631953518108542
0.26432328839047
0.614402550827365
0.614612809076008
0.570915452448016
0.477464453533102
0.558738815995079
0.49675415158874
0.529843501746443
0.436866026084203
0.542467260292679
0.597688275150133
0.614814731275589
0.570619301362844
0.603683537699783
0.567142939152877
0.631760351299753
0.525614415930602
0.46988191976439
0.616909074424699
0.524048622655264
0.529343618370602
0.607126075087397
0.628757484404972
0.501654843279413
0.388102439700232
0.647236524175583
0.335839689437685
0.568467667251657
0.651184981002537
0.643637614115287
0.501840446492544
0.350873601302259
0.647311370106556
0.568928221865298
0.568195100184652
0.44299000746129
0.539830451853406
0.523140594883646
0.570709284888471
0.488601309117427
0.591819629130724
0.652581361451043
0.503288370755698
0.550727070915792
0.588534269426947
0.623100890229041
0.633558520589118
0.583039893235382
0.380221309385037
0.614189118465177
0.643513548133035
0.638862616115472
0.580956958374999
0.573293805162277
0.544807928060434
0.512169611144082
0.559149171513279
0.605319608882722
0.492045564113567
0.555208613957602
0.628627569530013
0.467417642761426
0.540606349743698
0.55240213633546
0.599480593473579
0.642131322842472
0.627587213231357
0.589747312356588
0.566413160860759
0.636760693176825
0.476816710729173
0.608759705840119
0.604952124780137
0.460696404582317
0.551677078480692
0.649518548486222
0.552766131605625
0.536081205763273
0.517284930180615
0.646245103366555
0.474677613385707
0.597586032354471
0.594248991657632
0.552217948455341
0.514344526539445
0.613948560353937
0.652086604271553
0.495680646328734
0.592202347330376
0.485453920706246
0.471414317561132
0.620537856422174
0.61295451407339
0.638716955241604
0.641508190290744
0.468807609269245
0.578687531227371
0.609568375638292
0.588260591005954
0.519338454909105
0.544886314790942
0.652240517170874
0.556314057002837
0.564507831984812
0.507411102607248
0.521256368045655
0.557777982635847
0.652191581781686
0.643783861373246
0.514853778146339
0.420534567592636
0.574279662337711
0.461757630089202
0.626628433208148
0.607358229409441
0.478541249827793
0.550344295069583
0.47972534343411
0.592004248086649
0.608586005073984
0.566218758233377
0.449494433296109
0.514976315517229
0.639934844170544
0.589906983237556
0.59665329148884
0.545730691686558
0.407059014728125
0.600567505199504
0.576223514421651
0.611547718606859
0.468226418915478
0.486956803684929
0.533656750281578
0.591684181497887
0.59037857138979
0.455419836130351
0.617471903590875
0.612514967294747
0.637616239270626
0.601006301625957
0.539477348378223
0.454974632193707
0.548909985345589
0.581177947145173
0.538954100996023
0.433040764696602
0.507455678792895
0.623107007066179
0.465043599790638
0.507733492411379
0.61671276188508
0.60613722965498
0.422577942595672
0.566561585399862
0.651620163518706
0.633105970536999
0.443619392591214
0.483028326466092
0.569823936701813
0.570944864463651
0.637641357233743
0.547755754561947
0.341995748991174
0.619617007884917
0.643022847066024
0.54787501937524
0.372721748670359
0.601430433629903
0.30913172229086
0.628702757956733
0.541956649821657
0.55883874810721
0.48334217689652
0.394018504810722
0.57249127384951
0.586686077706703
0.600327409667339
0.567365743717448
0.590363995060829
0.601471268564235
0.58028829487677
0.504547208042093
0.570456953531874
0.638472256752015
0.607139831819359
0.550483288746064
0.513798772515809
0.602115729819233
0.587298886299106
0.634882880271659
0.593060544501197
0.641145668380141
0.551691320364557
0.604274407471777
0.648331487711897
0.579770134367513
0.63167778140143
0.53386899985561
0.564583556702525
0.458124428901452
0.525708286448504
0.470563292946938
0.277479193034679
0.434433292355418
0.625403352690897
0.544929897371834
0.588360121057402
0.553498298358629
0.444614541884505
0.485938056093264
0.543548805020669
0.432095847736373
0.574041045574097
0.501911750345431
0.505537514423105
0.555539657781182
0.447765798881776
0.482804884513428
0.643602399558655
0.600100692848436
0.599854116039736
0.651905446795749
0.563149881548522
0.502749332602802
0.622409559902546
0.487356655199402
0.43146683966153
0.567967719343341
0.528627364142214
0.253262179089601
0.573548663838842
0.633177260119589
0.623318715836396
0.528427787400639
0.601575748456104
0.60235515971735
0.611710128559896
0.646930816134478
0.640229997341316
0.450731370629604
0.44218460146317
0.438052240212334
0.436506044733961
0.491083448703973
0.590622655032567
0.603339136988757
0.593887456520598
0.609095399562161
0.609954584335691
0.593420819995908
0.606692839272544
0.334954447575269
0.631182088573989
0.556061472093171
0.564725866002309
0.583379932095529
0.615764562863386
0.49366757094724
0.575016822016551
0.652928250390934
0.646911163418275
0.591603563157353
0.541782754450294
0.638432420614395
0.551503177105442
0.396883032837516
0.475407831320646
0.504263889611271
0.62842392994889
0.526570618051945
0.536192220305287
0.555147918015037
0.380318668402099
0.401899342629888
0.646117274810184
0.422012863208397
0.570832191584301
0.561608232391023
0.56391123216961
0.590804461234808
0.521679408993413
0.517337341878855
0.588853698802779
0.58563682716218
0.315270024526582
0.628581073705075
0.522962092136914
0.580565654865241
0.616185201674135
0.642775061770348
0.456167442778551
0.634161876428156
0.528422595116029
0.492893713261907
0.473208612878865
0.548009622009605
0.430148795888161
0.600412764459886
0.636225820704119
0.582496282761278
0.515934604614551
0.628671331409917
0.55908356784481
0.581307990091132
0.554338135315418
0.602917101039685
0.646304060730046
0.413809543888493
0.546948687402953
0.622277284933132
0.58211155379844
0.580936575068834
0.534207953496927
0.581395863092061
0.589163593410713
0.543592975240047
0.434091044273691
0.5351079218442
0.500978725991055
0.62410580923052
0.650300674692096
0.632631406368793
0.646482611904315
0.576098171649187
0.320194734502086
0.650061709455947
0.584004298960748
0.505924782961519
0.375733438039892
0.541649415389653
0.564556125343304
0.59763805226048
0.495639173219262
0.599845670305635
0.63626582087666
0.488925800446523
0.500274467888427
0.294872355165127
0.442740586681043
0.605635764583114
0.520066800967786
0.640048651069296
0.583739665892363
0.598427827027
0.573059384543426
0.618935868192063
0.280495989044468
0.582550733448201
0.399567865637501
0.635506038152895
0.649158570602418
0.397938493673272
0.652941258092419
0.650681335374647
0.499875608098723
0.57861521434201
0.600435892194084
0.474027357953819
0.546469431470105
0.412342578960742
0.375345322693425
0.648580612609487
0.550773098999454
0.57766681573559
0.378034237892687
0.641171882497217
0.511316513624004
0.619832227693063
0.541511626468603
0.551239671893616
0.596582188434566
0.512178543831265
0.501068530105091
0.5455036159085
0.636866417102916
0.548961619939578
0.532700872865823
0.638826874491923
0.609797266274104
0.567516202737957
0.536082035956816
0.522336819662028
0.516799924940892
0.579357015004825
0.448638829593383
0.651643264751421
0.524204935425018
0.596201003936482
0.581928912869926
0.649220885900622
0.59947518912938
0.610887617153066
0.5003718148182
0.603340120691675
0.639883559501912
0.612389103093868
0.586556460409107
0.52853066454522
0.62071041979814
0.499158233351373
0.59647417423453
0.550600764154008
0.386402548933106
0.638511263127349
0.631640172935429
0.632380047198129
0.610763120936571
0.521297309572425
0.514565990972372
0.350212906559064
0.652740778038228
0.446722716234295
0.511230599937409
0.53678562476172
0.609089833742477
0.631014509243196
0.591619053471913
0.574834338344456
0.508219233840842
0.555999808340859
0.595373764382539
0.483783568889114
0.65237048844177
0.494825701750207
0.641165971186454
0.477959203025865
0.58770687700623
0.423954152693417
0.594371451451284
0.612947913026957
0.583787516402181
0.554093864630331
0.602462290712195
0.635945728634675
0.544071516312731
0.625573286133409
0.575674288529632
0.617977162016638
0.48907165379109
0.459386581998287
0.633144698392764
0.493377549831646
0.466180863553337
0.630772802101091
0.614194447529256
0.434285629108419
0.640736455908154
0.622688632646924
0.637359411233921
0.577235451799163
0.651620698580746
0.351912755086758
0.600226418957067
0.349748158412664
0.553647637853333
0.615241396248285
0.649625988731086
0.58247379680959
0.581898588774074
0.649945512564125
0.52230077108663
0.614035621838739
0.637523262562405
0.527447560005752
0.644354274891318
0.595281803669439
0.47459442022781
0.625441437717005
0.612473454165407
0.572591018339609
0.43744672174103
0.492430059443187
0.571850201831695
0.619059959091717
0.564544782088103
0.608260914897031
0.422420292536543
0.575685601750499
0.555310794725697
0.606756312873846
0.642211452707179
0.550884620529833
0.62246072295863
0.646656426880199
0.554816190072226
0.614131798754951
0.554863238688704
0.64985930698126
0.608778114812585
0.434370350110646
0.584323824358785
0.628338563851779
0.590371396538362
0.643878929491716
0.517800873488802
0.366758274774001
0.636760794397268
0.639488874253547
0.530282744120007
0.485274398848815
0.623845487777236
0.550914697707792
0.63937994481835
0.638304869785075
0.621036670521129
0.62582149684054
0.611150839373184
0.546800246494439
0.624316337250592
0.481981502666055
0.608005306717332
0.541456246651472
0.641578892917468
0.632332178592563
0.6476078889113
0.637258811438185
0.529948187353781
0.571277276958035
0.566571121526
0.618399829161587
0.434897614794249
0.524571374529868
0.609785264208029
0.603971897148449
0.626306666815615
0.503852253954216
0.439037826027237
0.639925258901947
0.574217424631606
0.477654262121089
0.580815512571831
0.548250876352932
0.518292579706866
0.606469148864407
0.630103747654779
0.604305927118197
0.645212479023124
0.567138567248323
0.595387918799344
0.478988924727103
0.556101539537572
0.557221644293742
0.596050295635514
0.63497826140225
0.415047339108038
0.484348574888189
0.646747413839787
0.578786581025639
0.593437594381546
0.627999341631677
0.643648260793709
0.576187149310997
0.617356927625818
0.542010075162124
0.447920935055015
0.636918395544174
0.446069984633262
0.609742294355394
0.634895127021053
0.466840984486243
0.373092685952315
0.644792979915108
0.627893879073143
0.640511684440341
0.580075208139852
0.347137021740317
0.514482673077703
0.47714841814243
0.374607697515376
0.637643095666782
0.416273193190372
0.437055571619319
0.508727615013958
0.590315181753938
0.596685432300532
0.184179079512815
0.622560032448308
0.483856089383985
0.633594457594529
0.372932868761019
0.550296506068076
0.451365410918138
0.608547008766591
0.631177554634151
0.597553804283621
0.643623833223589
0.504513524673836
0.500964533234317
0.527330255212977
0.605814751111487
0.506173397232869
0.606985860421836
0.594470193198975
0.568916155193053
0.632238826696573
0.444529398292371
0.584836997566278
0.617856368343412
0.432332305532509
0.570418609175382
0.633066754796055
0.52135134399647
0.63892511887841
0.375578682222493
0.473582552649813
0.595543365670963
0.463396016826334
0.416814663550969
0.650336041677645
0.629715313010342
0.506228003722655
0.433385775936824
0.561390443666139
0.528681863973001
0.531551364092722
0.566429495434604
0.501002656556911
0.597854806571977
0.517788120806028
0.54948453808184
0.606391393528881
0.525992825260504
0.379496026303494
0.338235369205953
0.630833916601111
0.421733469505925
0.54868145312941
0.59443013453904
0.592981156825125
0.592459804328611
0.604799102174401
0.522429381924409
0.642694787409765
0.594926565242688
0.559789017288041
0.597845139527881
0.608972096671163
0.609804551305473
0.430825417265514
0.32202155695347
0.451131184326275
0.565677693870415
0.581051687812561
0.492899291399413
0.564035322888881
0.596550454998803
0.605643978761109
0.449127765151642
0.322152367639051
0.628704700551596
0.526859311007801
0.534445351166385
0.615164832203635
0.546902775725531
0.548288923758216
0.627789491039333
0.628224203505701
0.576083142360042
0.506330025370811
0.628100727027573
0.640124841377249
0.499732943718833
0.422846225134324
0.628448374704177
0.419126763734174
0.566452540442404
0.564760381852428
0.470071299740683
0.57447855057849
0.50706962397802
0.607931343222495
0.502270572899906
0.520571367449091
0.54002781387158
0.493841744594407
0.613080367173525
0.625764464561131
0.636875241516412
0.610844801893725
0.616038152851452
0.622286489807836
0.625073002178114
0.500446385120159
0.435331775091591
0.354541190358942
0.536636635943294
0.600387623104413
0.641189271970505
0.512828238985173
0.588881910672276
0.561583131517656
0.497022227168521
0.502887450401422
0.632413674591209
0.539014305322799
0.579777561137873
0.449043594536387
0.598725968634072
0.575769860501274
0.453482039779454
0.60641580685969
0.585823203679728
0.588221676556203
0.568036302420177
0.580285651659767
0.498130558307824
0.645861157979968
0.623591057608163
0.569824117789786
0.520824858131227
0.642387542386215
0.566092804970058
0.637164515296295
0.551006218108949
0.591871155929945
0.647977709915572
0.456168628982286
0.567465547907095
0.572001925703882
0.604154580154026
0.53573227651375
0.510675815337565
0.463348477939286
0.451391751618648
0.590815144302819
0.579808332409037
0.646540288814009
0.595384679223884
0.558882101081312
0.602212516066665
0.60490523488132
0.546696374664623
0.555220080929158
0.605966352799908
0.650028114496123
0.640538708386359
0.489567458401595
0.646344639302027
0.48858585437803
0.528280503631875
0.595672239605096
0.497753762374349
0.569356067121488
0.560259158237117
0.574780525849748
0.607058105100199
0.582877037143425
0.39035600081955
0.59402040697842
0.647437245119836
0.588358382426777
0.377223683301016
0.649170283023831
0.592228291153625
0.638102089024902
0.358675776454518
0.612052648613218
0.464747000897988
0.640722974167284
0.462733304884844
0.623001006852057
0.436349152228735
0.514876422997407
0.642102182675855
0.646267234515288
0.216379803464981
0.464420964951439
0.605072809789821
0.627120829927626
0.589727364525376
0.602550164357743
0.604671462895068
0.64256017066405
0.616424114152999
0.566800721726159
0.611839840503194
0.571568083743125
0.639297179159338
0.562167678401544
0.650932281259725
0.542419597618346
0.607599901432118
0.631628661585554
0.405848024915083
0.545547557393797
0.629377425596113
0.599937742297668
0.63347714773208
0.600365714531201
0.543043181559766
0.407203025330345
0.590038788777468
0.607357132660853
0.602034210891945
0.54318269259975
0.632359409523922
0.492752126875286
0.542896630772971
0.480819344222611
0.498441103576345
0.513952160739754
0.567476882812427
0.582407015003026
0.394239410830382
0.493313839774476
0.352298590885127
0.61011571101344
0.491887061532134
0.645018663600636
0.59338854834698
0.642962236916667
0.609031500784696
0.505284604200939
0.636481554816085
0.500095998564349
0.585377756471888
0.394548191430286
0.642092378994583
0.533294275011739
0.592137566027739
0.584144044016877
0.624707905903436
0.63184292488262
0.533888006283135
0.495943238419991
0.599437939105143
0.451483510501052
0.465725546197946
0.368974345889796
0.629818679352015
0.529779981527894
0.531196575716639
0.573200016682172
0.607593127001437
0.528735414652993
0.527258961038006
0.542391503503414
0.555613148057342
0.621848091125528
0.401762061147825
0.520098273103166
0.63095870509469
0.391473029999768
0.451114760487416
0.581736064083347
0.567476279357507
0.647069535718115
0.519981848727071
0.462570976362111
0.449167829840656
0.565504636664764
0.559802990834932
0.531113010473317
0.587927119009659
0.645268893404805
0.556425533705958
0.560211686798711
0.536903268489504
0.572973046616743
0.580026582782478
0.557530553553524
0.59910344361627
0.349328275508189
0.595109168540029
0.52594932288917
0.619181070329574
0.531238823296482
0.186656564047226
0.519126757790545
0.626130294583777
0.547418441450951
0.622752620430158
0.540807050118762
0.637668101789158
0.567113644949486
0.639897989152385
0.414749545564387
0.587267023747447
0.572974691648813
0.346065252321159
0.616650025229476
0.351668285189896
0.62785324157224
0.648085346441891
0.498575861817032
0.617203455888977
0.566760674218414
0.591550142558857
0.599803865090816
0.599412140974389
0.548407785388256
0.559381989801038
0.553966500223389
0.569965837519347
0.588264747111822
0.625113910362032
0.535909704126665
0.650373637304952
0.640711675318588
0.492078935275511
0.622664426032877
0.45455608136128
0.625517766628883
0.624511666472225
0.430045941484401
0.567166980201999
0.50958478532998
0.55931849913787
0.581950067297268
0.578652372724249
0.590847183204306
0.51576726157772
0.634616625176104
0.35934203221466
0.634929392015244
0.612135149558612
0.615331064625682
0.475099067686097
0.501698965345873
0.585210779850895
0.612268699615507
0.629458643481282
0.566566024557664
0.559572228140902
0.622401966994449
0.611186671818347
0.532516580908897
0.550207822577848
0.643220860035973
0.635177512617614
0.515014730760144
0.5987982892076
0.478191781046555
0.616647261575705
0.583845643701928
0.578702475038747
0.592546894546874
0.636702021328361
0.417785727343835
0.596701054578525
0.593131098512873
0.564972753875774
0.587237017025008
0.629307118391816
0.553388119864767
0.612435216497985
0.522619502912514
0.387731181917823
0.629952150695404
0.616536501276613
0.643683046662095
0.498224084538695
0.475458639754541
0.51698415718495
0.396820122289048
0.64777289748019
0.629026675038918
0.273432748636932
0.502272586040594
0.433877649409359
0.474385335294554
0.638071488556655
0.56900730100845
0.633782837931807
0.443247482000554
0.563017833430892
0.588751156223129
0.477908364787185
0.574319799536774
0.49403530375551
0.640733246108849
0.579881424620259
0.261714098113946
0.515096606861082
0.562895891487912
0.6349283967658
0.471693235774407
0.625693693863227
0.595327738952863
0.637316966095931
0.609640971677956
0.592615177118983
0.448033342907701
0.504436160685197
0.652501973374591
0.478063244730725
0.637079054806941
0.609698037544776
0.486263872123786
0.490520313270989
0.535877300124727
0.546337476172532
0.548417078081476
0.559300967942384
0.637302032159367
0.568142078514509
0.650262781565531
0.42881977747524
0.597138726951296
0.505102367184892
0.608548769239749
0.619013473779205
0.59209953191479
0.546623354447157
0.435767940623623
0.566582611850096
0.40140891390416
0.585645463325143
0.621743228618046
0.609571823642426
0.574048531995926
0.60905183047246
0.546427841487081
0.628563398946488
0.507262821984202
0.626913422500655
0.586134347659389
0.498342977894098
0.623951551173108
0.621008464899026
0.606064745406148
0.59049730983555
0.607465858603386
0.606722668854677
0.59256417480574
0.599953331483229
0.453340867123083
0.644371170879229
0.4385430183911
0.403992333541486
0.514799105215079
0.560006749474713
0.507480619577576
0.525377960614072
0.534249889690462
0.629398135459473
0.423533756078821
0.48005033006609
0.630044382507734
0.58860836553907
0.522950124080695
0.60410732577359
0.452251132418726
0.50216903127322
0.527065779414748
0.628521083089791
0.571648872579207
0.565711241846388
0.570877210027317
0.384722383799026
0.628410720726733
0.5686054635316
0.456362350980229
0.580441828065994
0.636297174769648
0.588160481380987
0.512609359074917
0.623659700035993
0.449951374145957
0.57457681514067
0.565497161200882
0.547823017294844
0.628243347879177
0.502094204686488
0.439604858636793
0.510928242788567
0.570207674360338
0.635576146307188
0.589051960404305
0.587472562017391
0.533520414214281
0.505131206229081
0.48925310325636
0.648759698649194
0.549971655246489
0.584849384983522
0.41221778503033
0.621978617440439
0.538566502801183
0.480582724972265
0.633050809176985
0.608297264374749
0.56686711619947
0.609953215406309
0.469694391787158
0.408371877549268
0.469579233153361
0.260909836473932
0.581502069422412
0.623180683141773
0.572248897515882
0.394019454570964
0.535358961476866
0.504175330434204
0.516295912469531
0.620555565602838
0.499768744667222
0.528799730081632
0.58297216883116
0.597140816952108
0.573143179313265
0.646606258332055
0.509022712078846
0.628393325742051
0.639839828851763
0.443411287718813
0.626234471290226
0.566659245858706
0.624461978598229
0.454329605680734
0.600265804177033
0.537438289056843
0.594482548358466
0.636957902547035
0.597878192098215
0.636587382618706
0.648582108557708
0.483308713297752
0.595103977475927
0.633309856856506
0.590343073065855
0.581135104554387
0.620487140538014
0.602232970876368
0.563075451361964
0.639406629739846
0.528263346768864
0.478814322849824
0.44919948016124
0.565039761279435
0.649875497038548
0.648072974527608
0.624142579602897
0.616526218932595
0.543260007000315
0.504827965245305
0.499803400036904
0.597679716709438
0.47670945251886
0.484608052467468
0.613849153748937
0.425342286234114
0.650030020690262
0.582009305327196
0.560893043377876
0.422721750084573
0.535124845558396
0.622258991392299
0.600631453726796
0.496850857710512
0.533879906468587
0.527583182828768
0.578132646487725
0.559390754781495
0.51846564804596
0.642014046205171
0.607410616545727
0.524782714673249
0.528842593305593
0.644577705833419
0.509543308802201
0.431737158301479
0.565812187206451
0.530825681364278
0.535472195541978
0.609695167076396
0.387970488848063
0.65126769553779
0.571369950837277
0.637178328574058
0.601134996428328
0.625569089435819
0.635674020766223
0.476659014724303
0.580044723507379
0.431585969614452
0.400034361830766
0.564888781656501
0.553502440554283
0.595453794700201
0.528881141110852
0.589309408997664
0.626184712556677
0.50268143496856
0.528587647460053
0.497697885975279
0.473145211693906
0.599514317177289
0.61693609248514
0.592520675483693
0.626272804129891
0.596471772497322
0.575078354052312
0.589010349264064
0.593827977360692
0.594130230991905
0.620659311641469
0.607208678313801
0.57984942762279
0.383193494144393
0.539510237932271
0.55885641951543
0.632061710774937
0.637928721407722
0.501114247515011
0.577776562676189
0.651952784921863
0.637574215661547
0.513866503629017
0.47282720341786
0.640289360575956
0.468647238686497
0.406570993705891
0.594941164155513
0.631941593791481
0.63270609011574
0.497060976074036
0.64404554656077
0.302406048829075
0.595916179529752
0.542129928551215
0.482648282714029
0.639886532425511
0.556344570059485
0.617797980039119
0.600574009737325
0.61269030738384
0.651179526520899
0.631732186699576
0.593228160191639
0.539156965835637
0.555839050378772
0.471453530712113
0.476013077335951
0.648307169951931
0.564147333997389
0.413915334300892
0.535578211338518
0.59598846898428
0.6108629844341
0.471187653456822
0.625003723511664
0.249522842679671
0.648462290059461
0.506972761225627
0.536719131562447
0.615938037886458
0.598051218747656
0.648493339158975
0.589075753486027
0.355998759808189
0.644113558406466
0.504359186311975
0.596358009022712
0.516831484729169
0.40166656568126
0.622577327130242
0.552720655678832
0.560734755951893
0.606480499061242
0.484349923806415
0.598601027904327
0.549698749139596
0.628323228522408
0.565287586248205
0.415364874910662
0.581906124486008
0.553001036037525
0.530716084549042
0.536503775680089
0.457545556856449
0.644997416043737
0.574472509365064
0.511723121615567
0.567279450528353
0.564378518204296
0.635723340206556
0.508453161964695
0.564095430226744
0.501442252917829
0.634395583437915
0.342607050251426
0.497884107404494
0.497082761010125
0.575260815012845
0.605248564081804
0.542795265239527
0.45544388165859
0.567234388389773
0.613435909278172
0.414064747880254
0.576733192487178
0.585080127816686
0.478363668955154
0.577865006224491
0.546408635771172
0.535079142958959
0.646787201753772
0.501288397382861
0.640881025661068
0.523412192888463
0.469328093188332
0.537936122448762
0.651595339948334
0.576983502912134
0.648041475871407
0.597127197247105
0.629952436165322
0.622450441191661
0.390493866719474
0.616623433266776
0.637220634601766
0.374327408002713
0.435748649709924
0.571547917483935
0.577597336999343
0.623492409780187
0.541469931299192
0.490984912539306
0.643384607031981
0.480028278111844
0.621341537044328
0.601009210240385
0.635918394433408
0.550150462415509
0.604715931514766
0.480947302876864
0.619072488398182
0.582117321534329
0.531505535537935
0.63651298831421
0.6438790381083
0.590634857334778
0.643588666313475
0.532227658611859
0.62832956567303
0.384312114345822
0.517663641325831
0.626307186695627
0.317971060441802
0.60946763541084
0.636268436972217
0.621252587565776
0.375753650431474
0.34714206768575
0.649027004973226
0.307662662026899
0.57579498740507
0.651893766336521
0.566818515961583
0.574229672058711
0.621236620299209
0.400422357617843
0.641296110036388
0.551561690298529
0.609590120710816
0.633796106051784
0.600876908463782
0.57497773260073
0.357963759480382
0.629211138546709
0.543976261582295
0.534432521059709
0.631223648425313
0.558752878481295
0.526627973895987
0.562422879750831
0.514782421523163
0.649969084572595
0.609324578694065
0.594180450667519
0.434296539534432
0.636294356249608
0.629297582406586
0.568598785205142
0.636225528372352
0.638317713402598
0.641087093276909
0.532472154091568
0.637179096118878
0.6488359754403
0.45470788533814
0.582522503155209
0.533015047353675
0.478916228467447
0.641619157859773
0.648851255878667
0.553026915935747
0.53962796271097
0.631898899806657
0.510701229726214
0.502584979432306
0.604352478040743
0.636747999756267
0.550839799672179
0.622794309510212
0.606655893986302
0.443705783053224
0.61134209323367
0.409904461868573
0.61753932068691
0.333402026942238
0.379027356140837
0.412327366798672
0.489221848640625
0.551319231469045
0.557921792480511
0.620584694468327
0.531881528416929
0.406121155769086
0.643795827459171
0.597615072413333
0.633862242187937
0.615054515925367
0.510299236555917
0.647544999901335
0.47341038624974
0.611481545725341
0.626450363470729
0.630129242680403
0.64654328510367
0.501183577511738
0.460581983598194
0.581075397426013
0.639822493613721
0.636126201776906
0.605477396944607
0.648219726389532
0.572323298551555
0.648673503163502
0.58823929312278
0.480712858935978
0.598369874364359
0.461073996033843
0.497312712184319
0.650931240239397
0.353574874466419
0.571537017307174
0.50110297246154
0.580794883240696
0.411628808318445
0.597385927903262
0.570864467112035
0.636137993271423
0.624516805845951
0.643753941901452
0.518236954380359
0.525092086884889
0.647761196122437
0.390197425557548
0.407103295660842
0.614796051029346
0.528156498882117
0.650599553484936
0.583910428757031
0.640850194983928
0.587026119014353
0.588094607908804
0.595094116665637
0.506035763415145
0.482658003099203
0.567910844880704
0.51178368324972
0.641468471532567
0.517964082974132
0.576788743301663
0.638320538891537
0.552729193517215
0.45134217902811
0.504624011619354
0.318647041677595
0.639284026257479
0.639797795658768
0.506913811883906
0.582996440717356
0.398667936847412
0.582828524232595
0.628252963905774
0.600099542012326
0.574348992062659
0.64832269589667
0.370971859606356
0.546434296781189
0.372969155284781
0.507742104438463
0.637406802289098
0.581385011686655
0.613415596944119
0.460125876859339
0.503973782817728
0.494257159533691
0.578870363204345
0.610696571504622
0.613559109358985
0.551996704769882
0.6335574928117
0.442631831824257
0.629677427904193
0.633336936978526
0.603079931111454
0.647887008213292
0.560119224066336
0.451606596370352
0.629752149107602
0.633422254869642
0.642780805842071
0.517330667825107
0.598013261181246
0.426267028975123
0.6278097942894
0.636546812695379
0.598527530579253
0.444788381583132
0.50137762162398
0.557018311387645
0.472869951858639
0.345271087834708
0.626586094613864
0.643769693460035
0.650477910177937
0.482213248255746
0.65058038912611
0.617118151013943
0.570630030538142
0.540448279900679
0.462664319403046
0.506803682421479
0.542878160596245
0.515226077355101
0.638654980295298
0.639819198834113
0.517191270916638
0.57297787530472
0.510951522880397
0.352921892876447
0.577756201668274
0.609666529823227
0.589331850863901
0.625044175221852
0.639808970821915
0.64030968593299
0.555942858714634
0.589714768989401
0.562856142717432
0.649658721605884
0.514043088424397
0.580915326672079
0.508165512876205
0.626535346470622
0.586998369734888
0.55187990923333
0.614729590636705
0.649090338774415
0.62647128048098
0.607978733296175
0.628555467128781
0.546545718562767
0.504856873504136
0.589089796276488
0.652432571988213
0.614379077266284
0.617440862540122
0.637022478975027
0.418521278737411
0.563237500346203
0.445944517647937
0.65243303171221
0.569370243622225
0.551350464954683
0.531898776961156
0.521732969789683
0.574343130300543
0.488862620446299
0.60257405395064
0.578422703487528
0.636345917421726
0.322652249472425
0.558047906929386
0.64626019107041
0.572195548260746
0.57884715983854
0.430465226336794
0.466556791008174
0.593103342901326
0.58273624232531
0.591428527359115
0.5020886566974
0.374067204124292
0.49528226017917
0.524957834439879
0.553690212359434
0.607259866975847
0.494899269057682
0.470152251633203
0.586273042282954
0.522864554124621
0.424725472753145
0.635970864962773
0.535100947810206
0.629338708355197
0.430431114389252
0.627948791035051
0.552370302456814
0.526746728127664
0.545750332192809
0.53481111237281
0.513965359277081
0.412740778717232
0.565953724111284
0.58343550556027
0.499352690793181
0.597441907775204
0.476007885706093
0.589076127812102
0.605142950385779
0.430156307014402
0.647686811911868
0.546686626929328
0.6066179792464
0.320021708095566
0.573680198857649
0.594317734683737
0.629600761114346
0.388345868649642
0.605813063943981
0.499702967075322
0.369080203896267
0.612970527075072
0.46210995798881
0.498325989554814
0.42378180526351
0.613594229876593
0.645565710064692
0.592884262289405
0.507069443073197
0.538361231912245
0.601808912305896
0.594941690053121
0.571073792894149
0.544718542404812
0.54478658190736
0.493958966418679
0.62836813631365
0.478293387948408
0.634913667041818
0.633958136582256
0.643649036012191
0.616694929923112
0.640199248660276
0.396634154415667
0.603111338139993
0.586008623353856
0.492758159124313
0.615520815218141
0.625493362108873
0.570969104634373
0.649882998823809
0.595139531363533
0.620010126084114
0.543149395211282
0.35852311637309
0.60486810529703
0.651630144268891
0.396859639329006
0.463294459082799
0.65025107639005
0.459930664876308
0.257512978790491
0.606726747019413
0.323155484430571
0.598078212240229
0.442024017237802
0.496530055475247
0.635295198632731
0.63092008878673
0.507478087148421
0.522031113440697
0.563131707393004
0.619077631289639
0.578200613507252
0.552736398434904
0.392995202006773
0.369621788906929
0.645518759741579
0.494918191350987
0.527679445484779
0.578829420964587
0.33455276116283
0.606794993713145
0.615884510894895
0.467300612570909
0.604835102206394
0.540681883588107
0.632562000707775
0.632144072238088
0.651230865616123
0.501379644422065
0.489276705911956
0.597589637298287
0.517131982643728
0.47710774950497
0.555977229567829
0.619363484045511
0.490443760229542
0.40839057685895
0.543500992503589
0.613175746881039
0.61186477230789
0.598815769095425
0.598187422587714
0.536476504541001
0.615245764194054
0.40083788387711
0.614648925012089
0.486948839961863
0.592695927944443
0.492033296540151
0.566741750272481
0.651621041931759
0.518309902261634
0.445651259145657
0.584622093062323
0.636982675206588
0.647154304857361
0.589214103571169
0.580911667630269
0.590409328806908
0.620914309162234
0.622504149305453
0.547112379722598
0.453618418143666
0.649087547879676
0.621565790699728
0.511064081827244
0.630833396688112
0.59449633095467
0.376497291222612
0.380639702982587
0.549355872510843
0.439689417053805
0.433729381848525
0.463859951824103
0.546693938842583
0.606100638975921
0.541315380462724
0.464929325620993
0.347699543735906
0.62962097507955
0.546664633330046
0.401983050672889
0.623662426134121
0.567802383625157
0.402337260012897
0.471939463667201
0.643517317622919
0.616167475665766
0.60809875132291
0.581904297160472
0.641929524978512
0.632488941257535
0.523819809876519
0.418483753386797
0.550076281129283
0.599138832212744
0.555463820229029
0.647203360829085
0.625260740429757
0.567615321656614
0.556140960381138
0.596730744375092
0.60968630230747
0.611766312867154
0.550031716174585
0.573932012820118
0.529751585059293
0.481723632019102
0.545961211071976
0.607887367937614
0.470563049027636
0.536060554310485
0.504400226364182
0.572842328113112
0.624086955514695
0.322963857684491
0.619743005319996
0.598342410370734
0.442808176229748
0.586044514637199
0.440809347616384
0.44870573795745
0.561122603183612
0.615911674526212
0.577645606005722
0.55143581115473
0.409573637120547
0.634985304928928
0.602680570583455
0.628759854840494
0.441525276811769
0.633127108446136
0.381108879756319
0.37868228650543
0.623314223599593
0.59754761049963
0.575782022725895
0.544236907932592
0.435579784842656
0.520751322704897
0.610301359203083
0.514594251242277
0.496185891110863
0.537517616310312
0.600243001774101
0.594019118089912
0.545959497342103
0.623997928344749
0.60106516724616
0.594014953525625
0.419062876468761
0.531626891570908
0.519640386045026
0.213112712547519
0.503120433141955
0.447270913749233
0.635132655056164
0.462792495387996
0.563652474793772
0.594776985975081
0.578503066347054
0.597866239775863
0.540503770588391
0.623134909629543
0.585059905696836
0.607032956174763
0.58611051365688
0.439812244565346
0.61388082668874
0.615756847092748
0.516773146681899
0.644394272934696
0.60766857794278
0.425546324216867
0.543333991772443
0.627118664969849
0.614660363519718
0.626845252250619
0.562632078703707
0.628837742783817
0.471040036554761
0.593377768716415
0.60722132959241
0.556479823578932
0.607025252638909
0.622055029269427
0.536068763472443
0.525746562380158
0.542385840090818
0.602419655266276
0.509572291447349
0.610497212313673
0.616764828686757
0.641661621633673
0.574524887721237
0.54009463329413
0.618094044366178
0.589758426828891
0.579439589088088
0.583641861223035
0.634980187803421
0.629324320563956
0.484548445503139
0.557436133798253
0.610627514621257
0.603209520999834
0.551521845374488
0.478606598689261
0.578383652576317
0.568510130298221
0.603205729826771
0.649856392252755
0.469052740815641
0.379356500456766
0.439192248083183
0.433401456963751
0.347238070887248
0.575644176906129
0.644561727948456
0.537006481211802
0.453078828239207
0.554869886334953
0.42320630169099
0.562217187824123
0.555401685114544
0.636603377479235
0.570272162126116
0.641024742627009
0.526286947174154
0.576160239310713
0.638382228385241
0.563594794643071
0.244021739722817
0.483212332988429
0.541308458289423
0.596167809834848
0.52822002412322
0.629744551197996
0.539560166753028
0.608510822195979
0.611026571950605
0.557691262724181
0.572559447512671
0.502286045138031
0.600503741444582
0.545065111697312
0.628270225640969
0.458032507237907
0.611079434671683
0.534514279902763
0.633052315739626
0.599469920861021
0.576232072554218
0.583945099436524
0.524783187372961
0.529550550282261
0.528317713285463
0.324158739216359
0.559517138052301
0.599948107133046
0.586063292678273
0.465429713357343
0.544319561396377
0.523943469300263
0.489046506044297
0.581267714847193
0.485408416328173
0.623049259690936
0.539391996470806
0.640426275106421
0.438480740770168
0.531159003736425
0.596840341290478
0.651728418888355
0.619696942246681
0.411534143946554
0.605703801887118
0.477297389432063
0.565027006085986
0.53367040570595
0.620882468115433
0.497618281672539
0.518900506691368
0.588794550042343
0.610516951475352
0.575958467949724
0.532348328991183
0.452024861894821
0.511965750183382
0.551445865043845
0.559029614795926
0.534326352729202
0.615433184909755
0.609829178116305
0.465509903887958
0.606959516968614
0.625496643198345
0.52854233739275
0.622898019352413
0.585164658505598
0.519801896996399
0.551546011154364
0.505396645752364
0.648396629290073
0.64393559607748
0.524815298814462
0.620173848920192
0.573774554820711
0.559911422902561
0.527040462475993
0.444342388619871
0.584776280590813
0.503191359875505
0.582736671398801
0.569218187775759
0.547504556392393
0.566693866981811
0.607628114075123
0.634800063175944
0.622241607859676
0.465118692151664
0.643024911813291
0.511376183126801
0.584475471322554
0.573421979133012
0.337152224452236
0.571071261745958
0.591392537063125
0.472663553771238
0.477189011340559
0.627972748960687
0.590023533034444
0.609613962670003
0.572818221762345
0.597770996277626
0.519499651758566
0.613462940954452
0.509807313020751
0.603735485488291
0.500983857710792
0.618642359517927
0.558458923571579
0.500812914361889
0.572146088405031
0.640835208744035
0.489031152630802
0.501635171651493
0.648123854730048
0.540405096642268
0.635483848350399
0.491169787829207
0.297918775946508
0.573495169112529
0.473549966092027
0.57053632839497
0.623823733537218
0.620104370001608
0.518576676825082
0.623592201681151
0.464336041125716
0.592916039301431
0.611273365571172
0.631354878781776
0.510761582127317
0.361674267315888
0.558711436217687
0.623977472522319
0.325690347533811
0.478451610726289
0.514871414026305
0.509508946448007
0.632322717719379
0.521379921936824
0.647571064571629
0.363999380651406
0.519705598819248
0.55096451062775
0.4309726069967
0.454529702731915
0.615528925084513
0.579172297083578
0.557277027102431
0.386135958024174
0.627929616167173
0.500320655563077
0.577176178169953
0.593138693012333
0.488147203114812
0.485032367971594
0.56341827147035
0.616517924359117
0.432804745955187
0.631580000190042
0.648877876132786
0.518911309065251
0.610956305994672
0.504918797309573
0.636655699059572
0.460817942076327
0.542739828243588
0.640576564709309
0.6455725415609
0.506068247639387
0.621501068524934
0.544262948074119
0.4769899038216
0.382811817144569
0.641401410101022
0.566348896401471
0.646906243053381
0.63619955002723
0.406050790607436
0.474875087519949
0.482548886950125
0.62751426166979
0.580885783590433
0.237761271130839
0.535188780001046
0.59473862127547
0.497350622693489
0.570598003579182
0.627223264911693
0.52895217986648
0.581588218274221
0.635944091566441
0.507601990896262
0.490466817636376
0.645543111823226
0.606337861399257
0.574893747242092
0.64337711852621
0.522073140666377
0.613964350798569
0.418877892451031
0.649060894982787
0.601486286443956
0.64366993714879
0.629666629071501
0.561197631420756
0.619347142057044
0.618076869991781
0.458169637814184
0.603364705530102
0.605437681780673
0.494246580309562
0.506292838637929
0.54411112554474
0.647608596303722
0.470156278317444
0.458908285224745
0.612693636193985
0.599403843723669
0.645069027106032
0.587848576553256
0.620833494226206
0.571659044709541
0.404519735885523
0.617657705101081
0.449046543634086
0.590078147711325
0.514319437544297
0.568257468513808
0.465262133874699
0.636187620472774
0.592378672558243
0.505570768767349
0.607733340536089
0.650597535143673
0.313332412257824
0.496491009728803
0.535823228794987
0.618261740709112
0.453717505103207
0.541815078948296
0.5971911443015
0.622229920733609
0.573675380395516
0.637859370946744
0.617446175169915
0.582978514565977
0.551579928942731
0.492651444817773
0.470110597798136
0.504796776335442
0.551841584539285
0.611113819898263
0.621918970209417
0.631855813542058
0.642658202794788
0.60573399348147
0.574177858850315
0.62731309027175
0.495717685573553
0.54222680946662
0.577723694906328
0.630734614152881
0.552867366186895
0.473288726743688
0.632863993979042
0.575655258909594
0.47828324628812
0.580697511208308
0.332811864545469
0.532249707272648
0.642444437898799
0.625481727826425
0.525339637930641
0.615162747347262
0.641897937495314
0.560658978822209
0.642311522145921
0.627585509259912
0.147829269227545
0.601618197986644
0.48557367987832
0.612731408316906
0.32721227554204
0.552218796354888
0.47137209095722
0.64656795014714
0.349960671742179
0.548869602251647
0.526630550555455
0.640472550266171
0.570638975946428
0.138628112452023
0.411343438471769
0.478568290481392
0.631988689309327
0.556625565518638
0.458752156836368
0.518015794775473
0.576317103738184
0.606941174268474
0.386356284297871
0.638820807921637
0.618796439861869
0.429441901330056
0.57667766770229
0.599180825956339
0.53928875434889
0.580522839595841
0.591746883920243
0.55728951818836
0.631433667069431
0.582888128582679
0.640976210769014
0.530537433407286
0.491647019620286
0.618520704467112
0.650631067754967
0.341816943016806
0.613713058859832
0.444592262135535
0.520309666001334
0.363123119988738
0.448887143908962
0.600912568052733
0.55408467044713
0.650461723330207
0.389996754459181
0.522175857804486
0.583488247786022
0.389271545859795
0.544698308132313
0.63404191661247
0.644022704103578
0.644838427711817
0.4642604854566
0.646689721493857
0.492873425953644
0.577748527552163
0.511795591469115
0.609895522700762
0.616151583372273
0.647899485438673
0.518621835276779
0.335704588401594
0.543993908743036
0.525312579989437
0.629092070873862
0.39768427799528
0.623507842951903
0.637036622366088
0.614697304591838
0.649579110592133
0.650086627049165
0.609975304560787
0.36070393755747
0.633695898559266
0.586965947575817
0.592770031907744
0.574715535646509
0.492739518179283
0.458333372498243
0.58709456322544
0.518786515333596
0.590921321629546
0.576339979888637
0.382629704269944
0.577362947782972
0.576538990025649
0.602314649028472
0.650565920970846
0.549884747727556
0.582103349498903
0.58908316270704
0.613659127965102
0.6167507993469
0.601279581872084
0.647611384779007
0.632089224733389
0.591021829363079
0.63372443468734
0.603840714583986
0.594353927049318
0.613961629553011
0.576092803273186
0.647684568956805
0.636054755048451
0.553235366354699
0.545564141109008
0.577825313125204
0.474298933731434
0.429386673403771
0.464945735542861
0.371679110556435
0.394688191446044
0.362200678432684
0.529415593414949
0.581976022685067
0.63310479625546
0.380634271195609
0.58472040471435
0.461558711453654
0.605629789361326
0.612038042282433
0.578995448514042
0.56311900441883
0.480206072338592
0.651145421546972
0.511672769965451
0.597221529683575
0.608540479931489
0.510527188777588
0.533006386506913
0.589557793258061
0.639406685490256
0.563085229404395
0.580924124182486
0.579198559554457
0.614964027620916
0.594631791061249
0.612549529775116
0.45138535885065
0.563734850791095
0.553212108108292
0.651222806234009
0.643544654495287
0.636715718959428
0.491200211234079
0.591780729256222
0.525863528837385
0.648059109324192
0.436703466608031
0.426872407737798
0.652114139822604
0.635332370106953
0.51898789288534
0.393441821593745
0.415618355718012
0.583565264316245
0.626453255787751
0.560764235015408
0.512649801350979
0.646689157915367
0.609990063638532
0.558849165325353
0.56226442570108
0.592378203284383
0.438226590227629
0.574498128769106
0.323229441086232
0.632012460595656
0.582453769383221
0.470307315137452
0.38360610065872
0.604628791220372
0.646062900090144
0.583535595177928
0.332068441676857
0.46422682977635
0.591436586594099
0.583391817930765
0.601294061372292
0.556959542517031
0.506548933149612
0.617871721761979
0.621945318348153
0.641067710591345
0.62312176088873
0.628638421009917
0.633172076688851
0.445064811579431
0.621261020126788
0.546109247571663
0.613224673744172
0.612894108174309
0.618226002335973
0.525449416182449
0.633443561302838
0.566077750828846
0.427789402272509
0.459639523141557
0.535354709988513
0.208539080659195
0.544457631418162
0.575040251862345
0.450204033688744
0.562087407921818
0.562668876323625
0.433446669147561
0.538381147878664
0.531295757050367
0.623541020294393
0.617678079927434
0.400529893782506
0.346436157794092
0.523829133994493
0.532354974257488
0.575199771663828
0.527023905850437
0.551048273730204
0.495499444932273
0.643997976442504
0.639260967502902
0.543495975161543
0.378823338180141
0.614578451613152
0.406756247674681
0.615863658168603
0.614149228289267
0.58584735179512
0.47843195752096
0.639024920853388
0.639929045303753
0.522982937593524
0.461469732196153
0.489509652013487
0.490270418755335
0.651129606968899
0.64345267193365
0.547342798822843
0.349882586524491
0.621935429878307
0.586317370436853
0.558753508687254
0.454566316927735
0.471425236301504
0.540673152661847
0.587801562266416
0.412211893171258
0.127016172068977
0.56077893605481
0.514798670675207
0.522758971866778
0.546719587990921
0.502894389846775
0.533498458693661
0.619466537808077
0.498926804751338
0.546794100814466
0.603008175246189
0.596416819259142
0.649674353382096
0.575545921010726
0.597947639526953
0.650903397743894
0.367614650316754
0.612073395236405
0.65103783923271
0.39786621657922
0.627893873389615
0.55796197706863
0.595784040478198
0.549385299411493
0.617853040603906
0.436401037723853
0.545539321951789
0.608608492121073
0.637597038519826
0.466007535336362
0.473033375642163
0.504012105925362
0.623704090532453
0.594619663694339
0.557119507319174
0.504275288379346
0.383200635340918
0.511893750573957
0.642295446565474
0.63588767332819
0.614217888920711
0.636448036934724
0.614944140085348
0.528836497010812
0.554531750212997
0.64875208973327
0.616221211848241
0.484388009602497
0.47066542064897
0.548152755562939
0.509295845075677
0.531095702573005
0.592620929471463
0.587529419198073
0.624166897805838
0.54727801339564
0.448458921884109
0.463794623172675
0.527512455326643
0.536528750687833
0.613028801263615
0.644238409044742
0.579855005057062
0.635502577267397
0.610893751567728
0.541512156107812
0.542266753117286
0.636521194225937
0.561793436814111
0.583831009775846
0.539258202858964
0.55458356824283
0.633216960723522
0.590666559086516
0.530365956744673
0.535758965969516
0.528875854439286
0.437426674533435
0.355998414447188
0.634127355361471
0.553399340640132
0.510981782459158
0.623886923408477
0.599902753737702
0.501029367449776
0.554930509961105
0.574687046734538
0.637784689326087
0.569011471152603
0.607301574198925
0.570040405476299
0.619913128270988
0.358522608510575
0.599148293467985
0.482050078774275
0.649156443063984
0.565153621712978
0.63791927461182
0.625808136429707
0.558288539554731
0.381996942183671
0.593611479739155
0.321603938307757
0.472203466153441
0.555181404149763
0.570571391216707
0.543392543857687
0.524256287480894
0.542982579698179
0.516453910619197
0.486805564380053
0.547627344509112
0.643595339568565
0.622250980414963
0.442981263628553
0.554920324046857
0.578001626394721
0.358666294122485
0.517988690145857
0.642818437810576
0.498538681052864
0.379566543320157
0.470893525296722
0.540312870105024
0.588336762253206
0.645922967731482
0.52037660213102
0.549483166823473
0.595365955553615
0.54241162777419
0.533162852121966
0.588762281734859
0.621477868031203
0.558158287231858
0.445326223958777
0.63821617096024
0.563901250738175
0.646131309021456
0.46052302555763
0.636249223488994
0.607240183878986
0.514353343020578
0.619396813981187
0.444309668385848
0.651110147112494
0.599280306956341
0.542791829754743
0.61479405059943
0.515410468333786
0.62860761003438
0.601229516936109
0.566485160103314
0.304802906281072
0.441241467745808
0.642571458015176
0.112084397120996
0.511066551530411
0.45711690914754
0.471896909137035
0.636017067157326
0.358529479615654
0.607488907954624
0.61929366634032
0.525809921576986
0.522298926207273
0.562340271044936
0.553768065762184
0.636685553895654
0.648233910918491
0.490726709151534
0.458253312417406
0.649725049905604
0.646300573863503
0.501735598689922
0.587291808430159
0.595895716444695
0.427666060560509
0.607473736043967
0.614552437250639
0.614784940047007
0.614967003174787
0.593998745249797
0.571117724427899
0.5560236574558
0.54745551777858
0.618031767211676
0.530368202070242
0.631929777995798
0.38528867063393
0.494168190706903
0.613314068514433
0.553557209390052
0.532613088077886
0.631809393286175
0.557986918390561
0.648063947317988
0.581397399920391
0.61754662549348
0.603114944580453
0.454392212975139
0.484495416663393
0.460995975545409
0.561724850963208
0.642725769354234
0.454589154162338
0.464673899337047
0.62556016912846
0.577376108741862
0.613155637184173
0.622872452788688
0.391242622173965
0.423310797695454
0.533063925091924
0.590229020528812
0.625188176958699
0.541838369440935
0.620572340434661
0.438732556264095
0.541030609605151
0.47746522895544
0.350491704164567
0.616570042369949
0.637439848649689
0.506609276652739
0.510556668943443
0.462882686100807
0.516675402913355
0.57675722657831
0.594428963173105
0.418103914454441
0.554307253579783
0.591690563188736
0.554725599757986
0.392427374420441
0.510180501222202
0.59975209017915
0.543209607143692
0.626263763853664
0.64818590316744
0.523668002287207
0.5322674855535
0.562588506387347
0.627625920134413
0.520872160254607
0.614988971204787
0.612425308718444
0.486096413370181
0.545033916721572
0.530424200922562
0.623387919512813
0.415477054781607
0.602564122219352
0.460702916932108
0.636039539662509
0.594779962540709
0.602968795741328
0.627511062531395
0.578653912300668
0.637529758717129
0.406919427087495
0.50998384426438
0.644567380970035
0.626297156461484
0.53393878759227
0.524501495391863
0.489053832867671
0.526284943054317
0.528270559646748
0.501521620594292
0.607733593815756
0.622295894662263
0.5431355086459
0.57767538308573
0.595370889584335
0.518095896812159
0.536844142374252
0.548884114890653
0.605458033453967
0.524633888973353
0.603584193713017
0.588885948466889
0.454333484379814
0.581128613421636
0.47969927890045
0.535697080909147
0.594633304437512
0.585238879269164
0.583271918658857
0.440360317167811
0.602869595988395
0.558358128773371
0.451850117147627
0.461166062449438
0.633180796355612
0.533266785127201
0.570328487187001
0.604073229228595
0.642223375572231
0.612433538267255
0.607876723994102
0.528277827667955
0.401307312831392
0.529136218368337
0.326313094091117
0.576964198081255
0.638673755786747
0.612220760511706
0.64289512960341
0.589457955259748
0.652931759778119
0.601602003331858
0.63825627711117
0.446625355866932
0.566315620827727
0.430688884114136
0.467799597733495
0.576957070367296
0.633478625829176
0.537564048386952
0.581623289793586
0.363335478918576
0.528693910730202
0.579782942646214
0.532422273547447
0.610907985819454
0.611662918440152
0.641740594440849
0.592555745482583
0.623141861759477
0.634517802033445
0.564193405438268
0.528323310983221
0.58909354650416
0.463360125454197
0.606742016312876
0.444389991678943
0.64210361507184
0.639721320125193
0.530755127727327
0.52390288587665
0.596703700812591
0.558545048276941
0.491663360155416
0.602842517677298
0.61252785168141
0.409724748990905
0.639202328085001
0.626297514142209
0.475918526926967
0.633865245573347
0.606839139804159
0.465778895742591
0.50738514633456
0.566231936935217
0.59456498881814
0.59815471661591
0.652896279731977
0.637269641365543
0.623949326392836
0.486212787625014
0.61145355708541
0.572908987437084
0.541934258065283
0.505205285266382
0.605462685946864
0.523688197504916
0.63589805299216
0.536084849393691
0.467579536661312
0.63973485294787
0.411922168193138
0.513611121074075
0.579807888475115
0.604868769926569
0.526558377504201
0.410079548931135
0.547836381586187
0.612886727065292
0.516736863379429
0.585132309338829
0.49004984646085
0.626260838552523
0.605077258555199
0.588280304631158
0.536086885637004
0.609238710014368
0.635782736793392
0.598421318273298
0.626227636221179
0.593839678541765
0.412981728137284
0.643867224165099
0.473480483522765
0.479649778781622
0.61454782387628
0.504644912956413
0.529311129559526
0.619945766481106
0.591494238911876
0.362973801568512
0.641312170600231
0.564222438692366
0.439131906555909
0.434681335567722
0.564277841408115
0.513436278689154
0.467514026902219
0.432547467346665
0.451795821948101
0.615874112673734
0.510906667768548
0.542838878270472
0.641146179034014
0.5990324919396
0.541244881872384
0.581522588166438
0.64688632860532
0.482632475732897
0.581679484299588
0.607031759516651
0.577568927336067
0.590602943245767
0.610178411367476
0.294591406525712
0.575481102636099
0.642873166799013
0.482619043234125
0.620229598533858
0.518685701354182
0.565693423623545
0.634990440641568
0.500036919248069
0.492721592542879
0.579123460983783
0.370039792351024
0.628979844474461
0.638661705946534
0.434572183452493
0.613639383287118
0.633298300056496
0.641391000370532
0.465160309323656
0.638721840913442
0.600981138474183
0.513280779000776
0.438279730224559
0.610878242444035
0.607020048927015
0.502069403267567
0.505241388692717
0.510649618694354
0.549255835211674
0.633323473299872
0.624141536288518
0.51482563971849
0.637113290705972
0.499783131492275
0.568256478135555
0.415641752763907
0.622282435311519
0.643800323950598
0.64737596129707
0.566292353540646
0.63788896674032
0.498669757790808
0.478480865472794
0.615286992222709
0.632322184216985
0.572574767873324
0.593660738777688
0.607368594088082
0.617874626009225
0.568136981427197
0.348349638729421
0.444153500413246
0.602455502675411
0.496440032320931
0.471333108326757
0.311751952430637
0.628557416441439
0.549505379089648
0.611124564415648
0.578361272631014
0.580646328387496
0.625844889083118
0.49129822773231
0.359396406481673
0.541104330923078
0.53613342671747
0.437144225370119
0.623162349575505
0.627675600027163
0.640730485663995
0.652603702437964
0.469650504268642
0.526544941371388
0.532824987975967
0.551562624096841
0.185513467917173
0.422550297577275
0.647160093687387
0.619371888022636
0.559834202965985
0.533965521865089
0.397174643540598
0.458412806219577
0.492271868923961
0.501340458073581
0.578201378220344
0.485892912751931
0.593497990704909
0.536301026309837
0.622703592194761
0.408293768690205
0.575492418873444
0.64432749898563
0.484593392454163
0.432180523156782
0.639838899115302
0.47851170421495
0.627969636195432
0.481781361030867
0.646807952714412
0.475811441709935
0.500132661738446
0.496519679756029
0.54796196867609
0.617731978697796
0.344558662017579
0.558581238700101
0.588940076890238
0.542075960863377
0.65094422384833
0.610305596754953
0.621028092857867
0.465461065574169
0.503445359005508
0.621598074605105
0.595376497974235
0.311000172696645
0.471436169533807
0.591966087119379
0.567986075316051
0.502918057692926
0.583870529689823
0.282800530477546
0.561141472804827
0.588418271518027
0.457955967534064
0.516198572497186
0.558269336698214
0.505373510447355
0.607134758163334
0.382741410061074
0.630048135474631
0.610937954779969
0.599784268687082
0.57705911805324
0.44022643324749
0.451158478614497
0.652930670855218
0.571026174644622
0.606227737944747
0.486475103331647
0.616955996933166
0.432858481922085
0.506164542916536
0.556091738091045
0.614730688238968
0.321759463726536
0.604406102296182
0.573068151859276
0.591157393510761
0.404679222850825
0.408487547161852
0.586121901926018
0.460962814324661
0.635233504641944
0.55887723756151
0.634638213088166
0.494774841424815
0.413946949880649
0.525311391529848
0.64787543520869
0.541941822524155
0.459059086986652
0.462645172961579
0.585498646386508
0.639083286690828
0.544801087102533
0.47054838421174
0.613513357647688
0.555586577019054
0.558925221564574
0.608099690956235
0.575449300532809
0.591468056283723
0.642500773515597
0.425971288324251
0.517064812070802
0.592894720223842
0.590826606780974
0.587505044748334
0.577889824479911
0.642948831902293
0.640273100929555
0.504324096137642
0.407993433841581
0.507188283182229
0.601459881209333
0.631381301544213
0.547956031617139
0.53549931728725
0.594726289228851
0.552967623542602
0.602777392679255
0.526444797232319
0.464473764578035
0.537925946496799
0.631119094590675
0.61618571795237
0.38175369108846
0.421899663039923
0.619651820330841
0.570806283897951
0.479231238913217
0.489156892951836
0.511847895495678
0.287008641522809
0.499322246033006
0.641056852859267
0.626352106948688
0.610107597180451
0.485493312003233
0.501167175646996
0.610162450598504
0.604100462143101
0.652008616790489
0.562441011929684
0.536036344928797
0.590626153249582
0.641261968920235
0.551451063848215
0.505560833271964
0.583519829563593
0.630761140470836
0.401340804868366
0.468151923252509
0.609363482562923
0.620734695597404
0.62441428845729
0.506127695255887
0.615228283313663
0.603780360888536
0.594696193572487
0.56890749100107
0.349610691036208
0.469276617718351
0.649524584884117
0.550831545570974
0.648091036385858
0.629513798557525
0.554072413531767
0.506819439082711
0.536348703664988
0.652371327680591
0.512918173433743
0.637635710874626
0.63121186061423
0.651534178785757
0.369025294714074
0.651693572494728
0.630131990692917
0.628008638764315
0.583499208013428
0.529863281334429
0.599646867151267
0.480735904794172
0.544906820334912
0.626526646862633
0.6065369946942
0.333409119823737
0.569499323082127
0.576354854794075
0.562164250295328
0.439920637160234
0.613827021100237
0.53473271172928
0.601241817547875
0.621869962609576
0.5648222389184
0.612108656343729
0.535247295340625
0.585401093287934
0.545842663978133
0.648300446126034
0.517792353791373
0.570988714716876
0.547391645070972
0.550407062311509
0.587967820029818
0.368440785503742
0.559899324056116
0.408188804290321
0.561283745451073
0.648191991660612
0.48102734701018
0.650604888858404
0.628458521796707
0.418244773928521
0.425394881638031
0.481414958268879
0.485177138383231
0.577215220418006
0.497793196022767
0.558807508880541
0.6122983824656
0.548500837750891
0.611976794375496
0.428888127706526
0.447490989704854
0.591101568826218
0.214927353854265
0.460226406333524
0.650213877307668
0.585870322957738
0.306836820032129
0.646014372622803
0.60715644148605
0.607961546396001
0.573130802335454
0.535146770570322
0.539024788185014
0.619835537784452
0.434580045613612
0.53139594809982
0.607363429076029
0.584123872419532
0.550826192796162
0.599594246855503
0.544869274894268
0.566268075563082
0.539648815277995
0.571759991719323
0.497759820193062
0.629584892916098
0.586004533203719
0.631747122638934
0.640572625165679
0.549873577975599
0.541161770536554
0.515289059302566
0.517318040818196
0.580421995592558
0.610989690567577
0.470765739093831
0.543017583142276
0.536287540149571
0.627225435948105
0.420408418404324
0.492961605522112
0.643906006356425
0.564551502158506
0.651895331427974
0.570839176924717
0.309507073672132
0.572073841941295
0.521945433137592
0.604388494789252
0.511436703380663
0.61264464389148
0.593769070438334
0.633626439561948
0.434687295822149
0.636797983395019
0.645217404612081
0.437197951802734
0.307624154525167
0.430658799146332
0.341734540299928
0.389019421988603
0.545382526931143
0.414013941128948
0.304635549499051
0.433183234917958
0.526249341285989
0.481702950164122
0.611648107348905
0.530850260832546
0.241330456910826
0.558843025297833
0.510863099745632
0.602961347260712
0.546851003635544
0.596107759770314
0.62747875271283
0.642655727704049
0.629003606400108
0.643502700891368
0.568603608254485
0.321564432949387
0.58170315392015
0.541876057792021
0.643427719172878
0.625002695139986
0.349064908772786
0.540548652076423
0.649943081156834
0.54857962309277
0.574084772203963
0.523547297554365
0.600358541840461
0.44947830247611
0.407490487426369
0.563670020635325
0.590963517630261
0.574681053929241
0.592912333919113
0.377488765627067
0.611256960192262
0.633546746872354
0.54544985924486
0.609910387474196
0.644483977321691
0.593634779448122
0.628497742114289
0.580709814058811
0.634461668360149
0.591774100654463
0.546483476516093
