0.334394396884772
0.421058007294162
0.634917319916841
0.348512530434212
0.37357757946107
0.62218383389823
0.440378620732518
0.620283621310573
0.526378280876366
0.40265988886039
0.401237884544414
0.605653332912804
0.529594505755384
0.626850549812383
0.464634623884445
0.452844092726208
0.514311289747664
0.566733639149558
0.566373263304936
0.393729597128638
0.583394121311134
0.639559610029077
0.354798109438272
0.40447239727789
0.523962671482203
0.450174855173619
0.587085749853324
0.635269749378112
0.605761249261682
0.64809555519201
0.637733465437638
0.609817037254093
0.463706189902563
0.636515396825509
0.51905692322812
0.644476415766598
0.61206357256849
0.470044348121906
0.462166929564946
0.512042053515172
0.484154651821554
0.646492911346146
0.540901234640381
0.612672852474274
0.591488453477502
0.587292043927296
0.5466649183207
0.448146510655363
0.521780775410584
0.49404295212665
0.478705435379388
0.576783632654265
0.527000870789092
0.617398866260649
0.629180342858776
0.652695535645421
0.527003732954321
0.611685243955515
0.365147515371114
0.584561431951974
0.450156054870666
0.452647049135386
0.598911011683361
0.579548422044626
0.526415519632154
0.407974719966632
0.649311938269968
0.453529194573689
0.615085864812083
0.379487249355844
0.478146466937735
0.488594574162427
0.353351017965472
0.183110167457702
0.646490246334073
0.508612159047226
0.54998990194817
0.486558858201663
0.475524575287897
0.564453106669204
0.514603425333861
0.244687014227011
0.622131156882569
0.637290830116672
0.346955379853322
0.467920938769862
0.553073701314458
0.579001866185515
0.525723543578661
0.646882037182272
0.462100457724886
0.537682107738657
0.481801786838046
0.468181127089068
0.579702355590001
0.478432217009808
0.522799492372032
0.627344124071666
0.585784353750508
0.566037812986708
0.491959714723953
0.464194447541737
0.518976709594412
0.591185836009934
0.612585376550886
0.470016694614308
0.498436235160273
0.461579971069618
0.576435352577826
0.597258951869066
0.578754544905584
0.553645140036949
0.629571601789512
0.51954405107205
0.474250609987023
0.620379533155025
0.495863997589964
0.618242084612209
0.334973627373696
0.611191456491785
0.460332746213488
0.598103447200839
0.58073652373144
0.457819205315789
0.563173434866281
0.600241516009931
0.608665596711394
0.618930939931166
0.388296316214532
0.486757757407969
0.436460935099905
0.495714726198619
0.523990002201028
0.462239150961801
0.487516523373438
0.44682453027845
0.628547607020511
0.614626688113656
0.642227595262474
0.51425839238848
0.64130217276452
0.568405299420306
0.600142051840954
0.611806625407228
0.513249647138217
0.640825899462424
0.545411902290288
0.571100317486962
0.535379980302622
0.510645555247565
0.59323166261693
0.427316440863137
0.530936904638046
0.558052339609453
0.54914377687839
0.408857207330061
0.625780032179378
0.476589283691717
0.637974322924325
0.650869533166282
0.652003096497809
0.302584490238357
0.64709003485199
0.545529176335144
0.583113594861044
0.534152309248216
0.583588516113145
0.629153124438476
0.544230112750048
0.571194054822056
0.574248051840076
0.492427049887559
0.503862310834546
0.527491979249018
0.493275199849448
0.635039424838771
0.640641351579181
0.635590906152217
0.577983461583751
0.431561982186269
0.61599262965965
0.444521220316974
0.520627839860884
0.564753954804604
0.549328883408798
0.390554256349715
0.576813684828404
0.602352080169944
0.515193331789835
0.642774118842168
0.616301808579773
0.45290306427977
0.633742459464453
0.597310366470314
0.507416522000326
0.340464483097782
0.61458577971216
0.598152520009718
0.634135932456766
0.598909727950456
0.595203031721346
0.597216554634283
0.521303099310769
0.531815723277083
0.555838661758962
0.549238340333238
0.595162049197873
0.644303937958769
0.516590161206143
0.55160565616827
0.547510789976978
0.606729558649053
0.494871473850279
0.382345448028784
0.572430005222895
0.493310373470658
0.616577474088379
0.569082449915278
0.648741911577368
0.6100774463753
0.611647225961157
0.351849479102691
0.65254749604393
0.350791136373009
0.501762114415658
0.569074283205776
0.604569143291489
0.28693554595081
0.567661558246348
0.600171784832663
0.623643100981504
0.505421139901643
0.595451659717501
0.561791574865112
0.633184703944581
0.624278313349022
0.615749927697762
0.351205240521487
0.618108656216124
0.635242413478769
0.403173448142715
0.561609755183297
0.644114056752698
0.540940160733004
0.564167536042032
0.649117222800519
0.377114891451061
0.594377739071836
0.428099149480125
0.637237260955247
0.650502371094634
0.63344831824202
0.577115301073991
0.584924203568115
0.629418219447179
0.364955063297565
0.521896305327637
0.524404452698981
0.501968984738769
0.456916489170582
0.599298341023759
0.501644327133903
0.614302135117082
0.647595147362412
0.621017635626944
0.614573822384478
0.530169859395884
0.588117737775198
0.575375968790417
0.586701439493481
0.585629719245544
0.56323042602882
0.571019032452712
0.600612837592304
0.521196591266399
0.500201587373679
0.57721640668047
0.650575931092676
0.631920583102828
0.584831094489069
0.499304322680062
0.592148246034613
0.578976459904271
0.511901163675692
0.55495837927799
0.341143036660448
0.490632717872645
0.418469203766341
0.575110749088951
0.594892778670805
0.43477748436989
0.55280492260736
0.646478172790956
0.546775668517743
0.631645505511205
0.532967679932766
0.453738054416161
0.414144324159319
0.630075779171104
0.494291853829641
0.466345519342993
0.626147182810777
0.422345572678577
0.585087473588867
0.475056544448735
0.610929921891029
0.573761040713066
0.545259709264185
0.601171860236836
0.433558024345784
0.650082313187821
0.651864241700098
0.590345792586358
0.591981883554775
0.542623080185813
0.618135253037821
0.57560224923778
0.525334725905355
0.452187894321924
0.478481785063691
0.520309310037067
0.505279953794699
0.638686970852679
0.606101010641784
0.536436608262225
0.593099672375072
0.603130874319985
0.64132608782027
0.57301690879793
0.497352604642752
0.512428822491566
0.641452194486955
0.519159925944466
0.553087762983639
0.355914364858109
0.590671004886872
0.459324741249175
0.435884767443365
0.632502679367912
0.501929539967828
0.613584352683058
0.570613997125747
0.5450641087873
0.42117793192249
0.647733045056931
0.529955989933584
0.486886587501599
0.408990755250463
0.53004532540041
0.371197660653206
0.553989508516881
0.473035287562441
0.64347765616848
0.577258718569015
0.63860729896934
0.469676389691122
0.569688893363818
0.635408173307045
0.533419270190465
0.603700642371089
0.529332262290667
0.634091949749264
0.639970113201116
0.642107641187775
0.442352807201767
0.435363595839906
0.625135731835788
0.395223369388898
0.626802882675477
0.601200383053479
0.629282734347463
0.52966848159552
0.516661648409931
0.581359573739616
0.410842166440368
0.342476608648695
0.640465095654768
0.630309077591935
0.646724934045264
0.60484672068388
0.6075447878871
0.526145781686139
0.646753638604958
0.466099311766904
0.607518009589614
0.609357954825629
0.435098030011959
0.586953146881875
0.541334844102535
0.644262769262197
0.5053052154734
0.634155407926787
0.456250746147976
0.609272468482301
0.589132810861186
0.492206593743138
0.558478836393057
0.557032042706708
0.611589075878325
0.403807311301334
0.565129964616466
0.645199609517312
0.587906039324431
0.582209500088189
0.418399728880214
0.61935138026405
0.565530304707019
0.577071115517009
0.517643599405501
0.432346770628851
0.527165203229609
0.649762048209665
0.433807539678108
0.611013492702167
0.51358636246092
0.45470022354779
0.464768036323517
0.62276262662889
0.489833422244287
0.60689763953456
0.445473097719454
0.490596707641862
0.288969278803893
0.330819561164728
0.55531153039534
0.620421306078702
0.605730413714379
0.511569564491511
0.536559383236187
0.391387714716523
0.17910327143536
0.595355720863442
0.599296904413962
0.606231525960426
0.495465556953684
0.343413000948006
0.588004283031375
0.408368135141193
0.615311575523766
0.54213800452829
0.407630332232092
0.533207849926045
0.641362773250618
0.59407893046615
0.533857346251705
0.504386438026159
0.615517577592391
0.60979143545956
0.502474662430056
0.58936643247125
0.588183962730566
0.59171612903084
0.597341456677788
0.62492421779868
0.627297767898286
0.47986288850025
0.537325259906971
0.346880774006659
0.535546036670896
0.540340676767908
0.428253657876924
0.555469983534705
0.615892644113104
0.543111814479929
0.545887247172037
0.530452393919207
0.41714668402434
0.495200919264818
0.507461566681587
0.330596151847553
0.644175848534369
0.496386203289885
0.613353223287515
0.614081115128139
0.570807452416846
0.650474464727772
0.543110040163894
0.635752671284731
0.603236078823475
0.579995140034659
0.223876493442047
0.560262905359241
0.483029536632163
0.57916496121643
0.575260021682158
0.479302105013944
0.542105337522028
0.568425791973428
0.595586344686622
0.642121788698235
0.639257515777891
0.528708105775346
0.622596926727137
0.410560642616674
0.346399103939304
0.55579285402574
0.560759227340557
0.528755203120345
0.374507555587117
0.561380192984613
0.651895980938463
0.517873736831811
0.478733149015643
0.567671818609791
0.451687861580497
0.503152796367736
0.559597143729025
0.597942539611484
0.460892845397528
0.490866870569749
0.488300896546872
0.386916760954234
0.460532983378618
0.411422466803296
0.409580363655148
0.577077707389977
0.612654918330438
0.592495347280138
0.483559930972863
0.584041971148395
0.470190282458487
0.395702290595545
0.562982380708315
0.56640839655181
0.571741459677438
0.487053040812625
0.532031376145437
0.511644754785358
0.586501883431902
0.633015290834019
0.471627038060092
0.468002185331514
0.629489618875251
0.536323207910731
0.533757914838066
0.602251762890312
0.600107899675076
0.549118595635674
0.474233823887221
0.445790554546786
0.503315097506517
0.632512360212995
0.540179452163868
0.639087502311031
0.553045278013316
0.582042236185604
0.647012322573892
0.618174745606997
0.6143292286668
0.504886303457349
0.591553413648815
0.5298780802499
0.605641174027924
0.52376506325837
0.494721516175229
0.494621113125212
0.597597393423706
0.336101681734936
0.641675729530526
0.611825440425354
0.490125163613827
0.633586730969832
0.308748926348467
0.580933190125712
0.33831164746615
0.478855300910765
0.415251987566725
0.343795584857938
0.59107362846339
0.553502354019448
0.615633428234782
0.622074610830192
0.364925831631192
0.610160536709902
0.581569684172702
0.62488026004233
0.478059858457164
0.615318435801248
0.441617437823171
0.473242241794333
0.380377034886373
0.59604627221069
0.569961006378496
0.604219760993241
0.548099551407945
0.582995603381429
0.533562704527378
0.630451534607306
0.613777084622883
0.313657949771931
0.623038567466667
0.496673994704607
0.52125104888865
0.606741913235588
0.459784633824246
0.454559848594585
0.549073375001145
0.55995225792983
0.592484559861975
0.481082612606772
0.407524257088323
0.633745574777442
0.533985513285389
0.455086219334703
0.640498354764193
0.571008081337558
0.591403376248391
0.379791895192132
0.590151086056579
0.647040760407512
0.590677074564582
0.529846217399743
0.555148742618778
0.541656490911923
0.446598197459903
0.623130797915071
0.629362132985543
0.550290113558624
0.576569988260526
0.606174974359295
0.532669049747326
0.444486937326212
0.533401140862765
0.575106925421683
0.637880200357196
0.563609662827039
0.13752476056463
0.644909221478067
0.536704910057775
0.52798669798822
0.53731773156626
0.496885353476395
0.648664072420144
0.579293664049009
0.649746764854656
0.610529809349131
0.334152206829903
0.613490289366486
0.650607674684039
0.63844980270489
0.42413808711239
0.639542338101039
0.416138316772592
0.520959122577544
0.617907428004473
0.559436678011496
0.565690821921946
0.547650698384833
0.543584116569603
0.608120705098172
0.51054784450428
0.635628127802232
0.639689892609572
0.580764649208835
0.629677878044457
0.540793209789538
0.531862014299472
0.622253772217497
0.520666940139072
0.619947054873733
0.544024167083821
0.62071719972783
0.526491699328834
0.629214291127827
0.527790168890148
0.469269926927352
0.651965572606523
0.602418094779991
0.629233264543237
0.611088007347255
0.507236303412534
0.605367242526353
0.470053394706189
0.585896635015878
0.649797145602516
0.440190757104365
0.52180375878261
0.59883538885958
0.619803752222169
0.369012018478854
0.450727896447993
0.537624022784427
0.442108679740968
0.614146466710605
0.586618642383879
0.647758388543228
0.603468928269603
0.55856404617158
0.612643658127841
0.430097930559043
0.52999373285384
0.405131647056775
0.561735175932659
0.454588654677802
0.600056045606887
0.619010533922948
0.53577505341855
0.616606346390906
0.555127020716299
0.438214407885043
0.616553592258068
0.501786056288482
0.534016551951515
0.484133219394379
0.626812612031406
0.436875946504185
0.646112046309482
0.448369221430944
0.506023287365745
0.650527105543547
0.652017611427876
0.352967144184456
0.394757193859913
0.412888089394767
0.519253175464027
0.600029638965884
0.513290725557667
0.581204132882378
0.592262176595644
0.564984404623131
0.561912980907573
0.454137218227649
0.43338053659712
0.634572514875141
0.541195548806073
0.650522385098997
0.616991927104957
0.48243336585086
0.535385376526156
0.542860503799567
0.424992069837952
0.637213552090404
0.59243522330785
0.475044233960845
0.548527850183233
0.44037052924793
0.533084248387585
0.628768513895416
0.356869866712389
0.638441033295492
0.472653446748522
0.597835042660285
0.573616529686561
0.495618950223865
0.627815557996441
0.282348258351411
0.581795625194584
0.5612655361889
0.5760478463477
0.586281593861546
0.612101045014186
0.439450473457333
0.497884916703638
0.543653001316276
0.366927726530584
0.543426405191424
0.603315462338416
0.494639478276719
0.485868606426299
0.353563574971218
0.376333132267618
0.537468538378174
0.547015642357118
0.437656701327745
0.630362023511848
0.476664448038306
0.607254082161565
0.604166054033076
0.644587673103438
0.529008014782465
0.453045466905333
0.539485661643794
0.585453105210458
0.56493644789092
0.610935347569966
0.636114524391205
0.625692554342573
0.564869613400321
0.403025942694022
0.650440469273522
0.628864899101009
0.501846831326431
0.46292779483506
0.385863756860993
0.596975084765224
0.561716787662635
0.507226386450485
0.610704687709123
0.537864841579955
0.567684870904984
0.572224119852506
0.635285520855692
0.564501967484121
0.573843563918907
0.470623846156247
0.594673887704372
0.583398924081673
0.644767120535859
0.554363809037634
0.633259246284834
0.467639534272026
0.61988604411635
0.491597421853865
0.620446814324227
0.385153595353771
0.488101557056914
0.339216381737818
0.525425245258139
0.549113736478422
0.62020969824114
0.469996161411215
0.484349003476635
0.471195126339562
0.543259326218094
0.551675500508515
0.533232099413466
0.577457594055065
0.208701481604229
0.502394018285379
0.608162988050694
0.618452323947765
0.56039973234994
0.563491290201011
0.444757605543729
0.610263357840543
0.40921876002657
0.5555945782866
0.651412991694539
0.652450549578693
0.506911175039386
0.651406587608796
0.651061534281275
0.533925119643347
0.592827849094801
0.580141944342882
0.637830787893908
0.375134804978976
0.480627755129729
0.550754671158488
0.569037213341962
0.48596107698988
0.580896886112898
0.559567086855199
0.551260402787981
0.504097005053786
0.552952403825498
0.482169557768289
0.628442901600515
0.641830096581285
0.574428898704325
0.337543411380386
0.35354401036048
0.475204652544132
0.613796056807119
0.455394241827075
0.605298041185734
0.524396151702711
0.603164082561907
0.49050679402971
0.634679968229371
0.475992082659005
0.610104184423886
0.573799910494701
0.613280223007423
0.538962323500505
0.420288892021222
0.641824478350641
0.554861602233307
0.522638108775399
0.373855726094359
0.456399407693348
0.414648054316498
0.491629578606145
0.427214815554135
0.589472107296258
0.469886020668661
0.494994690675034
0.553751278539193
0.47943712086089
0.648368663727102
0.39388134354716
0.650472201807117
0.62481372159232
0.49121895027678
0.414931078632553
0.545423446514018
0.626803372874862
0.500628208604797
0.618388907151977
0.265760572881231
0.611802884391402
0.631039631863307
0.614128394368867
0.466212785549146
0.552773122159284
0.503094686761023
0.613843960840778
0.241467173961031
0.593581813531462
0.619701719417221
0.601455698396048
0.245489678349799
0.56907111079522
0.604394933770229
0.525777947638321
0.308578266569478
0.509702730574917
0.476918912135786
0.65110810569266
0.477602437287917
0.593958930378268
0.439670881431385
0.220294307869444
0.612268779417021
0.514070466967387
0.489229257067796
0.528649134778787
0.637941690541313
0.507333597488081
0.331226678720759
0.455519866914519
0.494191274052653
0.599733983320936
0.474141850222951
0.479693858710426
0.629857790566204
0.444310520350244
0.510006550228111
0.623640096596154
0.623148304101798
0.330394532333841
0.634076605500224
0.627386829974133
0.591854423861627
0.593971580137287
0.63176071440527
0.569391470161832
0.517059735395772
0.246552075578093
0.636543697095574
0.552460923327509
0.56095441607827
0.610972920653426
0.525241881148388
0.51438406313867
0.640277363329821
0.460980258572889
0.56730800566816
0.636851446087496
0.618458578354169
0.610690892020589
0.452928994684861
0.644244981592353
0.546827041752584
0.583880519163605
0.583566279732805
0.640525930612001
0.425287791032805
0.454275490330772
0.29909665081984
0.607335378970826
0.408524301537093
0.406507171208619
0.514977750610832
0.64153047890465
0.576909696612651
0.518326175524955
0.650905848863182
0.100066166602951
0.637439713705313
0.163803640448059
0.619136349796063
0.453394560000427
0.517795965612508
0.639670284355717
0.440386861137722
0.430356625749172
0.479965438550294
0.424759115966246
0.648564715095416
0.598864910560468
0.530731141132331
0.416186111637936
0.520830947960922
0.341029267680852
0.530623675300212
0.64791387888279
0.507186249318578
0.648021088412123
0.458967024112667
0.578075987719476
0.632643384505376
0.576165833494322
0.652416407645456
0.574651356597442
0.50433065514564
0.40220914852724
0.426848942402541
0.534897079317001
0.606789547464637
0.433001767401807
0.625761462285652
0.577816757336831
0.610483151483704
0.560465522613921
0.596001068185197
0.46178295122338
0.619349690281395
0.538955110336469
0.584218889119864
0.524905140144099
0.603612695446375
0.489480062819414
0.42423186519073
0.470425015830529
0.21779979606633
0.444968482676997
0.509476082633195
0.394496201542216
0.634775780402299
0.303854616433761
0.636634483830768
0.553038875835369
0.518548259099217
0.623484162180564
0.606343330821462
0.478277516488867
0.546217944058557
0.428033969214567
0.616043130882428
0.470271966843647
0.521237119810032
0.440212416743437
0.504659435335119
0.568331092459507
0.295327220378691
0.564700435576892
0.417555151992122
0.624741056292623
0.520921199486034
0.503106111888549
0.487988388933145
0.613233466516238
0.521009571664266
0.63914560211992
0.296230097939141
0.590309003332565
0.514522676344041
0.334113188146507
0.638558877425614
0.54710881682081
0.558532198017021
0.391645581725455
0.521950836535812
0.102840891443404
0.630001666897839
0.596599949528341
0.573126566496754
0.508319223870387
0.496787231369385
0.486324024526961
0.614549109213813
0.46973094479426
0.519500606637012
0.409170113755479
0.649770984141796
0.596832749156796
0.57508704456322
0.560410740632263
0.632436330714672
0.394267769506641
0.473109338563581
0.629534568501914
0.605891993516108
0.603955709950716
0.547543103918192
0.45960236285916
0.397640361451649
0.5430459305146
0.500320781663784
0.322324672169642
0.630672603058236
0.351009156081251
0.403085887402497
0.528922599553053
0.59352425302906
0.57409197483687
0.396684212456531
0.629725359659432
0.608740578628173
0.642434428145495
0.589313121955639
0.514403325899945
0.384905172397319
0.514621730641618
0.621091184306183
0.550448877664601
0.563456336280816
0.638448910270562
0.569458760025334
0.57560407097839
0.510844758312271
0.600150295015727
0.61776405723339
0.466338874316971
0.5752734048592
0.526813130540207
0.22521105338859
0.490780614611778
0.598549047353677
0.538279257417747
0.489589253125844
0.483457262070077
0.611134085208913
0.390485171338291
0.570474575118026
0.436245883667962
0.629090523441987
0.499375721481929
0.487799444497482
0.620985831535348
0.477149212391124
0.614140194385063
0.531707837188805
0.630649529561836
0.61643550908439
0.558304722646039
0.564543784205361
0.511418311251954
0.571274640966092
0.480131550971241
0.598139534820156
0.574496819630877
0.515161439698819
0.594485913637111
0.246370021888047
0.634643306398021
0.582721036147369
0.539996176850797
0.414557538932663
0.582500968169389
0.34507719972978
0.510913512878899
0.581857241951295
0.65290749775535
0.643876241301528
0.549815981191246
0.608778282875593
0.334576432321064
0.571788522125942
0.535373332856332
0.57934180122686
0.468776553882641
0.577332280877306
0.581934258874222
0.642806989013649
0.628125858289389
0.591156140711082
0.479937351443823
0.452046020493284
0.617794414730793
0.461722537192902
0.627309691688641
0.566118919900246
0.560242648361557
0.575928188154041
0.431689737367086
0.612791133112404
0.56837778594652
0.4939816975375
0.587481989085778
0.439473110387607
0.604062199605786
0.485993360137912
0.524345930220549
0.607633683475621
0.420537328692331
0.537339262845876
0.54610103943917
0.620750424401622
0.646680495194519
0.56246536711967
0.581110916453896
0.605777007717199
0.50409228430856
0.564075829226509
0.51636421068007
0.507645906859204
0.627048735362779
0.512417542396311
0.430217024380141
0.64100823374505
0.50190065608955
0.480761309675817
0.376374219310824
0.368157309270007
0.601834204620733
0.493530745414985
0.566205261018626
0.481235971471101
0.544379254784655
0.548774414562639
0.622883816210382
0.635337245924091
0.62835127653185
0.456580897571944
0.588898530435056
0.472833183048061
0.586372164408717
0.543792514741686
0.515528547510671
0.636683230924548
0.535698431219683
0.604746138295883
0.537421511941786
0.628689700103561
0.51700621190348
0.641050114703696
0.594667779397915
0.585414601090637
0.448063384591328
0.391908433339948
0.372221867334365
0.538202637548327
0.424866711273854
0.614144139088998
0.618232161971253
0.648242541640341
0.582501755787309
0.543149863284394
0.5866702341883
0.597490417036443
0.644062456783511
0.557280433532858
0.499947828812102
0.457018873281737
0.603114332454947
0.496079750184936
0.517339211367261
0.370894144720161
0.615691621313609
0.512686364768511
0.585374986011022
0.599480899699305
0.615721575852271
0.553313830166475
0.6033438931571
0.633927807255759
0.6453478849746
0.606581964411086
0.474023740724676
0.589561894563496
0.62835167746652
0.515035275407447
0.567412663059926
0.578548994161233
0.531184601055219
0.348853838146389
0.478782708316539
0.641003280789518
0.530364910466228
0.579824803245327
0.366471743420467
0.633931145982509
0.236708479450534
0.557812387052627
0.644501949447431
0.647629374020561
0.466564089905067
0.646154179956543
0.517790270079995
0.60286392871051
0.612231244949145
0.564528727840859
0.591157011044831
0.640075550159669
0.640958519638208
0.531179760722859
0.604827196173092
0.517841966213835
0.593462811628404
0.551319581219976
0.472168970030052
0.633801697530516
0.57506133456531
0.513686279852381
0.534566689812142
0.542732602605685
0.649744615751311
0.273189945668364
0.614043054795655
0.606703129986982
0.47940564434728
0.532976032067629
0.607637814584744
0.477651978213416
0.650673811051089
0.594971841538218
0.637729815628081
0.431921599353539
0.443621083088872
0.453674860181809
0.429439050334581
0.469528666471031
0.559448474348344
0.612848663092533
0.441700612675408
0.326670493140928
0.528837412209991
0.531236194239726
0.6232833654389
0.614428199712495
0.618179343396821
0.52080254499168
0.452395139884105
0.365430497431467
0.56912238876928
0.477116708320828
0.584539647464381
0.441824019673789
0.611956539425878
0.597433486541055
0.569529591730974
0.638990127705694
0.394316829269328
0.351491116132224
0.652038160304697
0.589474258287356
0.587982881922914
0.59890680221273
0.578196327151599
0.509815560080927
0.564523726769144
0.610808802865219
0.425608410169266
0.544211383884273
0.595223993497702
0.593339954210982
0.379303688059786
0.551567101495531
0.579995962712737
0.520005422285434
0.508056515450765
0.243170045289297
0.588890822631375
0.402278846187319
0.627982888803119
0.618222496530805
0.650937878595906
0.447661654821201
0.588535091389521
0.652770901518489
0.399747190484311
0.53191912505207
0.49298356507802
0.443160765075594
0.529227444775693
0.2877537331889
0.338293515094709
0.645719264378913
0.438949537298061
0.592284904151737
0.312559899432226
0.64657805875364
0.44739668756822
0.475079575013129
0.383553602289243
0.530146135034262
0.610633882275631
0.363888341129161
0.458409997191257
0.612221643900163
0.605767933694583
0.632286087887548
0.51483067830179
0.559890202239609
0.594581288223092
0.629003271771753
0.487338241323501
0.652307251038247
0.643892421313746
0.46969003110368
0.62883082989941
0.615200382657132
0.437977968890034
0.583284570925609
0.364915865360876
0.470028728565439
0.610052007974933
0.362380013237381
0.638832211461688
0.39689050201774
0.49184006185369
0.502055587173929
0.2583528999771
0.633105735642433
0.631484990509622
0.648831760656789
0.381067605671866
0.635745214338841
0.598657753402091
0.551413041831192
0.361559787145636
0.422519512230311
0.640104766262776
0.59269022521803
0.390887497554197
0.536714227901805
0.489265201027077
0.597850214342637
0.645394623782807
0.539256659402602
0.4878683321617
0.632387844210065
0.634765492879225
0.43869121983317
0.640805124592989
0.642393292156495
0.442731907629942
0.579035204739986
0.614652584078998
0.632659131235251
0.584615005430318
0.60407475420729
0.170911781297217
0.357885884969582
0.369047135194485
0.49218191778246
0.418663250616495
0.422306010724375
0.509300715304108
0.321777334067241
0.629265251601854
0.590153981371324
0.333822567219358
0.223085964772357
0.606600193332054
0.527590074435746
0.584453282773473
0.331401192864945
0.612276525436941
0.572726681329434
0.36278601919079
0.581649823812194
0.60791637252581
0.352998302380043
0.500810838336316
0.549809288360128
0.461365239773928
0.496178689010246
0.46373320016199
0.650041223986789
0.616676860832456
0.630358379345432
0.562516476699094
0.597102898011078
0.570157568267678
0.365134107051324
0.640588001697771
0.580196357420319
0.51237436426041
0.599956937660886
0.584205543220651
0.530299919162035
0.575301699814887
0.5427531462086
0.404888723860283
0.364647225191658
0.61535927759792
0.646715073499945
0.478811465849368
0.288423058223677
0.492621567355662
0.571073850159247
0.418498874664812
0.571814412482643
0.600162931063077
0.442327510588381
0.603717989470642
0.583534686605729
0.501389950685731
0.531202094315682
0.64938091129484
0.431509582944855
0.624870079002467
0.404397171051541
0.646782552304186
0.517996011433426
0.637606756352839
0.43928860705152
0.574837673034584
0.59644334884992
0.464558956130963
0.607093484994209
0.572502679434502
0.559806112105723
0.535893606171796
0.623864662887726
0.433815667222029
0.446299763416141
0.618527191549386
0.595642335951533
0.532310879693644
0.566991487126459
0.550760226543824
0.565410041025866
0.652387149320656
0.607229471227912
0.432943136352449
0.363498811079251
0.64833450639163
0.574746954368904
0.470585258826719
0.641929330652735
0.539158659972736
0.578162987950262
0.532428083312755
0.607263837413795
0.644146934963388
0.610184794878846
0.609453043446698
0.503477850593292
0.484130831724316
0.443403775652634
0.279212893050695
0.558044517186379
0.590607524134304
0.553198854006363
0.61144981765571
0.593717644387881
0.634478098657746
0.302033763631266
0.596540647450151
0.633620689316828
0.591731831578474
0.565116486190873
0.500660176226394
0.528292654062255
0.357425269940325
0.635606018325207
0.493548430589624
0.578623872660651
0.640161459073293
0.525638981076928
0.490428153616118
0.587201585049503
0.538042922726816
0.333832432636094
0.596335419044515
0.580413326746043
0.508992328635744
0.592214780787714
0.463674971978738
0.478165850628387
0.650562177545375
0.432139659179069
0.609553510575541
0.570343312909223
0.509164007945551
0.36385491591975
0.630991620315532
0.561880248704789
0.539716193087392
0.595529479033344
0.553518926905249
0.594931836353938
0.644558840875977
0.538444971098981
0.638821430299074
0.511192678449874
0.543367384633157
0.561260337847435
0.560583359107252
0.537207791673401
0.552216316959505
0.618931233958088
0.49278234968065
0.483111403005938
0.598841803432934
0.628863226152979
0.598287735115587
0.593219284924355
0.432277682666106
0.538777517105335
0.467876190735318
0.366038222994644
0.626983958533743
0.47859034052882
0.604562451299786
0.507308112269288
0.623134248221577
0.634741570955898
0.400031673314187
0.429824419031657
0.462191828469176
0.473656864967883
0.501924347293261
0.554762231710765
0.647940132572676
0.342296767565691
0.611442102466002
0.625012494682736
0.548768414195383
0.6290842900297
0.280237646175795
0.637378138102944
0.626650645710263
0.382176577105822
0.600221486758734
0.564053318551711
0.361505582225843
0.500139779106498
0.585958742423898
0.599331520343923
0.470822547387795
0.626727432111582
0.63733715348269
0.433195898822163
0.605425311477034
0.583451202376344
0.630767838013048
0.536073522426955
0.565246582652289
0.403534287830248
0.549878000418811
0.596729686168417
0.476631764986239
0.428202458501926
0.544970229877562
0.529386449254708
0.635503089768114
0.276259551925092
0.609835011581898
0.29824494039173
0.516239760845896
0.381622446029789
0.603458476436158
0.599851523329496
0.604823792276281
0.58802541340417
0.640101415517073
0.396775493129693
0.602352923594558
0.48330132181705
0.556818609020858
0.516965478619772
0.55251173050642
0.617924962668771
0.443323562659895
0.649079710420332
0.602238632284411
0.501152988149012
0.540404808699929
0.601174253889379
0.629902653359052
0.639418288039277
0.344847727424717
0.524804464539608
0.635306883542309
0.579490586550779
0.390137754431612
0.26199286845874
0.583552450683054
0.515323220775227
0.613503857454836
0.55207813737954
0.634895828982427
0.514814479185519
0.513152036567867
0.540926546461686
0.596474865464645
0.642075829880063
0.624644735083484
0.448036598154273
0.436649570630373
0.612399804013818
0.628265264574521
0.556705993817168
0.613758237476161
0.627744019945519
0.642546958862035
0.625997580657829
0.613929053661005
0.531584476515721
0.617815735836903
0.49625895494512
0.257640651683383
0.581740745348072
0.530603617859051
0.631332258745379
0.645818747568885
0.523652241613579
0.474873099430551
0.383440895899504
0.640766235107877
0.646084149739589
0.645348746160325
0.514157277719517
0.555737098129074
0.461785524577692
0.632043192716984
0.417196340204144
0.591049322641974
0.502804044349684
0.504833318263868
0.519601479445325
0.58402390120819
0.407720395819015
0.57761321954028
0.397819722477696
0.592306624807132
0.315004534475756
0.605075428501631
0.556651689557951
0.48421017974112
0.49882119089265
0.447200406823481
0.55485600756876
0.465099117362945
0.499733219386199
0.500087896362654
0.43949896155784
0.394317237125681
0.56479070060743
0.519074516465482
0.554201499920764
0.632672821837715
0.328430332508057
0.615406151398698
0.465905314225498
0.599678622511692
0.5884032467861
0.577582226012689
0.487354577692972
0.650791809093056
0.262623474422501
0.471048790526568
0.568489002042616
0.530642343292727
0.648011520843347
0.530743120204391
0.484475225916033
0.594031322444044
0.608806278698301
0.550217906716685
0.38473424901248
0.645437264344994
0.617927618360802
0.628283956808991
0.598179399785144
0.434235383793506
0.606412684988891
0.489840385515873
0.611364989611962
0.590734193295597
0.566791845835352
0.591240996187269
0.500754065529377
0.643737482818817
0.400751212717163
0.412254978831424
0.57528714385599
0.427566621505855
0.523975472499826
0.569376664862051
0.570223632199986
0.312427783824731
0.501465332403578
0.49501565748184
0.506747977974392
0.538728752488029
0.507496888618637
0.441997295014154
0.620082174342827
0.573659310290259
0.39280513726046
0.404583629199151
0.562670327813606
0.477807397781669
0.603635125841485
0.611395659965305
0.421513256324642
0.526220688323093
0.492940924072592
0.599380711888517
0.615750448922987
0.425809948569163
0.620010266688853
0.636341540769841
0.58772463979099
0.62697878172466
0.362602697380437
0.443321540305886
0.389120895971013
0.583779599429459
0.524661168804281
0.373757457693402
0.652017416334312
0.61405875904514
0.609862559266351
0.532535196708012
0.613236695986994
0.572214053175017
0.566785821306065
0.415022180094759
0.636333737334799
0.577057193529626
0.557832424552446
0.518314827849736
0.603489468440541
0.602264249664599
0.60743227456969
0.648041544468714
0.408924273107492
0.594315350628222
0.554982737626277
0.469651005426517
0.644751486555425
0.652044447626967
0.495389056168033
0.48274856343131
0.530019847628339
0.587104482853538
0.494117306705678
0.575402413982555
0.405127478418713
0.60405807574491
0.602666867626274
0.560844019620929
0.387648253054553
0.618394806962637
0.362728458846342
0.18577747139224
0.612407512002571
0.480664039898947
0.564717201456029
0.512879687518198
0.508661581275045
0.616484989118164
0.547745267740075
0.533170114905417
0.599183316151094
0.611005902877363
0.59811197376556
0.612709848965204
0.619691739510577
0.492644525184078
0.499173307466439
0.522428616740643
0.565893940848284
0.500225768766873
0.605691586994997
0.640550689675755
0.456271291555471
0.515032075229466
0.625521232591764
0.559885551199708
0.553322600642145
0.645588275224055
0.57632338006267
0.513698358105561
0.556033236520626
0.529902979662308
0.558885016117305
0.62006040781069
0.309962414745517
0.350383061783923
0.248601985277674
0.529045918686205
0.60998447560532
0.643481861863187
0.440855411845702
0.633597027423705
0.599967596410389
0.60782820343975
0.650472424164573
0.635026977321508
0.508710896858449
0.44038476612536
0.576288573419025
0.609729408238868
0.623655224548413
0.555321002884481
0.569093157793076
0.439090120643561
0.566243865275502
0.503962744789389
0.40789616956222
0.480460061333536
0.61121361364181
0.65039279713014
0.56679753222733
0.540079655589867
0.57997173728745
0.645316504797221
0.562268836923335
0.601870699498047
0.488179669010292
0.534126935361705
0.574169908026279
0.609784995486893
0.432142207680366
0.612910654737224
0.355104644734824
0.583772913053942
0.619262578814105
0.52935555794422
0.464705095575161
0.559927501489623
0.541359902666649
0.554936711080649
0.438500305553375
0.596609901282047
0.572547582323414
0.497833922544774
0.534019820311472
0.453593174192959
0.450808728509675
0.609735620245663
0.63004800147819
0.265901159965303
0.547416552506335
0.588101878101749
0.606609585549454
0.588200108736546
0.639556952243185
0.570695019324752
0.567424689940022
0.571188428199828
0.587109296990872
0.575248663790471
0.555558265530944
0.517029571599944
0.618680486206447
0.532938794441858
0.464988681126804
0.63552547237121
0.53081916736939
0.544755336760534
0.494964965123412
0.455565178765257
0.628249565490268
0.527578649213265
0.62520190569153
0.46325879968716
0.548235306274821
0.600859949453704
0.624500540081709
0.61247420898829
0.479068122600706
0.588156483763724
0.543200083144651
0.60589624408456
0.589070050079276
0.214105617492387
0.554872453215176
0.498834933408924
0.357549781251771
0.507605645526428
0.35244408447793
0.466811130147594
0.560159620774932
0.631900154276809
0.229809827687508
0.542627209012235
0.551666877497619
0.645733195119261
0.490796949949339
0.594409751640943
0.575040545600567
0.628524519345339
0.489805991675874
0.649046040919396
0.621149198675607
0.625410521580121
0.575667101248808
0.446325892426017
0.627346545167881
0.535081130273424
0.133003441155822
0.478858010085069
0.622435393409873
0.560408235100197
0.588255064063418
0.495514575527756
0.461268251089279
0.64919376807247
0.522973017849822
0.447290619105691
0.56954156343232
0.411675079578566
0.564350183805646
0.615471254319646
0.386374895744422
0.54881958495247
0.602875250885522
0.574038735567018
0.560504989500182
0.436759855952188
0.52290989968477
0.611603174580783
0.595992449199023
0.648977954735003
0.29533190939553
0.612399682192232
0.543565983708337
0.606491339436093
0.470943905912025
0.61645028096831
0.583201546796682
0.520820939782331
0.608194884583864
0.569544834495925
0.459587953017473
0.550533316706932
0.589390076821383
0.609009947619877
0.426340625384697
0.578834243581511
0.461936596817915
0.625824093137568
0.539229132526128
0.453349615058968
0.626886250958534
0.576529005649186
0.649972327761917
0.436376650505008
0.358252826596228
0.620278992545814
0.554125554331052
0.473101153015926
0.645512561460401
0.635740442986091
0.457604185859421
0.592804104951037
0.518028836592333
0.443251867379851
0.545560087401631
0.609390686750147
0.582251200481376
0.650891915880963
0.634935799017614
0.636791982463956
0.591857788039935
0.600711439672599
0.459656748156267
0.267061308572244
0.635379462708061
0.503513368117314
0.521588460676232
0.506592345010076
0.635016233982839
0.595877754909129
0.617942628611863
0.503551780997074
0.61274404491297
0.51938901220286
0.568799236465011
0.613425713854084
0.579045988845883
0.573979704439256
0.449827922115384
0.607665150421518
0.506955016121206
0.559529294295259
0.525757573328115
0.603126171163573
0.542617976194652
0.512899342458649
0.320374821729717
0.534337567691043
0.590629262974143
0.601395745110741
0.638528074515458
0.568307094917604
0.393999401463942
0.52291599901085
0.651079274072462
0.583940158123623
0.615588127476007
0.390289686985006
0.297087764188344
0.528423326001049
0.508282306184461
0.532299614612027
0.448564254654889
0.474830131091738
0.500885469422926
0.629822713139748
0.460968634425907
0.453097739878264
0.47839608403342
0.437318557945306
0.478586649120325
0.57223429890411
0.575726318725898
0.461402933872171
0.634843876677541
0.537984794246736
0.620015136822036
0.572126462498518
0.566787860151351
0.485954890148625
0.489888044397472
0.445644961956458
0.639085905180797
0.568497000935808
0.5428580491084
0.478592219807948
0.487940368791078
0.191091102175868
0.206789574936086
0.535339864924866
0.617712900231697
0.569534953485228
0.631042196019551
0.58748950566906
0.487782862791986
0.604487289168256
0.451122785439349
0.527627719171258
0.534729034536434
0.595192638896332
0.59640392713027
0.614061959880378
0.552785822074957
0.490500821155944
0.579075654898988
0.317396064495838
0.482275006963853
0.619026807191691
0.613439372356533
0.437540651665827
0.49962652536642
0.379864697052587
0.539904263502265
0.569771593655617
0.511296702105951
0.521694576400544
0.533780794715071
0.460811796283854
0.598868414792845
0.494612427847217
0.373925073175738
0.577308896912553
0.492906645634456
0.570071063317133
0.426177059089725
0.427107245628877
0.632615340314002
0.638141610686586
0.564297582172251
0.416656244534722
0.384385577707804
0.439317016586182
0.482845279876821
0.494861788666203
0.516934035146905
0.571023541502737
0.577325348077499
0.642504723848049
0.521642280437331
0.58358457285256
0.567406671737159
0.497816669212885
0.550370842221431
0.399729785204295
0.446733332444489
0.403418368901829
0.582927825098423
0.575561055105783
0.56791754531279
0.589118844226024
0.558564477370449
0.603454425797014
0.639810754697263
0.6517658263627
0.545642911364359
0.620990696787278
0.623914677055224
0.634842672837167
0.561782950506977
0.513180334937604
0.611959210235481
0.640348244464575
0.623231949464687
0.614441774898792
0.533837884765184
0.570845786672648
0.57598714759781
0.571107759328528
0.583139260641069
0.635923468580938
0.637116943397006
0.589903930367967
0.563799322416565
0.637231134212106
0.467517042223796
0.415953122120874
0.617757334175423
0.521469002968776
0.436544085494981
0.428681772020277
0.621106327759131
0.35074583895959
0.572360338527184
0.373019663844972
0.563812629953545
0.482884500873335
0.520937797368053
0.543764935880276
0.587869188724283
0.50228666279786
0.639981306937182
0.474906109796635
0.514025432132252
0.415176785072957
0.512273746517425
0.49901491211526
0.490061109372347
0.49755197584209
0.60381209096588
0.593641563605432
0.649035507017216
0.511683171012261
0.210278147899308
0.592209203740584
0.557149406831329
0.43310238931974
0.391823730098535
0.642493850362235
0.527023075220088
0.507875186326147
0.52076406935857
0.643802711462306
0.478216819622344
0.590121250169297
0.624161826080098
0.652478482706083
0.406780327078725
0.45659406888857
0.561282502329295
0.468897471404559
0.509495713697073
0.472974635022395
0.599645984251083
0.621990608106123
0.267998325933873
0.63023897670555
0.637338978824854
0.598876274829014
0.652618709902799
0.61761072419375
0.558558927037784
0.431318488820225
0.564554984841969
0.36705592300711
0.571113986074317
0.632765299887905
0.625786300487301
0.631609915079701
0.338032118845424
0.365438496276566
0.598438726995883
0.572971629400707
0.416500232062779
0.649814888182613
0.586437550618583
0.445710638010305
0.596169618032257
0.470768460458977
0.363468773913528
0.546023223217986
0.636719551337361
0.494044291894902
0.491153005442887
0.544743632534659
0.524108533519152
0.55955317179767
0.637360970748859
0.533827928766634
0.522760491997745
0.572596417368408
0.510505586499966
0.465216217818488
0.601023822541804
0.53185860497463
0.576996607562403
0.623046268727745
0.42445977208685
0.458834450224546
0.535437534379691
0.579224982930013
0.564676587634749
0.476890517839415
0.420393563642832
0.489236314125192
0.601164759356405
0.626668072228087
0.638798752736857
0.558063808533191
0.578428490877937
0.585423829349944
0.597665863168018
0.390409159775998
0.651562288841455
0.575216650216345
0.622666109241696
0.650189049425928
0.481232427235503
0.625464071312576
0.449457485832078
0.609558241412536
0.570041546051037
0.584428362451854
0.371372089801215
0.539878802736241
0.472742701215024
0.53092146273913
0.497586232762303
0.569239684646749
0.557657325099624
0.343353225275749
0.563161558451179
0.539403710763131
0.54400352640374
0.505825861370926
0.467507922671886
0.606689941335122
0.549772423076217
0.530820045021495
0.343691807325905
0.576210113566579
0.566816454290975
0.516646316100365
0.560580332357776
0.523863661920085
0.644231178681192
0.642699125686482
0.600812110358126
0.461712809053962
0.523909939462355
0.646035552726666
0.606993316848562
0.475973220772909
0.370157307253154
0.435489771869643
0.606939288088849
0.429832922400145
0.46924946557984
0.0828146870868409
0.555388964874647
0.545089762857748
0.48250133201789
0.422797865625177
0.543661400961519
0.651744666108965
0.510928516907443
0.641031544737973
0.649779068239168
0.367667600472193
0.619204079969192
0.468242626735816
0.636364490766759
0.608120849358203
0.632588654014466
0.610057179125823
0.395486543402404
0.526272600197361
0.592870127474559
0.626217111057639
0.532908472701769
0.650869924812555
0.639742045367809
0.305798816243913
0.409328181866958
0.611599693377364
0.602185739886355
0.652183967628103
0.439477603213603
0.370241237781052
0.526024172088533
0.572672059737729
0.629795001451013
0.445153077622559
0.542640710406477
0.604806332209315
0.420545244572547
0.59487177893108
0.553982938769146
0.532291047722513
0.53928820338424
0.600616254159785
0.41346885794918
0.56113029469007
0.56232049632018
0.642825053791518
0.553392098969238
0.585629673091068
0.409804096776818
0.521263047104444
0.636759275192635
0.227402121531926
0.598293573445209
0.608002721157522
0.569621223932111
0.508069313006791
0.645894119229733
0.350445928543981
0.592915671739727
0.521475731183298
0.256918854817683
0.524837044852994
0.446669975517062
0.386578575442546
0.468424317506945
0.638740198874005
0.632124662026797
0.648867628800093
0.612232531800529
0.508843342541348
0.566155941806556
0.521210125419163
0.541986876133402
0.408869728203272
0.393035215373582
0.524305940812437
0.510715194384279
0.6081209141627
0.600905498298912
0.590565234534591
0.605267539228929
0.44644420355165
0.354835345319182
0.566356767229086
0.578318982124564
0.541230536686415
0.593901700965015
0.630407703376459
0.581183257976672
0.258990946377189
0.493251670671995
0.443936306478713
0.527621282408513
0.530857754423759
0.172439553932852
0.495182282505998
0.384159172721896
0.527199539931339
0.604737987066709
0.256413770830274
0.43496568999576
0.56982010266163
0.461571531795541
0.539420861290568
0.588904312020678
0.643811355466649
0.449278992604765
0.640954611391676
0.382749186875732
0.468459909551698
0.559174503237949
0.24769428167525
0.519096734613914
0.4381700471254
0.388858609672655
0.545298901297958
0.604249004981954
0.303634250650816
0.583291263696114
0.601979782807059
0.627842515011142
0.619393616574727
0.422523494949634
0.337542682092608
0.595973308309899
0.53106572220824
0.592672397760046
0.501605139819642
0.272318374847532
0.625212219825746
0.584690088463473
0.460095476169572
0.597832901807326
0.570233567474481
0.534673641771571
0.477073033975567
0.512141310889157
0.512156833151267
0.558483332700576
0.541376151116155
0.295547055919605
0.482057091933432
0.532448151767612
0.441602579930395
0.587193576268448
0.389276022066899
0.486308832029644
0.516964092782409
0.57071313382664
0.622535120235322
0.58397300862839
0.508908718841468
0.440946175043583
0.648924732852112
0.5986083496684
0.574480657893926
0.629221483154577
0.640435693410384
0.5329317837243
0.574394643489716
0.492658608046591
0.60494979022133
0.353343597637362
0.49962827960278
0.612264640188088
0.481558966651841
0.440031878420299
0.473915070677313
0.640195842634736
0.417285356627161
0.448432728215705
0.630282777074216
0.503697933739091
0.532269418489492
0.453924835318315
0.633633776020667
0.573917894693853
0.644002696937949
0.625863312642455
0.551698713520428
0.414471429158746
0.594505859206367
0.462156863445043
0.43862554038924
0.37352159258461
0.628125381914786
0.622031419615556
0.464150212296342
0.209817248567285
0.431565187315681
0.421932682159523
0.458716331054748
0.50499817556134
0.574345762872118
0.545308788838617
0.439073048139269
0.355275575179091
0.383240313739044
0.464555870160614
0.603590470815934
0.616226844795666
0.281263246358082
0.533772348605247
0.55382995360825
0.574642354581436
0.399034728680371
0.387834357405765
0.450454291964996
0.57236005564275
0.581827332417369
0.570952635084421
0.588415708784609
0.534732717210987
0.642305575453947
0.45546295295566
0.567299783994294
0.611403293379536
0.589490179207166
0.632450978560203
0.647492194577759
0.626601458586683
0.623595682285932
0.205939382490095
0.56530732159501
0.633683482031838
0.372040390827072
0.646504384740619
0.387026798886915
0.577044825813489
0.623650735407684
0.587088955119522
0.575053477325438
0.537196890021521
0.636160800826235
0.340092285624518
0.612319155137867
0.571054376367552
0.450654573748413
0.413558240537638
0.620954054860793
0.507696293403192
0.603573457289028
0.636648229853871
0.651405993303038
0.635179204176612
0.202911035219323
0.591103775418407
0.470179624564778
0.649038806984224
0.558346030942924
0.528924461279875
0.619664023367435
0.352234633841848
0.619597455565697
0.570007820071566
0.309194580888209
0.584856187103521
0.466207310179975
0.520626134893308
0.605345793775894
0.463695526337044
0.590164483988345
0.516403321762128
0.649396101566449
0.638912880535947
0.648627572003218
0.578921845818221
0.565221306772444
0.577404436637909
0.49171354013109
0.587722731567718
0.509248844764636
0.606154470701141
0.613840083924002
0.575767571402528
0.195847825067432
0.520136700738329
0.639261375269938
0.618536743528408
0.649061568992768
0.405502009348343
0.601237576624956
0.616997089122239
0.525031780349449
0.652967363780314
0.340481993233379
0.637816211022947
0.592453230545563
0.625157207919721
0.480375474303751
0.511528999821064
0.605979642754564
0.515789574092816
0.53981391273958
0.510689647825073
0.650124715233131
0.628691119620825
0.581360119025014
0.518574481644084
0.643651110195379
0.573431865873008
0.616279954906084
0.286995467937456
0.623015491835825
0.54430381364941
0.555725509192392
0.647000082709249
0.506843156196949
0.523204763352246
0.602774791181242
0.603234856097861
0.544728750182616
0.52559118797919
0.610507575553605
0.543320617554621
0.38423285573521
0.460324454540733
0.48135637250499
0.614343879590748
0.554665881229144
0.640085373321026
0.507767218502777
0.533555537718874
0.524355654753458
0.637123838620201
0.579445700483699
0.4613063346459
0.431574256891023
0.513629954228299
0.63910410618287
0.423036448588601
0.629748617413037
0.618541084672917
0.561288103205303
0.648107040074923
0.564803862386004
0.565554163929193
0.446063940001489
0.618556109581147
0.599522726513199
0.314469209284195
0.588318773064758
0.569173708454523
0.64896714551912
0.505565276763689
0.619401499367333
0.444302901277233
0.646894863179081
0.53799226270381
0.30783587361869
0.408581826488725
0.436354272251654
0.515542901537195
0.530299322116226
0.621611036040377
0.635635982934962
0.574133902962518
0.486154293042694
0.610990848660889
0.599756931866855
0.517210186943995
0.588794374650009
0.564180534528711
0.419752432409579
0.550879942611798
0.441432719002511
0.421050785809245
0.595692065309073
0.447581641019005
0.601855097899923
0.562947235876689
0.544634995539235
0.640835602027784
0.395437753403721
0.634073816230915
0.43283968456493
0.578719352600078
0.472400906188998
0.471965818327535
0.501359877888263
0.591414849005945
0.46365761688439
0.502565444265169
0.581793167484082
0.644548842052378
0.536942933488256
0.31784367398929
0.54949457797638
0.62215355344957
0.384208767432706
0.471170847710833
0.566053425499497
0.565792012923063
0.573169890473763
0.64266719739913
0.378208980100723
0.417400965271611
0.646685126146304
0.573698584463953
0.618190485936914
0.319455811942532
0.503737045774075
0.63820375589849
0.429508097829892
0.440111097812538
0.634655534820558
0.541759156242112
0.63780295540058
0.525817554495013
0.473056877784905
0.596511949767937
0.55731808451497
0.643169237522619
0.317300924661242
0.600464130088713
0.627465266935487
0.580826426727906
0.648459447307178
0.623879954279884
0.561796383000853
0.561218538742714
0.528124871136089
0.529890697375511
0.511533681089797
0.407215509986464
0.644113327350109
0.524277586198436
0.569075757838562
0.494724014525673
0.350118189817663
0.484146436580577
0.287414431580948
0.625061494124022
0.460246548231058
0.439774777007467
0.520312419873193
0.4549550493825
0.540049927904826
0.531976508801693
0.270602789467932
0.581519172948105
0.427199683018386
0.600463814724813
0.614577570815541
0.53512499910055
0.550291241266413
0.61193622504285
0.418449199543968
0.636823319976644
0.552309898290657
0.537045378531143
0.559519607268062
0.496912186966897
0.475865182864825
0.30908233747611
0.439138718499304
0.542209137464118
0.507745122222692
0.383729412483271
0.425505665346081
0.624010756641128
0.445144815321849
0.570011472186396
0.643280582563659
0.519418430362928
0.564826986013915
0.381924707222343
0.421207569955873
0.639583310497001
0.574233361167352
0.490058497010747
0.65035149806205
0.522047285727626
0.639913146764042
0.547871321586236
0.540394490375649
0.564191706104874
0.539730517202792
0.481877770882224
0.513109960869932
0.499250091899666
0.649125791557029
0.471395150474137
0.599973513288632
0.542526734469661
0.460310125581783
0.418869039789396
0.430684566384505
0.52616705338261
0.613941988467658
0.429369555854441
0.529395296938051
0.577219170170248
0.532866723417315
0.499090883334786
0.523900483807386
0.523611368565134
0.632644185836009
0.354734824389078
0.468218641307083
0.450696531146994
0.638674097733909
0.638330815683397
0.520264586154379
0.593054311584438
0.602847133175288
0.395684428651203
0.292237431188501
0.545863177707601
0.586663907869741
0.53200587788776
0.407657589840793
0.607676250993292
0.565229321646199
0.572089304765355
0.577201337926405
0.626490177954465
0.412959807177211
0.465857625529214
0.499753948809227
0.646852756242122
0.52623817512848
0.454842683913577
0.408533406741652
0.491649553584812
0.638593298701566
0.436380461274526
0.614406925404014
0.467727476485613
0.580332406119308
0.460425835760645
0.454276872269714
0.403557264694463
0.541493689083799
0.595269379629349
0.550182862979451
0.639891640545988
0.519606918725042
0.642837923572863
0.519715267550381
0.615540564496232
0.442416102467466
0.596704267379246
0.614317327136788
0.650014236081756
0.625718050551097
0.577817220837377
0.61878419051876
0.578482151698147
0.548825786367469
0.546749880571378
0.624916147768157
0.557181760332036
0.541487376949139
0.639711973905628
0.645034331366115
0.520612604829115
0.346909524527421
0.629122113623428
0.391141660550127
0.597271006467708
0.651817615517405
0.641930380074622
0.603952782920541
0.58212732496848
0.453916568282677
0.568551074204959
0.539620870576198
0.451545514298055
0.629991877285142
0.588915272218737
0.215049661104408
0.601856398678397
0.458684264242958
0.593820908436599
0.449258758098565
0.343978546997886
0.492880881371494
0.451134713929827
0.633173943881686
0.416568207527089
0.502004693892546
0.474609261244899
0.42190768508508
0.649169957174758
0.650295212366293
0.521508078810894
0.627801931895258
0.629620255025063
0.487693417374564
0.587065178035178
0.633883147146241
0.624340157816838
0.439485843318153
0.635910651658936
0.375180464548417
0.624826664007411
0.638364070161238
0.472262078469132
0.636998002912054
0.597468606659787
0.622127840620603
0.619830221925085
0.451485544834052
0.507815000599837
0.612947774583501
0.638605246801367
0.55641816789824
0.575183633982962
0.60389631798787
0.531059956080201
0.558029649213502
0.551673014161196
0.540898192943964
0.490604543841845
0.518365236789489
0.612141952186914
0.473572906143679
0.623345833288251
0.639927440677981
0.601160316586311
0.551911542671457
0.590472721127593
0.487919081010302
0.450129458377964
0.550183451123572
0.631826616287996
0.578920280379806
0.433329246836827
0.612858657563799
0.506856296858278
0.389920102770529
0.592052558307631
0.52678968972726
0.457962155694361
0.533574953478666
0.478625086440563
0.411190910356283
0.58325280351436
0.475140946685331
0.619430922559883
0.624832409387291
0.444514905861134
0.548366568671967
0.431689190028783
0.536934554028952
0.42414561178288
0.645391473712248
0.53621948098034
0.528180831788822
0.575914101790432
0.633067489118274
0.583731467720684
0.480739148070277
0.591843313688947
0.484742052510026
0.421904674348943
0.626242713486304
0.601890640293652
0.571221908062696
0.629367624373036
0.597760271720491
0.55074071046022
0.471596163852255
0.618087733701547
0.560799630340042
0.550306931709135
0.600573364416128
0.40097938335331
0.565630621483769
0.0798904313983418
0.503185015108782
0.61420499485964
0.470842961111341
0.592872730254123
0.324946192913877
0.610702508024122
0.59818675349313
0.39334404970465
0.420216090244702
0.406670576930624
0.517407497857419
0.369394141606289
0.597318565380065
0.427815701301663
0.391905720182324
0.584497020788726
0.575736743502608
0.587689279911285
0.611458476367905
0.500382384334619
0.572996661285589
0.542390401293861
0.609316698683813
0.558595892150459
0.536357890674249
0.524816669440797
0.513725297379479
0.645746017506114
0.405980056751252
0.430788609010407
0.56887481562211
0.411270455175163
0.634696373066126
0.523204082942558
0.304597704469786
0.555488360527833
0.635114726114907
0.566477595308306
0.612916238830459
0.552653491221588
0.570240242860704
0.421358852926325
0.503198319406158
0.588788510050627
0.493321172703442
0.51618670874685
0.296400065941553
0.616606625458367
0.586921450655669
0.638484489871719
0.621705695759064
0.491518709132423
0.469908616280647
0.582588244849386
0.588597105845855
0.60555532518878
0.651966706418428
0.640620310978616
0.576166479135336
0.393629740607679
0.642720718202966
0.60478232291055
0.643242709372259
0.586844513851752
0.628941017817178
0.650118990772639
0.504748896903203
0.59211374057386
0.606387740528732
0.484601150303326
0.544718485031639
0.34116561071655
0.604597630707154
0.588069406196365
0.471997894890339
0.587133735771714
0.649740606027433
0.524460378519043
0.309891222731207
0.41469891047727
0.542254692635053
0.576717804967022
0.570307605063017
0.628076055485428
0.466472905835194
0.599201497562822
0.576554333965792
0.533526505237093
0.649501380114883
0.453758926549758
0.409145759269528
0.52387101942171
0.442118806277006
0.386522953315642
0.521839383047448
0.646432031990753
0.470971538399539
0.612815004664362
0.521061534009948
0.614848501472382
0.488732065907056
0.585311615639166
0.435609250068477
0.405372778681903
0.484700523829932
0.416492689807814
0.488866196031547
0.567286908468855
0.64814742021386
0.489788412893962
0.561994971001058
0.633598856138196
0.6032764071658
0.520108342776239
0.477926770003459
0.629359651251551
0.621108083082745
0.58720319604321
0.610475219722508
0.546082707259386
0.405880828421845
0.559145302701748
0.567714296858381
0.541481072291259
0.605427600257783
0.638472844112797
0.332996119716749
0.590184219192898
0.558864735994838
0.320700706657466
0.641451198244282
0.551950947490823
0.513302807104217
0.588694086287257
0.578405650793412
0.467651093550408
0.545499410664682
0.507631135372044
0.423589345913159
0.479364274588293
0.614834875789391
0.490678095714898
0.541093990185434
0.491000981831039
0.62459682242334
0.512743593841234
0.251711486358426
0.608197642165891
0.367964372370283
0.555294498359963
0.630752129150043
0.607881008674892
0.563668210372905
0.387529438752737
0.427416017754563
0.644124366173723
0.639042150854814
0.430692971724124
0.435964677031333
0.610474567203871
0.647775898054855
0.546916431388073
0.437707275697185
0.568296732844398
0.590966954864785
0.470399745232513
0.346789487088373
0.541207149729853
0.593363810757136
0.585208053933381
0.493559342143485
0.545547926720923
0.603163739833952
0.505401867815896
0.566485967159645
0.624997381483544
0.409506475440273
0.61366228819413
0.379082840101625
0.562315826204034
0.385177135858881
0.627163058197866
0.598833990497987
0.564018605045013
0.64214430201761
0.508338832115772
0.578910441492827
0.628255289488413
0.582928059036823
0.366762409496955
0.531278087363583
0.424248336608278
0.415509426856882
0.631394877441298
0.511238832852029
0.369408815737356
0.398543593328382
0.625637917123388
0.6060807486639
0.607314700989755
0.293564108734971
0.647041399441577
0.489841133956089
0.584084178204515
0.459324449550256
0.525912672287784
0.60774289042668
0.64065873541187
0.606230135197488
0.619302418966592
0.623201658773223
0.600340998469036
0.376812624937162
0.631675255587197
0.539782895154109
0.602859806717583
0.550258763414286
0.44002666471888
0.551783566243735
0.641363997478072
0.635071267643512
0.611967440985602
0.594268695651305
0.367110594091243
0.509186405315517
0.636191353204614
0.557514697341234
0.391992219161098
0.636412367394579
0.565563860782088
0.539297778450089
0.5005547592311
0.560514662055197
0.605598336247853
0.621076585253929
0.649084703881447
0.537945070163548
0.628528911756588
0.507381420406468
0.522443244011512
0.609068592001311
0.54534771233836
0.615404470439279
0.49531411204261
0.580490039342434
0.453808959123433
0.556136931697269
0.621494210594872
0.555475303773673
0.374906576989781
0.492173270266733
0.464142100827681
0.58345193690025
0.411037172181157
0.57716017764558
0.562216768676065
0.494521820923803
0.650043615401041
0.573515598350579
0.631510461672453
0.635872994778446
0.544093679847719
0.582475981246116
0.599647240629748
0.619686338655591
0.467494624950117
0.454921495650596
0.45427482507242
0.611099931699577
0.431390417407142
0.565158129443596
0.548853226769858
0.540110809387323
0.529918435418966
0.441594811606376
0.479522024561956
0.422998191048769
0.593495492384186
0.609851467894619
0.630168673773053
0.400633245739843
0.461113721754237
0.455103490398854
0.596772596829268
0.563779104829162
0.389770856602601
0.508182469788883
0.61309470852504
0.506953505113359
0.569404654482551
0.599414396631339
0.556296584476657
0.47969606560074
0.527501250574687
0.427856124101183
0.265457336410211
0.571630295370764
0.531755660194073
0.335115191565998
0.565801060730969
0.616832309844932
0.490928488216333
0.581913011627797
0.632205258552008
0.63720319149836
0.507402944406561
0.396770839137942
0.511264665473344
0.563016600122483
0.619001005176688
0.624329095926327
0.300798143015735
0.568143944844983
0.569289507573521
0.492352062115526
0.534705231209567
0.595001147618057
0.132008542496892
0.589939339365094
0.599275148611649
0.477767532463427
0.538777929079753
0.473540150500475
0.544139673204507
0.636343199064201
0.540307174790647
0.438258709272793
0.544467120335167
0.439499150776694
0.542565221928253
0.610812589008654
0.52569603030518
0.52304463690357
0.615587450713009
0.49667976344805
0.64904826055219
0.560223342892028
0.48755324996036
0.631884226869407
0.530433558600563
0.495008913539083
0.341159630589467
0.534198393349328
0.602347711847534
0.54890074333009
0.462374373930476
0.645614464297613
0.635971144484088
0.498380888919166
0.505656765300833
0.60491608847476
0.642442605531789
0.619839995633285
0.171610403451827
0.528633644951467
0.59490951070322
0.342595614135472
0.357506329177952
0.464036726878779
0.544542004820597
0.253687506695552
0.550657283990677
0.478683221204085
0.598183699871258
0.553724613583877
0.541065378928887
0.449528946929151
0.512311782246255
0.402994022476485
0.407678905449432
0.534502001041333
0.532341941801016
0.619242574456368
0.619160555893293
0.642689611254243
0.508634630733477
0.637631779921337
0.425088124179306
0.5315571501134
0.50683770466619
0.463695065528055
0.507266232700841
0.513864769393468
0.49558783460248
0.415121740333619
0.618980159491969
0.62542524869686
0.454160778812874
0.538352946957561
0.621800471803755
0.269993868177798
0.291020874735327
0.531787553701315
0.605673897397834
0.455549009623645
0.592706861687586
0.499873029128016
0.523593883678771
0.498104043076663
0.514530588784045
0.501901249187518
0.374973550835059
0.541643409854284
0.622266382507243
0.613727731047557
0.651214464957232
0.608300547736748
0.647251728159925
0.519012777234348
0.603662934430153
0.569499522835968
0.435562553141502
0.502552983185367
0.491199395177351
0.652073949825416
0.515499101701444
0.542550340569941
0.590226078199037
0.613908598892786
0.338371077768945
0.341507277834349
0.38585125230588
0.595656270200213
0.396982356155104
0.568824119497421
0.503574100728476
0.417027614699263
0.641034269562547
0.470454780391556
0.249606702841398
0.584535216216569
0.563477996842895
0.491797784315183
0.511878746827314
0.545991395862777
0.637856740949931
0.535445658763442
0.454922906927875
0.479674275845866
0.526151943771205
0.603936429132284
0.370043159614067
0.583700912274812
0.445685639531029
0.541327484589839
0.547996958282714
0.267068100128361
0.579192058589297
0.576044628822113
0.423206999873991
0.514110161752918
0.522985319511767
0.57944935655347
0.435437417833489
0.497985616346442
0.469708414828952
0.624986248422073
0.541357675385247
0.328211573926171
0.624793425544456
0.511884796806731
0.469152883631131
0.439668197507967
0.55414548844633
0.525919275183017
0.526052589343012
0.433358074599034
0.310270444883791
0.477004152308668
0.631252295193963
0.634507531957942
0.44956316484747
0.590224394840627
0.496536414588262
0.573351144127171
0.481272481507081
0.414219394139628
0.579733169068678
0.58182539620817
0.530522084612551
0.450707180234032
0.44518229026916
0.186355190557203
0.445151262350488
0.579976166664732
0.511170342046734
0.497152298181948
0.636676726284519
0.331857141759779
0.42590729250576
0.43851680462949
0.0780961424103001
0.522485665833582
0.540926647574535
0.639006834918409
0.509361773702773
0.645325710945024
0.429936362604903
0.482735140105337
0.508221777068563
0.637942889191399
0.456214433752458
0.6391789705996
0.619927311298089
0.465650631228644
0.639808828775154
0.506082753103091
0.57051875355325
0.529277814821975
0.611559506095936
0.452235428686841
0.562224724428494
0.381838188327777
0.447858186527533
0.420583688550724
0.587646214350961
0.531001779582903
0.622266816068537
0.642809623082361
0.511944049922095
0.543647994021619
0.555416545474083
0.583603688148387
0.606763970056993
0.455459024110976
0.644239668451102
0.373540541686218
0.466660750012946
0.637888191648467
0.332494083144648
0.544270469636107
0.314987693280783
0.421945991846911
0.617894213624695
0.503421075277399
0.503739590194717
0.525507167679768
0.379099747035284
0.540064664313462
0.533955627052108
0.498887503408086
0.625795461331854
0.573655271348115
0.580787465617857
0.59768543801797
0.278294922793397
0.357804887018729
0.586088110863155
0.567016253984518
0.622878098596913
0.569201898806862
0.551508165115693
0.633034426889346
0.604748162468392
0.643143949779453
0.310430562927052
0.524501798029843
0.632209429394398
0.617376004190953
0.633847077678899
0.409331938459081
0.58149758584879
0.477886191108966
0.567433784121598
0.588605223021147
0.527841130609614
0.554520461016394
0.437316477297998
0.545602819770893
0.562444007542111
0.599856992598191
0.627332129188833
0.547122895968875
0.459170510610015
0.28403218932955
0.52445028706539
0.308280114215162
0.631047325146915
0.475131081543316
