0.153501400652416
0.565104175463242
0.353071453649442
0.598995658025168
0.567309948058657
0.572874794102288
0.572708696682674
0.570031611073411
0.551901230864854
0.537501857093354
0.26491841282221
0.504844957173511
0.619538516900039
0.549157327308868
0.567857273741465
0.621182754197769
0.544975145514263
0.333539974418722
0.531563040196456
0.572216871922701
0.461220963796835
0.531323929695807
0.57062106532231
0.478057088119164
0.572825810775656
0.49349859552195
0.580241600621362
0.652853554456665
0.628046340861505
0.440664604482975
0.513757037559332
0.550388791673831
0.625036514340893
0.473936937371664
0.435066744458602
0.426046249796315
0.572559933712661
0.626370258291488
0.527063048768815
0.60366091095574
0.494519862009661
0.609940902648891
0.508552233897084
0.609477901119833
0.609261402789979
0.38439636871555
0.650388185294072
0.550907909004009
0.438408611062679
0.554570825013838
0.496753279321829
0.45855591427586
0.516717337085448
0.571834304688245
0.362906362647778
0.591299007017785
0.538221192987201
0.625531626566542
0.543528337210519
0.537967028740536
0.482700951349652
0.462575450524642
0.567628370371539
0.354403102754787
0.641414793296956
0.576044081562005
0.545076111309501
0.599509819113427
0.562729679216445
0.464639597478371
0.612406424678754
0.631463685614859
0.632952183686442
0.55976442065512
0.504728726308971
0.398466099822367
0.569254874623819
0.603411081079021
0.585523290279438
0.584138590060376
0.5569281722624
0.607910614785302
0.482996118737923
0.557151576606458
0.46774090402171
0.572446458723842
0.53208877826889
0.632292953165466
0.629935517666339
0.537055561068365
0.306511263230895
0.64987304624662
0.56044118981447
0.598306574993366
0.631566033568643
0.430012329889127
0.587236175452426
0.497087494900676
0.608272656777795
0.542003527142093
0.30595890127389
0.509294325512497
0.559773739555603
0.582106190647718
0.536971747101698
0.32369578259525
0.494692374425796
0.427791810623532
0.594762137735263
0.542323764257214
0.607185623788825
0.590871151995064
0.646470895871038
0.417907650630873
0.628308244109413
0.519538219165381
0.620715727051862
0.384605543242781
0.54547083324699
0.422206759170631
0.577110908232854
0.56340545606625
0.519058486881434
0.52787274948766
0.560488013868522
0.642199839299171
0.614216296564141
0.457116186526876
0.445054246747673
0.410684464700772
0.64152607477117
0.46910699092707
0.640723417744616
0.558766900407503
0.631715924270469
0.452966878624197
0.459199839635557
0.631395350819064
0.604997665153476
0.496987700310749
0.508003888165398
0.56175176484286
0.569358581971513
0.461944108363933
0.491511134409318
0.242304262519881
0.651857100376829
0.631147957520619
0.475432615035485
0.514890305255815
0.600273818301662
0.383603709431265
0.644316507316246
0.531292771535901
0.649893362227121
0.498672868043388
0.574086549643935
0.627196490547124
0.2014701280612
0.593576381327334
0.641962775249989
0.539080227471552
0.592895005328455
0.435400903332588
0.449035304818145
0.47859322371762
0.624201816925581
0.461822236477662
0.461727117135243
0.395452682876763
0.397657737937945
0.509932437282783
0.516547645487103
0.468949404856491
0.405106393374533
0.615206804723743
0.624234163830687
0.531374105749643
0.423739211713851
0.469564537377428
0.454546990304401
0.561879282273994
0.523252555366264
0.599804476805894
0.546038039538231
0.609523898969149
0.603084062021193
0.422265621713462
0.644662721135385
0.652070797273689
0.524098703382736
0.647244408664436
0.585857769804922
0.621334331607517
0.567887029302192
0.315893859808765
0.507734504619794
0.642442212153737
0.649833645352593
0.283163413024268
0.59214095570544
0.5736277342298
0.472442054236269
0.584924372278629
0.644559579185069
0.590935661827372
0.521212642971299
0.324678453716477
0.496364715033658
0.572370962834056
0.556543353618215
0.522407463388465
0.622314269672234
0.581225719853392
0.641710848921457
0.630253117917237
0.617823091220902
0.522078011728093
0.47745278111407
0.636034078400032
0.616981522932685
0.383876448868146
0.554806563146779
0.482691540189215
0.509914051088284
0.623070215259352
0.42886314275772
0.430392273229417
0.60825114230741
0.54191155790086
0.579684017420719
0.376505260119004
0.603162498891171
0.618718638984322
0.612628340409299
0.629839008557031
0.532697927007296
0.484023442391852
0.632575480555014
0.58868952860675
0.355105838339899
0.60270148680597
0.604741862315167
0.413579478657281
0.3774809765319
0.49741646225602
0.410898252956531
0.644760368019046
0.409380190256845
0.548124665157388
0.563127104369094
0.431291318581768
0.484942306264285
0.596734559705897
0.502314464718664
0.583013647077025
0.564582166746838
0.611013916124801
0.640624976620638
0.602041948010921
0.316320647993054
0.618134327612281
0.607776235100433
0.461736328648222
0.575309897979572
0.623205169130034
0.525050834782523
0.640588140003738
0.433601843207181
0.585608140100962
0.60723718780601
0.467454242796432
0.64522788605908
0.402559433446886
0.423994707373231
0.255162203695438
0.427356503500406
0.603942251053869
0.531975226468574
0.299466229235856
0.313351996782519
0.56827143952025
0.533370385802679
0.489426366349522
0.502961500810607
0.44821308493948
0.562825076251434
0.456629494055759
0.620238491982054
0.544452978842586
0.575158190042196
0.442650411375427
0.526483549772072
0.623419536354627
0.581440187543637
0.454544479265197
0.493558579803902
0.439388300025631
0.524397627011667
0.51297312002976
0.506049717197041
0.580258238271629
0.58121121821862
0.553282222285332
0.479621268354244
0.448945727730153
0.590686961536154
0.430653736522298
0.452100403419889
0.624141945536604
0.585858492562214
0.339201804192369
0.638863992361855
0.619856065859567
0.484883534359047
0.576000468874415
0.399225092784227
0.563559859374686
0.429633252402525
0.502118367479838
0.608777007298144
0.373512469896315
0.591931601132885
0.509969189675984
0.450745385526797
0.624895758815643
0.531010287627165
0.560415928311263
0.491509093071293
0.530338052673941
0.350029051765527
0.546667521215484
0.519360294443985
0.552876093006979
0.527237236929166
0.523684552613037
0.481053822077339
0.580865496562677
0.511044114767156
0.50825433021886
0.381113595339383
0.643639443685617
0.522563924922552
0.51888948512905
0.44803137531992
0.528737342567445
0.516577074195266
0.33524938357609
0.60610290780951
0.605287550373425
0.610002987992862
0.625495428479197
0.58984440462109
0.412016406728051
0.637014766241766
0.650165749534377
0.56926793763166
0.474640555569899
0.476335202047769
0.427430972221457
0.581356173730475
0.52855299189112
0.621890404796172
0.432280850265759
0.636056216389735
0.521363638744685
0.480562627818442
0.2913232365002
0.417879356785435
0.366693027056297
0.495636235964865
0.614057796178143
0.634179967308816
0.651220233592536
0.641183904738164
0.629970626784736
0.484990776960579
0.368690516269028
0.453268562760492
0.598637045777994
0.45362252198187
0.512167781615636
0.527578133406354
0.50671542561888
0.500618273523377
0.485939061057177
0.379231400474937
0.630358839005846
0.637130633796727
0.414893948634973
0.633095896032161
0.582480710289095
0.646385148933019
0.60826274314654
0.614906760657852
0.436381493843351
0.624542159174748
0.632823871015889
0.528438118730935
0.306284767997726
0.569959821865419
0.594275316459291
0.55049328001339
0.518017135372549
0.580287721556966
0.603599535350533
0.494751817899891
0.634597810925075
0.603490535104774
0.612474893901861
0.548204722471783
0.576217437231559
0.486964752747372
0.484279322051805
0.501012716852942
0.506369313156866
0.584268873130885
0.464056886858501
0.481365271014222
0.600385735699496
0.609429067450755
0.531892732078044
0.587289074383728
0.499767030874791
0.612494732528813
0.593096619775319
0.437623334842482
0.597141258888839
0.427556714663541
0.4795687564831
0.47063667318773
0.585559370678098
0.558896093228456
0.520642013880902
0.591259820791204
0.461030910474814
0.533283812233313
0.462476026233386
0.548256795410765
0.650307427704653
0.527604236551152
0.636842143160795
0.633962077505621
0.294160555405169
0.50668507422744
0.451311972921245
0.48322504945922
0.588094310011724
0.397129749861722
0.505606142376801
0.507300852130767
0.521109952584092
0.465724369049638
0.193091277332042
0.220986324867037
0.544265420572632
0.423728850434674
0.610809915930606
0.575018036768947
0.51865071428123
0.424057301767009
0.501824591061702
0.583270413798393
0.485209537922075
0.478957613550867
0.597195415395973
0.545470174356223
0.593471177326415
0.637978166944126
0.630580051910761
0.277596248533903
0.58154908326762
0.591502568460068
0.440572961596064
0.440165423275287
0.516558664207382
0.424675968896969
0.506333129895035
0.460541909285727
0.364777550233268
0.414675657897589
0.624350271838921
0.374819014226888
0.634392207086937
0.517985577032753
0.46984387771425
0.611364281661438
0.61073291683417
0.340711020734355
0.608036019963383
0.630950766930944
0.485517493579661
0.563364166136421
0.634027410001277
0.502857829995782
0.578149220848931
0.59208584401538
0.619732860923679
0.481786448373153
0.565389150257618
0.645653970599466
0.591641117218517
0.617815829431258
0.270747421123429
0.584383472544319
0.455396980837912
0.628879569818254
0.618921841710425
0.500270022840704
0.402704755901351
0.589565243614738
0.423175883443799
0.460890518057444
0.578091269864256
0.376984728732927
0.368006834215117
0.302782391759531
0.468311653849861
0.617433134517595
0.492657697640546
0.319471901752324
0.582048226677882
0.49889911228682
0.573042452722884
0.455820174717483
0.626559857344127
0.623485260138739
0.596176370403178
0.342361621993412
0.522051505380151
0.558947763641715
0.59299762610967
0.562843973258405
0.415404239563058
0.455798571445249
0.581830830492876
0.566227367635885
0.651899342687193
0.282676411218171
0.547310048407608
0.596076757263235
0.414609724622131
0.613861324164894
0.54539811627665
0.590541100744213
0.642147184818019
0.410068951501358
0.488496725824541
0.5020342195109
0.423911274602128
0.615015135484794
0.534497235568581
0.621799757717121
0.512098546381849
0.652764118176538
0.633476583098124
0.631632102675149
0.413491126481192
0.474161581144292
0.431109898267048
0.422734979828214
0.497498270271719
0.62367894108979
0.476494095222875
0.493311994690471
0.640878482842945
0.638436631318373
0.644889873981265
0.584691231141979
0.492509152457561
0.520204106032023
0.460240046308127
0.29294579859543
0.647179580338748
0.575979647214288
0.583706378604395
0.521426302125368
0.618307491626997
0.508132544846174
0.598621044334298
0.522108820370779
0.52517148353521
0.637716066067094
0.54928281020206
0.422789291783276
0.53756270484088
0.603806520742322
0.649097700996628
0.505763282674741
0.621433152761275
0.563969226987017
0.625342522071033
0.541609070992467
0.464695599490936
0.283160081761958
0.558266252263779
0.620865485998088
0.574402429186144
0.41785697772494
0.599126999169467
0.523432378466354
0.593790436560874
0.625725630426694
0.615707425324299
0.560935735961544
0.472673315403762
0.524182140457987
0.540286196446347
0.179467051382047
0.509079111940565
0.578815732418467
0.483774184856406
0.555698946520775
0.566500787808817
0.548308200404328
0.504901549825567
0.502502842142617
0.500046485444687
0.622921469494619
0.410999715437914
0.472442011264188
0.380903278164548
0.528260515764719
0.573357737147635
0.637465677111173
0.351872203017732
0.424529211499779
0.384186722485311
0.462006440047487
0.609933089242569
0.581093114731686
0.453659611236267
0.647924603470833
0.572120009839501
0.646960309878935
0.245416843483156
0.447265366599037
0.569218391102745
0.423878527847755
0.4367584458818
0.429004116806691
0.545737892186149
0.617187711072168
0.63618090742724
0.561347832667142
0.430860904622776
0.624987017296746
0.532248925264343
0.620571352909651
0.442129077914127
0.56910660687745
0.597908396968178
0.536629613153729
0.549589858920416
0.523146563607847
0.548319610812818
0.385786537871737
0.642463919617549
0.578623333311179
0.586998102212587
0.488307502824106
0.505267133744826
0.606707942395967
0.460096377826793
0.41096940602377
0.371102829752088
0.544008073416697
0.638121241227842
0.615075260180517
0.4550909069276
0.621655771323664
0.46571260119102
0.64212043858907
0.597954231643951
0.526704325750017
0.637686377229273
0.627734330594793
0.391075367162681
0.620677962015772
0.518854503476173
0.570605762690073
0.526247765160761
0.479043014324491
0.55279278984349
0.630882248583337
0.652421508384412
0.644110307927249
0.463411018994053
0.619767638352726
0.620348387450131
0.567297414692124
0.536546072120681
0.499217243993701
0.602395414241981
0.573638876876767
0.607001688812708
0.409724786392356
0.41572190817682
0.339804876760909
0.563857264470028
0.609316187433379
0.413300493414681
0.635491084728531
0.617109549808253
0.616054176615148
0.548928415036088
0.352942926173457
0.559523861369308
0.632740761671184
0.412416764748058
0.546263566525296
0.454230484740329
0.571417984360843
0.65244433534947
0.542628132903867
0.55190206240286
0.567135675826175
0.553768168882585
0.390495631131579
0.601116292613759
0.574618144765014
0.596343104415426
0.588028240692398
0.600324829565493
0.625031554488496
0.531334236911643
0.483018674729769
0.614773291774452
0.564279135568566
0.619414806144251
0.586526577263188
0.279204088207846
0.400521216557581
0.620350229013935
0.508910976270715
0.329811243786183
0.602032814037131
0.479693708791879
0.346776150954058
0.617161166177306
0.625599738031296
0.58002814659557
0.645209506697983
0.615347136806227
0.608701236289435
0.541215167033391
0.535010300439816
0.577363773963103
0.39392357618676
0.492493568890377
0.60580181859813
0.619466221601562
0.651729737678281
0.456114335172269
0.289902664171065
0.604454710050196
0.532139665932488
0.337768532697198
0.272959264667129
0.526657750841099
0.629530842737485
0.542771908692093
0.509713581708825
0.519246912203888
0.64765741149786
0.632585197382328
0.602023153120609
0.541657015223801
0.647314361737405
0.587156783518774
0.453096779841511
0.525205530651787
0.619628925936953
0.510915554270029
0.610953713088285
0.592364914462646
0.494359141176031
0.572174558116136
0.404321464179518
0.558603753301977
0.537172242224051
0.6106024320879
0.522444654376283
0.592273480773334
0.523416129708374
0.576901205954697
0.298143067506086
0.521820766207862
0.571508591552661
0.602055819334837
0.610867940616631
0.613876900626806
0.544042461727925
0.456719712996339
0.480549268506758
0.503519220029004
0.34749970132763
0.475863495102992
0.641303800830773
0.367218453900059
0.557492031812655
0.633317716274663
0.482069341702729
0.6012663986373
0.493368594912676
0.535560609169977
0.537104166989139
0.647415330810463
0.595351130811601
0.619140189473089
0.262018484955617
0.588193859440522
0.565472573185728
0.487375772478795
0.45828588064019
0.399698948602811
0.404471407460859
0.606357465091709
0.629255470209854
0.65289236230436
0.629943679480679
0.575691134720714
0.282436235369588
0.44138919312384
0.614291936520628
0.592072998420145
0.605538247985472
0.581917665270354
0.567939560767345
0.552690773056134
0.596504904003586
0.637019915761383
0.544544262874227
0.533061563682202
0.483911854608825
0.339442404149569
0.507642572738978
0.477273896618541
0.510776623193366
0.606524507876741
0.390550339650898
0.410949713245549
0.550443523023569
0.545736344324317
0.572075919130607
0.296700087304138
0.613439678175236
0.568941875836558
0.369684602480241
0.620372318388299
0.487941287583389
0.556003752939177
0.464035108571477
0.622266265004732
0.639477701612134
0.600397227523295
0.514630008186922
0.490036777694246
0.318979347907869
0.455767077071798
0.560155523682327
0.63346129545838
0.583407998843544
0.474953829941657
0.570305032061564
0.577818226980123
0.649229145896635
0.540860856451154
0.651247930104046
0.39921770158859
0.441556550843895
0.508591902318438
0.600115547681281
0.569312876042379
0.462975840279602
0.545484273000485
0.60333583585052
0.51189518932607
0.621308457068406
0.605395298270237
0.645405943570851
0.564574920911675
0.596885773252805
0.426795880997961
0.619037696118662
0.607158947075085
0.622974882982619
0.568090453855883
0.602260691903008
0.473317883228759
0.541034850659975
0.591199255983449
0.599657569995096
0.598745828193178
0.212822139306089
0.62527388356483
0.43134775174635
0.521034819171852
0.554965003313742
0.581719190973433
0.619323295256963
0.527120279069994
0.614571101822778
0.612891392570229
0.566174657892978
0.596291110371812
0.628343487156227
0.441848499472432
0.633211355628275
0.488159769845198
0.628403500058238
0.597829222477618
0.642856661933853
0.459424268888548
0.495224325642583
0.511807413494823
0.57049247962526
0.64915543826879
0.641101148036699
0.539330212396263
0.531179965567643
0.597362949354014
0.622725090552079
0.522504640988299
0.536324262502702
0.544222609021191
0.580687702781842
0.441927456509678
0.634008891712139
0.385948739963583
0.624060241307255
0.397975438856727
0.611822161440303
0.535443656918487
0.439472488487437
0.600952051347691
0.640291099345158
0.641610740252464
0.592059304167827
0.63314104087977
0.600195196169479
0.498806193149878
0.59283699982859
0.638009250891033
0.485789494691812
0.393506272102717
0.593613024480931
0.62687617874547
0.535772392315845
0.29448210312712
0.603867006550405
0.37349808632643
0.535306564685673
0.638428140686271
0.39835200472088
0.259699954423024
0.573949629261938
0.632446164144306
0.576225862542134
0.565062855884221
0.630884099961963
0.61950488311877
0.638083704519084
0.639732852947747
0.580600164804767
0.505220135133696
0.574776039196042
0.631075719606073
0.628084161001339
0.545394494560172
0.430508051581595
0.418639239579663
0.468033985175441
0.618821492015354
0.636173487170154
0.627741161830476
0.417034411331781
0.431904023871597
0.295437464606847
0.555331039506226
0.456728916966409
0.487125147616017
0.529448307909954
0.593298014723029
0.493958273414187
0.522069609903141
0.646586707686256
0.386987428943947
0.467368999088125
0.470910804725589
0.538757787986175
0.409152380754635
0.575580491492232
0.632215148493929
0.51684002274984
0.570626699140378
0.441492466686378
0.63710424850134
0.460967395161413
0.534984307779773
0.239227907282014
0.613564293317584
0.420057989418987
0.492936294871131
0.58167211351793
0.406183905852288
0.645758078832389
0.554984539080325
0.549764561921687
0.627463803929073
0.602677317569471
0.48216977317429
0.561706062702663
0.604138983597026
0.347031105710238
0.592200955847076
0.459790213282538
0.531343982788163
0.385497339567087
0.602668650301267
0.515756590816279
0.42078134837619
0.565118987522355
0.560279745455176
0.583442208440272
0.497386742546326
0.652409890304745
0.604836905093949
0.571573122898003
0.550370286203965
0.531702004817375
0.278110268862975
0.51209010594395
0.520248978254878
0.57854160808654
0.60656369152182
0.415201912462245
0.552411074232194
0.62364190953086
0.570285364091901
0.484278460885845
0.325834828469889
0.432525196986329
0.584267149213719
0.534259093821955
0.364991238450103
0.606704535806911
0.632281584670848
0.544111282419967
0.604635234783786
0.578014937379791
0.421048495075033
0.647974834615053
0.477124956670657
0.550963537296481
0.445072916649787
0.494523001018717
0.278362179417008
0.639538091162005
0.436219325252694
0.55558806981461
0.584799284845416
0.61315110941098
0.574063807677091
0.603622654897047
0.40451679607657
0.342564054912963
0.417587275690345
0.59481754973246
0.498300211494931
0.593183653227734
0.482292891604342
0.622812520710758
0.637425501530308
0.617055861159917
0.505002960782563
0.563245664661879
0.564414726242484
0.541361137307611
0.526640677571305
0.370612253026652
0.620591748006205
0.55225699301029
0.412527986459774
0.499926695653773
0.577373405292786
0.588726302628166
0.570737555672045
0.561539174282137
0.382292532937444
0.500349019150891
0.387449257723625
0.534636862075425
0.580074926918307
0.52619510781406
0.465557275398614
0.536532544506834
0.542397362032074
0.640679772383153
0.538493757989654
0.571953015741215
0.581197804281056
0.617726498255998
0.628114284217071
0.296648367103344
0.609121911684525
0.395509856614953
0.619514715929547
0.546270217912319
0.633021557877697
0.600251432411209
0.543385197873442
0.609890626659702
0.327269950031338
0.572432087084948
0.500128960541778
0.504497887625575
0.455733465231387
0.536998789166027
0.619638385190226
0.449901401298365
0.482748845392549
0.505125048342502
0.633037008970295
0.600525107582708
0.489982527555983
0.486454052715291
0.521723117585927
0.585043691162972
0.39506664213046
0.382766534772777
0.526323757583734
0.463737142319308
0.608051922599646
0.648742343506485
0.490910646238118
0.615702299205372
0.613271869940499
0.316367797386949
0.394859793863221
0.479057042757251
0.553576477560644
0.249461174708773
0.501051894916372
0.615567176030948
0.596021598588999
0.482609027214739
0.577516433646725
0.580354762909096
0.62242245032309
0.57268985818757
0.59145172391605
0.620552128728695
0.600105300729265
0.588243006090528
0.489487791960235
0.647853792539935
0.420857359306933
0.469177351325725
0.514149992459577
0.460952698415881
0.599423190853558
0.277530035620822
0.636676358795752
0.297968046847649
0.640725553905745
0.426005493161767
0.327711199693755
0.618834165940809
0.564396920687664
0.505383501990711
0.50612757409423
0.578529563935355
0.476010680927073
0.612663895049386
0.458543153981328
0.531547584274993
0.652511121215441
0.543823613107008
0.484921151403516
0.491516733612704
0.495228305612098
0.648063567394675
0.432894476132667
0.623381948788523
0.597868552347454
0.441366887334493
0.443444138604404
0.511247235586453
0.569939308149327
0.649337792370273
0.639728872727045
0.605003721625619
0.466979416150767
0.275642065711913
0.51279586795311
0.608009045660759
0.605950066445852
0.503928810157858
0.550313365617654
0.558455980475024
0.619472969588529
0.602344962027579
0.591491271611113
0.6046773733482
0.476103512223468
0.527073181065084
0.575044459981669
0.558466022773264
0.532888740926791
0.637041241304801
0.440536411349762
0.570942235317135
0.587244472292762
0.43967526561561
0.400727567280719
0.626197988440761
0.525140162027876
0.590271480246464
0.578831426807432
0.378329792554134
0.339346159522422
0.519189301838711
0.400597259546143
0.559297836646083
0.622037010503347
0.543337834722165
0.651972462922999
0.553273414984942
0.483052900142181
0.613061044938792
0.47168957059633
0.388901357113178
0.637286804143492
0.64050892524278
0.627341843656242
0.58911294831627
0.554107628896242
0.517930114192841
0.491930095013
0.564686984579377
0.593188444706014
0.613042813348839
0.459265483036651
0.602552973694352
0.541441104213141
0.562994927419637
0.556035698335461
0.288225848736003
0.612600382577689
0.483204818300306
0.600295349823199
0.643158652697174
0.65294601168533
0.639106778603707
0.479414277631098
0.423629136412671
0.499188685824427
0.524446333654886
0.601986924071697
0.63464883159164
0.608373039306978
0.218914126375722
0.439059165823485
0.441625917152313
0.618359639584871
0.554415216704641
0.551791900278961
0.536120319796592
0.426195333347337
0.627533715447052
0.352496623633732
0.441453268254707
0.562913536980688
0.489916639275072
0.387914724403588
0.397706593883916
0.526282948979793
0.567010155394618
0.587923867721382
0.616284176090042
0.524149478781584
0.428811197691096
0.590987569401819
0.499029527084346
0.620865042975631
0.416117936661215
0.558398434840099
0.513769517745236
0.643932274169278
0.552547290315814
0.639792880856634
0.648271618917691
0.425513422839827
0.485074982719386
0.605757009023686
0.512408889294105
0.570224538497386
0.474679575704756
0.643210198417617
0.545490149551713
0.426963143240678
0.640743652250292
0.552500150511323
0.629084636990494
0.568322881522626
0.382431166283269
0.633312846940261
0.442473060619877
0.394230266175674
0.618590688221269
0.573949477816095
0.515610248340861
0.49914124824977
0.590532073784953
0.572310459820862
0.628793049777815
0.479840242295989
0.573306600665308
0.487597998546416
0.603318663819767
0.557171846913674
0.648290434104253
0.532135848264709
0.418120215187721
0.391852288941365
0.623224656595943
0.403074819484392
0.560957049648416
0.554045300541476
0.503403898976391
0.48220990685757
0.395447685678051
0.547932331703326
0.639993158761372
0.602455202060445
0.600535311343202
0.637189909335182
0.574506652647946
0.624587889419468
0.491880682133437
0.533992463229119
0.558956613731823
0.523716678037867
0.508981686554661
0.63316371387523
0.458178246973566
0.290239978244465
0.597468791518258
0.605643596433121
0.478703128686575
0.619780419066539
0.620681189094347
0.509795826434747
0.384121382073249
0.620284325033421
0.566285003498891
0.637898572533098
0.608885387033029
0.538486313801418
0.526385697480919
0.58039919143661
0.485173717995258
0.489698158621256
0.614760234808812
0.633964459721578
0.616272565556403
0.599546439760056
0.592444726248905
0.511272146218779
0.497740880242194
0.504804544169949
0.435600571943927
0.639478479899544
0.537273732700429
0.635344091907277
0.444916623133881
0.471501229915972
0.309181663110104
0.644824468422329
0.361377182468286
0.497034520009342
0.619865359929692
0.635633018406314
0.549074859428333
0.077567780781793
0.524493167312003
0.64670868009272
0.606245516139242
0.526116700980635
0.559663908371025
0.648847873812066
0.413728666424089
0.498093404915826
0.617266257140446
0.494188836993178
0.605104233262559
0.62978272560123
0.455833639376168
0.572563260993658
0.57389331859492
0.61604595737143
0.60607288683837
0.650528820442812
0.636933271643501
0.393672237197209
0.374431656052147
0.576278072412649
0.561327919017813
0.582875596997932
0.626253385852375
0.416506570284854
0.613273418429835
0.621893719093849
0.618062428472429
0.381699407724775
0.651761229048993
0.463444935116113
0.583435720390554
0.513637595347372
0.506279864120561
0.551940181563405
0.533684612636516
0.285820353890367
0.4255854066176
0.493883807651235
0.483997492850931
0.627720035559013
0.450515937765901
0.557856557965128
0.256454990318605
0.472320213937743
0.526564984900066
0.347154935150207
0.369558280918139
0.56660736949975
0.490670241447258
0.630390541200905
0.484772636431304
0.557897617409636
0.569532437536602
0.559784571218201
0.403255615788744
0.631725772480006
0.562432945149292
0.459146023130477
0.566875666267767
0.505915039603794
0.566569170828068
0.488364897934929
0.593745663586015
0.525379652844037
0.277211852223022
0.597452524372706
0.52458687112645
0.202954989525871
0.651231022743595
0.598597375905666
0.558814059682377
0.331958437105077
0.577244547760696
0.505212406205987
0.497204718670192
0.399865253089044
0.58828764773975
0.646521376371339
0.634179819410295
0.224230346688042
0.632298104323721
0.592001560203706
0.557776450661161
0.458062758862519
0.587843294201746
0.559096698190112
0.456740881971082
0.50773840809076
0.558004446308352
0.473383609344543
0.593026387615566
0.470880138424707
0.453006424410974
0.624424586238528
0.598914935129906
0.563898569656286
0.415628505972344
0.473166592190892
0.279521289905633
0.366974920580581
0.609456175286063
0.53818728887654
0.644307035635037
0.607396633792215
0.624382317665602
0.468406952150653
0.554747789489108
0.432246431159043
0.586795758258234
0.193401090541443
0.50795437887258
0.483494302666768
0.489989889104557
0.534207188818393
0.348238151162056
0.628236626932357
0.257914339079797
0.557800223393004
0.559484371444835
0.544359283982744
0.241531649957081
0.535405737601273
0.373255329598586
0.630700726579351
0.620692397604636
0.396096891135338
0.528249282471844
0.584126344842495
0.556093769943423
0.489405460324125
0.519110258426124
0.58196164230077
0.577906951730111
0.414127726484334
0.241677669450734
0.583816498904485
0.623950825339596
0.561169678402255
0.521688771749358
0.44439366516733
0.394466849964602
0.541736450973453
0.630857787475598
0.540697205158442
0.132175056948422
0.624235807839634
0.616511537062796
0.559383180804344
0.513860508434452
0.597508071791503
0.57619115830664
0.624181833409152
0.640882105910693
0.612826503965926
0.591563602966223
0.593403060101115
0.624969220105622
0.478271104331219
0.604479547044465
0.594300453327837
0.567451570729222
0.620367706392662
0.632870219784286
0.591840004483931
0.512827629009527
0.519247906258286
0.643624713342105
0.614658517707025
0.647853588764129
0.621302068585258
0.5567572579711
0.36297488651466
0.553056278023667
0.611771566524284
0.590271939233056
0.629723288240608
0.586541421159314
0.52273135164843
0.398090625013594
0.522854078667931
0.528425719208458
0.461196377229608
0.613767529319544
0.618029246579642
0.527540890909827
0.651752904727032
0.479820045302841
0.357686661305117
0.503178323510554
0.447269420376166
0.516676416036632
0.567468140572552
0.359952262426045
0.52420126219327
0.607222872175548
0.415390204922273
0.386195524468539
0.38610447147229
0.583970399204023
0.649114682803033
0.609042275490234
0.578782922083235
0.614470537848767
0.549422330418865
0.482057735195204
0.519671446984061
0.582287310517803
0.47122404471433
0.477311568618613
0.423639139558175
0.617765977007645
0.579001909336068
0.596252373987278
0.571279412910025
0.574030874399325
0.616753656495128
0.389109046229553
0.492800283221635
0.40380937206551
0.48440847699483
0.53391253121735
0.612392707316597
0.615046882024278
0.407129302227147
0.275597100045811
0.461329687707027
0.370482876847367
0.609541567906565
0.253607537241287
0.508400472820345
0.358050543306497
0.651193011420835
0.643435629114023
0.62797654191103
0.495757684653531
0.548437278183309
0.5486929608682
0.509251080538199
0.573444483303024
0.486923911108676
0.542415799027219
0.423134820220769
0.619617355451091
0.477555662575453
0.429231656401461
0.460664464858536
0.549690068235273
0.557839877931796
0.628616655340681
0.551530809973629
0.639167986139525
0.434553074276648
0.499536598794913
0.590826218958878
0.623244966470754
0.627920171006315
0.569225642315795
0.579413766483325
0.56169069131456
0.636452679269518
0.468521761039249
0.406086356255077
0.393948100660975
0.619843385540251
0.31422115510325
0.479784004031727
0.261156532413401
0.562959127916139
0.490239014086014
0.634253415511852
0.439710165551538
0.543213580549095
0.567771036634938
0.589494211713395
0.514984070236722
0.530637331211009
0.400145466844499
0.540371372725613
0.580178889120397
0.433380540288239
0.513223645452973
0.489418826175936
0.566354738833896
0.509740108611747
0.571587097992325
0.627790848241627
0.615776929763654
0.566465496925325
0.547153295963976
0.464409707362582
0.551232714615624
0.575860093031055
0.393855569683731
0.651548608663439
0.624974098826394
0.64068763475897
0.442548391246718
0.241136996435647
0.537525172011722
0.368808178123268
0.558747195021312
0.526929488976299
0.565449687118576
0.569213647852987
0.532254230488576
0.571985340333201
0.632226506284952
0.458574909698819
0.554830960793059
0.414225583471572
0.517854112218287
0.518158954431695
0.593905208374207
0.556760769285733
0.634212034070423
0.542057117894281
0.414833391525742
0.375331706736957
0.640890356034588
0.613871206744029
0.613908010369368
0.569805718595765
0.500929191566963
0.402008031113311
0.459569093887277
0.588612311968198
0.605133875079611
0.633926260095075
0.573000408558175
0.51118050264021
0.327417478872192
0.637444724562727
0.342459072198693
0.436902943900743
0.56007051281326
0.429239571673523
0.598546841066811
0.638292459064357
0.406404900894551
0.474459945785184
0.571483159762932
0.312794065962351
0.296985124558382
0.476686305990064
0.632546269697318
0.621284865984161
0.387128824391568
0.451662320358391
0.612316907815444
0.406108044971822
0.52471645041277
0.561316019782266
0.614417281850724
0.634914895750272
0.513500394823747
0.630339026550864
0.444967240791824
0.422552514297404
0.216851291322398
0.598691520290845
0.643860845001492
0.466347452503692
0.473841024118309
0.625141530053852
0.513261522655097
0.612923716908147
0.354877190495679
0.57389324181268
0.603677883308381
0.533977329992755
0.371872625358521
0.598016160702255
0.623394402686504
0.609228645277939
0.5443164441528
0.461746386823528
0.598441201382588
0.593913240915361
0.494420321739378
0.542205799141781
0.544440435675487
0.59080941750015
0.355323171985154
0.621008817116109
0.610996849530855
0.515657518806301
0.513074356570716
0.552114777962881
0.557167785916511
0.560805081031249
0.195718911389013
0.641102936042801
0.4308363722653
0.225949100672653
0.58793289473548
0.615485151837533
0.549603290183129
0.595687101217939
0.414188430299562
0.458584834153128
0.59748476734662
0.61456935546825
0.615117726693276
0.429426438676481
0.561281318991871
0.583560251588532
0.376453592200369
0.615039937809352
0.534305250861659
0.622898641604184
0.41160174139449
0.600020109218907
0.19388315009941
0.570760207984094
0.62439431964108
0.619885257751379
0.495049342991262
0.506324319465649
0.546426740829269
0.561454745622912
0.647191444180638
0.624744792596617
0.403908061607454
0.27477884904691
0.353114055296808
0.612169185681448
0.477869673800164
0.303240500281571
0.531918319631828
0.612019809691591
0.294955139738372
0.507128651594454
0.39360331625168
0.447896272802592
0.309127656327456
0.613993018436922
0.570990233791752
0.630617189122284
0.622348738156096
0.526357683407725
0.571342201893101
0.627572849943105
0.57809495344502
0.518332760985649
0.480886558787217
0.387907736393449
0.393023355554186
0.578556319215858
0.458183227036539
0.248146948948893
0.502650360306091
0.264307480043954
0.412127331407159
0.509670140495641
0.325151769075675
0.445827021423965
0.603670910286285
0.510334703290944
0.534769211964513
0.626572329707367
0.476815505440819
0.645723749532234
0.515662310073481
0.479675815417592
0.452194628448105
0.610089822276277
0.436662059106949
0.620751934744816
0.622493705846752
0.58480482086828
0.467727395831109
0.613451878332484
0.615245083761103
0.481756655020101
0.557785215752711
0.58795817912812
0.557673269207175
0.414047677257838
0.448059897998089
0.518181271133551
0.515474843281217
0.484853299755289
0.544977325439912
0.628903694569805
0.56155867165243
0.454298040792732
0.586096864835107
0.493190322134671
0.624310181396789
0.576158541419204
0.632698604810843
0.612270457834843
0.635490931727535
0.479019841389062
0.212425036741002
0.584407896784886
0.5431318670552
0.618469418042821
0.611336445406448
0.603174134776566
0.49367568344967
0.562042495271435
0.552060702635573
0.469995696439921
0.339109622004326
0.568974605729859
0.516131794342269
0.496401194250083
0.36561878234405
0.595493919529992
0.536042316541728
0.56906105682776
0.608375683255061
0.55566878792725
0.551469136412172
0.520377732519588
0.456688578452795
0.568881657855901
0.313947397436432
0.554195072462198
0.576803470227583
0.627505345946127
0.577673011590491
0.541006020886184
0.611916844249634
0.526534127539805
0.538850920573356
0.615400149778367
0.548210739122898
0.572113929359148
0.299051351309307
0.552079939395873
0.65167837747119
0.504472447694342
0.593951176997827
0.420786836839474
0.421334890151317
0.63449056361323
0.575496623272595
0.579955545806269
0.558920071977176
0.550680227987116
0.581622564341121
0.550899112071613
0.382137654592833
0.636159174861999
0.491795465920267
0.555753446364011
0.59669893503275
0.645845972740083
0.496499077810179
0.401414747561224
0.54027682890391
0.531806808560811
0.380578672645
0.474476441274723
0.563427605001966
0.63355699251193
0.354246140795872
0.392128269199786
0.590090515568712
0.348892770685956
0.444128470115299
0.462734369848109
0.630724855859157
0.52353134562809
0.58216026704464
0.463321810604524
0.607019149579818
0.624380084798112
0.401634864400966
0.539174510658879
0.569193377382214
0.44910649783497
0.419156147698052
0.554242350917473
0.620001856150304
0.555907002928448
0.398138841885891
0.300200195493326
0.596398508277165
0.553198712553597
0.582712515328605
0.451411289152267
0.644155749567741
0.525374077869511
0.40391554957941
0.519037901320606
0.613436700061052
0.650319510839562
0.588090568737432
0.559523542485731
0.540418574364376
0.612004723911123
0.537902405324322
0.641797017117711
0.552744630401184
0.649254807871072
0.529310409366015
0.57389833012234
0.634807367832427
0.534547316344776
0.419710608862278
0.527702535154993
0.565692980248448
0.545516494298454
0.55246277135314
0.516570730471022
0.434379232856772
0.510545464016138
0.412583722002312
0.416514166383759
0.402876533357836
0.519263509110271
0.620751537910367
0.629688105714304
0.576661543069378
0.504258912354388
0.524966648427537
0.616263523796306
0.596304839650901
0.545879572021096
0.426295808637039
0.547877919763324
0.463136718123706
0.594647115719107
0.604688138726501
0.540719869988443
0.433775229638887
0.481145634182797
0.4498046448816
0.540489017870353
0.32668481234573
0.500654519561985
0.40809532566586
0.564100832438556
0.528211783440059
0.39531946893911
0.548956656114476
0.566504200403084
0.502270434849023
0.425305947489771
0.645118774660794
0.394391132856104
0.570686968492292
0.604788019114734
0.617192818323641
0.565099253287817
0.292003990339774
0.45317581430603
0.63880798184402
0.506824511011563
0.613735352433413
0.451619687997052
0.44417749653149
0.259104218343198
0.508318642606092
0.393275369269247
0.569964639633846
0.603477324865256
0.58752303915664
0.648339772888618
0.580254330490263
0.565295224839516
0.502212214814663
0.6010738302994
0.51746091292425
0.400353479111892
0.484234074991598
0.401443680174007
0.457318294123912
0.493855589295833
0.464830533889415
0.50839145247111
0.517429367649202
0.420590209228883
0.465970967263696
0.644422008139119
0.549728983801913
0.636223148179423
0.469396854559201
0.328220641148762
0.652606891032312
0.347203872424412
0.648379034212073
0.605954439221406
0.534810109174981
0.590193533703992
0.374705127838456
0.416881551349984
0.549504406979437
0.36386953258236
0.644104619591577
0.400858256778568
0.638109300978445
0.391575500558993
0.448391566022121
0.386800116167968
0.603267525355695
0.619606631935616
0.626025053999142
0.628063124883717
0.629542131848996
0.56231490130641
0.462372522666601
0.461061755676551
0.443491007238657
0.459868372432101
0.534674912204589
0.60451104857636
0.584489619777053
0.504558143388269
0.532980691540262
0.648559604316742
0.652303478974526
0.358634974512522
0.599683648086894
0.522408169115405
0.415026192951547
0.563474846029833
0.516419910106422
0.564219740194335
0.570937449659408
0.569323426280234
0.472491465874137
0.371691820055921
0.649436671793835
0.315474927909157
0.575907650952179
0.635083569814454
0.520995122247226
0.568330551111917
0.295530694476235
0.399616697984578
0.486661158501661
0.468793268969489
0.324734645291187
0.189661064092187
0.606094136135015
0.376697267004063
0.364648489859263
0.563604374305673
0.607153887108014
0.602135274181119
0.426294758718533
0.438529542995687
0.299506084166529
0.522045894092943
0.638975515042756
0.645148141448343
0.646536491571582
0.651845811324551
0.556223046208358
0.612910821403715
0.571131316016967
0.588891046566157
0.645764401033057
0.63304898233545
0.606432569637423
0.635338563694791
0.433193240986445
0.568290719620045
0.506189862284042
0.577195738711935
0.624069911055165
0.511292518748297
0.536387133484085
0.544378517453962
0.460488343378254
0.232042390418478
0.642336080585024
0.506400740302949
0.591620526275911
0.533454598521149
0.46306348045664
0.568344514917037
0.466339615826107
0.507303734627128
0.308650306657129
0.422611414382982
0.584168833097291
0.211917974004572
0.648894598895003
0.56472970427062
0.51696841818167
0.362981793335985
0.601757142249492
0.272273957581023
0.594028089415445
0.473620121346498
0.530969374912581
0.297287947494977
0.50741903557052
0.637822098701322
0.547128583301629
0.417427644207632
0.45898515484267
0.595925921415608
0.526853924028804
0.634077361847111
0.523766109213082
0.507593907091186
0.329273209169467
0.536280854480438
0.599485990357595
0.598890212779722
0.589686902350697
0.563058504587632
0.506897685975459
0.617724918673192
0.567788251096026
0.605778756378678
0.605896271588808
0.641616699941188
0.539526217096228
0.6111140614314
0.489620952548536
0.470310413154507
0.52070660364584
0.566683432886931
0.593512803205008
0.421096619121844
0.558247507416462
0.55688174778768
0.610194788803508
0.652041818280267
0.503100815813568
0.533540909340258
0.610411684806845
0.610349128192327
0.386543717060027
0.269201019722925
0.482318792869176
0.580365950439368
0.568286739586998
0.547328132694413
0.591173501587726
0.579012740591076
0.572809157158431
0.530035618921604
0.468001752071076
0.564441633185186
0.631506490689373
0.498545172581288
0.457420673713903
0.555591984605152
0.474268638100214
0.50708140889425
0.420918970085213
0.246286345416345
0.343229145754749
0.648974839172096
0.537255667471255
0.150693190971588
0.382464621414958
0.517950088668744
0.302495219158446
0.596900917606809
0.334382385088256
0.636253928437981
0.498187069928919
0.400294711518628
0.415353756292548
0.514561947512312
0.195382004455251
0.626877408536793
0.631503952629025
0.412423038100471
0.650322646256328
0.60964387722004
0.628902109492426
0.289433963887826
0.571123517677972
0.508342989614217
0.448751296748497
0.540530850311341
0.444520054048616
0.639198062804265
0.528207911970074
0.650276397264049
0.606034554187998
0.297000883356057
0.242544121234386
0.533654580109507
0.5373377095317
0.620787487153412
0.289229580218846
0.474199230239491
0.561621226837527
0.530996653690626
0.259450575947376
0.535667998441677
0.614759477657492
0.42989878972735
0.475838977995912
0.454437147824775
0.619496280861316
0.43302064698797
0.623420377172754
0.642389196861214
0.399334263817996
0.608184306076483
0.536398733379839
0.368803383554356
0.512958258514599
0.377308286902989
0.409734065072064
0.45175662598791
0.287722049674609
0.451676839825416
0.5493625587181
0.530611898954323
0.578223886242873
0.606888185444228
0.590545335533674
0.488681268849927
0.396658525410232
0.451930215697963
0.470952254106195
0.56791581020739
0.476319452610026
0.221528160140118
0.602339367486709
0.644273319427821
0.570963559457448
0.631416215195571
0.609849634150538
0.593163032258032
0.430957519891477
0.541606984133086
0.337291306638064
0.330870295663602
0.626716449772112
0.62772056114254
0.607969258104639
0.576318856525546
0.438944190715065
0.481761498342658
0.60757316655288
0.491123068304862
0.485103592567684
0.494724954875335
0.537360080568843
0.211375721821829
0.36520892538285
0.591077298535585
0.530356751274598
0.560756350925733
0.633058244326045
0.516394360223457
0.402377001677038
0.420067619731808
0.461838838735583
0.574038443395308
0.504366355437595
0.417283303351736
0.571982649359245
0.568101362619019
0.222721559549003
0.648682187131756
0.415170602136583
0.634784403370963
0.541019450743693
0.463246251007826
0.646627001259666
0.606011967368386
0.527970502206669
0.58048039899625
0.613890991495005
0.462211190838821
0.484572472248671
0.560322445890574
0.521969583936244
0.511193685139118
0.364360073721245
0.344304284526577
0.629685751282597
0.546679981441785
0.489427425003193
0.626792490972891
0.645777430295116
0.596407685976195
0.603591502848219
0.588906190005913
0.51138909194182
0.619562223338276
0.650722637573563
0.532453172708755
0.651162921044629
0.622407754374277
0.567339997721991
0.650867668356487
0.636122617825193
0.598959115135366
0.343971612730956
0.515681042187197
0.642990341871975
0.225926870382782
0.281111404678126
0.628403037172786
0.438117884778995
0.6453521713756
0.58377909946124
0.447284663106713
0.540100542642748
0.589731156581554
0.287957142422229
0.390723861630112
0.552641160788923
0.525731602887802
0.637825162754076
0.540687955971491
0.504447077640339
0.506076457713102
0.294680345587679
0.526383454888045
0.470222637059601
0.452574192436793
0.422560261567015
0.148519043323575
0.652444112409425
0.597356268884792
0.609145276924915
0.422682478324254
0.572227525019396
0.638216294354757
0.476085100238238
0.536566226333327
0.449252847025649
0.635039897813379
0.335951599292034
0.553286675206801
0.524545349993543
0.566956371255428
0.635814121062347
0.634828475648335
0.637073938606871
0.375777049636034
0.27686530798161
0.621048752365496
0.535252648461273
0.597700233945297
0.567697671946323
0.292597730768455
0.50879780855564
0.217827766269952
0.652197263447
0.557844848134969
0.506687938643258
0.56617251871144
0.613768051271567
0.545118312846945
0.499857632461319
0.568647700864496
0.180518177895523
0.3513796594529
0.433004666332909
0.549818935110711
0.568587708379982
0.61629389860119
0.626710863507962
0.449950762011055
0.518930426196465
0.489004060383357
0.274954257289759
0.637339076652302
0.547706287306855
0.263445967303202
0.401836271571215
0.651757782575586
0.62291329882286
0.523974263360616
0.597834651465436
0.397113362479857
0.31045904370414
0.453544375613044
0.499370568475881
0.638419895075952
0.525897542875848
0.582743776229102
0.226361142613254
0.565262128327397
0.628386226629147
0.606244802651901
0.473963980022005
0.411019702071839
0.450190409273883
0.595758150147326
0.555711937048101
0.552159879862362
0.203477176874236
0.361190275469432
0.61872879835685
0.511724792342082
0.592639211837192
0.570217302860506
0.635092803563099
0.619869385203936
0.561133903728472
0.593304636235911
0.571142635354084
0.610728813540401
0.4660746253585
0.534946000048138
0.566102450135236
0.633373779380799
0.56679719263927
0.402069307087552
0.583100151801377
0.631235812982993
0.372368353156982
0.483383451286482
0.495258372549373
0.646872307262156
0.652273654262593
0.5635382859572
0.559262788910573
0.635026692638193
0.414749818298475
0.387328288204568
0.51599567903705
0.463173522406348
0.481679897426073
0.523081289714181
0.410024776891143
0.549471361941932
0.588263797121188
0.633467263212893
0.591554948893698
0.647985038482836
0.613295430890396
0.41857035416651
0.518604240314235
0.625288997554246
0.37333950456298
0.373607225736208
0.624576774844044
0.323417013162686
0.626625090531983
0.631453708869752
0.607625030797912
0.499234890034671
0.64535157348091
0.549003502506222
0.479241884479191
0.642126789043038
0.504347316121373
0.582168037029237
0.62810395082546
0.550474851617148
0.548565121517644
0.502820175354319
0.494599539608859
0.59854928113689
0.507040932276643
0.559614455291025
0.651708355404098
0.336190310705768
0.585756219937547
0.598018454437506
0.522462456408933
0.324123805061393
0.507226267611924
0.599159630909752
0.546289093005128
0.253316223577777
0.652316750037931
0.526718273377605
0.587648847272621
0.605467449528693
0.425167565176571
0.344401826872331
0.408088564753398
0.525961374289348
0.24138287365358
0.481378823174287
0.63958654573443
0.577827966459919
0.534465334793455
0.2179247999248
0.444551319268203
0.536161389852169
0.513329361513274
0.320613667909144
0.399566253918172
0.353047686753128
0.474833187384627
0.350689846970255
0.619925987879262
0.521741262921597
0.629760275918557
0.61132975322115
0.543593651396131
0.505830784000141
0.623881864362263
0.552913678907837
0.437323078791502
0.561931329972671
0.341752180559219
0.650785849015568
0.505820085739197
0.568769183203272
0.546274783021124
0.615932684552849
0.47732323054672
0.519870722184855
0.525693914717867
0.404467667566782
0.647871174179997
0.605740424205763
0.486625150044771
0.372616453707896
0.610224616370797
0.584561861956461
0.651220404004642
0.596246324176709
0.454503734266101
0.519127696232535
0.642485129383261
0.641479394075326
0.461412989556068
0.636717650102513
0.496184628513957
0.39069127203263
0.45300422791593
0.570368489880193
0.351374735784984
0.445529967401861
0.64673898801853
0.481413239682557
0.578696110267889
0.645813927816582
0.567171046794391
0.552374315948944
0.282281444288205
0.632915823653948
0.606478799032277
0.621441665417912
0.294283292978985
0.430247959219829
0.403733739570497
0.622279706388645
0.509651963114263
0.622807628256033
0.618849870729535
0.618743400335966
0.613285519950238
0.413143217719111
0.545666577806149
0.503852153544829
0.582573327829335
0.487087628133192
0.588588770501873
0.643267748704734
0.476311786417911
0.39899524531183
0.601477270106663
0.613818414600814
0.357500870238566
0.589894210705551
0.469461380011558
0.544786633978876
0.566225154970592
0.650019933701422
0.471744027441229
0.576515533827136
0.477351434824576
0.43897638834689
0.268890508317674
0.320703926061861
0.581733509719043
0.425160290836223
0.605224694176988
0.53183936165314
0.53694106169621
0.555937406609129
0.559609089282329
0.496259417209299
0.453705979566286
0.61596056169616
0.533403228974638
0.410870472040739
0.47584102784462
0.592428976290523
0.624874170145132
0.406696744140719
0.487759039700494
0.441695795681497
0.546575229011228
0.620132724296398
0.19556967716792
0.40497913623072
0.520697147463683
0.34412391404034
0.439333767639977
0.537085025083395
0.590999662711649
0.558961109569043
0.587149028816446
0.512294731276767
0.557960723322613
0.258882528845818
0.607843037961673
0.557895804351505
0.512628676521986
0.478926297034267
0.152618413216581
0.512957146809689
0.621412585006984
0.500837180474374
0.560325231169481
0.553203394046579
0.505152519793651
0.579962910769212
0.633277447231085
0.635592537379581
0.484780723486746
0.144236028468851
0.630673640475418
0.501995561118242
0.577492521623182
0.621965165237108
0.453185437111181
0.445480925954443
0.594216691738459
0.577854143031737
0.466055424826044
0.279131621978799
0.52206693485098
0.430389873198361
0.407763519387648
0.34982559279509
0.608441366099075
0.527667674318712
0.621647553039806
0.588659048829767
0.594514774783732
0.628565735059956
0.459309046507413
0.619644787344876
0.563428646043827
0.61539794469223
0.56171762113657
0.647199322929299
0.59438184574345
0.502690732367845
0.500169658747683
0.289710794812759
0.58473463263684
0.279826392786574
0.555806280315005
0.409353177588773
0.651285442196783
0.518728713291309
0.417969218003006
0.635848759315568
0.547857223604726
0.548746737945201
0.412451776517008
0.584584826751296
0.562543010930053
0.565166150225932
0.626650831096092
0.610871685278332
0.614957019498276
0.627601016517469
0.126770067938411
0.632053910706602
0.288824508139488
0.399817039618629
0.360682941755047
0.651331205529957
0.256429432359033
0.448801878220202
0.541596231742999
0.614809337815162
0.515667416109994
0.555261592906063
0.641375463082012
0.265231394094212
0.632970958226797
0.50901259598805
0.54527952887437
0.504951312151708
0.301311133673581
0.471854673970205
0.572720151205179
0.628622815517982
0.499904526417914
0.589590818339458
0.604796952453635
0.384374668272196
0.574648367460326
0.502295167971148
0.314712670544071
0.59755141511794
0.575639008762108
0.488127091908306
0.590876138788658
0.59007154747821
0.50262102880944
0.547256555135912
0.51627864857724
0.455578388653164
0.525678729397519
0.515370038004585
0.630633284161734
0.494600188508825
0.444431453642375
0.494596145856738
0.411951639152128
0.368880932395505
0.415908341901213
0.588909330736831
0.562475908597562
0.651245585950047
0.591964835832812
0.549050118444586
0.49259393055732
0.526734072982311
0.300636862752137
0.498315588412531
0.504956240629055
0.509107790697837
0.563374018580254
0.541697165099737
0.585095966465593
0.50018850468267
0.406534030163446
0.605699449023339
0.605189549502477
0.537531501978997
0.577650291729546
0.520226470492242
0.547033905603228
0.561281690872417
0.57460984204869
0.288068498003078
0.594045554311564
0.624234214713488
0.495502951394538
0.32358634793415
0.574931363715869
0.60794954188533
0.523763305016506
0.553123859155243
0.563829746115391
0.605440934483128
0.467703499525223
0.373906856512098
0.621351409139884
0.565718130000218
0.343497494474165
0.617047704974446
0.354240740871293
0.544087335352418
0.614170843973336
0.354279501323727
0.638153787104177
0.641270565182159
0.336446592440338
0.510949740689045
0.35299372388299
0.534075010950919
0.470698873933544
0.463193476040439
0.493363487543421
0.585029754476727
0.650446815885327
0.629741278870307
0.529883617912428
0.534095268865129
0.416339929828419
0.628032569626798
0.596821211768021
0.618238538576473
0.624831854476914
0.589403502563091
0.622358493846973
0.549735904233175
0.545855003124697
0.380060955074075
0.651104625963233
0.615241629602518
0.504333334202244
0.564401061364418
0.575246516981693
0.381342194222653
0.554995608152613
0.490592577905919
0.491415923864234
0.612634563645811
0.509170454565309
0.294142521269327
0.573413476504461
0.347839513233866
0.531224706683229
0.377596345426757
0.426082391519663
0.42705148098611
0.560838171616509
0.44562740149311
0.602578264658574
0.254428002600115
0.634816436886055
0.591646547756455
0.400144218080444
0.312019833801123
0.618106470084783
0.483850268400474
0.474362678422694
0.581122661204119
0.476417807620045
0.401185275948503
0.591676301336001
0.340159359752347
0.415934662235671
0.391563437465459
0.487688458945649
0.457579976016799
0.648141949987173
0.364468051595655
0.558751258792238
0.48393528558567
0.557619026671203
0.520655308163563
0.549559981710854
0.485796921472475
0.559991690193611
0.586384209521417
0.579414952017139
0.621463158785895
0.639170201175707
0.588762718063044
0.584000707993342
0.304714432464587
0.581748016915898
0.404363309378052
0.397632900862872
0.609986063507219
0.647445502693369
0.648659788792993
0.278901218247473
0.479488467123267
0.640987848890124
0.6303276314923
0.47524993806258
0.546197463343115
0.520425662343748
0.523830255837478
0.613880518002598
0.633408886111818
0.587844050288797
0.639346558681364
0.573351649437048
0.439443080760576
0.393751517941285
0.456164927454969
0.527458814956582
0.462949908494882
0.623622604520177
0.536496571744372
0.565571500937821
0.573140650686008
0.44269589800731
0.576796225505935
0.525991930970531
0.62448934278872
0.636584058682679
0.479325373080018
0.303150090570854
0.466576727957921
0.58686329394872
0.553129312641313
0.431324018025023
0.591234984167035
0.503374065526754
0.595995035111897
0.567579733452282
0.574542666458496
0.346928118950992
0.584003812337031
0.507059270467996
0.600493105805194
0.508312725281533
0.445737213826921
0.495168969848338
0.592144129632672
0.628166464498136
0.39876129976522
0.630201652123887
0.612031894217555
0.467822993861321
0.416931000811445
0.559867229464433
0.496717000622608
0.491796493660116
0.542816724469529
0.273486234556075
0.461588764363506
0.400085831527098
0.216993358225647
0.37044140368417
0.505046216236436
0.316762833638273
0.53931960640428
0.583714516010353
0.606575594006651
0.401346032359632
0.43278281544238
0.339002347326342
0.534881545346522
0.571027847336091
0.53484027557326
0.604713907821304
0.599570201723721
0.375883819993165
0.572348752887838
0.586538429901431
0.576253549222339
0.586047995752306
0.521050751587745
0.374401143441616
0.408667726194142
0.546280273758313
0.639975171999114
0.457176723009496
0.407750061098955
0.396181742514438
0.523941599529676
0.517039368186005
0.500147233398078
0.647349878223176
0.55533264975698
0.532805485855984
0.450380373039727
0.418504130487763
0.504391784761803
0.281449030210942
0.641612949264337
0.525332296354041
0.601579183356586
0.570582040135764
0.623461884572196
0.596385656541844
0.612467377098628
0.600862642120763
0.534057609947726
0.513527738922032
0.628878447334578
0.38656816741005
0.612560274359016
0.394394888357058
0.588571088575708
0.446264971335661
0.414877898069006
0.51947707721905
0.530685973951182
0.643254091924453
0.491588981294014
0.631164935154729
0.630058226669932
0.362379827066055
0.485184245604602
0.594179492119164
0.600720249500272
0.47857879903911
0.545113019285054
0.450921738769703
0.47030362604744
0.258171920447538
0.506013531462764
0.392317314395449
0.549319489318285
0.643103267194632
0.540529777299126
0.486285458019673
0.643233506043947
0.541190186310441
0.542772464278281
0.527084321832177
0.634244012136431
0.635887048800414
0.54791440976864
0.549128869909197
0.485673214039671
0.593057568437168
0.5777463716474
0.59131745299171
0.649310033242042
0.536934755294684
0.64654927015098
0.594294822512818
0.486560875472405
0.651553532589778
0.614432531963561
0.473458421419457
0.607264237471792
0.333870828874207
0.373453216444531
0.52932504941891
0.618932421029018
0.588941396880374
0.638982102903022
0.404689719169972
0.565442937309004
0.412870323355083
0.642260345448707
0.403757131520172
0.553367310499256
0.50389969913489
0.601923053306992
0.497403457708603
0.602428764654593
0.631058722067023
0.29362017379283
0.623098638301603
0.493609804358567
0.595138440442268
0.425714242743459
0.632069190928338
0.546956268922403
0.36674488889378
0.589396451315402
0.532853040743541
0.569764246336226
0.542406281386256
0.472275837366988
0.558192796470691
0.626310127977954
0.607468868862606
0.559642484679249
0.608616536972502
0.346952279758606
0.379628101698972
0.490373714194571
0.573683858979084
0.508768568138995
0.644884606157091
0.492896697620016
0.593897488090014
0.503343389694121
0.591345389544256
0.567279579637553
0.565734692849894
0.540292903446017
0.652966462301562
0.486328315507222
0.61588951839065
0.618264608313319
0.599500135813868
0.479359931613504
0.530696454361031
0.480549011727213
0.472090552541233
0.558952549203005
0.569138255626982
0.568240525605944
0.421466747996295
0.594931552266631
0.544827687506423
0.482484564613036
0.547036818119027
0.633968902459888
0.56202151900541
0.434038858916878
0.535047099970467
0.600059841253173
0.499845012571472
0.64364696543642
0.611864348234949
0.506335422774257
0.467670418382758
0.528105434561945
0.454699886464102
0.604872513655334
0.623546279693401
0.651050276317666
0.549196791772848
0.548920822779494
0.60539654965262
0.559560587561464
0.441142947961747
0.621398658959171
0.407737946180869
0.569826864707048
0.553340657050262
0.585536991963308
0.483176064156128
0.567789981395313
0.439008008267051
0.643489761953295
0.590817096292393
0.650932785585149
0.622800015610286
0.45547500416575
0.191590162808484
0.620177584060392
0.501552629855216
0.634944492835473
0.591347245469842
0.529925720747224
0.607704914703432
0.58349616691242
0.449082860860967
0.559927736813526
0.519129268157736
0.301648371333926
0.337733016062521
0.544627345231307
0.647749850072101
0.478161892095039
0.381735564589034
0.596695761145945
0.527139712768249
0.488776800980421
0.636622454210866
0.280886786768784
0.637297849616992
0.25137644689933
0.480338439569668
0.400123068776354
0.597786091887063
0.5758167810327
0.583673309586455
0.438196879856443
0.337862809176321
0.39626291597808
0.593601107288442
0.585828162716465
0.518996423282086
0.597920888999781
0.52853869548055
0.544842439891094
0.59765167662098
0.651455689050253
0.481367013825881
0.455867660648681
0.534382857994099
0.603654908762134
0.519204733824375
0.287845846027746
0.638745977828553
0.63723556566687
0.495889021976366
0.607173135511965
0.38935196120227
0.644888927861786
0.54830145881189
0.5420094439283
0.595666647200079
0.53389392962282
0.539852743652251
0.611406078484591
0.470092232165435
0.591932515494221
0.606354526721732
0.60336309034925
0.541932332752069
0.583229738894334
0.494501796086639
0.401498393000942
0.363074679376065
0.566471201717124
0.590179860361282
0.552141329557258
0.595420807901893
0.629031377499897
0.63966993655482
0.431960736319159
0.273801770874739
0.417370251307617
0.61186271055535
0.459437512919199
0.614433174088506
0.649236497567313
0.543079263748472
0.58913753549272
0.310159859284584
0.527049794848056
0.601896164463109
0.54755501004668
0.598353907665148
0.599497875583488
0.570909902773392
0.443950849713473
0.487260611755879
0.227353030075137
0.580974155511378
0.436625637675963
0.343131327733704
0.545430005441995
0.551004323552969
0.554315681687943
0.562272352488934
0.488101676711149
0.631183754351795
0.539519263654483
0.545364579180299
0.473249671904943
0.545267738211025
0.622427564237021
0.530260867737613
0.396285891567232
0.300363532950081
0.345988131182528
0.477846667626717
0.506207908608398
0.617070513451162
0.379248634029579
0.536541975772997
0.580577352587255
0.504199624554929
0.300202789876885
0.631040756050363
0.464256781213863
0.392986662275033
0.570313995923496
0.632042766601683
0.429801895198944
0.575032052982915
0.616069784987146
0.423819158214001
0.452013859003828
0.531324492696334
0.596776111847135
0.550837474224536
0.530820852035814
0.648464187408926
0.304810807641048
0.561220845068253
0.549808171656472
0.566363681119834
0.569402536353474
0.527303492965206
0.491151883831011
0.30353472441929
0.559493549361441
0.526742662382993
0.629338679104011
0.345540183493924
0.550361399624304
0.61562404106824
0.615172064348316
0.266568168589055
0.567826894875233
0.575748236677675
0.621416950166057
0.4862513487069
0.580679429143975
0.644253321479465
0.0873961318804406
0.642167427669123
0.246339656319155
0.552737258240361
0.470131078741342
0.568549169606597
0.572237630674937
0.436010039724699
0.5676219105265
0.579879189239332
0.496885456530122
0.52711098930296
0.434757338139232
0.478331257474724
0.595075355919208
0.252404547099757
0.549154162742911
0.459884907473061
0.491246272703731
0.454511088863217
0.337197223288711
0.550546550613638
0.400451235490818
0.472785813342186
0.611119574148875
0.327866468218624
0.645693644649484
0.612168522729477
0.560280162926784
0.342366343719845
0.477566349148007
0.635472456879046
0.205779114543324
0.560459445925333
0.535930796514406
0.599948753873199
0.413887692772531
0.340374153447995
0.630343270832012
0.594427043425831
0.642207479134848
0.630567582279288
0.576080150548059
0.405267836836074
0.630155395030818
0.622336429555529
0.619235993249746
0.531471419828398
0.468918489846597
0.540722355514416
0.576807009227642
0.569670429745594
0.404166281911448
0.524277220069537
0.61030478265016
0.444751236350335
0.637987853818733
0.559952767225023
0.639730990606453
0.642553195037389
0.538898514782009
0.35419321075808
0.457448892652376
0.343200779795126
0.536191960101232
0.437866983282032
0.527601883170512
0.395993778509482
0.573647307560538
0.510668629958676
0.457972975405695
0.323125679427325
0.594271401426973
0.646859065553499
0.503717402258474
0.649241396209463
0.54133718625436
0.33614906978902
0.599961672577548
0.648693211422675
0.459158944705356
0.502338063100786
0.546740827443798
0.591620080078947
0.503865071863058
0.615310238690699
0.517820014410318
0.420563727245668
0.627862675940898
0.607700830178515
0.645859761629261
0.632852714528182
0.574909502075907
0.621307753978989
0.522151528114341
0.420472047741826
0.333411932230387
0.61073572079988
0.505195167416601
0.593033755332004
0.557891153250158
0.276596777603805
0.573710254201703
0.486858078625864
0.644764891670074
0.194789616699154
0.550597461296643
0.24760068277275
0.467813440782344
0.623387952754922
0.42114373334462
0.527165265201818
0.330599719661048
0.587886976654157
0.568542426906542
0.470485966967903
0.298467768720187
0.432337321105049
0.489791828969398
0.406186993808927
0.523071793850729
0.564707545359527
0.596773862699516
0.445463134898719
0.534148493964283
0.540104473698812
0.572504387090011
0.0719598615345664
0.647960848871352
0.45485995052694
0.231075875105173
0.581324404277128
0.416760028557652
0.513144930219545
0.558622440273237
0.60874282606563
0.613567469572743
0.574784357978065
0.56322140854944
0.52788448437823
0.571987708381377
0.630718231898611
0.611339658755768
0.62570530692686
0.572676014791673
0.44261596380922
0.608110562767367
0.580105704346036
0.57427887606252
0.585953315786469
0.343094287222161
0.554482081740068
0.453518681615099
0.369532202363177
0.485476053231644
0.636561811365962
0.621574267107482
0.62998497494459
0.377472606263069
0.645277688711826
0.35898942874516
0.605923130260019
0.61640506498488
0.467982916839292
0.628752543559514
0.605986593939253
0.614416452835341
0.591496104304257
0.561262223183537
0.457688950367109
0.61815585520361
0.530526748479363
0.543205248691768
0.556770227010485
0.549158957730528
0.59718591676855
0.610151928401375
0.45307658486842
0.562773320120367
0.464128900219903
0.552923302608088
0.600387909392753
0.506760078085842
0.531300631933777
0.649251884576358
0.551949544138872
0.555329663601577
0.563406249746585
0.641289161592835
0.554681749913826
0.42434173250014
0.46770470934072
0.552623406677197
0.549969593101473
0.510195829734634
0.644991909516362
0.645780493110099
0.620498718303013
0.634292417649168
0.636339402040026
0.604009450449447
0.395480357357738
0.274112799450863
0.589887114481524
0.517645985418576
0.648628634020048
0.561818172791083
0.569226351422975
0.488033006878236
0.437287698892001
0.508273549276402
0.499341271968555
0.384515255156246
0.488034747744888
0.564172530200989
0.626783438052382
0.502582694131378
0.495978518427354
0.526058578858404
0.534344251401769
0.555057061557556
0.647155975376986
0.44073497152861
0.448597293252968
0.455401074248723
0.612895545495738
0.559815449475808
0.488236902308677
0.591268911073003
0.464292808258392
0.420417134569204
0.587358472619849
0.555854669819202
0.565399506419432
0.317945116831747
0.649967212869417
0.513673322416803
0.515779600364008
0.529014802273614
0.468881972160754
0.542732733125981
0.606216860723241
0.565695468966855
0.650831501530947
0.644318330793185
0.590488007038251
0.33970183053474
0.608752915590754
0.561237373264361
0.514213880406108
0.631980323934769
0.623763870522043
0.295070746163771
0.519232402476101
0.411085290861717
0.532398473797024
0.64185219551083
0.625973173031022
0.494200228990751
0.559537978515179
0.554390556431851
0.540063456723412
