0.17
0.168834753232836
0.136348889203554
0.130714284014451
0.0896551893846245
0.0890791176578713
0.0883236881980508
0.090585630115396
0.0886866510717731
0.0799876736308367
0.0916072670522958
0.133678427010578
0.14084264552202
0.143776514282389
0.144760652798899
0.134408378830453
0.133783247660329
0.119378184208045
0.120854463067948
0.115391457599438
0.0898087486314195
0.089009121565654
0.0788019075574517
0.103438149168098
0.128149406680812
0.105527242354887
0.107379550138517
0.133929814543578
0.124941783402539
0.127060942947609
0.117781198959888
0.129765084849577
0.161424608342262
0.15161748797525
0.15519846621068
0.113023201189855
0.10966700455847
0.101376965711667
0.100506683983737
0.112919362342093
0.113599020614821
0.116741045084293
0.130093917743542
0.137328151746047
0.139066286673632
0.16132832670846
0.1408873723631
0.129113098354306
0.152050167778392
0.137409502495638
0.0979319979897884
0.129868647812911
0.121748110901663
0.0984564702288462
0.0997457092028504
0.0915417662201994
0.0776787783012645
0.0807240354052041
0.077673780990358
0.0883176945595847
0.0962006606828837
0.115345585485365
0.0981342254432786
0.104316359029056
0.130574837821825
0.114961203259427
0.115171629478647
0.0848713462713094
0.0760684119676142
0.0825050302597325
0.0880360297936668
0.123287583039557
0.126245202248616
0.107700400789053
0.108415415405823
0.130611483133311
0.163632963187816
0.102833587149143
0.110844808061673
0.143321909318379
0.132063967405967
0.11037401096341
0.167844834637869
0.202477248547671
0.176958268281166
0.171417510238928
0.187414136912088
0.128495386093757
0.133274295346951
0.156213045445619
0.171484454260671
0.162720460651776
0.151794562232137
0.155845402270951
0.156707779811153
0.132349740463129
0.176477321949017
0.173294663594671
0.175156096118041
0.16717590554229
0.121376934890611
0.142125220441279
0.170034330736505
0.181520127737252
0.191235737895706
0.178728496646284
0.196727704026282
0.191363008290321
0.162395650488004
0.12031683801232
0.12395527678118
0.127352865370025
0.12660531151651
0.112979139678375
0.0958242940049724
0.107328109813452
0.105331359667051
0.118770259005554
0.110224057923328
0.161590919219058
