1 1 1
1 1 1
-1.25260332018489 -0.66811727704971 0.502589001315994
-1.66399647884512 0.0129212180956921 1.40844117036723
-1.66399647884512 0.0129212180956921 1.40844117036723
-1.66399647884512 0.0129212180956921 1.40844117036723
-1.66399647884512 0.0129212180956921 1.40844117036723
-1.66399647884512 0.0129212180956921 1.40844117036723
-1.7200906078539 -0.724620520359315 1.75824816929703
-0.82771833855301 -0.67985815908578 2.30901143178473
-0.950827516982993 -0.652163204502304 2.5730486095645
-0.950827516982993 -0.652163204502304 2.5730486095645
-0.950827516982993 -0.652163204502304 2.5730486095645
0.673640442540347 -0.116051003091372 2.91958321184093
0.673640442540347 -0.116051003091372 2.91958321184093
0.447418458900702 -0.02160123535291 3.15536718634158
0.463457534321172 1.60058882189296 2.68004144858459
0.520443927737455 2.53911453938781 2.56214026701111
1.36125854931048 2.07315758099428 3.36407012207092
0.661776061897016 2.09908729088974 2.95164419916489
-0.279395350334614 1.80852722704847 3.08454530396692
-0.701722603896034 1.04344666715605 2.12430279087159
-1.00080094561271 1.53404188930806 2.39086296193466
-1.00080094561271 1.53404188930806 2.39086296193466
-0.778231241336283 1.21002506350656 2.50955500009349
-0.778231241336283 1.21002506350656 2.50955500009349
-1.27287664077396 -0.237615977185281 2.37853663200862
-1.27287664077396 -0.237615977185281 2.37853663200862
-1.48810974777655 -0.0855899112605011 2.37987475293075
-1.48810974777655 -0.0855899112605011 2.37987475293075
-1.07373772874468 0.498818417493739 2.48990065415179
-1.07373772874468 0.498818417493739 2.48990065415179
-1.50753401352065 0.478243705983613 2.11813912850641
-1.50753401352065 0.478243705983613 2.11813912850641
-1.70428016622694 0.62739041347165 2.25464718700661
-1.70428016622694 0.62739041347165 2.25464718700661
-1.70428016622694 0.62739041347165 2.25464718700661
-1.70428016622694 0.62739041347165 2.25464718700661
-1.29127110506884 1.8712498796121 2.36823060130817
-1.29127110506884 1.8712498796121 2.36823060130817
-1.29127110506884 1.8712498796121 2.36823060130817
-1.29127110506884 1.8712498796121 2.36823060130817
-0.721172766868315 1.9608800121187 2.1534492020386
-0.189916105298951 1.87168767123943 2.09419048051488
-0.0161008981198253 1.87425974015483 1.97046138533781
-0.0161008981198253 1.87425974015483 1.97046138533781
-0.0161008981198253 1.87425974015483 1.97046138533781
-0.0161008981198253 1.87425974015483 1.97046138533781
-0.0161008981198253 1.87425974015483 1.97046138533781
-1.06288920009752 1.1602814596139 2.122183851614
-1.06288920009752 1.1602814596139 2.122183851614
-1.06288920009752 1.1602814596139 2.122183851614
0.754265760556148 1.52611138882668 2.53588288207209
0.754265760556148 1.52611138882668 2.53588288207209
-0.102524537068201 0.400033730338469 1.70774620760319
-0.102524537068201 0.400033730338469 1.70774620760319
-0.102524537068201 0.400033730338469 1.70774620760319
1.2172179092154 0.433363028117022 1.96968227286606
0.884699547534037 1.24148743717437 1.71121795750611
0.884699547534037 1.24148743717437 1.71121795750611
0.884699547534037 1.24148743717437 1.71121795750611
0.884699547534037 1.24148743717437 1.71121795750611
0.80710288986949 -0.0800439750534541 1.23218027294608
0.80710288986949 -0.0800439750534541 1.23218027294608
0.80710288986949 -0.0800439750534541 1.23218027294608
0.80710288986949 -0.0800439750534541 1.23218027294608
1.37386122308322 -0.882399441636464 1.60820570786738
1.37386122308322 -0.882399441636464 1.60820570786738
1.37386122308322 -0.882399441636464 1.60820570786738
0.786480985879815 -0.495159454970089 1.53173205324354
0.559480934109946 -0.0626352080276857 1.68126250856995
0.497893048183806 0.223207821604923 1.98703425429603
0.497893048183806 0.223207821604923 1.98703425429603
0.497893048183806 0.223207821604923 1.98703425429603
-0.589882374271339 -0.44105359301444 1.92420535009007
-0.589882374271339 -0.44105359301444 1.92420535009007
-0.589882374271339 -0.44105359301444 1.92420535009007
0.183104440717407 -0.317168414742138 1.97119423168349
0.183104440717407 -0.317168414742138 1.97119423168349
0.183104440717407 -0.317168414742138 1.97119423168349
0.284619087838255 1.07224728748488 1.94840383477651
0.284619087838255 1.07224728748488 1.94840383477651
0.284619087838255 1.07224728748488 1.94840383477651
0.284619087838255 1.07224728748488 1.94840383477651
0.284619087838255 1.07224728748488 1.94840383477651
0.458775893441968 1.20710449560632 1.85221691901751
0.413327457759409 1.55147034414029 1.8697986232433
0.6732556817114 1.14904940601458 1.93580355843039
0.882669885814203 1.43626056059521 2.0386839439162
0.882669885814203 1.43626056059521 2.0386839439162
-0.612709140588132 1.43932790723868 1.81145141412269
0.108728179163771 2.18575717242079 2.32708972049805
0.108728179163771 2.18575717242079 2.32708972049805
0.200403625919611 1.95861765354338 2.64574471315735
0.200403625919611 1.95861765354338 2.64574471315735
1.28602313125499 1.82638287474282 2.22815716394906
1.28602313125499 1.82638287474282 2.22815716394906
1.28602313125499 1.82638287474282 2.22815716394906
1.28602313125499 1.82638287474282 2.22815716394906
1.28602313125499 1.82638287474282 2.22815716394906
1.004353892112 1.51154235916958 1.56020337234948
1.004353892112 1.51154235916958 1.56020337234948
0.88734086963871 2.01028846506537 1.61624692449751
0.88734086963871 2.01028846506537 1.61624692449751
0.895377695857391 1.35587410763176 1.9731970741954
1.01477212928815 2.45830516929489 2.99222486456077
1.01477212928815 2.45830516929489 2.99222486456077
1.01477212928815 2.45830516929489 2.99222486456077
1.08308170906375 2.70029071445895 3.25378581050557
1.38243623607693 2.02434049608282 3.37561503958101
1.38243623607693 2.02434049608282 3.37561503958101
1.38243623607693 2.02434049608282 3.37561503958101
0.807661803569435 0.818764712657922 3.52346438894868
0.807661803569435 0.818764712657922 3.52346438894868
0.807661803569435 0.818764712657922 3.52346438894868
0.284634294661772 3.25457382551843 2.73878079133701
-1.05348469915186 3.13767627744291 2.92049058374694
-1.05348469915186 3.13767627744291 2.92049058374694
-1.05348469915186 3.13767627744291 2.92049058374694
-0.326696574846579 1.33079751391719 3.44217591593228
