1 1 1
1 1 1
1 1 1
1 1 1
1 1 1
1 1 1
0.187899537039961 0.263579465875143 1.4931998268424
-0.500457301936131 1.19982200869022 1.21746999428854
0.111264229391614 0.932442949064908 1.05599669027031
0.0755317029979332 0.935182166309632 1.65233518020485
0.0755317029979332 0.935182166309632 1.65233518020485
0.0755317029979332 0.935182166309632 1.65233518020485
0.0755317029979332 0.935182166309632 1.65233518020485
0.0755317029979332 0.935182166309632 1.65233518020485
0.0755317029979332 0.935182166309632 1.65233518020485
0.0755317029979332 0.935182166309632 1.65233518020485
0.0755317029979332 0.935182166309632 1.65233518020485
0.0755317029979332 0.935182166309632 1.65233518020485
0.752889871095511 -0.491768125674515 1.46739607690256
0.769144888610166 -0.36518325203831 1.52367141359385
0.769144888610166 -0.36518325203831 1.52367141359385
0.246732001567038 -0.358537660769759 1.40168264886765
0.246732001567038 -0.358537660769759 1.40168264886765
0.246732001567038 -0.358537660769759 1.40168264886765
0.246732001567038 -0.358537660769759 1.40168264886765
0.246732001567038 -0.358537660769759 1.40168264886765
-0.67920656630955 0.856975221570911 1.50688932178174
-0.67920656630955 0.856975221570911 1.50688932178174
-0.67920656630955 0.856975221570911 1.50688932178174
-0.67920656630955 0.856975221570911 1.50688932178174
-0.0611079582463754 0.931863922143817 2.03729644867714
-0.0611079582463754 0.931863922143817 2.03729644867714
-0.0611079582463754 0.931863922143817 2.03729644867714
-0.0611079582463754 0.931863922143817 2.03729644867714
-0.0611079582463754 0.931863922143817 2.03729644867714
-0.0611079582463754 0.931863922143817 2.03729644867714
-0.0611079582463754 0.931863922143817 2.03729644867714
-0.0611079582463754 0.931863922143817 2.03729644867714
-0.0611079582463754 0.931863922143817 2.03729644867714
-0.0611079582463754 0.931863922143817 2.03729644867714
-0.0611079582463754 0.931863922143817 2.03729644867714
-0.0611079582463754 0.931863922143817 2.03729644867714
-0.454519620645037 1.30046848116504 3.19710806302704
0.122393943164195 0.916719659502442 2.98780174054916
0.179402276612274 1.23805932855133 2.82130291698868
0.671166337136751 0.0478314088545475 3.15902207912059
0.671166337136751 0.0478314088545475 3.15902207912059
0.702969308389043 0.567573550409636 3.30906395440236
0.0778647959725626 0.0830062820670455 3.36926576346513
0.560128525991653 1.0617284802269 3.64717415387325
0.560128525991653 1.0617284802269 3.64717415387325
0.508780349840149 1.80884594129613 4.01172190644836
0.0110489357416362 2.23315664593718 2.89210628050047
0.0872218930014533 2.82351679940712 3.09858929940828
0.0872218930014533 2.82351679940712 3.09858929940828
0.0872218930014533 2.82351679940712 3.09858929940828
-0.925926417153023 2.28949889471841 3.4799973009726
-0.925926417153023 2.28949889471841 3.4799973009726
-0.925926417153023 2.28949889471841 3.4799973009726
-0.925926417153023 2.28949889471841 3.4799973009726
-1.19888006089328 1.41966645745758 4.05957461783947
-1.19888006089328 1.41966645745758 4.05957461783947
-1.19888006089328 1.41966645745758 4.05957461783947
-1.72543880038143 1.17781233776601 3.60235575653308
-1.72543880038143 1.17781233776601 3.60235575653308
-0.661541818104443 -0.197519503712922 3.92363544414357
-0.661541818104443 -0.197519503712922 3.92363544414357
-1.09515850615357 0.748639368973759 3.49126793797526
-0.56266863622664 0.846114669517511 3.90261327253025
-0.56266863622664 0.846114669517511 3.90261327253025
0.15592284229776 -0.225196328302309 2.77432332897893
0.15592284229776 -0.225196328302309 2.77432332897893
0.15592284229776 -0.225196328302309 2.77432332897893
0.15592284229776 -0.225196328302309 2.77432332897893
0.15592284229776 -0.225196328302309 2.77432332897893
0.15592284229776 -0.225196328302309 2.77432332897893
0.15592284229776 -0.225196328302309 2.77432332897893
-0.312707937831521 0.823048382097638 2.83929125233984
0.503802211816764 -0.623188470292077 2.5295425443076
-0.34793487212892 -0.387142832682245 2.69309500403015
-0.34793487212892 -0.387142832682245 2.69309500403015
0.0988521990380729 -0.492979148216927 1.87407197122874
0.0988521990380729 -0.492979148216927 1.87407197122874
0.0988521990380729 -0.492979148216927 1.87407197122874
1.01508748019877 0.773469164773414 1.94650018187077
1.01508748019877 0.773469164773414 1.94650018187077
1.01508748019877 0.773469164773414 1.94650018187077
1.01508748019877 0.773469164773414 1.94650018187077
1.01508748019877 0.773469164773414 1.94650018187077
0.648854621028261 0.0193645018353628 1.96015373190728
0.535149487831624 0.982705589468913 1.83427669319914
0.215929999689543 0.72800110469958 2.17238590208536
0.215929999689543 0.72800110469958 2.17238590208536
-0.971891282891595 0.851834611375001 2.09327242495448
-0.971891282891595 0.851834611375001 2.09327242495448
-0.971891282891595 0.851834611375001 2.09327242495448
-0.341529902271285 0.620523815802489 1.8494336916721
-1.85460777089721 0.126537212381728 2.07585480366568
-1.84511760151243 -0.0668160589214439 2.3754632278251
-0.580969086653981 -1.4732042084161 1.72971383702414
-0.589483475926161 0.142779302689219 0.321655882410366
0.0636143763200248 -0.115620786722225 0.601960397375096
0.0636143763200248 -0.115620786722225 0.601960397375096
0.0636143763200248 -0.115620786722225 0.601960397375096
0.0636143763200248 -0.115620786722225 0.601960397375096
-1.52848426315049 0.253106988341193 2.09674898232387
-1.52848426315049 0.253106988341193 2.09674898232387
-0.13428261520879 -0.943446560405092 2.66658714615112
-0.813947146933734 0.423225675618379 1.45450536244471
-0.813947146933734 0.423225675618379 1.45450536244471
-0.813947146933734 0.423225675618379 1.45450536244471
-0.00829390817139086 0.961491856515347 1.29638307844838
-0.00829390817139086 0.961491856515347 1.29638307844838
-0.0984328948378194 0.815108346352126 1.48737630219786
-1.12716435504573 0.883992690906703 2.64035172055119
-1.12716435504573 0.883992690906703 2.64035172055119
-1.12716435504573 0.883992690906703 2.64035172055119
-1.59404717744541 0.874449869938493 2.41903791502549
-1.42602957953792 1.55774950349389 2.11924228234725
-0.799760846778931 1.28601398303801 1.22791435787337
