1 1 1
0.411914153495085 0.45760898745705 1.68250697987306
0.411914153495085 0.45760898745705 1.68250697987306
0.186859907150657 1.00890298609612 1.64193401973296
1.57870446378034 0.678164446382673 1.46655865502276
1.57870446378034 0.678164446382673 1.46655865502276
1.57870446378034 0.678164446382673 1.46655865502276
1.57870446378034 0.678164446382673 1.46655865502276
1.57870446378034 0.678164446382673 1.46655865502276
1.34074588104032 0.485266985104485 1.71020613236595
1.34074588104032 0.485266985104485 1.71020613236595
1.34074588104032 0.485266985104485 1.71020613236595
1.34074588104032 0.485266985104485 1.71020613236595
1.34074588104032 0.485266985104485 1.71020613236595
2.38691632395319 0.826424963895559 1.41603687628064
2.38691632395319 0.826424963895559 1.41603687628064
2.38691632395319 0.826424963895559 1.41603687628064
1.59119076128882 1.79038126891175 2.85516050712045
1.59119076128882 1.79038126891175 2.85516050712045
1.53623375898353 1.47239925400023 2.00822091424003
1.53623375898353 1.47239925400023 2.00822091424003
-0.104240376823792 1.00661519554824 1.24171290494852
-0.104240376823792 1.00661519554824 1.24171290494852
-0.104240376823792 1.00661519554824 1.24171290494852
-0.0940044699962522 0.723148402381843 1.21656546669172
-0.0940044699962522 0.723148402381843 1.21656546669172
-0.0940044699962522 0.723148402381843 1.21656546669172
-0.0940044699962522 0.723148402381843 1.21656546669172
-0.0940044699962522 0.723148402381843 1.21656546669172
0.700549557509499 1.67891922050297 1.85377752780347
0.700549557509499 1.67891922050297 1.85377752780347
0.700549557509499 1.67891922050297 1.85377752780347
0.700549557509499 1.67891922050297 1.85377752780347
0.700549557509499 1.67891922050297 1.85377752780347
0.700549557509499 1.67891922050297 1.85377752780347
0.700549557509499 1.67891922050297 1.85377752780347
0.700549557509499 1.67891922050297 1.85377752780347
0.700549557509499 1.67891922050297 1.85377752780347
0.700549557509499 1.67891922050297 1.85377752780347
0.700549557509499 1.67891922050297 1.85377752780347
0.700549557509499 1.67891922050297 1.85377752780347
1.25450905567618 1.86867285727376 1.93693386657296
0.210188514605812 1.53644601383923 1.49595903335183
0.210188514605812 1.53644601383923 1.49595903335183
-0.335801881830436 1.16939648033156 0.90884953386627
-0.75555882535431 1.29594752122373 -0.188606510062464
-2.35378839166096 0.842850933653723 -0.0338339451662052
-2.35378839166096 0.842850933653723 -0.0338339451662052
-1.37856886622226 0.259759921852026 -0.242630073638266
-1.22117821698883 0.140461211505959 -0.0304794363554691
-0.96019593702742 0.119113142349798 0.315777203749362
-0.96019593702742 0.119113142349798 0.315777203749362
-0.96019593702742 0.119113142349798 0.315777203749362
-0.96019593702742 0.119113142349798 0.315777203749362
-0.96019593702742 0.119113142349798 0.315777203749362
-0.587806565869149 0.114266668187987 -0.791498863493654
-0.806230967866678 -0.479695394316568 -1.2132133055353
-0.806662242203927 -0.785249274274867 -0.57413261774076
-0.806662242203927 -0.785249274274867 -0.57413261774076
1.02418305786663 -0.930812135472461 -0.652587958201438
1.02418305786663 -0.930812135472461 -0.652587958201438
1.02418305786663 -0.930812135472461 -0.652587958201438
1.02418305786663 -0.930812135472461 -0.652587958201438
1.02418305786663 -0.930812135472461 -0.652587958201438
0.974516504771953 -1.35093228549632 -0.746089492885405
0.974516504771953 -1.35093228549632 -0.746089492885405
0.974516504771953 -1.35093228549632 -0.746089492885405
0.954391895119831 -1.29842018435855 0.880360896687648
1.10443137194391 -1.13979119019899 0.960033723739115
1.10443137194391 -1.13979119019899 0.960033723739115
0.669646354328799 -0.391271870308168 1.87306795120495
0.669646354328799 -0.391271870308168 1.87306795120495
0.669646354328799 -0.391271870308168 1.87306795120495
0.796346793568015 -0.678679309290366 2.10610237529731
0.796346793568015 -0.678679309290366 2.10610237529731
0.796346793568015 -0.678679309290366 2.10610237529731
0.757627638090314 -0.92794574401466 0.759036081440015
-0.321615180187695 -0.951932745548251 0.281250213865169
-0.552660005968489 -0.797816371381108 0.0344680704906612
-1.16744506229911 -0.195657798045161 1.03464681490043
-1.16744506229911 -0.195657798045161 1.03464681490043
-1.16744506229911 -0.195657798045161 1.03464681490043
-1.11326537704751 0.569176378672334 1.48272252882948
-0.456115815594041 0.42374664708787 1.28399245420904
-0.456115815594041 0.42374664708787 1.28399245420904
-0.456115815594041 0.42374664708787 1.28399245420904
-0.456115815594041 0.42374664708787 1.28399245420904
-0.268838956334061 0.945225696342753 1.47370608398175
-0.268838956334061 0.945225696342753 1.47370608398175
-0.268838956334061 0.945225696342753 1.47370608398175
-1.81127097390067 0.962269693052628 1.59270243079466
-1.81127097390067 0.962269693052628 1.59270243079466
-1.81127097390067 0.962269693052628 1.59270243079466
-2.66146967500318 1.63134200628965 0.766075903327705
-2.66146967500318 1.63134200628965 0.766075903327705
-1.75364512753784 1.6700402212419 1.8623308524877
-1.75364512753784 1.6700402212419 1.8623308524877
-1.75364512753784 1.6700402212419 1.8623308524877
-1.75364512753784 1.6700402212419 1.8623308524877
-1.19816718697073 1.23837729199067 1.40335279526096
-1.19816718697073 1.23837729199067 1.40335279526096
-1.19816718697073 1.23837729199067 1.40335279526096
-0.687241441142006 1.68556322896281 1.72904332605622
-0.291087348586572 1.02299067298373 2.63005364157421
-0.291087348586572 1.02299067298373 2.63005364157421
0.531925837025983 1.79369463359062 3.33282730295145
0.531925837025983 1.79369463359062 3.33282730295145
0.531925837025983 1.79369463359062 3.33282730295145
-0.390017376348195 2.14174456072426 3.77503024086387
-0.0521842611630597 1.20691575043992 4.32563744049666
-1.0020207541013 1.60254870307074 2.71426365607802
-1.0020207541013 1.60254870307074 2.71426365607802
0.351330618994109 0.460340161143585 2.33383647460474
-0.91460584424847 1.66877971300134 4.09388990677651
-0.91460584424847 1.66877971300134 4.09388990677651
-0.91460584424847 1.66877971300134 4.09388990677651
-0.91460584424847 1.66877971300134 4.09388990677651
-0.611683382478042 1.01771581121032 3.44746192207532
-0.404867771964207 -0.102139600279668 3.08418097665163
-0.0306980529055405 0.28220435259099 3.62438910433748
