1 1 1
1 1 1
1 1 1
1.15404169150291 1.74161084665477 0.746827044751813
1.00128653791905 2.45997600441399 1.10964628971432
1.10199475401115 2.4012027071785 1.39895614638599
1.10199475401115 2.4012027071785 1.39895614638599
1.10199475401115 2.4012027071785 1.39895614638599
1.10199475401115 2.4012027071785 1.39895614638599
1.10199475401115 2.4012027071785 1.39895614638599
1.10199475401115 2.4012027071785 1.39895614638599
1.10199475401115 2.4012027071785 1.39895614638599
1.31947989081053 2.60697504323956 1.52159544217871
0.121853567117276 1.62643312696426 2.45079889000286
0.121853567117276 1.62643312696426 2.45079889000286
0.121853567117276 1.62643312696426 2.45079889000286
-0.163084936624621 0.865912888242423 2.1613759100722
-0.547219550335927 0.457901580267447 1.98331478732143
-0.314947213008094 0.273065301726709 1.4097374022815
0.426352989313172 0.164474623938371 1.02951369475344
0.426352989313172 0.164474623938371 1.02951369475344
0.426352989313172 0.164474623938371 1.02951369475344
0.426352989313172 0.164474623938371 1.02951369475344
0.0277221544870406 -0.0667522176929066 1.12140637475341
0.0025539782533749 0.229364755510734 0.965020159554725
-1.21138085424916 0.879863844300662 1.15085776807785
-0.437482099318042 0.98209026720087 1.25153438641965
-0.437482099318042 0.98209026720087 1.25153438641965
-0.231977969610583 1.10232278848965 1.19330461104887
-0.231977969610583 1.10232278848965 1.19330461104887
-0.231977969610583 1.10232278848965 1.19330461104887
0.338185148024537 1.45831426550199 1.48957304371592
0.338185148024537 1.45831426550199 1.48957304371592
-0.844889488084665 1.70020046803245 2.00281264496317
-0.844889488084665 1.70020046803245 2.00281264496317
-1.36845078571799 1.55398853812518 1.96788630843863
0.225569263375919 1.9159661444033 2.45477467744803
0.225569263375919 1.9159661444033 2.45477467744803
0.225569263375919 1.9159661444033 2.45477467744803
0.225569263375919 1.9159661444033 2.45477467744803
0.225569263375919 1.9159661444033 2.45477467744803
0.643114509326336 2.06067072299372 3.35894304704997
0.570560507439797 2.62467583668105 2.82524741750747
0.570560507439797 2.62467583668105 2.82524741750747
0.775262800134065 1.35466201931844 2.87380770684286
0.775262800134065 1.35466201931844 2.87380770684286
0.392879338300301 2.18083207723437 3.18915608672125
-0.674008930475053 2.28940093844295 3.04660133643873
-0.674008930475053 2.28940093844295 3.04660133643873
-1.12608213137422 1.74948502793501 2.88316059214181
-0.394426522457356 1.98658838048382 2.30663717695769
-0.394426522457356 1.98658838048382 2.30663717695769
-0.394426522457356 1.98658838048382 2.30663717695769
-0.707334477698996 1.76349196994085 2.3073162578067
-0.707334477698996 1.76349196994085 2.3073162578067
-0.707334477698996 1.76349196994085 2.3073162578067
-0.707334477698996 1.76349196994085 2.3073162578067
-0.707334477698996 1.76349196994085 2.3073162578067
-0.707334477698996 1.76349196994085 2.3073162578067
-0.707334477698996 1.76349196994085 2.3073162578067
-0.707334477698996 1.76349196994085 2.3073162578067
-0.831084215290972 1.91153399498081 1.93107540244855
-0.831084215290972 1.91153399498081 1.93107540244855
-0.831084215290972 1.91153399498081 1.93107540244855
0.185920766714781 0.698053549617176 3.08809977495962
0.666447083165636 0.493278036897893 3.29207411386249
0.666447083165636 0.493278036897893 3.29207411386249
-1.44278200206514 1.13637827696368 3.25073741269426
-1.44278200206514 1.13637827696368 3.25073741269426
-0.923836091486321 0.849355508520824 3.59981885260134
-0.597621800013064 1.17069983896818 2.95598923490033
-0.597621800013064 1.17069983896818 2.95598923490033
-0.597621800013064 1.17069983896818 2.95598923490033
-1.23539544668919 1.81987943235219 2.18566551644123
-1.23539544668919 1.81987943235219 2.18566551644123
-1.23539544668919 1.81987943235219 2.18566551644123
-1.23539544668919 1.81987943235219 2.18566551644123
-1.23539544668919 1.81987943235219 2.18566551644123
-1.23539544668919 1.81987943235219 2.18566551644123
-1.23539544668919 1.81987943235219 2.18566551644123
-1.23539544668919 1.81987943235219 2.18566551644123
-1.23539544668919 1.81987943235219 2.18566551644123
-0.918846909179854 2.00462287709844 2.24195196437594
-1.26625534558457 2.23223024283252 2.16964889226971
-0.714696907129499 2.85160509171906 2.0010720934507
-0.714696907129499 2.85160509171906 2.0010720934507
-0.714696907129499 2.85160509171906 2.0010720934507
-0.714696907129499 2.85160509171906 2.0010720934507
-1.52125799628885 2.32861138399725 2.06671210273129
-1.52125799628885 2.32861138399725 2.06671210273129
-0.19102245312315 2.75821288159144 2.56687294128061
-0.441073967348942 1.6484729339098 2.24765339466351
0.441187866968749 2.28315679626239 2.57368156237865
0.441187866968749 2.28315679626239 2.57368156237865
-0.483622290960656 2.72746151856048 1.94401955876865
-0.483622290960656 2.72746151856048 1.94401955876865
-0.483622290960656 2.72746151856048 1.94401955876865
0.594895319285385 2.68461508932337 2.06660794163129
0.594895319285385 2.68461508932337 2.06660794163129
0.594895319285385 2.68461508932337 2.06660794163129
0.594895319285385 2.68461508932337 2.06660794163129
0.594895319285385 2.68461508932337 2.06660794163129
0.594895319285385 2.68461508932337 2.06660794163129
0.594895319285385 2.68461508932337 2.06660794163129
0.656661412475983 2.21494975791033 2.27834918297799
0.656661412475983 2.21494975791033 2.27834918297799
0.656661412475983 2.21494975791033 2.27834918297799
0.656661412475983 2.21494975791033 2.27834918297799
0.656661412475983 2.21494975791033 2.27834918297799
1.01405074854998 1.8162653692959 2.41400549494691
1.01405074854998 1.8162653692959 2.41400549494691
1.01405074854998 1.8162653692959 2.41400549494691
1.01405074854998 1.8162653692959 2.41400549494691
0.180735076227367 1.29555480244525 2.39609342902694
0.180735076227367 1.29555480244525 2.39609342902694
0.196203393078153 0.596690415038742 2.43495786581637
-0.00326476998021549 0.233236602131951 2.36587405881955
-0.00326476998021549 0.233236602131951 2.36587405881955
-0.00326476998021549 0.233236602131951 2.36587405881955
0.0950289626969491 1.20868708309582 2.75847810676259
