1 1 1
0.198414370429527 1.13030817318669 1.87321090498358
-1.03284122209423 0.570954239988954 2.93183259546505
-1.46434267327991 -0.434706474889967 3.04082103372759
-1.46434267327991 -0.434706474889967 3.04082103372759
-1.46434267327991 -0.434706474889967 3.04082103372759
-1.46434267327991 -0.434706474889967 3.04082103372759
-1.71244155778783 -0.364554756873558 2.81802265520061
-1.71244155778783 -0.364554756873558 2.81802265520061
-1.71244155778783 -0.364554756873558 2.81802265520061
-1.71244155778783 -0.364554756873558 2.81802265520061
-1.71244155778783 -0.364554756873558 2.81802265520061
-1.71244155778783 -0.364554756873558 2.81802265520061
-1.71244155778783 -0.364554756873558 2.81802265520061
-1.71244155778783 -0.364554756873558 2.81802265520061
-1.71244155778783 -0.364554756873558 2.81802265520061
-0.0456081513085396 0.629031618272515 2.91312749930537
-0.0456081513085396 0.629031618272515 2.91312749930537
-1.00433885041322 1.04094236955937 2.10178597441663
-0.0399893205079508 1.00920354086921 3.51958262890029
-0.0399893205079508 1.00920354086921 3.51958262890029
-0.0399893205079508 1.00920354086921 3.51958262890029
-0.627585709948104 1.62310265492282 2.32622031010298
-1.17191291176548 1.10728286896657 2.33080753443897
-0.241722974568547 1.37126598380295 1.72703739600914
-0.164024895408512 1.05802948901003 2.75119790109303
-0.164024895408512 1.05802948901003 2.75119790109303
-0.576512801985762 1.54834173894984 2.87967119554285
-0.576512801985762 1.54834173894984 2.87967119554285
-0.576512801985762 1.54834173894984 2.87967119554285
-0.576512801985762 1.54834173894984 2.87967119554285
0.476991490903373 1.48195899262509 2.23389363839093
0.476991490903373 1.48195899262509 2.23389363839093
0.476991490903373 1.48195899262509 2.23389363839093
0.476991490903373 1.48195899262509 2.23389363839093
0.476991490903373 1.48195899262509 2.23389363839093
1.597451288577 1.669455209191 3.18453658392014
1.44264141503688 0.861969200914087 3.53279151048989
1.44264141503688 0.861969200914087 3.53279151048989
1.44264141503688 0.861969200914087 3.53279151048989
-0.640504130325898 1.38730743510161 2.5582233236294
-0.640504130325898 1.38730743510161 2.5582233236294
-0.129903312459452 0.311333843904351 2.35422808582918
-0.0697912052223638 -0.0299134364203839 1.95044037873225
-0.413361093969255 0.998590899189864 2.07439010723993
0.458902500663527 1.01630567859237 2.2760915874439
0.458902500663527 1.01630567859237 2.2760915874439
0.77711452694639 1.2426470370015 2.38384439907767
0.77711452694639 1.2426470370015 2.38384439907767
0.77711452694639 1.2426470370015 2.38384439907767
0.77711452694639 1.2426470370015 2.38384439907767
0.117276718414854 0.672693474503176 2.67130920020311
-0.648853870439612 1.66749177073986 2.48378889409337
-0.648853870439612 1.66749177073986 2.48378889409337
-0.788580308310392 2.1167269049678 2.26491540515605
-1.23247958955854 1.56836324735422 2.27956217605485
-0.971882795267421 2.4375763263774 2.85490887368848
-0.971882795267421 2.4375763263774 2.85490887368848
-0.971882795267421 2.4375763263774 2.85490887368848
-0.971882795267421 2.4375763263774 2.85490887368848
-0.971882795267421 2.4375763263774 2.85490887368848
-1.88367219917846 2.49286586977434 2.92548655461077
-1.88367219917846 2.49286586977434 2.92548655461077
-2.21751286712038 2.22337450575928 2.70026340928472
-1.002927997321 2.64501613062281 2.93025909379761
-1.002927997321 2.64501613062281 2.93025909379761
-1.002927997321 2.64501613062281 2.93025909379761
-1.8963186646151 2.20571044630107 4.77591275901618
-1.25356227863206 1.9952371105608 4.74591625851308
-1.33935650500833 2.35915125759909 4.27548140848008
-1.33935650500833 2.35915125759909 4.27548140848008
-1.33935650500833 2.35915125759909 4.27548140848008
-0.649689787954236 1.7795186555852 4.6574423099994
-0.649689787954236 1.7795186555852 4.6574423099994
-0.360859222002738 1.03924195989433 5.20405037582407
-0.360859222002738 1.03924195989433 5.20405037582407
-0.408314860735726 0.250044820357836 5.46420299194808
-0.408314860735726 0.250044820357836 5.46420299194808
-0.408314860735726 0.250044820357836 5.46420299194808
-0.408314860735726 0.250044820357836 5.46420299194808
-0.408314860735726 0.250044820357836 5.46420299194808
-0.502229868284646 0.708523983793382 5.28893370382447
-0.502229868284646 0.708523983793382 5.28893370382447
0.196179346872772 0.862951812901422 4.93091774533186
0.398517248271239 1.12869012853495 4.48403388602123
0.0610971007114959 0.920560591595605 4.11202634116894
-1.3527948922345 0.898283157541045 3.71703053027463
-1.92876094733275 0.485781112398155 2.90145159200577
-1.92876094733275 0.485781112398155 2.90145159200577
-1.2135655824656 1.10592007419065 3.06628074460983
0.533970918339835 0.798447129210567 2.89734828180504
0.533970918339835 0.798447129210567 2.89734828180504
0.533970918339835 0.798447129210567 2.89734828180504
-0.705337542184446 0.432626213773323 2.24341763089717
-1.22353027944119 -0.121232044517524 1.31415999019901
-0.48368596603132 -1.596288942348 1.45794924989452
-0.0820988527054159 -2.11923293298998 2.36560072033929
-0.0820988527054159 -2.11923293298998 2.36560072033929
-0.0820988527054159 -2.11923293298998 2.36560072033929
-0.0820988527054159 -2.11923293298998 2.36560072033929
-0.0820988527054159 -2.11923293298998 2.36560072033929
-0.140519107568583 -2.75931670607293 1.75023844780935
-0.140519107568583 -2.75931670607293 1.75023844780935
-0.128315217955458 -2.84137389067874 2.15726321608817
0.651208221694591 -3.16397485433625 1.98506748296144
0.651208221694591 -3.16397485433625 1.98506748296144
0.651208221694591 -3.16397485433625 1.98506748296144
0.119106148825916 -3.56043448980758 2.23142426146414
0.119106148825916 -3.56043448980758 2.23142426146414
0.119106148825916 -3.56043448980758 2.23142426146414
0.119106148825916 -3.56043448980758 2.23142426146414
-0.34532366460034 -3.1156708484167 1.87740353533186
-2.27327438242633 -2.74730463799113 1.32828458763079
-3.40507053837125 -1.56647991461392 2.3251097469683
-3.9527621862385 -1.69140178419233 3.16360969220502
-3.9527621862385 -1.69140178419233 3.16360969220502
-4.52685462830554 0.43163397330083 2.73895468162027
-3.33947283565395 0.490973064988694 1.65002312305172
-3.33947283565395 0.490973064988694 1.65002312305172
-1.88693253877506 1.79457827761363 0.856097542495656
