1 1 1
1.60910751744517 0.671968083489499 2.03486670235845
1.60910751744517 0.671968083489499 2.03486670235845
1.60910751744517 0.671968083489499 2.03486670235845
1.60910751744517 0.671968083489499 2.03486670235845
1.60910751744517 0.671968083489499 2.03486670235845
1.60910751744517 0.671968083489499 2.03486670235845
1.04310274511801 0.170236080074898 1.53956086915786
1.92464026379065 0.661198382716787 1.79965476619629
1.92464026379065 0.661198382716787 1.79965476619629
1.92464026379065 0.661198382716787 1.79965476619629
0.834625614599731 0.0775806544571901 1.12086559315025
1.04670598543774 0.043624925480224 1.07919739020843
1.04670598543774 0.043624925480224 1.07919739020843
1.96786264453057 0.618339285950562 1.66042455524888
1.96786264453057 0.618339285950562 1.66042455524888
1.96786264453057 0.618339285950562 1.66042455524888
1.41853153037074 0.187627874399787 1.45963518181296
1.41853153037074 0.187627874399787 1.45963518181296
1.2625083012418 -0.0394056896196828 1.73471250532305
0.492388431851281 0.182794213463308 0.967154324839832
0.492388431851281 0.182794213463308 0.967154324839832
0.492388431851281 0.182794213463308 0.967154324839832
0.492388431851281 0.182794213463308 0.967154324839832
0.492388431851281 0.182794213463308 0.967154324839832
0.492388431851281 0.182794213463308 0.967154324839832
0.492388431851281 0.182794213463308 0.967154324839832
0.492388431851281 0.182794213463308 0.967154324839832
-0.156399997678778 0.507292674035592 0.674028403763767
-0.156399997678778 0.507292674035592 0.674028403763767
0.50397956078704 1.05650818310765 0.616437764021478
0.50397956078704 1.05650818310765 0.616437764021478
0.50397956078704 1.05650818310765 0.616437764021478
0.50397956078704 1.05650818310765 0.616437764021478
0.554254749269975 1.50235671959325 1.17314289758916
0.554254749269975 1.50235671959325 1.17314289758916
0.554254749269975 1.50235671959325 1.17314289758916
0.554254749269975 1.50235671959325 1.17314289758916
0.835421080525276 1.51413426211494 1.64703356190651
0.835421080525276 1.51413426211494 1.64703356190651
0.835421080525276 1.51413426211494 1.64703356190651
0.633911875659008 0.781653761875655 0.811527973195821
0.633911875659008 0.781653761875655 0.811527973195821
0.633911875659008 0.781653761875655 0.811527973195821
0.795817813901003 0.871094067798637 1.32108444744788
0.795817813901003 0.871094067798637 1.32108444744788
0.795817813901003 0.871094067798637 1.32108444744788
0.795817813901003 0.871094067798637 1.32108444744788
0.567153946154605 0.332787785771605 0.56077321136683
0.567153946154605 0.332787785771605 0.56077321136683
0.567153946154605 0.332787785771605 0.56077321136683
0.567153946154605 0.332787785771605 0.56077321136683
0.567153946154605 0.332787785771605 0.56077321136683
0.567153946154605 0.332787785771605 0.56077321136683
0.567153946154605 0.332787785771605 0.56077321136683
0.549440187769512 1.20891547845682 1.04297586241464
1.1851664857616 1.21481519835514 0.631359041976723
0.521525430758195 1.5811553413854 0.712381690924889
0.777980842601022 1.86122045921334 0.721752080066747
0.777980842601022 1.86122045921334 0.721752080066747
0.84784679443433 1.6998529487735 0.798275527403222
0.428626632772901 1.17276555748823 0.245129035762824
0.428626632772901 1.17276555748823 0.245129035762824
0.428626632772901 1.17276555748823 0.245129035762824
0.428626632772901 1.17276555748823 0.245129035762824
0.0157829889469711 0.876205111726049 0.263773635045678
0.0157829889469711 0.876205111726049 0.263773635045678
0.0157829889469711 0.876205111726049 0.263773635045678
0.0157829889469711 0.876205111726049 0.263773635045678
-0.999246534579917 0.430106266289811 0.213986548183525
-0.999246534579917 0.430106266289811 0.213986548183525
-0.999246534579917 0.430106266289811 0.213986548183525
-0.999246534579917 0.430106266289811 0.213986548183525
-0.259174575262455 0.272925205421056 -0.199704907811382
-0.259174575262455 0.272925205421056 -0.199704907811382
-0.259174575262455 0.272925205421056 -0.199704907811382
-0.47349041101828 0.784792168465125 -0.156992521862211
-0.47349041101828 0.784792168465125 -0.156992521862211
-0.283458231902256 0.560483934104119 -0.211025847791284
-0.283458231902256 0.560483934104119 -0.211025847791284
-0.160530103065604 1.61083536980705 0.565295250261864
-0.358075583088421 1.85550137787061 0.870149697329305
-0.358075583088421 1.85550137787061 0.870149697329305
0.258206395106372 1.32747417120901 0.902773512579271
-0.103234234018367 1.24821459563504 0.649034213999725
-0.103234234018367 1.24821459563504 0.649034213999725
-0.103234234018367 1.24821459563504 0.649034213999725
0.687754132527133 1.73905319672336 1.04799255292071
0.687754132527133 1.73905319672336 1.04799255292071
0.687754132527133 1.73905319672336 1.04799255292071
0.879260625473408 1.68543709607072 1.08102149091518
0.879260625473408 1.68543709607072 1.08102149091518
0.879260625473408 1.68543709607072 1.08102149091518
0.879260625473408 1.68543709607072 1.08102149091518
0.879260625473408 1.68543709607072 1.08102149091518
0.879260625473408 1.68543709607072 1.08102149091518
0.879260625473408 1.68543709607072 1.08102149091518
0.879260625473408 1.68543709607072 1.08102149091518
0.879260625473408 1.68543709607072 1.08102149091518
0.879260625473408 1.68543709607072 1.08102149091518
0.879260625473408 1.68543709607072 1.08102149091518
0.879260625473408 1.68543709607072 1.08102149091518
0.879260625473408 1.68543709607072 1.08102149091518
0.879260625473408 1.68543709607072 1.08102149091518
0.879260625473408 1.68543709607072 1.08102149091518
0.00422662121399431 0.759547566011745 0.770587163963218
0.00422662121399431 0.759547566011745 0.770587163963218
0.00422662121399431 0.759547566011745 0.770587163963218
-1.99772856675791 0.860464618911714 0.359511506446637
-1.99772856675791 0.860464618911714 0.359511506446637
-1.54190888390397 1.51029786739593 1.31484382010121
-0.749952641368887 1.96021888736117 1.74467934134512
-0.352761157664268 1.66141150518901 1.64034198822933
-0.805729310793832 1.90494760192159 1.45089870232679
-0.977028745811115 2.29194873004772 1.26327903507464
-1.11920104238376 2.30115250846289 0.990705894410751
-1.11920104238376 2.30115250846289 0.990705894410751
-0.83149772401242 2.66358601461401 1.63184666922696
-0.83149772401242 2.66358601461401 1.63184666922696
-0.83149772401242 2.66358601461401 1.63184666922696
