2.27
2.37586135779061
2.38739284289005
2.35476621083628
2.47521957757873
2.48968700955879
2.44319257230014
2.45840383834055
2.46989596071816
2.40861128072862
2.38615016887168
2.37989877791168
2.31055476369306
2.3044170466162
2.30899660496932
2.34371658102413
2.23208157805312
2.37889258862404
2.43590276584296
2.47505873561482
2.41276446936403
2.45287289861735
2.45531378273341
2.49250120855469
2.48604318610199
2.47913698617535
2.48300198115708
2.49332026927977
2.48838541518341
2.48654949032148
2.48455830274539
2.48758897935079
2.49699833522594
2.49764756896522
2.4971480369618
2.49944768360452
2.49972753133399
2.49942048430437
2.49884361588304
2.49824884764777
2.49953317441805
2.49957177766519
2.49910107821129
2.49677597438047
2.49401322914498
2.49689125638261
2.49740494033236
2.49563476306337
2.48724666186015
2.49557984997197
2.49619410955777
2.4939223653242
2.49855486966792
2.49885223265514
2.49942189320305
2.49868019522178
2.49880504660839
2.49550744281274
2.48951035249453
2.49757534587833
2.49818196383118
2.49576469785905
2.49695972720417
2.49603503974135
2.49778994280149
2.49784584976981
2.4986772622379
2.49863802547576
2.49936539494579
2.49966643036096
2.49937941922705
2.49970984791432
2.49970097858346
2.49994195288853
2.49986657982069
2.49918832168367
2.49981645673657
2.49980337615
2.49989595673039
2.49990590590834
2.49985413128001
2.49980032182872
2.49948303496933
2.49683025128415
2.49738988486027
2.49511812860137
2.48860235154014
2.47427537926211
2.4762187092873
2.48320012065376
2.48538937560247
2.48809127973459
2.48298396576167
2.49141128214907
2.4906031163677
2.49684165188514
2.49488214398896
2.49442185632511
2.49655982169995
2.49830430868812
2.49914827376245
2.49892257223794
2.49702198810204
2.49771345736977
2.49958581319057
2.49877284090583
2.4982735634269
2.4954335165308
2.49306540142885
2.49462866773335
2.49764155462357
2.49840358694907
2.49849062731171
2.49900479401254
2.49636673788933
2.49742465335608
2.49901389628517
2.49961184185879
2.49973609906766
2.49970041619749
