1.4273
1.49832917991452
1.91043926394818
1.93385166508229
1.93242774037386
2.28265377223958
2.29756752575013
2.33539171539488
2.31205645154064
2.29933945515103
2.0898394675404
2.14130238483646
1.93614712975958
2.20718207561029
1.69680472351134
1.30118339935324
1.20928999057949
1.40353404442437
1.5064328808643
1.2938347863455
1.30699146910741
1.39541233278651
1.46111598936259
1.35195193154619
1.35775871160273
1.62439715330369
1.20248781998104
1.04485571037956
1.02095009576372
1.04066399984174
1.03483484941003
1.02736636617141
1.08880251292342
1.10140663926486
1.18552979053333
1.03632385379476
1.08973796883289
1.06718364682374
1.11315606678989
1.21473936980201
1.12894637974084
1.28570000554696
1.2414591080617
1.11205240890945
1.10055746665181
1.38449432455699
1.16539441674713
1.12346103264394
1.14157801275558
1.47942814971525
1.7482128977085
1.81158121748688
1.71417560196776
2.22428683294972
1.94137670850986
1.62230925654639
1.6530692696006
1.9296967177354
2.19594474472415
1.82323406886013
1.9936770460353
2.30251291239126
2.45280658077735
2.45721308552969
2.43110390844059
2.4756887765486
2.47929618148955
2.43688561789818
2.36333207779038
2.25085081926624
2.23804771925548
2.0125227541628
2.01683756219005
2.02234837351677
2.14127905558034
1.92233050723781
1.66744483766611
1.4545288888344
1.21109658905139
1.20073565253529
1.15468987718781
1.11489004524776
1.20721296529569
1.54695012825815
1.48611914869227
1.56728534056528
1.77412295666713
1.7606920840744
1.4375116142889
1.10963291186614
1.10573104568908
1.13479509180078
1.17043360261926
1.14670823649366
1.07671209891302
1.07002638160044
1.14349836734368
1.16073074521076
1.30207042629345
1.29704151995512
1.34470192904935
1.53898256957941
1.45726136149412
1.47333925766131
1.64270100021969
1.30799254242362
1.49613839525579
1.25020262091016
1.19208327038298
1.11994450872949
1.02214252660732
1.06017418398144
1.06499252409791
1.05484893376231
1.12516906153173
1.13230653365939
1.12660521106798
1.13868754574253
1.03908410785724
1.118335703051
