1.7639
2.25924263206629
2.28112401658305
2.36318338293875
2.35107805074253
2.30405266761866
2.35519808079835
2.40499297114906
2.40899897131771
2.47274480294015
2.41587499591325
2.34403846807472
2.149040521187
1.87834657394725
1.33729027077982
1.41507801067682
1.30380818664244
1.30465011614285
1.18107598021558
1.0387208386094
1.03646679289874
1.0123858841584
1.00572950453392
1.00275742845942
1.00299957972371
1.00607759640643
1.0100487191835
1.03081562406604
1.02881781581152
1.00592868838403
1.00713139340007
1.00525716367115
1.00254077715334
1.00618053946658
1.00397529247884
1.00480021454705
1.0051886331888
1.00224449751593
1.00746292637193
1.03578814531244
1.03584146603799
1.02578501185347
1.03261565154702
1.02825367843434
1.01707683546052
1.00897516213116
1.02373054175504
1.07754659024697
1.1037743734919
1.21705280370539
1.22198569336733
1.30263736171247
1.40525159197342
1.64086775928727
2.00485225116778
2.04475305937971
1.49695223240232
1.28418445487815
1.28002928806735
1.45705143402633
1.23221371905059
1.1218253165442
1.26056395055474
1.25949936467677
1.24112721626603
1.09887963176531
1.03360930136219
1.00894970620153
1.01092528897831
1.01100692408545
1.0064323666183
1.01599522970254
1.00613495306246
1.00189258263535
1.0016275320643
1.00725418369555
1.0034766914981
1.00385155761684
1.00296033701194
1.00453201555781
1.00311553922574
1.00159879520263
1.0010893304885
1.00117922993721
1.00226716936932
1.00256925153374
1.00314607658225
1.00106047790108
1.00129464832541
1.00537710644147
1.01675253832994
1.00773438673917
1.00631332666341
1.00892377946109
1.02283810931983
1.07708941066173
1.2636207170101
1.22721726571719
1.24450271462207
1.38096020525779
1.25555058899893
1.25155979427442
1.45566018723768
1.54071648954207
1.45230600296711
1.88812059382001
2.13831892727977
1.95763670270801
1.97683120917253
2.33215964445562
2.32969723655612
2.40843308682237
2.15912830460554
2.19417529468626
2.30609115504581
2.32951300886718
2.35214091090527
2.21291889656884
2.06989980325976
2.12709268765787
