2.25
2.23284466536778
2.08458334162985
2.02723295640353
1.84131436250928
1.57741476769845
1.47154999193846
1.84188130442438
1.79372794073133
1.69375431045841
1.4271814975824
1.62877984312878
1.25005694419143
1.4718231259788
1.33440324401071
1.24704616997235
1.44335879660463
1.41962184868093
1.54586468937063
1.21405347251447
1.12241526557069
1.17289449483769
1.58835524700274
1.53905082623963
1.89044590917981
1.45184131382096
1.44787750317099
1.47180359748246
1.66783869651798
1.95905924498165
2.09819145862083
2.35497368339235
2.34453844220057
2.43318939985204
2.43595599127599
2.44099944361205
2.45185072811806
2.47898394534516
2.48093002244355
2.47693781376569
2.49550884067531
2.49618685226141
2.49591998975383
2.49724326234871
2.49813320457935
2.49905341295822
2.49934394868752
2.49780321851801
2.49844649628973
2.49415722241695
2.49153888129114
2.47643018502632
2.49328535653649
2.49830076038419
2.49673472524121
2.48779667894524
2.45111211375421
2.39705543665443
2.37276937597112
2.36183001871591
2.36998186901915
2.38889969875807
2.08754982453275
2.30284369080381
2.20570313502578
1.99880811280403
1.9970790532846
2.10610251206032
2.35218928533448
2.39095099993628
2.19313344385099
2.21483337547659
2.10339833843515
1.86089963581066
2.08422248645427
2.39567812461686
2.39565883856485
2.44328760417852
2.3726965659141
2.4310607409497
2.42983597996404
2.43833912385049
2.43668244411762
2.47107512708224
2.40999277657782
2.43911647935053
2.41818630982342
2.2781318997988
2.4572678039284
2.46864831335123
2.43993996505119
2.47793916096224
2.49481651865012
2.49764070684094
2.49088300723512
2.49662136600809
2.49773550008353
2.49801256848405
2.49870703114838
2.49904137453573
2.49790296215902
2.49893504111942
2.4994175812754
2.49968916838935
2.49890405858717
2.49904466209436
2.49874932809577
2.49632143509775
2.49715218574142
2.49721991837074
2.49801308731298
2.4990195260569
2.49922744941901
2.49952031740327
2.49977535954196
2.49961622564464
2.49954054631992
2.49885562958694
2.49780900754663
2.49918749887512
