8.41775145328138
8.69336320900643
8.0993633411144
8.63636047281671
8.62031895651889
8.51547809406532
8.63930376130145
8.71383183251326
7.66605216946525
7.11970738340895
6.6136983001435
7.28397785985994
7.14767720098692
7.08047146986478
7.28691950029001
7.5543436964245
7.11162274523312
6.69731325004496
7.3447085167306
7.60798896157784
8.49604774186026
7.41024943449454
5.84121862995361
6.47430439921359
6.25153547406756
6.05937575699852
5.81198176815214
7.26973239627653
6.22880718807965
5.94406166088416
5.85640825315044
7.02839437908907
6.87494496176433
7.38951572207569
8.19888065353314
8.27990687271328
8.16920001488164
6.14545468425196
6.79218573497919
7.78021561765163
6.99662453929013
6.115961518521
7.32456466103794
7.13499095811685
6.80955946500366
6.5958473788466
5.99006152172811
6.20203834080886
5.89548096800217
5.52316519009081
7.30661777559632
6.72760578467474
5.68292708933288
6.08376122206843
7.86456051454767
7.07794413065109
7.19197962540868
7.55005241280668
8.3526472863554
8.60186017260931
7.95879370316307
8.33482040486144
8.50900580318589
8.6023165004902
8.14256914643159
7.66836317216
6.15196228270951
5.65218773546107
5.57752629017921
6.38913847799554
6.64016096908195
8.50264107886505
7.01446761156682
6.86190821241509
7.69048706500655
7.55943245294555
7.98727889136899
7.48745933210842
8.58784444338868
8.42283000049767
8.70530175380192
8.79903643049396
7.78398228032548
6.64619974965986
6.71769272491496
6.2053552840791
6.49378040509136
7.7766923239159
6.94490559230621
6.54196808717817
6.15930848694598
5.91471409709182
7.44160683554002
5.82097931707912
6.12472414643324
6.68199387040978
6.19341328941989
5.8222747859732
7.38290702739737
7.13450881134569
6.3867649063293
6.9772068709522
6.27868138501947
5.67946277719222
6.22458535727464
6.99735726542332
7.69038853315197
6.18827427660331
6.28728866727029
6.77399298689747
6.44150230057025
5.68153973407019
7.39006247403201
6.52648660893904
6.24827920091808
6.503040234496
8.12870525772042
8.63893716575949
8.71740221299374
8.66352828408632
