1.41969375722716
1.65014026408893
1.48510988729697
1.77799529489619
2.7025721682763
1.83679588175437
2.17467014421804
1.60036163284835
1.66254076351286
1.87068105411745
2.79450256391655
1.74090462547543
2.39611256530763
2.2299303215088
1.76127313317185
2.00577717376249
2.45424250923529
1.36086068690524
1.82046159345909
2.33375546183915
1.52579132962769
2.08995496943384
1.91319150849631
2.04896586597888
1.96023556338961
1.61447351626401
1.80530646666376
1.61785260209877
1.83634881840889
2.05721493034482
1.62790920180436
2.07280718258592
2.03535773765463
1.95038937535346
1.92591756835944
1.91052993599203
2.75733369855979
1.8312020101986
2.25247062444362
1.62240215394905
2.12949430503489
1.59128973049194
1.72179287977687
2.13993903171423
2.02422736728793
1.52699202529496
1.54639899655822
1.52237203492669
2.436568820858
1.87146339458464
2.05259448491724
2.01714870850748
1.88400508156973
1.99891315588113
1.4965105913106
1.89784316498655
1.54601747112521
1.80988536524406
1.87461734735448
1.53193936198474
1.69101533558824
1.65427771975468
1.81871787216392
1.67098748872194
1.89511267808264
1.76600987456012
2.38035268239393
2.16537754911944
1.69499465815103
1.90440496124959
1.73875053624078
1.8041965215427
1.72899671976424
1.66642884020854
1.72657563684346
2.0270964647446
2.38665249680851
2.10354961847822
2.0113989982135
2.62587920634738
2.41302436220187
1.84057700494084
2.40933831053527
2.35070924604363
1.89251613459502
2.53443226303589
1.69043870694252
1.41803464584033
1.35334826642834
2.51589178144691
2.21359795697588
2.16646268706529
1.84342159844738
1.78197925523665
1.99622893617196
2.37419580676106
2.46536862420715
2.01386031472269
2.10839261223985
2.38696869752284
2.09970763037142
1.90315815259623
2.28538689518988
2.02007292365554
2.13128968720992
2.34972475283933
1.71670131749358
1.45615043675036
1.81438403928743
2.1787216352903
1.38085767075811
1.50336776159633
1.99666429321634
2.00137992058928
1.79902294157387
2.17129499690189
2.6843643922998
2.06223021002552
1.78707013175606
2.06551282809089
2.09376385853872
2.50113496664782
2.21712047733201
0.897010721159904
1.62902892858339
2.19608547366477
1.69752477249446
2.04444683932899
2.57490573203778
1.53439511794311
2.52736134505888
2.51888273620506
1.4671305307197
1.86799666092047
1.6770197089318
1.99936560271112
2.02256643859852
2.33168332620954
1.88206429585513
2.01914891687049
2.22962412891654
1.99480937001151
1.67113364190144
1.81915995993715
1.59577226629232
2.17105243311068
1.51939267281185
1.59010883823626
1.4169226288002
1.59691451042148
1.63639596500872
2.91135561919632
1.88354142985408
1.97853489850531
2.10224678871121
1.91247384858621
2.09316034318992
1.87481710839021
2.07986947502829
1.191244251547
1.98060478539344
2.77478271756179
2.40697833091597
1.59736864251693
2.35700364437635
1.61863599964132
1.61631737475628
1.72923364270511
2.33893340730322
1.93357335895006
2.29523106273876
2.14402310066727
1.98868616654247
2.06264227671135
1.33680001507538
1.68732502873239
2.07424931743514
2.10212773708555
2.04029773694042
2.08106133690088
2.16384802214295
1.8913911837844
1.94070751321306
2.58385773309387
1.9976977289062
1.7915230287476
1.43067420002772
1.78143566770672
1.70647237012243
2.07767471272233
2.09727543366323
1.26989623027382
2.15086947680013
1.56037822374187
1.5534708897387
2.05085473691131
1.21182830495562
1.57093988424784
1.52603900983605
2.33552770659156
1.497254071937
2.07502333373323
2.2993750865439
1.94897120751205
1.80474400216332
1.63230462982091
1.80094415477854
1.70571224321408
2.33144480015086
2.12760758900874
1.52864431013541
2.35894007253734
1.76644977214377
2.41394951557263
1.67486431541266
2.05868888172179
2.17909704111764
1.59080366397467
1.9798847362434
1.63572276467885
1.93527384742157
1.65619872384301
2.27631131232415
2.25447831610431
2.07993334034197
2.09527813159795
2.37179154645233
1.95511487861864
2.86566100552721
1.87227144488605
2.12912963450701
1.96985449275441
1.60493100729029
2.08297619658167
1.77366809212597
1.60880631055859
1.70261460275411
2.4551504866611
2.23879068628824
1.63689245568623
2.14740330309486
1.86912746860198
2.15389515300901
1.73193623366939
2.5658993218903
1.98536294990314
1.53903839331905
2.20339858871237
2.34272715391997
1.17460978954106
1.7400610811343
2.09293242175692
1.94202634884434
1.77241125148757
1.49706316428072
2.34169755360839
2.39681634065682
1.59862565780023
1.8852863060861
1.09018118548167
1.46711845146506
2.17859707226703
1.80644126045547
1.80612376711267
2.19037414858306
1.87971072850868
1.95969871534406
2.74078462405038
1.8056190027681
1.94793738234426
2.17794324607118
2.3031799371806
2.18319379924546
1.88707506049656
1.89765371907901
1.85881954716921
1.92955590602647
1.52919101962893
4.04219461515876
1.55382979928814
1.71932549971174
1.56320859350554
2.05374103691997
2.58204622799971
1.8164407533981
2.46215793670119
2.05539793857392
2.02946527801588
1.67088610572689
1.96322232065172
2.23800569398418
2.1720906833188
1.72682810217417
1.95418660602675
1.96524578923518
2.11544135449521
1.7914121498306
1.41418924892576
1.0205694105601
1.87529127021504
1.3928589891427
2.42297842188967
1.99388036031815
2.0033180525927
2.58831858085525
1.90758521793495
2.55086343053181
1.72081355881152
2.07117535869928
2.1624481153246
2.29605285405435
1.74741902830121
1.63642560612612
2.43774057762368
1.98899109672604
2.62721603418411
1.75834448913718
1.57882285107487
1.85401807877129
1.72279354275072
1.76063625588135
2.59722810054523
2.12789967415391
2.38512905904531
2.14288483194576
1.79442609336096
1.9318109643267
1.76264303012604
1.87511103812006
2.46680841701716
1.75222755022304
1.45897748606493
1.88290548193368
1.87078566582073
1.21273911028233
1.385224591196
1.938872601625
2.51509026306102
1.81886312103111
1.80514941533749
1.52197102189268
1.92839516181043
1.74312524877417
1.30568989212707
2.10869080660221
1.95479692570592
1.48000256093202
2.04729092422182
1.67829720914925
1.87725036472747
2.07659843421636
1.9862433923483
1.43079414592763
1.83941969943383
2.06534811524492
2.17615653072071
1.59066154079745
2.09715727691424
2.0413193685332
1.83030479124732
1.87105685254027
2.2258360912367
1.98872021232
1.88570138372117
2.30754802347385
1.58695777088267
2.06126319854529
2.04645221215763
1.62488900653758
2.25540306416439
2.901693866044
1.42701657075649
2.14491825276304
1.93968079456182
1.83211290978705
2.38534497610012
2.42765007044508
1.95383982746298
1.87729356576385
1.42440877147395
2.22039804496697
2.16196690997531
1.76088162756002
2.59393516853535
1.70592997809938
2.63201266541415
2.00091053028198
2.01596104653914
1.91145783763207
1.62863607487415
1.91582938747939
2.57694370332984
2.32192523170446
1.36751650307079
2.29374734279769
1.15250903407104
1.90049443040822
1.84888963353952
1.59588458184889
2.10797350037165
1.57249280793728
2.04575208560941
2.35670488642163
1.58641184089686
2.22151962964548
2.13153508999545
1.76651343631494
1.82236052931914
2.12868345674094
2.52559301387919
1.91976223117427
2.07143115773065
1.83718942104344
2.09866434767532
2.09034199839255
1.73933976223107
2.00712822499928
1.95685552150663
2.1872055790805
1.8951987585779
1.79622040603001
1.62056247940137
2.12295243231478
1.84479598019535
1.73378012138586
1.61942141777518
1.45630602761503
2.54163365889361
1.8403800287381
1.81178490240726
1.31913459470432
1.8357984052494
2.04872969107727
1.87934844827184
2.1672832753118
2.32172816535677
1.631332555351
1.9783323864311
2.5143250535626
2.02709584338483
1.55549262195991
2.57451609290085
1.77632192801211
1.25357446157818
1.86042261177938
3.01390602645103
1.63584627362705
1.54756269594454
2.18112389341052
1.99270385944688
2.29756354505581
1.45554090170726
2.19486296283805
1.86533804985235
2.18569373834032
2.31677416099608
2.83246965024739
2.28719291412141
1.60305241687455
1.43861322682251
1.72565181429977
2.45977630296705
1.9399962916222
1.91611981354803
2.07293355878242
1.71175031296276
2.36226906887988
1.04306199504775
1.42129637163756
2.02576446559365
2.4228000417792
1.77902390498494
1.37069420025547
2.08048485632605
2.3145380847372
2.19488035402638
2.22634927378309
1.42995928954057
1.64405893167772
1.75190039301525
2.14616271797543
1.97753368469796
2.52452773082689
2.47487421368185
1.71134572029751
2.06449455148513
1.41345160024591
1.99933651281418
1.8982172982233
1.42463540429591
2.07067152238503
1.78958557972508
1.82134652677806
2.61776402117323
2.07692822773633
1.81798014341296
2.08182258096054
2.30500482905382
1.7168840140057
1.52562235336539
1.72270796799856
1.38375443885758
2.17476028021801
2.02266277474346
1.69019418490097
1.6882270438273
2.76250843874227
1.97730048508685
1.40834450298497
1.98044471645307
2.2116336788206
1.8573212199522
2.12622185403447
1.87518562996369
2.12708721212103
1.6205266240915
1.99135895977245
1.55941976102535
2.10939385040257
1.69824423126337
1.79741765124621
1.79122349069905
2.27387155693114
1.47406419864799
1.60259133595455
2.32960233268346
1.91466763067357
1.90587916237453
2.14248566427145
1.83668616584694
1.84064638432044
2.74891069972879
1.87844442946389
1.98881953212062
1.90947531444502
1.5947035922514
2.00895093527353
1.72893997023669
2.16500855338162
1.81464509194718
1.78577520366452
1.58144440080902
1.83156921318522
1.70682332564203
2.2147585995287
1.92704109673807
2.02339260180592
2.65310228019258
2.21366709121417
2.00994201183914
2.14717733719102
1.86638295770256
2.1736309281477
1.7473389814601
1.7668865678531
1.84878365924393
1.76550627733449
1.95142251500397
1.69012409300947
1.80144346625061
2.22634363087295
1.92414507628012
1.11974321207176
2.88497149066904
1.71427871345696
1.87824652891432
1.84594754580491
2.42602535020645
1.83377449727107
1.7582356494325
1.62998010253385
2.06198141443715
1.80766263799254
2.11596447474155
2.14646861621764
2.2563200635467
1.69350154962664
2.57743030311026
1.85558944590832
1.81614857261653
2.24735611407998
1.4448172627533
3.23925862370623
1.34188088061877
1.65938456733328
1.67252502667851
2.48482416362446
1.80093214932671
1.5408401616986
1.53564480972984
1.91742913647839
2.3219362883883
1.94537093497417
1.64784265010364
1.74737441805775
1.87335799850811
1.64227155288894
2.12446477025686
1.71414989907491
1.89842481807995
2.24929986919076
2.04119932077689
2.14470106407555
1.61269133758982
2.05684178188348
1.92084750799203
1.91620156611206
2.12929457980012
1.84126677464604
2.4182475008298
1.92001517948724
1.92260617844893
1.57809265606435
1.60598763423148
1.78398689258416
2.84703469153992
2.34497972847305
2.20885776201436
1.66706919299041
1.75371627284961
1.65238609747019
2.22429679869168
1.64855453686931
2.05200146481528
1.84152548808097
1.44540245142314
2.32032970796371
2.29514223123787
1.67976140796846
2.15866508080614
1.65956442725685
1.62814962057847
1.5587762746207
1.95085001614191
1.39648538270909
1.99662764108441
1.83568484954195
1.4795281587703
2.11945376833173
2.28566616445489
2.17158075743896
2.09233645840524
1.73435411904808
2.69565068225467
1.68996483168085
1.72572514612911
1.84894194896206
1.61205012587642
1.76942362527001
2.17331754032725
1.8214483679991
1.94879256130467
1.62167271436593
1.82842400447301
1.92402596007547
1.84698962863344
1.74639203072516
1.66166602689748
1.42283931082754
2.06952053352153
1.76378995139563
1.47876237144386
1.72098516747632
1.93242670798579
1.73722164126739
2.0979964457685
2.42085781579196
2.59244754217816
2.23451959727412
2.30609419530582
2.20316149554829
2.03895431907755
2.06921210511898
1.04898148796014
1.78083209121951
2.1546423592376
1.45778065277487
2.04573431619698
1.91175677755346
1.95040050344547
1.82612332247669
1.52882045648073
1.73315426644154
2.31044445162139
2.14808749475269
1.74731739960184
1.95455160712311
2.04086007758461
2.2479480537236
1.42437128190481
1.94420249635108
1.50879604061706
2.22048244616291
2.67749003380636
1.936018743369
1.88846204103375
1.86868300864144
1.80440649915052
2.51231788014526
2.88007289054491
2.32069979244463
2.2827634747882
1.63362431243607
1.98194192123891
1.95402883709757
2.26897217283739
1.51957997310625
2.36541534366132
2.23125954475247
1.80587196102995
1.44987483459302
2.6427248975145
1.8561095872396
2.28870595338349
2.00625572911733
2.55397638452564
2.12274292344254
1.98488420374168
2.92891794963058
2.05461380094017
1.96778170245933
1.88833416190508
2.09857290276074
2.19999512882053
2.03270197759598
2.35027719325332
2.78984376436078
2.33662023369462
1.97635479293653
2.04137427352806
2.17823096745005
1.50570002313599
1.47426804488035
1.43119741360675
1.77987820908916
2.1425071898731
1.67763798864135
1.21146139523576
1.9238095687561
2.21799694738302
2.01396644251679
2.37866468162618
2.31876198618165
2.00834176074929
1.96359790986411
2.47346576687038
2.41258489266699
2.3339291683663
1.84535159706194
1.59823818978848
1.8216029150325
1.30021743201718
2.3293443485831
1.64316306427849
1.48394227727367
1.43447479341342
1.71154233085085
2.11690401189992
2.05633234625911
0.910244408631896
1.34402019676646
1.91487378587421
1.62470571602534
1.64602563914979
2.03221094764817
1.78210253086113
2.31812964338745
2.45082101675905
2.16875189400199
2.38185370348684
1.70982061548147
1.87239331601133
1.89996525261755
1.75107389897604
2.42785556174959
1.98207036080023
1.68965366067957
2.17397315589729
2.27140412762916
1.8598186039812
2.21815764360484
1.32118460327094
2.33442533491866
2.45788103080112
2.10952397860271
1.56584021113454
1.66998700115419
2.28971282356178
1.8342912595405
2.39422590709548
2.17821114888444
2.16293182606361
1.87032690916846
1.45707037233887
2.25706198275021
2.12636596780679
1.47846796016627
1.87956354546194
1.90538497807978
1.96268114979206
2.11743892019323
1.2317007390892
1.83034752314783
2.28946845985389
1.74781529456167
1.55749191123571
1.82170327329205
2.03436096141195
1.5187659111307
2.02567773858148
2.24379671238781
2.88534962335238
1.8301084920533
2.05601497855869
1.86401153371555
2.26841456030877
1.88680765651081
1.94610582724066
1.80228015156754
2.24819134756226
2.3705227063244
2.09563998399942
2.14911429475606
1.65934080125077
2.22439232407449
2.36055030277218
2.16324645458618
2.28910301037545
1.72202073280654
2.00433965666224
1.96595484610084
2.01883627752535
2.26321567460182
2.60178257674586
2.58563530571859
2.16558528669567
1.64816461030148
1.89884062615687
1.9162191646336
1.24971078035967
1.4916116383013
1.51217399407275
1.70223823686015
2.71177449383277
1.15634280320046
2.15421375587598
2.29649813777232
2.02846615433416
2.15346235475185
1.93175918405291
1.7847784160352
2.16113670288158
2.71212265092282
2.16467713085617
1.78450238526587
1.83360089343076
1.49842052454604
1.71713815726122
1.87106279549137
2.21829259236778
1.67411139013533
1.80116570398761
1.52161515973743
1.62835250899516
1.50171774568429
1.56727789542875
1.98816206123894
1.27738830531703
2.25215024306118
1.66280762221744
2.05594289869193
1.98090035758443
1.7944229874903
1.96174546830242
2.23232032351459
1.72748192279132
1.99093281081157
2.00018145501545
1.79832724446202
2.32416298985856
2.118904915786
1.85466605642764
1.81809279538279
2.14840257054801
1.61617268949276
2.1321728682613
2.22449416157943
2.00946344319398
2.19410247191351
2.0100513143337
1.79987591509997
2.12207381413004
1.33024081695833
1.51711132340918
1.82718653433822
2.24171408994799
1.48965811973354
1.77108266788179
2.16358724326287
1.88341897677727
2.06217345759225
1.78318492383078
1.98682883659173
2.22721754706508
1.97863564253641
2.37783739134131
1.47567557249003
1.73615625315216
2.42094996331878
1.42940778615696
1.21887315578012
1.88656677185626
1.90624513956907
2.09805662765153
1.6674450530213
1.90522632107461
1.27113558637389
2.4950948182832
2.25335333746948
2.07619683614188
1.69636982808608
2.77710061824701
1.16016958857064
2.04876417544199
1.47005391416466
1.81210886377409
1.82877154914985
1.39340348937872
2.25756324307787
2.02919633982209
1.62691958534234
1.9246710313194
1.93141490161584
1.55101952634621
1.83098546979805
1.45478158542326
1.75984057888024
1.54802813779883
2.40349468714535
2.03747461786811
1.78278903945538
1.86665718226028
2.00696855142967
2.6765490223177
1.95909827757145
2.06499775909883
1.57042945747034
2.17463012658624
1.79351008608135
2.11391120545879
2.19493518358432
1.7011608624922
1.97026716515606
1.60676733766621
1.44787011223069
1.47355701032536
2.01088203309005
1.78999457317525
1.70850434987456
1.4639886958965
2.02231754750883
2.20408335247867
1.84464737673592
1.95840578405706
1.86174742688282
1.55629951771268
1.70508179190109
2.01312243106887
1.98559603060786
2.31194744708409
1.5569457560367
1.87869756177748
1.73918831233434
1.43556060789895
2.01458232287611
2.03179772890289
1.88135896555745
2.08831722139906
1.78034189597731
1.78534741919105
1.6168333952457
1.75015380902843
2.48313427356224
2.06492736360119
1.68136255897189
1.76673485093288
1.77444441695322
2.27651731483289
1.99805024297092
2.27982089278295
2.3455256146022
2.43203900813148
1.77402406276335
2.0061007709006
2.72246695146904
1.4855415917851
1.61532626022233
1.96720591344045
1.93694813763175
2.11734044874078
2.67441510265234
1.33438272673748
