4.24224768774208
5.47516010452029
3.85193613436252
3.9630175525998
5.55239503572267
4.84229157810142
4.14797833517318
4.06256077962431
5.15490285693279
3.56143088843366
5.1819953459895
3.80797760204752
4.56221345476934
4.46153433744152
4.04550774224933
4.34055755210631
4.68131422892294
3.88520441912353
4.1484655717133
3.76474801024278
3.82013898029116
4.16068982872139
4.12733328042898
4.15786709444376
4.59173877964961
3.51154981422785
3.39723370183701
4.77594604461614
3.17598355873397
4.57412779752214
4.25894290481842
3.59836790075011
4.17647107114782
4.06377908788775
4.96061845939765
5.28451779743594
4.96049164609636
4.13871697580734
4.47771209908109
4.77890662017332
4.71064002682397
4.41159238958508
4.74206676522103
3.6226770349662
3.96283476837301
5.08877721427355
4.28443573060033
4.02627109632762
4.83433458728653
4.39096860259686
4.1502727024144
4.18984397917166
5.11647382624202
4.30979475844656
4.08696428841442
4.30688828546166
4.29282695909229
4.84380516357177
4.03638503916827
4.09270712114299
4.20589594606966
4.01256987090459
4.86231971383888
3.74508873818174
3.68528270470697
4.45538107515589
3.98815478973693
4.76701189075217
4.34539705597591
3.71470221647073
4.35966648036421
4.14135155841747
4.99017880383825
4.36134567125084
4.79985778281299
4.32360284636491
4.82177562085519
4.60924646275472
4.73648214651214
4.49414561980147
5.46672946154188
4.3536523683952
5.49101293268516
4.10956562865402
3.47214373314689
4.32863325452403
4.21824295180198
4.84414809994087
3.69364222396967
4.02828856772943
4.31664843323596
4.48365533654279
4.59721002751068
3.45885635358392
4.23602250336485
4.3416990435802
3.98299606870462
4.6902265715208
4.74838350585659
4.28364883916522
4.17256344241792
3.96355024206687
3.94348010333817
4.75680877758826
5.12968829518518
4.00057129784886
3.38902001764974
3.59542857931797
3.85822349696557
4.41193444211812
3.65304115828854
3.63015590171347
4.4669791888743
4.39911430326457
4.32228547356649
4.8363163524661
4.79713539399151
3.76924542142453
5.10801902322905
4.46793590198294
5.42027427414633
4.30021615616205
4.21466595747965
4.07442206960279
4.18991018358373
3.84000360054581
3.93947146606362
5.0679625611667
4.41066118150127
5.59610127494488
4.15259552589754
3.87372724520196
3.97093162576608
5.29130329415352
4.59223532461488
4.91516838066332
4.91917538057869
4.76330780271973
4.58111686613077
4.28635647167444
4.64006352751164
5.29598864588189
5.29163816247294
3.6660815690508
3.53687476112724
4.40756249626527
4.66304557286007
3.87883861125704
3.86120395688824
3.66200183426291
4.80205181203421
3.54153572924036
3.6529568671023
5.16692420716251
3.48994863654966
3.91224885273603
5.37801389086129
4.7176288461795
2.74633064468195
3.55638361910347
4.14187972254055
4.05989620234848
3.79803663727869
3.94164804692887
3.77533071734387
4.68872840287542
4.12059589373405
4.77345653245948
4.512823262389
4.00154865637361
4.96248020996744
4.84670678337208
4.53710563089282
4.63715762318452
4.66757840786243
3.85639014186212
4.30734418667675
5.45104465979486
3.90410295809877
4.15582508016543
4.6375080155111
2.83275108471754
4.68447590159961
4.28284904059273
3.80174013222636
3.46568019279715
3.95813201551572
4.41263024149649
4.81425152185414
3.4774830333909
3.49027597027
3.89545992649737
3.15649753459656
4.17595934061141
4.22922600043502
4.08651904267699
3.75925240769887
4.03040469074289
4.31853930218643
4.22499478722222
3.95471673110436
3.41341646566112
4.16234181974699
4.50425462708036
5.87523502593122
4.07823375712817
4.89055937428592
4.31053483307605
4.44037443936498
4.20297378365441
4.0715709979666
4.52108979668148
3.95262340242598
4.25289431029578
4.28069269824242
4.69165238681699
4.13772803114396
4.1396277447121
4.94895400298933
4.6878162227009
3.8229774677784
4.86384418567498
4.28770372718155
4.10532904746973
4.69298414835711
4.36307328641977
4.5630838285214
4.16573429537345
4.74171462760103
3.7496624300211
5.53729156773792
4.36789932896687
4.31639788514095
3.55613539180352
3.9021262733053
4.12304671411355
3.79605993033046
4.26390953669452
4.42359216987145
4.55177560169335
4.9011487863894
4.1530257651277
4.14348483920812
4.07265580760969
4.05845565299939
4.52161348455815
4.43543240541699
3.75327446478564
4.22151276451964
4.48971593794209
4.54832201655068
4.24886454558146
4.26950729868225
3.93974515878442
4.33557942833597
5.64580919937457
3.68940406395755
4.10230919967156
3.23045001089544
3.97125378454899
3.91228105710379
4.43135888002737
3.82483929161002
4.62756012401624
4.12464216783344
3.82300733495792
3.46640179582451
4.12477086522213
4.29911276622151
4.13317107214825
5.10342891200318
4.49948392093224
3.41947467362442
4.63772290731804
4.85592353239685
4.3353582139536
3.93223270087074
4.45416605154236
3.77901500500473
3.96001785849746
3.74763579840035
4.48693700687629
5.19430697910975
4.35588355048933
5.15238556279252
4.05382021789822
4.22883038367712
3.90300851025854
4.59087028110492
3.69473548964647
3.84582029572598
3.78475290632325
3.63588112457136
3.79435699104142
4.57347184399767
3.80299013404833
4.46131923144121
3.61033946910873
3.87054341011733
4.56656328370912
3.99674216225312
4.26049053128422
4.65204994813574
4.28189318226583
4.24984796777508
4.720379370093
4.26875985486832
3.60895227856719
4.13490827263532
4.65951012626559
4.44012566566766
5.64105175071129
3.83773050057128
3.64510866674609
4.49502267019332
4.29620452471847
3.95686753088341
4.69153516468481
4.21863799215595
3.64678957741531
3.82997294131089
4.04174604445611
5.32688048135828
4.89879540505208
4.8945712457109
4.67801704317333
4.2808569666059
4.82849431755246
4.99206150627985
3.81891519669627
3.89302077974038
4.32489666433118
4.19728851887959
4.19536395820212
4.10202201493915
4.65903660382424
4.35516475074664
4.95455095888294
3.87149782680352
3.93826211975197
4.01824692295743
3.8136539825325
5.73923455981042
4.53460541663715
3.84228349325833
3.91856610008212
3.95650492803476
4.99486837675457
3.29796957009883
4.13725049104926
4.47480070548374
3.52624653102819
3.53728835601749
4.82731553065754
4.094689043229
4.46577523355689
4.92613135990829
4.61143238195291
5.67947251657079
3.60064138495064
3.96979164118881
4.50765522001496
4.71073039713977
4.05181084196248
4.12440545597347
4.75809893163314
4.7942174845853
3.66573902429776
4.10407695007112
4.27733939655057
4.02029442604302
4.05664007753437
4.1182464921719
4.87837690611891
3.94253592360187
4.42872300094016
3.46697402179661
3.67589397957033
3.79843694627016
4.54582314494016
4.74340697277022
5.02598378654321
4.4738491402571
4.91088179283959
4.47475894841038
4.80369209706185
4.75125884276989
4.53118779728053
4.20179517330614
3.65427100522442
4.13438518649014
4.35416103620471
5.00072216861785
5.08742028222219
5.1083310259937
3.7120365108627
4.10742851221386
3.91644268463552
4.53797599052998
3.76158071186516
3.8535218707392
3.0967636204673
4.50078091597568
4.14462649931033
4.19540986938455
3.99846896106741
4.20255749382726
4.02661636739269
3.14023553974886
3.10664227577068
4.57216567634736
5.11935311334141
5.04100189743305
3.73988611966993
4.61192421682905
3.794952346808
3.85226896614093
3.93543763544846
4.59191382533123
4.26612336312626
3.95417995115386
3.25693829220808
3.73789983682148
3.84916331127863
3.780575305788
4.33238209130286
3.30415155915662
4.43500355903182
3.86394611073138
4.91916094504437
3.95732577168786
4.40436277973851
3.88792103025115
4.81072711502736
4.06641996522004
4.36028583916655
3.6717656041127
4.15651326541757
5.10541753383779
4.36270853582264
3.82828298315716
5.07643151479718
4.27008062022922
4.23340097867084
5.03439327333298
4.2974777749376
3.8051380019993
4.46394531728657
4.95431574242398
4.69406020098505
4.18230436539178
4.83225156414292
4.50356542040836
3.40024193970585
3.92380314169467
4.273284663812
4.83964396180734
5.52614617624716
3.83238039984764
3.73285333774997
3.9753862604239
4.09721482530296
4.09873577088251
4.98886170428539
4.35457798095352
4.08994585837082
4.38617728724533
4.04262071589423
4.98813298023527
3.91278268377854
3.74499568188158
4.38767028491057
4.5765126519354
3.68167101379154
5.49367911477847
4.51369040905675
5.75839173672049
5.05990811638398
5.33989942252859
3.87833049054917
3.19574579700596
4.41187683864514
4.11879849066572
3.25399108581776
3.48498085941821
4.60282489988199
3.86110311196119
4.21951071870365
3.99713729438358
4.3865920997248
4.72957330722729
5.50371306445075
5.79363945760998
5.49196536839732
4.96054826454381
4.48921450825743
4.19226853232294
3.26761874979712
3.57181833539337
3.69253564524931
4.51274273290657
4.4641858746509
3.41137148543732
2.98095470292888
3.3026733875634
4.0402592867678
3.91471008925071
3.85779045114859
4.50179538714466
4.08140681262494
5.31895609925796
4.55595509922758
4.18396699306994
4.9252474833641
5.14165571980245
4.57370977236477
4.13517091644365
3.65426600264677
5.18018996919048
3.76193542041734
3.07733913472602
4.56971548844582
5.24770327294897
3.65178436305576
4.2171676757803
4.21927173526133
4.38775599051815
4.57790810187025
4.55132634380126
4.15017448657877
4.15827355337023
3.89265622299178
3.99494107228553
3.86994320983683
3.15651479336206
5.19722370317576
3.51849189669902
5.02418605631104
3.55751779979563
3.95690563210446
4.57236614407052
3.99941598173613
4.95602592728296
4.55704676105809
4.88335463173478
3.71310036222551
5.39557234631275
3.70242201562522
4.42440133760433
4.21111562481627
4.45909039139719
4.59244911065959
4.39494304969205
4.03927147022098
5.46634232132896
3.7472729026356
4.3409360370857
3.93359005437385
3.56213518681304
3.48369984766802
4.59120773448109
4.01337940635193
4.24688808824314
4.08063973241683
4.15672403223371
3.34501249624755
4.92369170160759
4.3771380084175
3.71299031200278
3.86493002357102
3.86686271577138
4.6379858329108
4.47170837473684
4.31088889045455
4.82728330161357
4.74787696062512
4.78556173965975
4.23601905390486
3.58332088953662
5.08911458679182
4.58504471994172
4.33300316919556
3.73507196591768
4.08566312368543
3.89203809487361
4.9783056999055
3.96271371835486
4.81197727016225
4.44001548194677
5.36154272177179
4.4758624883919
4.37369235997387
3.81518504623864
4.11480982926503
3.55058808211875
4.75817907692242
4.85628833667917
3.95425544121397
4.99405670088415
4.69101738485985
4.51387083174862
4.65075891941039
4.65079585479406
4.48931854630603
4.49700014194116
4.14354657038616
3.70747083869163
3.99599422960921
3.63540290041351
4.63932861844362
5.13468009202092
4.20074755939485
5.04381386873838
4.15218505962635
4.13370709702179
4.31870193415437
4.41231625995511
3.88312050077078
4.16179359472176
4.02904123235357
4.69136040478952
4.09739465267077
3.63157267301017
4.21662094822085
3.63353286484092
4.12434032327971
3.9211442830379
4.35578961971868
4.81345736498804
4.14944115981538
4.23047865154512
3.1193683234711
3.86663355587063
3.60262448186336
3.70840957075184
3.81384245696266
4.20673406778051
5.11123293703049
4.74557806322863
3.87786712847965
3.80158401414979
3.79807766715586
4.04161242999304
4.43501212049097
4.19895595046789
4.16409321981779
4.5111167899657
4.08549035994122
3.39151971242487
5.19863969395985
5.57738836972167
3.08745994507717
3.67670999582155
4.60604205603087
4.97532498978657
4.62461045162636
4.57505745931399
4.84375896198053
4.54837893804181
3.23954181316637
4.47584497724791
4.33974410205368
5.14544340827497
4.40520344670973
4.36540316432982
4.40166337046383
4.10375278903959
3.84361106245733
4.41334873546416
3.37947012372391
4.74329821624885
3.4988915727183
3.94177861630956
4.03915914220178
3.66078790226688
3.81014802200166
3.6305806659263
4.04077401138248
3.86117621169009
3.63198366932857
4.09218493862828
4.1988190645833
4.28377374561931
4.00302580309786
5.22752371292889
4.25581672159451
4.37710790607335
3.44256747095235
4.42930872733374
3.69038697145165
3.30211101384317
5.07634263904264
3.82531393174284
4.22289280316083
3.59920431082162
3.74375698154851
4.7105999131357
4.61804176989708
4.31089698306557
4.16138426859449
5.93990873560367
4.64277943114378
3.71855462746394
4.45984186208732
4.42521410775331
3.3927552981596
3.65986802579786
4.55167094847375
4.73062407179651
4.36038018417836
3.84607031996127
4.99842706999844
3.72423699441589
3.86411959757945
3.96443997744845
4.58699843419768
4.39053056939887
3.49518145079189
4.2984689501797
3.73676558490683
4.47787824140324
3.91722352660955
3.87701831623398
3.81598118905799
4.76069285993538
4.34047319274778
3.82500325732515
3.63642314169777
4.16326155157416
4.27462954254196
3.14870638055698
3.44995448949668
3.16531458730935
4.16037830298412
4.35470455689902
4.0868710093367
4.44673845082743
4.62982370211384
4.19583305380799
4.25637098040727
4.26132879650507
5.06069739243332
3.865956328011
4.72721258087942
4.33499636716015
4.56965122119625
4.28080256452461
3.77156284625901
5.49529292270887
4.03979193034081
3.1582643360067
4.47395172455745
3.89832429251419
4.6971954796668
4.86710857227397
4.21733752017408
5.39021478462068
3.75376600906306
4.67633395817327
4.98543155522838
3.86248095674244
3.92361150364231
4.08746376945598
4.04780515916169
4.04375080945425
3.41808808923588
4.52278942164673
4.53834303194124
4.62951548795602
5.54331986714376
4.26154926992841
4.02801739871906
4.67110609509554
3.72534644178049
3.39299932887547
4.38218575054241
3.35340106691198
3.6791014245903
4.14228003446171
3.54084908820644
4.05233320305673
3.97931879582721
4.117892419526
4.35440281352352
4.90858483768769
4.39267341232767
4.76245547424507
4.03897483056662
3.75939662769836
3.92851525821204
4.26897219827283
4.56311267510992
3.86871688227241
4.28031001579687
5.37466620961162
4.58365175092674
4.54554436541664
4.86332759412514
3.6169095172971
4.26055088568319
3.17916545852836
3.45390712871143
4.38119319339764
4.12885203578771
3.67510757442062
5.11181158427244
3.9719685638939
3.39503690035471
3.4634317294879
4.49503946706873
3.1544403247347
4.22884894846286
3.89552657802667
3.31320209202623
5.0518398948512
4.52527662059964
4.19693312064796
4.82291282503572
3.7948721687586
4.28063234963938
4.73388806545452
4.33895788996075
3.96297447354801
3.79806047876454
3.52855216792563
5.10832119562622
4.12509808005806
4.65072161178197
4.48154247144966
3.67326619200846
3.42012254297489
3.59072273727866
4.15484379493958
4.3225540326963
4.33777612659107
3.85066557711765
4.59286652442473
3.63046992792139
4.11072930476408
4.26207145989771
3.87792948107036
3.88966051080489
3.5106359387053
4.51271513285307
4.64141823875208
3.77147796029417
4.26861750272252
4.81815341887816
3.90238815327645
4.64231904747032
4.00256019243185
5.06345032523494
4.09453098060689
4.39214242407997
4.26403594178153
4.16679118436179
3.96040249156515
4.66601449129033
3.73844980277416
4.13635193956397
4.08854950326198
4.66229007546868
4.01562503997155
4.86715144320153
4.21163692660558
3.85326912086077
4.38361534327725
4.02715954425349
4.39140740208812
3.6514460753523
3.42871652466169
3.79978140245853
3.92644066193735
4.63962586084937
3.82882284630488
4.52396076768888
4.01397263659332
4.25755053555078
4.16624733191767
4.34904425013529
4.28165563987935
3.88578919682026
3.85875785474244
5.51869678483704
3.89298758876114
3.54605586260543
4.02523977028395
4.04192916397093
3.72663368457937
4.13736266660828
3.34796426457274
4.23070430932713
5.39618167841858
4.08333594629477
3.39002129164713
3.91731089087588
5.10930041117449
5.3553162861636
4.60072796973542
5.06898808692396
5.34571155941709
4.44500296838094
4.28363309874705
4.63196098425835
4.31518819988798
4.63555411543389
4.95908355585747
4.77897994510672
3.8400409942069
4.57157564716026
4.76235822259379
3.78230440040883
4.65821251728084
4.30857086496223
3.77509497149061
3.7856692382574
3.24185023798762
3.70959434192208
4.12430462397381
4.23938425470709
4.80668377000706
3.51883790648383
4.21749377105596
4.44511571582936
4.1024259010544
4.29211506447604
3.66739602362501
3.77055918751
4.1265068980786
3.47982348034772
4.00862888460468
4.16486397458537
3.6386766015083
4.48937567573534
4.56536871065325
4.237361146782
4.04482986455046
5.1319872852614
4.72855727835833
4.71849801417836
5.20775636491405
3.55991483103387
5.27670186148762
3.3047536846922
3.27883537495666
4.75694712630871
4.26754874603653
4.42553723952435
3.68886721041282
5.08911337869069
3.96724795179533
3.26010136665503
3.46969678180775
4.21350060319696
3.97375136036674
3.95402528462622
3.73644843999726
3.75226024303201
3.74584614042583
4.41179861895797
4.03399521997082
3.77700794024266
3.63630948699254
4.04210046014592
5.12339665610967
3.99214101959452
4.11186913344425
4.57998100184216
3.81773278990588
3.58068843620249
3.96599371403664
4.15059815955955
4.50948400725401
4.11228657324597
4.15149865537967
4.40540300016065
3.52178097729535
4.13045486520705
3.80505471564543
4.31268089391006
4.86031712196
3.71099031697353
4.50581260489237
4.97468240424302
4.47533496032539
3.66903063866258
3.97003248769274
4.03351509219322
4.2203268372247
4.82595084726024
3.73416073101606
3.68275803984333
3.52733936582953
4.23777841524749
3.38724928823977
4.52742221379703
3.55446518129526
3.37498006664481
4.65730590019986
3.73229280286982
4.09067925398323
4.83787298507874
