2.32042411087891
3.26780312973668
3.80474843858828
1.90358443457359
1.56405621059447
1.93446815438875
1.83347546523201
3.43033146185302
4.09589358820659
1.90839024093346
1.66409558660779
4.1481170489125
4.21947959005651
2.22190811908093
3.22560148712977
1.49499317804179
2.29941104928808
2.67967997199291
1.61392328056333
3.91292999018007
2.1378224212666
3.65085038165709
4.15949111882195
3.73871060106474
3.03101115962179
5.06556503274965
1.51842528808834
3.50269606669568
2.64500475337594
3.13685512885807
5.25907172779546
3.1372769010915
1.65620702355992
2.41272259098737
1.51784595059274
2.4230647229008
3.43335401028787
2.12084088811145
2.85476691429539
3.37958554416196
1.80593150830922
3.31216619660748
1.97636479146117
3.05559271234207
2.92342303113419
3.30024178148833
2.2827833520312
1.41275484999743
1.84953935087309
4.1170583870344
3.41630029836981
3.76328327857983
2.18551552363789
4.27667463398408
1.7365204527258
2.90748001169046
3.22422692656849
1.97873132008526
2.49911519326416
2.84741607569974
2.31985669191262
2.36883462457481
3.98939705574307
2.09413457064465
3.42880634271164
2.65128032012028
2.01898303994028
2.50362838869324
3.33873541859015
2.54705165037595
3.34964776391345
2.68222489846424
2.29530795407061
2.59445489897699
1.73251417666938
2.79209206506772
1.18144424646575
2.79565101553105
3.17926232769832
1.83717708019974
3.75899647856263
2.37268505927845
3.57219625517924
4.15533674989578
2.37549753094534
5.73973960647593
3.55222542460485
2.35530789410527
3.56373063793776
3.03575833432647
2.70448581731903
2.49013966998663
2.43781014296748
2.117749229926
3.46248592086538
2.56282337410254
3.97804456144529
0.912693058187232
4.21124728793106
2.77497074493382
3.23906339589572
2.77542246591634
2.33711749691082
1.64928309061026
2.86256074135793
5.17232417346419
2.52644415831603
3.04320757819915
4.07667314640155
3.94222840015068
1.27744817100302
3.62758228334563
6.28469231433018
2.57060303375986
2.17748672371125
2.87987844811499
2.58247303481317
2.40056251855311
4.46241363151959
2.38146069783321
2.11550433677818
2.5836421737878
4.05163763319552
2.6497396125583
2.68545797393515
2.98400275279404
1.54277273033279
2.1344769982543
2.80062517107052
2.88803396223394
3.30632116201033
4.40349598324508
2.42131690554933
2.49843626517717
3.14294699077626
2.51693768076515
2.47948772882941
2.3219174810664
2.79740410198193
2.35055638408375
2.46535100026953
1.53219121052353
2.73517288075539
2.14071262805594
3.08981475847138
4.04428611981771
2.32764367147595
2.37062247586542
2.63247036846936
2.06270429960525
2.83100996165237
1.7100472812071
3.36171083970693
1.42585394802005
2.58476861601448
3.24754261783181
3.67265060835238
1.72441852595567
2.34397096645152
5.08727584471517
1.92380336391305
1.96989533641129
1.87962201845883
2.21445631288079
2.23966448740612
3.02105713851664
2.89184008255503
3.22036440332308
2.15327982544954
1.89953252660473
3.19512599572882
2.84617305396507
2.23976761585873
3.44651811156703
3.99312254566025
3.76643415040781
4.63126255667702
5.48722704702861
2.80379101695215
2.86778639613488
3.26427177166311
2.12883417979757
2.17458183076172
2.58772787665154
1.96071296191402
2.82991464246588
4.98221143289691
1.85868540572423
3.12697750459124
1.73625105546031
2.03648525728162
2.98836782318431
1.97648904617253
2.72969484940201
2.53183531355345
2.36798323105506
2.52039443430641
3.75792990060953
4.31333174243005
2.74420435871696
2.5828534976652
2.68867372963053
4.03786865999889
2.17474612020051
1.84204768072054
2.52118202834243
3.33969582253978
3.01785169782782
1.54941320594997
2.26365432550495
2.10801293472682
4.97290337468306
6.07402066940125
2.42785677879093
2.59325580080417
2.89622053745427
2.05303538445449
0.890510232979421
3.73047195953036
3.09481138836951
2.30247870743664
2.74016852483727
4.38426281336327
7.43938098255871
3.18081150864654
2.69289256377563
1.69675946112191
1.89650993724634
2.30653907129591
2.03881088428527
2.5207104960908
6.16666540385902
1.59797067824101
1.96181122795077
2.5749668244912
3.03198536035079
2.77092692804377
3.04309639634158
3.66260706733526
1.92169555410792
2.46913207760054
1.76919914986965
3.88316986654571
4.66780986120322
3.80927412330092
2.63098210252221
1.54606959739326
1.6831087355684
1.92613372451549
2.30926650834152
4.09010356426447
1.98840255408232
4.49282647737907
2.22244065758843
3.07389516303884
2.59331862925273
2.02888664621577
3.33882643244363
1.21583619801585
2.09948395354875
2.00695863043042
2.12494403613247
1.68726648317256
2.44129096677427
4.79606293450123
2.93389907689645
2.42524115954755
2.38461662215468
3.1379391809304
1.40875638000503
2.68047214618936
2.47587239404768
3.10722586953431
3.92961007529044
2.49361108292766
5.27710450047599
2.60096612480098
2.86917186115524
3.13108031379948
3.0199024002569
1.54286642594159
3.24135878582972
3.94301145585105
2.57475515408249
4.11344066569403
3.08470843298395
2.52532911116991
2.28423583043571
2.18544694583623
2.43297053076332
1.47187633317458
1.87916880620714
3.38695340038392
1.72181106929181
2.3844577693146
2.49199095506224
2.15904684449287
1.72774299313095
2.71843412879347
2.56857168372636
2.12277373788775
2.40808715547152
2.77644888137366
3.04778061538417
2.85788228227736
3.84343192162003
2.52291538902064
3.53369292656232
2.58353926525515
2.51024216705396
4.68210991170131
4.00296412215381
2.20881298630774
1.4423721689557
2.54713589724774
1.92886433620474
2.63155567878804
2.7420151801727
2.51997257708526
4.08165264279404
2.57863251857573
3.39059930704823
3.42357697145601
2.58656243544119
3.77396221938429
3.3046728911213
3.9817524683237
2.03432553097991
2.65072877670966
3.15882940368691
2.32028832270057
2.22839996827202
1.90465993042736
2.22871475678768
1.85345709878101
3.12513056007176
4.32809289500507
2.53634222598191
2.05341503067049
2.68125042859777
3.70268688694365
2.71695189523358
3.66111776849416
2.53174678885348
1.62593975906387
2.79241189815588
2.991388748555
3.26868018432176
2.42032631171346
2.38870487634857
2.44301017178617
2.66305363398009
2.69661666126382
2.98863653610757
1.83253413432469
3.89009823636665
2.89308285872158
1.7953847947629
1.84686179896785
2.51764608626831
1.95120418257578
3.25152739561803
3.3459307573777
4.31582205186011
2.15036148695746
4.36137177068388
2.30656741434816
4.03409082690323
2.37948206612203
1.96846602917532
3.39865817942816
2.1172109087639
2.26074414960509
1.37462353287039
2.1326466303164
2.90496428790331
2.57444919258121
3.97839308590245
2.1142668294317
5.10989576772428
2.32454444331541
1.13323341568968
4.23213769737666
2.38485148408826
2.45249822555743
1.66331021755397
2.73896624968045
2.71117610461097
2.39878628640464
3.47963697367719
2.60896356631345
4.34486140559386
3.21992233155773
2.26579520549017
2.69528301164277
1.68869044620619
1.77013458026197
3.97170539384359
4.5211746020399
1.72287442307101
2.01454162756034
3.06688753212965
2.8735244556386
2.3843707700635
4.25569019823366
2.71709283094843
2.4015074763952
3.24251536974516
2.44483065204421
2.52500900953851
4.50632779535479
3.66978850612391
2.61125590511609
3.15154811863398
1.68776390672285
2.01293259369645
3.07114471957254
2.71140010218005
2.59451633500035
3.20432576952528
1.78771065200215
2.20897147270954
1.60960114263949
1.73754667690463
1.72736352023026
4.86561902181816
3.82786672617588
2.58011023439359
1.96301585189537
4.14134871429723
1.88916707509119
3.53802396650691
2.62917785560503
3.74018630748685
1.82747428780813
2.97582495200107
1.9688430387677
3.27645075317372
4.44644106768686
3.52028556465612
2.95322649170852
2.3363969288231
2.58642000805083
2.58670040316864
2.49990762650179
2.86514733663552
2.25781801161053
2.07024245413883
2.42948730013181
3.25332372009932
3.74640331797896
4.09595096781764
3.4293605118194
1.98111100091483
2.35023916156699
2.20457765140673
4.47567233776163
1.5800781660275
2.79190776677729
2.3509321222377
2.09027835024264
1.72244659074192
3.00932239946484
3.85862940271726
2.97803627376951
2.64236573325808
2.42021598467813
1.54257315169229
1.69068285438229
1.92233915862812
2.33030247219802
5.66015621970522
4.89416570672652
1.87749850127518
2.04919059059518
3.2018191678078
1.81088718267425
3.04075780766073
2.53670692728814
2.57307221927738
1.49897362783354
4.1531848727499
2.96057165091578
2.56643612555248
1.88672217152425
2.06782731244122
2.00051986297863
2.75878217871626
2.16037127939513
2.00189136498305
3.078868243398
2.47281897713084
4.52994675059628
4.4853452153301
4.02142799461654
2.9807221584077
4.19991241679219
2.97099991952039
1.38848423164213
2.88713239843056
2.65718037575619
3.93983415911222
2.42807881367922
3.08078257525759
2.41268436051444
4.7787244273122
2.1488525280683
2.6105655280855
1.69411162483427
1.90918856274184
4.37714718291467
3.58954214386209
2.16255080426803
3.4937107938122
3.6669710180463
3.21039006815769
4.70479118324796
4.54098539087177
2.41472697328022
1.21357630778019
2.95966409279708
2.78859836833362
2.57371900540821
1.99276401777489
1.51035720630032
1.591694839938
1.96043406556322
2.84116722893008
1.98292017881337
2.11435295688085
2.05089164291466
4.7408446303302
1.9825987219509
3.3612597625164
2.3067073607001
1.79469054771722
3.64487943559005
3.02799368750822
2.17994634245392
2.27585015960664
3.40039354553789
1.88645022974098
3.40271402631926
3.01001491201566
2.23406761132145
4.13277609406462
3.24906892875255
2.29622334087522
1.82771158509276
1.92085760125381
4.69592338182055
1.67089028434596
3.66319411214573
2.60380210213094
2.9944113847251
2.83963956812207
2.29175197538126
2.36618694177171
2.13743083591521
2.766932672571
2.52634306515716
2.81771165143508
1.55777105703906
2.45129145048293
3.64990540382261
1.28508965051929
3.71287355897251
2.50367231050391
2.07481761881925
2.03086024366969
3.09754384969718
2.51961517685084
2.08835756924207
2.04726002358082
2.30957499737826
2.58258191321293
5.7957705405809
3.23332163345978
2.55649424817492
4.76473439599389
2.4141168822765
2.30541860142487
3.58420710867775
5.41466641652845
3.26810863534956
2.00539171643366
4.36741645218075
1.47179012618082
2.72394963684102
2.39456879652617
3.48653430265004
1.38134532878979
4.47663051601575
1.50350330784068
1.77256747204758
2.06668883782454
3.94827284870061
2.53876306541853
3.75320670133597
1.82344238024832
3.54986214060227
2.66125518959567
1.67096931499349
2.6246880183288
1.87656749630999
4.1034567108293
2.49478599756836
3.05446389734328
2.49133778962321
4.08197660849054
4.15311312678344
5.1301171635487
1.91189322264233
2.47896485746486
2.38555464600441
3.08743931824132
1.92517495611916
3.36500102533868
1.82597898506266
3.7015258768596
3.63744991251048
1.73115935421728
2.59892863167053
2.66488905590499
3.09325263287945
2.5857633137178
4.19786213542088
4.51964718517797
3.67381143849734
2.20327155790216
3.9760125105619
1.78032009387473
2.4902091669373
2.34455443875063
1.95446243463892
1.66916253143523
4.57326779167079
4.09707975556899
4.06457977123675
2.48897613661014
2.45357675438873
2.43003600426971
2.31369644964363
1.66755446621625
3.00305948929637
2.2447803180915
3.19478350981053
2.08484631810271
2.03128824661696
2.35410059689819
1.89777003120405
1.85139465962667
2.91843486053615
2.83787971213849
2.65435202169665
2.52054052104739
1.81160252172989
2.72327108903732
3.31056999656335
3.33613076572777
1.73780565678099
2.39024787148923
4.08238820630427
2.76790437646147
2.63188751403714
2.08520402398314
3.69713713284693
2.11927730436075
2.59072417045764
1.90444546957273
3.61118961991168
3.61769030115832
2.18262871037745
2.24123431413104
2.03949507555251
2.43033086411064
1.24661765785833
3.22614557884334
3.88819440698263
1.84611512736681
2.08331764977859
2.00074382682691
2.48698970016868
2.75758236932536
3.30423886295306
4.42425700546075
2.99947747115038
2.31494176917459
4.24575268129802
1.61345881563201
2.82569171706462
1.02961175191277
4.28615824026225
1.96277136181515
1.89365985625346
1.94078051233269
3.57482187971536
2.27898810090898
2.40270932652008
4.7943639345451
1.6509754333178
6.88684453070921
1.77771873218377
4.27674676029374
1.41821454496197
3.05187881152373
3.08919805400876
2.42774974909231
3.20819180330326
2.9968898562073
2.00069187777125
2.35140103166554
2.07707127156933
3.42586948254539
3.96984374464825
3.6029724759921
2.98455124277195
1.4720505232291
2.16964115471129
2.11519548433133
1.88728605706766
3.70480266899151
1.7600307497829
2.59933001476118
2.91485114828963
3.01716860588453
3.74513834140058
3.31076605052
2.86251094630699
1.72805567555595
2.7508061672023
2.6072993683441
2.01924469986373
1.86229243061303
2.80957533279135
1.39042037490732
1.7046636195923
1.86138083514155
2.99110646428729
3.77178311068611
2.13999466585406
2.31432097935894
4.87446270774126
2.31245003854678
2.4203009666018
2.4820936648933
3.25501074676504
1.83404774834567
2.32476087935555
3.59087792020891
2.91829148959348
2.58364402922174
1.87045010462262
3.09211515460998
2.98648250256588
1.93193716286747
5.81344480261714
1.67132676485483
2.75589546515709
3.30987141267865
2.80144068991851
1.95418173078708
2.5253938749787
2.82907771725125
2.38139010551337
7.09027272847941
4.12807014498077
2.51043244054922
1.77357071595592
2.88392213357942
2.3521232621144
2.51831177817926
2.21420924024868
2.98352381310289
2.41747606838911
2.14395230357781
4.48681498097686
2.79651818852346
2.93786399486544
2.4285108227105
1.67552722628486
2.68225201277818
2.03972364699797
4.27324914037002
3.98000409137751
2.26480198778928
3.69796035745833
1.73378207307161
1.75088652319013
4.81965633084816
2.06386986596032
3.30006106292534
4.45053623151422
2.0369419078906
2.8221981120427
3.42409789720947
1.96959471674305
3.46422022787884
2.05434173800398
1.94643623072812
1.99132443773305
2.00624338556541
3.37259623892911
3.03522445460151
2.2279999770099
2.03579905925306
2.24993815310068
1.8611472939627
2.52310570037473
1.74227587769953
5.71334142486808
2.30697890539523
1.09726233367397
2.62788235857261
2.11752080898681
2.6902383741315
2.68706734050309
3.80682755864222
2.04606949407615
2.22288652639474
4.14699382708492
2.26429223362048
2.00806053768056
2.70045553049576
2.94900560764154
2.72120211974908
3.80540145563008
2.43250319661222
2.97674346159704
1.77063124013935
3.4996380373434
1.7900260032589
3.97190545329355
2.66579532758347
3.00964058504907
3.54215015863728
1.42508993954792
2.40505307789545
2.17142388167896
3.41000836434643
1.58670231320321
1.61514105772874
2.3536152263912
2.41195319553135
1.7857793908396
3.39158931841388
2.78935738455734
1.74792132938364
3.43464996843896
1.94063299242796
1.65274268117088
3.57837205710101
2.6812479358732
1.58241314447475
2.98631804576995
3.35024161418969
2.42665956927756
2.47254692704593
1.22683069432112
2.66984517642532
3.77943198334771
3.50343190032238
2.58619651073411
2.55480668243737
1.93587969021364
1.93076996454194
1.48009495070764
2.86453835671745
3.15615140284851
2.23437708814827
4.76958503540789
3.41661893052661
2.76767374564004
5.97304115302996
4.16538446159645
2.87010562730194
3.24561538005901
4.71221866488707
2.86207951932688
2.21302652614395
2.73909107046755
2.29666114634895
4.40111381157682
1.42831741322645
2.20748619535179
3.20661250871261
4.45381901818364
2.20438224365166
3.31748771094412
5.03884062877882
2.27246888330764
2.40821843162175
1.41859496576361
2.37827340633555
1.94272378514139
5.30333955800969
2.92742589638459
1.80877608736452
2.81121823013428
2.46608598526605
3.97618266945968
2.95228898811354
2.52670912611567
2.79738727990185
2.1823477101368
3.95018664717814
2.4679033826565
3.63768954556825
2.32774446966222
2.84239705709331
1.69297848017107
2.37102586260845
4.09086922171528
1.61934308650404
2.80648372584298
3.28538178197516
1.71569885663551
2.18919241292369
2.60999624859742
2.4238651682052
2.62484327564666
1.47783633891508
1.94293875309679
2.3786100826993
2.32212702319108
2.97759496025911
2.23008819797922
1.78143903688706
2.56550573030082
3.93010871378602
3.96056819030338
1.33504898693242
2.38731009721663
2.72891489668937
2.13025987475069
1.95376070590377
6.19863390394301
3.50353296683968
2.04095512852009
3.98000147461849
1.87771883530974
3.30777341557051
2.69453712823292
2.70764345828224
2.95107581551544
2.27677246160824
1.67593497494778
3.69896891189837
2.22744749603545
1.67868094147172
2.32539921717555
1.66443711201016
2.86688939244489
2.39912406903287
2.54853508385929
2.50770793079638
2.59959045212157
3.27621162801655
1.78393369106275
2.01118470923375
5.38744484842278
3.07131705927696
2.39616855816531
3.20914460110852
2.39286122551551
3.53161533729981
4.72412957721141
3.58618380551872
1.97643059745179
4.43948146345738
3.64198028863129
2.0734076036862
2.05246662531802
1.73179187710213
2.67060544761646
2.96591943180825
4.52015318080649
1.36241004557693
2.30868761537134
3.96772860275227
2.24846299550152
1.64226686148856
2.44223151383374
1.40015374776783
3.01060073757484
2.66865507128431
4.36176482144899
2.30829781498075
4.39591737680094
2.20978384335629
2.27052917790847
3.64240953195455
1.96924118855883
1.88408176582806
2.6031542568278
2.30433700604819
1.78408493956267
3.33442531746476
3.23922552298595
4.65130556476284
4.02611705182005
5.04196510373783
