4.2850046693786
3.27785404312162
5.15986120143503
3.64649369910382
4.52370249716791
3.78699077953961
4.70275195119803
3.7582603368969
4.45864702204534
5.63472427653253
5.0208400888666
4.23297719872071
5.7321266274807
4.76477485353702
3.70391986132961
3.66673178088789
3.23784211479264
2.97252189691971
3.83890610793613
4.16879916432557
4.32907663959758
3.96224926360813
5.21516108973297
4.14717799753169
3.51601523685239
3.5127241489057
4.40612244313241
4.57888290748713
3.88453312698811
4.44368938108377
4.83920091578731
4.44171114347767
4.57244355870791
4.15806803785038
4.52512339186402
3.95709543223806
4.83881905893232
3.87245799726925
4.06915214193119
4.71880036471046
4.05867243923634
3.91733122217726
3.54878051857601
4.85050772490012
3.76476729994866
4.60888334202406
4.11996838814541
3.6205101351104
4.25709953204117
4.76075422368668
4.29117303617149
5.77644671698125
4.95427993487987
3.97965515613838
4.1819479614058
5.08696265970963
4.41236051984346
3.71755271458001
4.324651418288
3.99525710610247
3.25543436777006
3.95035928193881
3.756904234526
4.70964505916056
4.65162561713199
4.31109108117114
4.41810488289648
5.22771656438464
4.20321206862896
4.0517291049175
3.81611257377368
4.66233050894729
3.69708974423298
3.18671959849494
3.542776292784
3.7228362281114
4.96133923154081
3.83902319612986
4.22680322881947
4.90535179807637
5.18373050810121
4.67665737400797
4.40131493678099
4.07400935512738
4.4944256219445
3.72485728492267
2.95855693296295
3.38086281790047
3.90687661421637
3.67012209193043
4.36532492364753
4.58004668164227
3.69654551874015
4.34854351201848
4.52910065133547
4.05972045463782
3.95863666341955
3.96765924419051
4.48626205959209
4.45107498042056
4.61997458741209
4.56018605848683
4.2443833140956
3.94069053129144
3.54036105511644
5.645600949981
5.12000926344966
4.29137529260596
3.56207341791595
5.05904540638006
4.57533902126064
4.60519673536269
4.55779425629419
4.27579293587338
3.78388834305546
3.68894561111315
4.51465693263346
3.942769838966
3.87392389671491
4.22297635447131
4.27648244078986
3.51811333250906
3.93673962222657
3.18636944789255
4.49943179445624
3.88444107028588
4.64640387738207
3.93752823484492
4.65457916610022
4.80161418096421
5.0015405827069
4.09575145906844
4.23694378386127
5.5959052901252
4.53493742269831
3.71687250695239
3.85143878728306
4.18226832618856
4.44867041631097
3.84112590286347
4.90939047533767
4.05801377448096
4.20199653463313
3.90084563538924
4.12653357503256
4.05458054885436
4.72580365234065
4.00918378858476
4.63652944115233
4.41849568520882
3.94803900328591
4.41204384529711
3.88657655774321
4.08998517511228
4.15642998623253
3.96046634644827
4.3822958632371
4.15218169541879
4.07793431417078
3.45712913702042
4.18489136745432
4.1078374423491
4.85818027714368
3.58219495124539
3.60393651183664
4.07364312978746
3.82273878195575
4.11320264266036
4.36438431654709
4.20038208600739
4.21022160200356
4.63375236643414
4.00657693424115
4.53724775484078
4.34235108562461
3.63860418010235
4.02146522457449
4.86734560193268
3.82974888742082
3.89934948747366
4.58994250870686
3.95905284264619
4.33979462063531
3.69761227043523
4.91384242119208
4.46430274781895
3.12286292054747
4.04710759788073
4.24239441343145
3.56350177100446
4.74701819176674
4.80099566630663
4.21008079717132
3.89099552204679
4.65218697711394
4.15348840497943
3.02385773401268
3.66191734266083
3.92649451440616
4.45107300313759
3.86093042330266
3.56065646817525
5.13550691056853
5.13599983742158
5.00256656108161
4.09698041649261
5.10961334834896
4.69105818142977
4.40634384503138
4.61558242685871
5.0770526089438
4.01526084358582
3.79550141934809
5.04460788808512
4.09021549129742
3.7961152190157
4.20490919058444
3.7749445561411
4.47566401813465
4.58392024332997
4.83720402337368
4.15571356070085
4.73842358515027
4.48001005813456
5.27406961254325
4.28215964008816
4.32699631096249
4.35538990123971
4.36299514394778
3.61938797072718
4.88875410523086
4.71709303561833
4.53220078063283
4.18353066269875
5.48856740003056
4.38103825683608
3.8207598597491
5.41284125963458
4.13576031761836
4.95080829341107
3.75348998367288
5.00505178829488
3.79707971703332
3.90829336590289
4.54079041426404
5.21246672898874
3.58994036454567
4.14377134971842
4.80207173560817
4.23116829145738
4.12002785935478
4.79695157522587
3.72386871632285
3.74820558979965
4.26490426795685
3.7002545153783
3.39000035828393
4.64555862193713
3.78385303336749
4.27252422033563
5.05353237491462
4.36696047516194
3.29530048728924
3.78375353705069
4.63273109751059
5.38795582212749
4.20076227473138
4.23111843763456
4.64164225956789
3.97831610185919
4.18459278402509
3.87742842072916
5.11319244616708
4.39725792685834
4.34319239080428
4.36333842326823
3.81211071637947
3.54719074666404
3.99814443072749
3.50756488398252
3.77395705401856
3.96040576747271
4.89216850933871
4.05686145449763
4.76087939262594
3.67028613800977
4.60247590467549
4.26244301680952
4.39231004909804
2.94178844545505
3.78066401736323
4.26580464768699
3.80559518438935
4.54274585777116
3.74850369767336
3.19585781343126
4.17285123102987
4.16715185050478
3.48814457559413
4.97968933537349
5.09188319777867
5.50965595846075
3.98666215897246
3.90540558639131
4.19012406774044
5.15236153900774
4.29652946637926
4.39177643642953
3.9523580608894
4.61685370175621
4.15792771738624
4.51096212998768
3.54037597963167
3.94100853665481
4.5583941626619
4.1390581194126
3.99663680661319
3.75272870574194
4.60937835044883
6.01084460479901
5.60584913087951
4.20474454088787
4.17551440372752
4.26172706080144
4.78706495981561
4.02828024422386
4.08735411537909
4.56389004518359
3.92254338553749
3.4234125338991
5.19840512535389
4.13570402490111
4.98492196267273
3.42437215253032
3.88140606715612
4.58314920608382
4.37479087397492
4.55690858760744
3.12005435724879
4.39815737408435
4.34459561231326
3.77317083945138
4.19052565515755
4.18740380654014
3.80661651005682
4.7053562981171
3.40112076120543
2.84907533569082
4.94993358748492
2.96879124299403
4.80355925898364
4.44639415134108
3.7835705296968
4.7088639665803
3.94337604935707
4.26285756698484
3.96137013009983
4.14641679082485
4.38161793590076
4.2886157742601
4.5543833091856
4.60949790329557
3.61758283114562
4.86905689369173
4.57363077337919
4.20510448006954
5.01874840203878
3.43636272097729
4.50623019482826
3.36528307808824
4.35745272297479
4.44176641702791
4.55122970216055
4.47160473600257
4.48024957190796
4.38940782004749
4.09629113222265
4.68161511572619
4.24456371475956
3.68933340885002
3.63885131146421
4.42916316152872
3.99353435315406
5.98778747546278
5.49358016707508
4.47721843083793
4.58325387697541
4.67515306620982
4.08314539754467
3.69393060553519
4.18638155871401
4.37118728052904
4.53085867990214
3.81407191581025
5.25948777976696
3.64866574190981
4.07452006261738
4.10706785021632
3.97489547666855
3.4369412233974
3.89781770354399
4.67181339303207
3.45943423797308
4.74901530221685
4.87892363934212
3.63984689134812
4.44446717937307
3.70242316576723
4.12114109631732
4.17729772395955
4.72921869503295
5.63139339765756
3.76463112661629
3.41385845419742
4.30810115100571
4.10764711345297
4.22629939068193
4.82446653916937
4.58998735284385
3.96855138459048
3.6838937379596
3.72362671593184
3.94539227673108
3.7532490255366
4.73069946942275
4.01747695937092
5.04483784719505
3.9891608416467
3.78279527621197
4.79766476965924
4.79316261338966
3.95940759963363
4.27799257703371
5.07453800218223
4.00099767754638
4.26549357119454
4.51368360443516
3.46905138991414
3.48288949569379
4.08373982498634
4.01610261726244
4.31855643280947
4.35599597224816
4.55291611541758
4.28062818525597
3.56201832815691
4.07978092996853
4.82564134579521
5.58431533429992
5.39023542926201
3.11391039437983
4.73486309301147
4.62462608665654
4.3769062079714
4.47581991282595
5.0397464083455
5.374736862289
4.75563105874968
3.76765513424568
4.9683865686384
4.42738900136095
4.55397799053152
4.60299475725484
3.74268662834052
4.5079404820035
4.25278510745371
4.42917272097333
4.51032737618545
4.34719132596835
4.40561635188343
4.40656474665528
3.68452907529881
3.02118342132596
4.94712630643031
3.8807853144133
3.38178928809396
3.69938695094366
4.2065559401423
4.50088612983289
3.98421717202961
4.55354163223195
3.96512182477506
5.57687591694551
3.95632166216152
4.05495941343372
4.27104220902639
4.38480602340747
4.46483176390752
3.25630862013305
3.55529397486933
4.24001685428664
4.34576633129241
4.96915571351329
5.55531003896544
4.03599819324151
4.23632060170959
4.55140472373112
3.98496201153559
4.44885953715426
3.96818813889636
4.52315015902041
3.9949368959702
4.29216583559744
2.75954285624238
4.5640870865204
3.49915118745646
3.4098455388361
5.26204828044281
2.63337027328035
4.16296135183301
5.01226074656363
4.21055281072392
4.25033259056264
4.7927477847606
5.15573573532063
4.79867745754668
3.63046636125785
4.1045801497283
4.90719455000399
4.04855971049765
3.93945239970445
4.25774457398956
4.117351876445
4.7506188858088
4.32571929562276
4.66501487006139
3.99418055562358
3.94807566948778
3.74238198141891
4.65837272534757
3.66189404095047
5.22042632371535
4.42806177514358
3.89175008593153
3.55238169323612
4.59159724778915
3.8246944346486
4.73658450060133
5.31983904283274
4.47993012509445
3.88500030997869
4.55191095741431
3.6525054325264
4.18140431463044
4.90904555480112
4.53517422821673
4.94106829686268
5.69315829797032
4.92239005089623
3.32082751890476
5.73584203006319
5.17185529093033
2.98562612401374
4.83603471142745
4.20223214327614
3.78048540597808
4.79820557881619
4.4594012222694
3.53657348736837
5.16462486952544
3.7572207503525
3.53902308241842
4.2298619646067
4.22037369003545
3.27961096148653
3.68554070748276
3.74212539608765
3.68904905015933
5.32474410844888
3.5701107390707
3.41156354314712
3.75100815257226
4.36000393492623
3.53148183653872
4.35969740220488
3.86974127545942
4.36024179028931
4.38722688601145
4.52961036175439
5.08711870607169
4.27370522046961
3.82894131892752
4.07743525497331
4.30527062551785
4.85331455390094
5.30862558047344
4.02978862726469
4.91825181724086
3.97448403593746
2.97907768708808
4.39674393256086
4.71865260178584
4.31738714394843
4.26159529034173
4.04156984362853
5.13977112713831
5.1393145607533
4.66551579591667
3.90647940535808
3.29324742960863
4.50013622561009
5.24918546413339
3.87952769699888
3.51049664568833
3.36223770081746
4.34194342138989
3.61694456118464
3.22783268372274
4.0920123139524
4.42280017169542
4.55671801243358
4.77236448653594
4.52328484344216
4.14186063293649
3.60070977008978
4.12927356690632
5.21459734385374
3.64552264327612
4.72229555707808
5.11268186831295
5.07050940651424
4.98018150516247
4.97634900536933
4.20494363768843
3.74878103368022
4.81564017972189
4.68529185969735
4.63735347326451
3.48533602099434
4.03209625925603
3.32217524504767
4.9524323350769
3.89866220900371
3.79637432174474
4.40926590864027
4.85481028769552
4.25056850307964
4.10100545891566
4.66987306044123
4.17579644255184
4.64746016691294
3.59439521782604
3.81807392715003
4.48079112731551
4.67170223934558
4.75567181986239
4.58170120529038
5.59401151623842
4.19030331195715
4.15446527137469
4.15855464042258
4.2103575103697
4.0068023285052
3.23687734590752
4.45535082995184
4.41055596615479
4.28912455895888
3.72290640358712
3.80286414500575
4.70449910341923
4.28715677901649
4.70575968454035
4.80908972982842
5.2462097610627
3.15850240467399
4.05171836270142
4.10083219828813
4.50720720473207
4.26285381190967
4.3950186711046
4.38653943716441
4.58917983051134
4.69025412908466
3.52514617914567
4.17234079033823
3.79952437828147
4.808253453173
4.31219326166794
4.13512706115534
4.05267080914913
3.96770304010881
4.09098375840353
3.42834575829102
4.82560939440283
4.16878247091261
4.22311634006303
4.40801552851565
4.08079058668967
4.40808261443332
3.95843977778383
4.43388266908877
3.92373403407903
3.56922617540888
4.15377166672338
4.23422536688566
5.86285252938403
4.57687035357524
3.85862224553997
4.66144151604418
5.10455576465927
5.04863148508103
4.21565083706597
3.84631663373537
4.04982814044973
4.52346775600558
3.75482583544228
4.83552500393712
3.90330038456731
3.6308723201665
3.31017757962629
4.27100610041863
3.54252961734266
3.47770350631233
4.15361536276693
4.62724941879202
6.19246746315795
4.71909382643804
3.9085569475465
4.61634501244239
4.87788887254758
4.39666891204856
3.63700784196199
4.27460097628966
4.18890902922836
3.97063139626242
4.4836058489172
4.09018521093479
5.10136526099263
3.89310747947941
4.094647650121
4.0109615195885
3.27561301148352
4.35611649138636
4.02914111566464
3.82674818069439
3.82424177400151
4.44061169689969
4.80612480200494
3.83777481414184
4.52933622320322
4.09942788998704
5.1686208585246
4.57383800849778
3.91087449667613
5.78187771315337
5.09236796646658
4.6190595036961
4.13523524793674
4.56386060301455
3.75696101154478
3.72145860570039
3.99086770172845
4.04282094329039
4.48215615479534
4.57197013373407
3.45782466040348
4.89749598931139
4.31835541593883
4.68920417606237
4.31864335052363
4.99549085924949
3.3152838163389
3.90743140674216
3.05718811643354
4.43294153732352
4.64803077173228
4.34173202863098
4.06224285831525
3.86215333652562
4.71831082779437
3.84653268438422
3.35303064213285
3.92234757927807
4.40660616870714
3.40498219338018
4.12205912954163
5.09436201633117
4.65776421843892
4.30286998759744
3.91724294291248
3.92002311421186
3.74738832652973
4.2755504210359
4.12317794099656
5.28736541752139
3.57862937313021
4.77971535593505
4.30431192393866
4.49281715549261
3.42988460401132
3.72960698949072
3.82148505156407
3.79895618683583
3.18137635267399
3.97438439937639
4.06410458824203
4.0461120460863
4.81774325039461
4.31796388095419
4.36828404974568
4.82169290536795
3.76492483503062
4.1702783820341
4.4333022655112
4.94140129441125
3.84026419637633
4.03614761660594
2.94926662987466
3.98749723173208
3.38731563728088
4.25993779295434
4.57827116686336
4.50665213732321
3.67269709296882
4.86088302209404
3.9127840279672
4.00677020638497
5.04170320594371
4.50258588279435
4.8346549636168
4.11197329066985
3.7084007510862
4.00206006135074
4.53603852556395
3.53116058097074
4.82981865403482
4.62094991533337
4.85072121630016
4.15266727747359
3.30418816523174
2.85173441067995
3.15535850794464
5.06344356994095
5.01124389968482
4.17306945699585
4.0759811871759
3.80398384969024
4.51417761901659
4.59632659426684
4.50991556422537
3.64733884509173
3.81308416220648
4.58083659197158
5.26545729015343
3.5649136370355
3.62742419070984
4.70896709227018
3.61486197949605
4.85109533154643
3.52934035421556
3.60630754563282
3.75124514442913
3.35734797439265
3.69880911007443
4.47100629616043
4.82308996981693
4.35663260492932
4.20587950872238
3.43894194139143
4.09096946215061
4.58649888090808
4.57498203771001
3.85426387174647
4.53376301007026
3.26817420936082
3.61602110789572
3.98111225950261
4.07766427267624
4.34245591464723
4.81922255759283
3.89275011900248
4.40785766294778
4.15623377122122
4.26469380034552
4.01836973427154
4.57749257373798
3.81671626182582
3.14473383331323
3.73421426813396
4.47494134322899
4.15036177575058
4.30543195684338
4.29514128207039
4.31004389025913
3.59644106760771
4.03659459683311
3.8284985837065
4.71672823021273
4.5179951199598
3.42004822341003
3.65199181698988
4.17971489341589
4.35431067618165
4.31230270977098
4.48036903224278
4.21789610093558
4.28630403824509
3.7099061617479
4.34109527714517
3.62366044254601
4.30230380579409
4.02336388678852
4.30247466595184
4.92316493123385
3.78070790587106
3.6849582917801
4.68641808559142
4.95090548520564
4.44261417326778
4.70681524082111
4.61799127233107
3.89409246480714
4.33678113045192
4.94996897650704
4.32929277528085
3.74167551663525
4.6477031330257
3.46381589909997
3.68081132831377
4.08547979450222
5.66921823560812
4.35791132908343
4.66555631363613
3.47558407550815
4.27215548898243
4.54468700459668
4.23771143955277
3.66076635846922
4.55681017500993
5.39823022027073
4.0577692226916
4.45630911213512
3.75920367589498
4.33228647315469
4.02225376789118
4.35613811571906
3.91748250931475
4.17962754222795
4.24755085542349
5.31334862999406
5.03898636676934
4.07734249622382
3.63052679834843
4.69811102644921
4.56741005494136
3.66872356686846
3.58676897578332
4.67113581498345
4.59610780093979
4.05049578016716
4.23170291848877
4.64298212928219
4.05602998197411
3.69067944973195
4.64731603216573
4.62009243994997
5.06712723927865
4.82351711567708
4.23949735490941
4.23174989481337
3.54806579069441
4.82267052916078
3.75175210803734
4.32296185965877
4.5827907973982
4.34003568157654
4.56199492968384
4.20830194204234
3.76350791905552
4.2956947253087
4.35989997240595
3.82296562876365
4.62733169962883
4.36127931797667
4.59556917708018
3.81596206563393
4.50458037998347
4.05882523817069
4.40261367106581
4.19067937067645
4.2694038815611
3.84992921480716
4.4286041290205
3.51476730302914
4.14189773913703
3.88659293987833
3.97804089546748
3.6872446169925
3.54453241421994
3.82526829363398
4.05028996013572
3.93259321026274
3.99546646806241
3.98379728876204
3.85287482382728
3.35362892029784
4.33959744879778
4.01098319995415
4.58519605529759
3.95941530503988
4.69959243401201
3.82251197439296
