3.9655666132805
3.8270403360569
4.1019006689216
4.20779470039026
4.27343667864841
4.24339168010376
3.12911375218197
3.92202204490936
4.18960565711799
3.92217343316026
3.71374323883143
4.87908960382429
3.71516306349056
3.91492993815381
3.19268579416397
3.9573632593133
4.35318056856823
2.96916966688855
3.58832788147497
4.01258340176497
3.88129498896842
4.77636627546975
3.9064910173271
3.67640861848098
4.17757670359217
4.50244284155141
3.39348457029389
4.12106648134061
3.49567739549285
4.25647558097622
4.51185282550681
3.47954787984067
3.70759911141093
4.17479143336584
3.53007455707461
3.69105394020566
5.26595349258471
3.89526799889822
4.18279234133704
4.3678815849427
4.08914217037862
4.07186852959599
3.99704264725664
4.09934280383569
3.98690800960207
3.83487449391755
3.68679088125788
4.04534823470686
3.48586888857764
4.90532036258021
4.46513467446212
4.90490771061517
3.9883633587341
3.19251206145116
3.42748202901808
3.92022574358256
3.45137236154648
3.22122974326197
3.97215519834554
3.88727126914168
3.67132060042024
3.20464769783934
3.19115332204047
3.44054677327678
3.67893632271569
3.62220206957377
3.51415830108505
4.05800158272623
3.82823217986303
4.11630009225878
4.17322210748449
3.85190769774153
3.663899167503
3.59676837160633
4.0555996769774
3.63355654169375
3.30855866304812
4.67044467092105
4.1787495294379
2.71097602967065
4.05785783042195
4.88031391214896
3.90359117731977
3.51382441772371
3.94775478605877
4.09325742333828
3.72990169332726
3.76441225269214
4.20846963784024
4.40990774107396
4.42321801570247
3.52051365647383
3.93746807505505
3.80709788928579
3.65255182881482
3.38361743914661
3.42124949044999
2.9770680307991
3.42446229935177
4.08917560504865
3.27248464140089
3.72929375144723
4.26675581522543
3.84263737162516
3.7406836263552
3.59571951869337
3.45206459422265
3.5826933903268
3.57058122109549
3.83608528325199
3.49859667489876
4.12933885626692
3.51402226716874
3.98700275043206
3.62228819531205
3.5021470620098
3.07770779765774
3.62815640801405
4.69705203074816
3.88934759684139
3.64505771476901
3.33505591266063
4.72036678658749
3.09585026738022
3.74342442374367
4.18152337549771
4.74954874546137
5.14374123305266
4.51552310759506
4.64590309408831
3.79813900964871
4.23290709595554
4.12521024525039
4.59340262564504
4.43374115775326
4.13869148657131
3.54476286527943
4.26273483173653
3.3934581972162
4.02129782979177
3.93818675761428
3.39488639115047
3.5248972145967
4.32130257773018
3.86987253100333
3.18688720991623
3.90161577460673
3.1711773719842
4.5349190784058
3.96963866872527
3.87746241030381
4.32887426131972
3.84832377891516
3.77764353212329
3.4558279108457
4.22515207810101
4.08262988396676
3.81628893360055
3.07207212986813
3.92297476875656
2.80087668011448
4.42348329313706
4.42613627179388
3.36918255630651
3.6161558468285
4.15360777037884
4.18200117601335
4.30591269176065
4.77461155465489
3.91363200014752
5.08363799588292
4.92746048355478
3.83026222999587
3.37188748923065
3.98286674026992
3.17553380799342
4.69336050787336
4.96617345155173
3.92075881982487
3.76307103238452
3.70812438853902
4.46701104025345
3.59694128739775
3.72046251909289
4.20896406306872
2.99374054927865
3.33204749657626
4.37971319988465
4.00890846271104
3.68607815574646
3.72745729584214
4.13827497416156
3.37153606363814
3.28413756542582
2.77942762140706
3.6505687078807
4.39464334603195
3.87060924060436
4.12741234052372
3.44332378570012
3.89069953041943
3.72314841606887
4.40881477915583
3.55950060156599
3.6000324273982
3.92024434215731
5.01233482755694
4.23777986315197
3.21726451091065
4.04048786358344
4.78201838824289
3.60279757741099
3.86762469474846
4.3027862420596
3.68244226004905
3.32802672409212
3.65878761715111
3.21374049469166
4.23543353574749
4.09761414820241
3.59594120451013
4.26996682595999
4.17005392600685
4.47495186022326
3.45743764021025
4.71620093595481
3.54559212838652
3.67725679756944
3.1705651182195
4.43778012306995
4.42481392112154
4.05019359325424
3.9723371666933
3.86939786713401
3.0620251703957
3.27922903436824
3.55705249137899
4.25817420615197
4.68444880163078
3.74971688736944
4.44065250313202
3.88939946054906
4.35083371695844
3.64854099364761
3.33299491859401
3.42939194217095
4.25523299300651
5.14235875286853
3.1275290388077
4.16419156419892
3.83277118942053
4.18309171776068
3.49130388889878
3.67366975100598
4.01270339876001
3.69559281913066
4.54262003593107
4.29915735483532
4.46255681402368
3.77989891861793
4.13812619787585
3.69269507947152
3.94847560173673
3.49752493237322
3.77398597587179
5.26705183502924
4.69483535899113
4.10959487325318
4.55826456481546
3.13781496288615
3.78374226710305
4.8536400379129
3.38437777772633
3.90693854528497
3.35025073482102
4.01456176722929
3.87654604144111
3.68150124515991
4.57847120827626
4.51687852787125
4.24569574703465
3.89921196092204
3.4608090087371
4.09039009492919
4.11472544667303
3.51246714952473
3.62675050781759
3.2078340173611
4.41383302759553
2.93662066359848
4.10844472628807
3.40730530919786
4.1832924617503
3.44314994495653
3.90154105599377
3.93645040225768
3.73231978018144
3.48918280677258
4.06793080068206
3.95776364623382
3.40696402510296
4.62873482819253
3.78891528277989
3.64259663912137
3.64926050432807
4.1527260228859
4.52562984836516
4.17367860595492
4.12362311440972
3.75740327005485
3.8480486980748
3.93140049106327
5.16598054789993
3.89351746346379
3.48056782698339
3.63808771203169
3.68118740832893
4.14304555230371
4.59950591402868
4.18773618211836
4.5989850861675
3.61950860982833
3.72932396746476
3.69094251561652
5.17558808596746
3.69687638925916
3.7157445849837
3.92393148163498
4.0627607039484
3.57301481006545
3.99726099804478
4.70198589512605
4.55848234583434
3.10650262073891
2.92716331817817
3.97405620966978
3.37748568678288
3.68981781216935
4.19989960354494
3.06593885736477
3.10647222218604
3.3952161033315
4.39996376218024
3.61670431104596
3.9255651506469
3.44468114374195
3.57345372526674
3.06227897024442
3.92939250274425
3.83793430278761
4.09617839016397
4.01117826392244
3.52416321645935
3.51785939706712
4.32407347955551
3.96235260247875
3.71791738190589
3.40536960170761
4.67597451510311
4.93052144340263
3.88042242667187
3.30260797214361
3.56497112006873
4.72041690249609
3.79122755314708
4.16697629888598
3.50785154260404
3.61026226620197
3.52460831536024
3.64613451054912
4.48090082047748
4.24261150102654
4.07431487375699
3.57243814208786
3.24469786091856
3.22267873046602
4.47792622897808
3.99914321551109
3.89535106737335
3.625874143337
3.4199585861843
5.13130446732332
4.02970604214868
3.41438539194956
4.44003029372971
3.43342406699588
3.52642909489192
4.94998930923994
3.78209422836158
4.48549878454281
3.08881284537606
3.36675171268484
3.96344904416934
4.88531056500616
3.78242460313296
4.58197794380554
3.41843952007299
3.51347049379469
3.45416708255644
3.49945065148698
3.27808724585901
4.03231320567396
3.16902039158764
3.90895224917959
3.5625840157093
4.922882694585
4.59133112261442
3.65854359849281
4.21244060866853
3.30412277218915
3.91344638416072
3.6041703890727
4.98451706995879
3.66245281567813
3.27349448344854
3.15112093834036
3.55918129417933
3.89900070945628
4.79498891943963
3.57564079298162
4.65187399679587
3.80729398322351
2.90391405966742
3.83233842902459
3.18622679674163
3.84719662756104
5.09522908801293
2.64585171202165
4.02077751920079
3.03008359315065
3.01225761758896
4.29415390561506
4.08439428388688
3.54446363077097
3.54531404243122
4.04370918417634
3.90363047635136
3.17845480772966
3.4452180536727
3.62231532589945
4.21810575639028
4.3965726205021
4.08642862308461
5.19824189858256
3.39583738212098
4.51451377497544
3.30547442808985
4.84398604771715
4.07435498044688
4.13748682377672
3.60094383270286
3.76851561367373
3.53068507779746
3.41632085539178
3.99787897801039
4.9027394995823
3.8195533181748
3.58155515200472
3.56430682744004
3.65596833862661
4.20945714094235
4.42745582198918
4.32269206437775
3.60347761953455
3.17857840047047
3.85504964537896
3.7521498230689
3.65786225711975
3.72189732321157
4.35675447365007
3.57448755356448
4.70424355781654
3.56544798204519
3.48337604665175
4.18913790476482
3.96984721876527
5.33627739864317
4.04096001149694
3.34457562444283
4.48875686079061
3.88303975800408
3.61885843255039
4.16726202918932
3.88471971578851
4.57748158242395
4.07267269794994
3.581036579323
3.21992406793926
3.56406281645533
3.42067944952003
3.60200891690881
4.8319669339329
3.73657703620445
4.16716640682479
3.91911726529711
3.63231033507805
3.75863026518884
4.49454106042496
3.06886170185598
3.15906621361572
3.09797241177166
3.52255916686099
3.29362480659038
2.62484456837683
3.7063688873064
4.66314887946522
3.59588697041175
3.18491155513823
3.95917157883236
3.57074014171409
3.66840471339616
3.28177995443547
3.53891738359727
3.30823619186737
3.84215375160062
4.30104158428034
5.14300751732169
4.23047423415783
3.85737857251416
3.34526280326902
3.71337783596208
3.36814107982508
3.60858997233473
3.78578389380718
4.41103101573867
3.93442791285346
4.12318031243193
4.12753303574345
3.46413973794436
4.22714966633076
4.07261128384853
4.23772500952121
3.55348326774469
4.09942079485436
3.55397182815131
4.20869136111511
3.42350534778111
4.27505201031908
3.88494533522489
3.55572848783419
4.14537507157203
4.31466484184352
3.70535603320983
4.67991126132055
3.73516663511881
3.46102882433655
3.98066328998069
4.06193413449558
4.19479997414982
4.06603840697434
4.10779473873213
3.59724097728802
3.68232646308893
4.16727503323443
4.21820285908905
3.17940379746878
3.37397994339863
2.64991887814178
4.06796601395437
3.6085437977846
4.21349450672074
3.3154284906227
4.18383355808971
4.46863406121409
3.33342889224951
3.34371919541951
3.98488249900437
3.61102594177121
3.8016551920453
3.85378781166989
4.02358584400842
4.72805180192226
3.90052402631394
3.6710595280262
2.85498104009821
4.00807753844852
4.85395646704015
4.21321792556574
4.1812451279024
4.39451907837016
3.17942082982779
5.01521767886025
4.85416888179197
2.76869075141963
3.06569161216809
3.81104140377704
3.80673985400901
4.49145422054713
3.71399166679053
5.38280563665335
3.06892287450632
3.87116512601038
3.13755700163457
4.28938115570194
3.10699859467811
3.99450044190608
4.17345409361528
3.87599967162692
3.52584825860609
4.16493219192766
4.18740458201432
3.47677341311365
3.94506256292631
3.52520587255226
3.49052359118546
3.68033873382857
3.93426720326962
3.15058771379776
3.81416349614686
3.57715804004667
4.02768389490864
4.06290174038097
4.32348811567004
3.74876043361964
4.91673198151455
3.3781757141643
4.63284224462503
4.06211444094744
3.79033336022741
4.33798310259633
5.03084252792916
3.38117102266597
3.81929703595975
4.19635815658782
3.44848509491468
3.75384221985205
5.60807769122945
3.5537371076114
4.48189663034056
4.00679740225229
3.82827272302003
4.02749569890595
3.94155596322652
3.35728367533559
4.05460639094549
3.79661641527709
3.84079384795975
4.13430148042584
3.25369132579171
3.32364399872701
4.02756072740244
3.28634654251345
3.34564443223589
4.05914645016676
3.39810487769796
3.96199764336257
3.84120581931544
3.96284920251039
3.2140559691131
3.73681976902629
2.96124914459974
3.51195559132408
3.48454830041604
3.91872827641889
3.71262328219741
3.64610662888377
3.47634105702992
4.49578900338566
3.65515270312668
2.87558940984113
3.36504038127413
3.34320040372127
3.21600650334009
3.58983116053381
3.16798515088752
4.52969360428753
3.59233817401842
3.57433106048239
3.93853054362151
3.69448754757286
3.13941877878104
3.1955274365697
4.23748958045065
3.49484780202316
3.58010678643866
4.03374872973099
3.36595704980057
3.69203691978837
3.42082386774677
3.49795111568048
4.14705927183026
3.27673341883577
3.6454095038387
3.6146490215349
2.66135099216677
4.73015758458603
3.95340603213883
4.30362959615463
5.30582326846308
4.17994364480863
4.34571174507122
3.56113482542495
3.63336133175579
3.70573034471958
3.54082697958224
4.05296355772652
3.71649195672132
3.07871109914494
3.44053829334708
4.25984207074565
4.55872196455887
4.33624393411467
3.52850503125096
3.40814327330383
2.64894014478334
4.16666798718585
3.58133451558228
3.57641017713439
3.89638701366516
4.21872803888842
3.65858812384962
4.44479999799746
3.63476342900306
4.00789259671493
4.20054086107834
4.76709314017341
4.794873864822
3.47564832113047
4.57102875570469
3.39556728335944
4.24256603285889
3.85687703652635
3.64950712278379
3.82836588922219
3.2151558968186
4.0302917672298
4.13857090068826
4.09448633958001
3.62030289081614
4.1913585325254
3.75411409372799
2.9995448742515
3.1609516557397
3.57209580693217
3.54567413460281
3.72388742045525
3.47756687021749
3.45920036402445
2.9542953641473
4.48218292943682
4.23010092935162
5.25153570223482
4.0368095387548
3.7101706675237
3.62397069756981
4.16058414293359
3.35939812569395
3.11931055896064
4.74908659709311
4.14581529259156
3.15437933803649
3.66763930461706
3.70852675757703
3.66307019636603
4.17066911080476
4.21669086465519
4.62675062713824
4.1664943604481
4.46352492311132
3.69660557601336
3.80620175628504
4.1063648066553
3.65575910738136
3.57560141063925
3.75213515102354
4.89327958744701
3.64914449069577
5.34186305716783
3.98066193404389
3.83732118920033
3.67353064509006
3.65385015476105
3.83102580978981
3.84383568253119
3.48324860136576
3.23054027466272
3.27690786924223
4.73230453914628
3.71140886428946
3.27544686779171
4.23757342533716
3.11912608630359
3.71545713517921
3.13502778095761
4.36730363703565
3.59924191897499
3.34461674043103
3.60702985795978
4.49623048205424
3.05641673779573
3.78711083528307
3.74401875986857
3.71787865997988
4.78851523106752
4.10839807320187
4.19522296744866
4.14320403613098
4.08867117756746
3.46877860666496
3.77663562196529
3.40742695847789
3.15168084054087
3.77636351387717
2.8232398601501
3.74061541157186
3.92305717975788
3.29709439084895
3.4736800852755
4.48230252942899
3.28027208241396
3.41271348255323
4.4992207715997
4.68926585180035
4.40742769215247
3.8615143015032
4.97173733212543
4.3371041274664
3.0299468962122
4.17027651023865
4.14552893193039
3.67627967003471
3.94841167565062
3.48054190881157
4.1875825256552
3.84223472070585
5.10400887477008
4.80187031160076
4.7122981863834
3.85981191301826
4.67800956498272
3.95369188655763
3.44161640377706
2.85990150594864
3.68240285052534
4.23516461934808
3.13212716923492
4.09060648787398
3.28591129841118
3.79440190977497
4.03723866054117
3.27762568973788
3.57660036620139
4.02105620952578
4.76344401415892
3.81332701529523
3.74743845926769
3.30295688577398
3.61731666022099
4.92196544522932
3.94339740193303
3.63725054278438
3.97954607796232
4.70272884022666
5.15178170143076
3.5187507034717
3.58958820337091
4.33883294919156
3.76696986917601
3.4237877358288
3.03261081961785
4.53094640467049
3.48179097582964
3.73149393470287
3.7537919797048
3.98146200148661
3.55096806099841
3.4607594962854
4.32183407851342
3.42852395170781
3.03777921282188
3.81918332461344
3.18089410570937
4.07836725735321
4.39758895260791
3.54057903549638
4.73718172351345
3.59852337261812
3.43212648311945
3.75155656769419
3.52372221447623
4.21892665227696
3.96638575366641
4.29803566846673
3.54600516938994
3.20941582317929
4.88552889060056
3.92365857053016
4.31545392160962
4.76714287703227
3.91043592521886
3.65629077266787
3.00986829254919
3.95302558164457
3.5597679057357
3.66278826769631
3.64622258913417
5.35572534050669
3.40366010166526
3.52991579380011
3.45769588272687
4.9468973707572
4.30219970597616
4.51264228334782
3.88179932744882
5.1362484133367
3.54514621979891
3.25273420913921
4.27166013224485
5.05811750989624
3.83758563148423
3.86115068998165
3.73911907472578
4.19235011859617
3.25628893830048
3.47126835128542
3.79879167596245
4.17240590530748
4.65715582920834
3.83636995997701
3.4509031588837
3.93024743152436
3.88360837153294
4.16125518236041
3.59427615334579
3.21062054197829
3.4623603281934
3.29764004996039
3.65677350611145
4.49908425214371
3.49752390378549
3.75294866164664
2.97823081929985
4.11521523067527
4.74473208548856
3.9957396094661
3.03330846922957
4.246604522944
3.92539415930296
3.56595246957303
3.91929974796463
3.47798330639764
4.23927023702622
3.7411879648126
3.74058109450451
3.53841527515894
4.3404958561712
3.51290549099856
4.17196544375251
4.2508169846264
3.79331104853096
4.23281327827832
3.13891317418954
4.14153803019142
3.44144185512894
4.56923780802175
3.48071291988719
4.70996464732892
3.51298952778972
3.49195665798957
3.11154693518415
4.78609774913167
2.8949893057081
3.57170564889921
4.17553067837493
3.67854046562488
3.75050841260643
4.0741270200926
3.81655973353795
3.4567414262584
3.33563191245027
3.96728077272526
4.04190372407866
4.50615363450567
3.63731351581834
3.75880347941314
3.69772349948308
4.08343352821826
4.51415696772217
4.36849709078481
4.84549745039154
3.968445696736
3.40348957924575
5.0982794671639
4.3123794770807
3.20012998446653
3.62493759285511
3.51380619575528
3.81950931820158
2.85338917907761
3.13471030739017
3.87699223842885
3.39635715585067
3.2401288022718
2.94572412100252
3.24861451147375
2.97642576767202
3.00269821152285
3.35194793085074
3.80331001452903
3.57841664294202
4.15203898197909
3.53929936929921
