40.4862585969956
42.706371908585
48.1694770723221
52.5368404404937
45.8578600733741
59.753743285547
40.7626001114794
44.6994769739891
33.0922905322629
44.7359004413565
33.2727451637789
31.6534815068694
30.0865743465738
35.215048070377
32.8027151661537
44.8023376364271
37.4930889745808
49.7407089302482
51.1940619634279
34.3337111761755
56.9482392507189
23.4387805536109
30.5822456926846
52.0064053723933
39.3440326334017
43.0483542696123
44.3460136223695
37.2035682096233
44.2007395070347
38.2990549689603
45.8991890287451
39.9231708422898
63.4083436795994
32.8092452427969
41.9691033504817
23.27274665029
25.5111924656257
38.1065875017295
47.3670386804534
35.9446674910947
29.3895458607113
30.9902066088909
18.667604004868
40.0770907995803
44.2703957741564
35.4598334994413
37.5104733240678
47.0578534521812
41.666188954698
32.5205028928918
40.6922673321448
26.2957675289609
38.5406022507217
43.5846040861
45.481571784271
40.3733445000109
37.3282594830668
43.2141316179213
36.506706243424
49.2618062156138
31.7452129875147
43.4631166292335
41.4833409075091
38.6425191364665
35.8633527240133
30.6171998666684
29.0372012527671
50.0070099631849
39.13068107143
36.9643307717325
34.8420118219289
32.7409159266112
25.5235341305627
52.6284812237354
26.5080046440005
27.9127482143276
45.5751135531312
48.8723232976418
49.64895731904
29.4306404709454
56.1332944480114
39.6654641156504
31.3789696080456
29.9688662301721
41.7360198305921
52.1107633977326
30.3000872105883
47.8012970792588
26.1492099120369
26.0489036173182
39.2397112592902
28.4386941969065
34.6752686094787
41.5280715432396
46.410813369029
38.5753610898968
28.4774931368634
37.4148785565824
40.1494084456763
37.1447028008834
32.9642254933426
43.4392947485207
35.1138695740632
26.1639478131596
24.4044678878551
41.6088889712075
27.2958050301525
33.3139697234883
32.8342178815096
42.6777440595583
36.1135212859299
39.5684599243867
45.6968621833781
59.1539705872735
37.932420500654
40.0191941882288
29.9124031539667
37.9443937720049
48.7288202488207
43.310807591606
34.7539230504708
29.5346551779721
17.92496320162
40.8171356849265
30.2648470059978
48.3913456871411
42.0536865063685
27.4636800603125
28.6150957338532
52.7416728378875
36.3237014683027
63.7939186656888
32.1044396660419
34.5270027243097
37.7434749185583
38.0705590972001
43.4343422994868
28.1646181312402
24.0524270391531
56.1441973178821
43.6009804027983
34.0051284536537
46.1553810137946
35.9552227040083
21.7232021325482
30.1802821571602
39.2470466846879
35.8449760447521
42.414737964198
29.7377145767243
42.3488746260818
42.2715869899634
35.4467182738495
47.4473230806876
37.6523010318831
32.24848046123
42.1443266505794
42.9173255443515
45.7871216590383
43.6853890861682
40.5016469398395
36.0138201606495
34.6909194646031
52.482188359876
45.9961600464208
42.8624423289822
36.4093506654295
28.2643356706733
38.0552821051967
39.4173943262355
32.0367786477028
28.5423191037123
25.788748601071
45.4121249592891
36.1364863330815
26.2760725106674
49.6657585523813
29.3900456689952
44.271736927963
41.4019202653084
47.4550699350764
48.1550495835577
42.0395788895008
30.3478544713492
47.1524936261088
50.5585441509011
41.6509576173354
34.8418424425033
42.1327853771721
59.0652663204414
30.5785571795616
37.0261403441464
41.8382487381364
34.1900650312895
62.0122188390021
54.1303899638262
38.4346203769727
41.0200658943133
59.5751939057816
39.9990248952749
21.8688278303596
32.3013020682846
44.1274664821476
46.6370749451521
33.7817542263768
45.6045412996876
32.2543212398579
41.4690432972633
30.0900562303319
25.1462725812009
33.8555127333396
27.6670425294307
31.5159318950105
28.9540913771832
29.6908897586406
45.0732068225191
31.547008311642
38.661486716989
29.9665218415527
72.7841398819354
45.390888859484
55.2388055208462
27.2512505659676
29.5112146496287
49.9208800961125
47.4038673579141
43.3622101725668
24.8290926260468
28.0898927090935
36.2124794173104
36.02426173049
31.3825716697903
42.0300443475744
33.0221694513062
43.1096709966281
37.6932869950697
38.7977796389509
41.2954927128718
34.0542195609343
40.22732641654
37.4907559075918
23.0618616953602
44.7759862329022
35.38069558074
46.2642281514809
32.3598936862382
28.7712688497716
35.3341461141314
38.5903006630409
42.5528597419493
37.2959162254601
37.4758815304659
32.8874203236201
33.0424218462305
38.5214899517794
29.6508959753781
25.9713323391042
53.9652244746502
34.8641742353156
34.1592093710502
30.795081805533
40.5622328991338
35.6522697486173
39.9456246428205
19.5573314190628
20.1344611981628
43.6806126819757
51.664106378033
37.4568090064087
33.5256028209914
29.7299115484278
29.2338319882022
50.1036896509002
24.9395287317742
39.3311840437889
38.4881671243965
38.2525782369149
29.2608475599695
26.5006468701282
68.0756593461335
38.1429176748296
31.1039713652697
30.2092838475184
23.6372911320659
29.0383857155055
43.5604186194855
46.235716585494
31.1693310579515
43.3258049955764
54.4202780859255
48.5368242188376
45.8087418414064
46.7842353229034
50.1204643885576
33.0245895128747
46.2466508505383
41.938433815992
42.8671769241944
48.2862437891354
42.3380573169094
33.7112907100244
55.3119680422555
24.2899398719688
31.3468768993527
31.2710672541084
31.5094887139477
46.3059207602277
34.027523389075
29.2852157415815
36.7652607272682
25.0388816748158
28.1655901258773
40.227744596036
31.6501960587738
35.1084391476403
41.2108680475194
40.3565545030982
43.4104967153107
38.0781273160847
46.6324445530734
35.8325662783576
32.0547825909334
41.5676740838969
46.5130814993935
35.1873049843148
37.5861824413254
47.7238187031794
25.3999561109305
38.7296412758946
45.3966996863116
33.9930222833005
46.2549718006085
40.6671577271926
36.2892525532752
45.3760457832359
37.1019685035034
32.4289664985267
47.4646187709184
36.5266430488528
54.6830055150018
35.7053213715831
61.3104498073684
31.3963443381904
43.1926869868408
46.5569310416579
17.7336458529869
36.0996725714604
33.9253249796411
39.2697382798939
51.0672255465952
53.5767822352538
50.6279091036021
32.6890849021605
34.3139440866607
40.5815202916
37.530449427329
55.7384791262913
37.8954241880499
45.267303107742
30.4615248724305
43.1427474280142
38.7997134223394
35.43381781392
62.8532749560889
43.9026131363179
20.8338453513215
39.4528730506015
38.7835396993185
39.786222937833
46.8342856449108
48.0011237225812
30.7246444425661
38.4501462177557
30.8727245259077
40.6115281647328
45.5051942164916
35.8534584120517
35.4986244858779
50.1869654551708
42.3462406934829
38.6330336548248
45.9772231386591
30.5858444547558
52.3735269072729
37.7052088510624
45.9631475121015
67.7338425060678
47.7737801812471
63.0376862873892
36.332470096357
35.3969607528883
29.0959845784962
42.8019498229804
34.2860085514939
41.8371783412604
44.383165467492
46.7075573768814
42.8606792774453
48.5274665725051
41.8051713972447
38.4442889749395
37.9927856473157
54.284477874511
49.1509682073795
44.5250344370236
38.4572363219696
42.6347996363757
46.694983919648
42.2776410280724
25.38878910138
42.6167228231897
26.1780441145865
48.7226571468132
47.7856536609008
40.699874913389
45.6042182829099
40.8176533134977
55.7686064586309
22.6866702482434
53.6979362853618
35.0980037023891
41.2263005966997
36.174158064227
34.6139451742954
31.8566862723989
45.9987270495029
37.286447775011
41.3611516257433
45.6242719645368
48.6818371820595
36.4507211710805
23.341850583563
45.9734429842069
32.6475328415149
24.2820486285685
40.7587289470169
51.0160382013179
32.703361895946
41.362806912279
41.230727927376
37.2140629182164
30.5250701871794
46.8061121445207
27.0429697133808
46.0816330097395
36.9170787458722
40.3108427675989
41.4501570282621
45.6844546788331
47.0676519054164
33.1681959293461
40.3690955617698
44.1203146445094
38.283838034964
33.7755072760209
56.8610697802916
26.715882263667
52.0497110980409
41.436986019698
29.8866702858465
31.4471284759911
42.9860538774988
30.1218858917387
47.2186945787495
58.2442349701979
45.9079395445873
51.2413493679321
24.2077751729427
53.5160498659339
51.3420160901133
56.7207409828602
42.6536075002133
41.2658941660186
38.4286935671393
60.404728733793
40.0779786993633
32.5497868110349
56.5221005697209
42.347960235592
28.8324886547909
37.2048646525474
37.969514322729
39.5810082873206
32.3887343771344
33.1825164032786
37.0128817816694
29.3385508310021
32.5406701583222
36.2108010030377
40.235970012316
33.505241802802
34.9651329546253
45.3779654825068
39.0682762286202
30.8006683151501
40.0460524349633
46.8915866634692
36.5772069289185
40.0808804942867
34.2519322806678
39.608269370765
58.7296271564737
32.4656488503092
45.5667313205489
27.7540670100002
31.7340989075498
38.2059657012759
62.1954541344714
46.4293477338349
54.7948734680391
31.0108555289157
26.7538006519946
33.1170069742225
24.6633100960483
33.8370006089363
58.7768568271872
33.9470985275387
29.2213965904726
30.378233105499
38.5575591159466
23.4650558428957
30.3149473269278
27.6373260158737
43.8526311880888
37.7105902532185
40.6782079133181
42.2432442266196
29.2634531497641
45.5261509184985
45.1444725781599
35.9144638613306
39.6741410992412
53.3524445982607
49.7647102445771
20.8247917528274
34.0239255412587
32.2485949310654
48.8732915686502
32.1152149485777
35.8745067983472
42.0168972003246
29.0007892698616
34.8992524496568
42.3046697112527
28.2425457914107
26.8946354488224
35.6355511587868
33.6172236751361
28.6943311001029
33.0882343964192
40.5340586636086
52.9105237180199
51.7259340133035
55.0202113787909
31.0946319522056
30.8733227547443
46.4575058548256
20.4843626493461
38.3389521727628
29.8470929627287
41.3424234731946
47.6349309974332
33.5804089938212
53.7387379019027
25.8684719497754
39.7592822627788
37.2669179774121
22.2496249250292
54.2268927650808
46.4427893932833
46.7642739391393
27.4676223087742
47.9543289250093
47.4924913191577
51.1569847607291
42.702375144266
33.3604290375673
51.2884894294595
35.7070287105944
39.5159116050325
55.5472734464914
46.0728401857622
28.7492431056273
42.569868893775
26.4752153706476
33.0299218314097
41.8600819523694
25.2062407842837
27.6298536721568
42.0996505841505
40.3819476925626
37.2301741957635
30.5034429346209
19.6349546209202
34.162557480243
35.1844540840927
41.7203666462007
29.2736281937854
42.6845976944465
48.610635695358
44.1986395484511
41.8786167562892
38.5983779379347
35.7677664022863
37.3696935727685
51.6137997506436
21.6516533099397
19.5282569716935
36.0013927600172
40.9666570266465
25.1056469788264
18.0875106834716
48.7271024577969
31.6871598351199
39.9897882139547
37.3627828145917
43.916722717521
48.2264141698268
74.1694321105797
37.4669749461233
28.5757379603516
41.0824418176714
29.5817111618383
26.5901781059536
31.8909396379556
63.527269681652
26.0355371895085
37.4990201334881
40.302761037442
32.8399870478695
43.6178568970131
41.980474925953
44.3777435160253
37.8752003049399
23.0837290700584
33.5802411380474
32.6785785500729
51.862861435227
31.6126641571641
31.0664646262356
37.6194812095186
27.5917606114286
39.9141702512186
41.9857623436184
39.2840290405494
41.8459316229109
40.1081992648638
41.9985156914451
26.9044405154054
48.1047777636132
41.2719282230379
33.9866497841597
33.9441232608724
40.2724479294294
46.2961001702539
24.7349169502176
47.1244251465738
45.6189786326092
36.1719334292289
30.2698381876072
40.5243567599373
29.5820023242334
42.3368048658745
31.6851410333467
37.8647875094808
41.968688930265
30.5924907703596
32.0916122697948
29.4784293280183
33.3909907238002
53.143661991659
30.0257213468597
18.0466756148655
32.2160509323751
41.5046579872381
58.1133242115911
62.6307510830985
38.7523967091376
24.5002648577083
35.806236577677
39.070343283343
40.8409343957204
29.6085331341384
52.6147873866653
33.7731234274733
23.6700351359826
13.6949028959916
41.9177855887496
46.3504523224531
36.7515291685989
23.7195260998558
43.6391862368034
31.509442076922
37.327207525902
45.7001459478784
32.3939665158146
30.330647445292
34.612317736851
37.2223606817851
31.4924256184877
29.4845818897963
32.0283079667532
42.276408084307
36.9908186158961
55.8838172354675
30.3602317238244
31.3126616171107
35.9790321967523
38.9505914653726
44.4531608949023
38.6783679884177
26.7649336176012
24.9193855957908
26.2383345919545
41.3205744484392
28.7700949779822
39.9016829462911
46.6760163077564
32.4023759103858
39.1792196827198
37.135309395943
37.2932703519888
33.8213225705438
45.5385842165695
50.0765523110973
28.5529854291441
30.5599576588934
40.7072124009342
71.4570441942217
31.1170782602927
22.5819439968655
45.4764763078524
45.5515631735851
36.53310915062
56.7900619173064
28.6988778157868
22.1721226247676
27.4002591817681
27.4029233015428
43.2791960263799
36.0763347078727
39.4402162807114
38.6809990330285
43.4972844280986
47.184314106793
26.096923376401
31.872513460934
42.0136203275987
50.4729738537684
43.1740816976205
60.4296044065459
40.0274211887992
43.6089478224027
40.902851707017
54.3603297909709
36.4873982779985
36.6308163235591
35.5595785373192
41.0212164863574
39.2955014971205
45.4835422002461
46.8262298798647
42.0914688878364
54.4590983400344
21.7084082433554
61.9754236367475
32.2318253348672
45.9693710185196
34.6782540883419
30.5994416240627
42.6283165065483
53.6646722507107
30.7124727324083
58.4961463434055
23.3967286881503
41.4499823509896
34.4737629820188
25.5754659040155
32.4185603615854
39.1328037811582
31.1322671032193
41.7600985195425
30.5929219229853
15.9479514618674
48.719940056947
40.0802645376695
42.1367285305974
38.5076605387537
48.3061348579808
34.180613030743
46.7309764395436
31.4892954860747
40.9253252841096
39.0129790071024
33.2381246520449
52.3700062882742
27.4344345913851
65.1763815900932
29.09623469625
49.7823223745734
53.9073755075418
49.5708680512513
34.3392772117725
25.8086433183244
36.1278199287376
32.3701768236971
36.288006606146
23.2874537798018
39.1909533900929
44.2887311263089
33.7461340142537
37.7344204830558
31.5779452457943
47.3439967218494
29.1188189968997
54.5658661292853
35.895522057744
31.4213693424716
45.4889064888269
37.022682076743
40.7634349281674
42.4534453046103
41.3760205117091
32.2046586115156
36.88324001135
31.9788377002469
32.1495963062292
25.479353673804
33.1974344379431
34.4559656583428
25.670085707601
45.8068520001401
28.1075689713453
19.908488737185
39.1588695028473
41.2217284503771
42.5100907358031
30.187412969834
47.4640449103034
40.8701240056365
54.980212721252
40.2967036449812
27.4361621354945
32.9109574833018
33.0570901318626
56.3549825841228
30.730670954573
42.2917677028655
37.2073842058026
33.9987236184619
34.4018816584545
35.1413435432944
26.105674433565
44.0992335946111
61.8759947307486
31.9013505937061
33.0227064682465
29.9350654911398
45.9860464854071
31.6407521693465
30.6741263952407
21.2157934166311
49.2256923425118
38.493289608529
39.8454299150507
54.7484169597795
23.3224569237615
34.1841314740891
52.0418330720512
51.656751475785
76.4114967295591
47.6777683650723
39.9660940814528
30.0823523179369
34.3007064690523
58.7693963697722
37.0910782928129
29.531130239484
40.8862050746117
63.6532388613163
61.3101531303472
43.2005258381925
36.5179276547277
45.1362057088404
39.2206464077553
36.0651727815223
28.6422715178866
31.1404707001779
43.0945864876228
31.304710828303
37.2393880122736
32.2955122742699
52.8436410976314
28.60844993235
46.5857183136877
31.4664478606574
27.2106548772736
30.7540798923283
37.1822540634796
27.734627514394
28.2557012466161
40.7522887344383
25.7651955115319
36.520072671904
37.160996410335
30.0200013965053
25.6388445742415
39.8901410903959
29.1465168817762
36.9954437186035
50.3229314423274
38.918445472422
48.4514376982441
32.2496297295232
33.0111646288317
29.5659412483339
30.1682093251168
30.9050615844662
23.2426312061317
43.5987381903617
36.4881826586843
53.1808188811838
42.8047693473123
35.8310578881213
37.9104471574799
35.8224513855571
42.1534570094632
65.9773556070286
47.6511200808837
27.5054767129517
47.0789475155395
38.118604617524
52.8720587029667
26.3291213695141
28.3881621314549
34.5628644407581
36.7369486015817
32.8067823278469
31.7340767125343
31.1653899070252
30.5423341413979
47.6448602553671
31.5327090158127
25.4451523982959
35.5941262224864
44.0991539019707
42.8270127261445
51.4799869495167
37.0391391493273
44.3542442368224
41.2422951363112
32.960142365092
38.7058111717262
37.7351824660105
36.9591925653941
29.2285008469965
37.6345081447965
51.1180794667217
40.3784871312649
56.8920389559184
35.8648653323831
26.2955166173123
39.2404110661459
43.8142221254094
33.507367525545
25.5754610243613
41.0789001287599
36.6773770933217
57.3883558225751
38.0274138161113
40.0078136158517
40.3699441177234
39.155173072246
45.0445544731873
41.3625109438851
34.3072436793605
36.0833422340208
18.2081720223102
30.2794479480762
20.0393663660656
35.6754600271049
37.3087066187551
37.4730540648341
32.365025497137
36.0589298361019
30.3535146354084
34.4418518709613
67.9407463955565
42.9627583620827
35.7825057872029
39.6530794479578
46.1280677336212
32.4520027812743
54.4309065698742
46.9781733342226
42.5794215505357
44.1273965734775
28.0738942669737
41.6603278217351
35.6119836290467
41.3000831541387
46.5457355025201
