15.733600049617 30.4066025094234 6.88844540674617 25.626613593362
22.7087754413199 37.515142211899 4.60141525837098 14.6718345760888
17.5187314975767 35.3437569659762 8.89477144624194 15.6958246156554
16.2113678259304 34.8160769821247 7.7073433542727 16.673323126903
22.7425443525011 34.3625637826558 3.30624585865732 22.6871889614622
15.7870451521624 38.6044011963642 7.13478922262351 20.4647954091661
15.3174434894989 36.925932079279 3.59955191990551 24.8432027099716
21.3011622879816 35.874483063952 3.08138719841375 22.2285033618812
15.7230243819839 35.694540946335 0.293629318745618 31.2824846843136
14.7594966041038 33.6820536926276 2.11550412793822 33.7082796202827
17.0812964597373 43.1062905709514 0.442892847790453 19.4112341607255
12.2833207315468 33.7466024846442 0.726646497038248 29.3965701322701
20.4656320233982 37.9709429382839 4.52287811070573 20.8354228773174
10.5756229347192 37.245304399897 7.89251165649901 23.5227190545995
17.1944000829863 34.8705525270694 8.50208255849071 17.8299045910706
16.7137751215461 34.2063096531791 7.68047106387976 17.2949176722976
12.0718423184063 41.5122573818017 6.66637839351606 19.5081842497997
9.09768746684219 39.5009936803505 8.79107804233113 22.9414989142699
15.0453963385618 34.2548457254772 12.5637280755319 16.1805556472551
15.0250109885884 47.9388767970239 -2.63458801329685 19.5794020211784
11.3747292022965 46.1744286582247 3.2341448544858 21.3352676196178
21.7762386749496 37.4519613740753 10.6365574577157 5.12993375980969
10.0056449539587 37.3076272369637 10.4124032212192 18.884162176518
14.4611537060465 30.7917960065314 11.4160705082619 24.0647535278918
11.2838969966575 34.7798580176985 7.39206178671258 21.8017728317027
19.3387247168153 38.598870769219 2.73962777624861 19.03149554337
13.057011335308 36.4746279407724 8.19975746453691 20.7119072765193
12.7435067545976 38.4776760045596 4.45336942264627 17.8255313701587
24.0732685191026 23.2921372206833 10.3714186113849 17.8642571514873
15.9733373398589 34.1243291833958 6.14382383431871 25.433535625012
17.0663134534355 36.648850171605 3.57651073392949 22.19999754594
14.6141225925147 32.6578782654139 5.8286974781669 22.8918093232666
13.0303702533794 37.6626753334857 3.98145068446684 26.1970844909962
20.087802445934 39.0556052798723 -3.12542230661544 25.7105249357134
13.0494267017333 34.7186645467037 6.09979026180396 26.1477939363869
14.2020682889502 39.6342962621513 5.86859515666033 20.8113824431865
22.0750699114367 38.8558157469805 -3.3843507652769 19.7499396017634
18.7424658774792 39.4589666440101 4.91275756991761 19.658157659614
20.3776119754214 34.9595715055687 6.52737043777357 17.5649656566776
10.4211400697132 38.8329848319984 0.130585551726504 26.7975308783152
6.23561969816777 54.5770314486656 -0.599969227910708 18.3688261955216
8.52883187114579 44.0285704683628 9.91492349637837 20.8931853913767
11.2203928450465 43.5742910879243 11.8658602683054 15.3145135706443
12.215299884583 39.9822652025841 8.02837240966894 20.9362508512687
13.2024257936557 40.7048387344538 9.82726493882672 18.6244346891101
12.9125353539976 41.99911239326 3.3032660931894 21.9154382444576
12.842708608199 44.6262316792278 2.86485021231699 25.2615506266055
18.0609233395104 30.5385927994837 4.81992326574727 26.8280379136433
14.7312002416543 38.6584796925331 2.12889103259044 27.3349342342862
15.0235031981006 41.778663329338 3.605502306212 18.626052079823
11.0172739149083 44.9195857640255 0.64205473858905 23.3295948490939
24.1185985196371 35.0941158991096 3.66251581455192 20.7003141477678
17.8620300271877 34.6803534104428 -2.0201316511374 25.4647404974602
15.3849066608845 38.8792035174947 2.29288450790635 22.4676126926662
14.8899030529277 39.6203023870012 7.85343400138291 16.7348540085557
16.0509841828597 43.9912007500681 4.43133883433729 14.5202156694784
5.51424349489456 43.705728220309 -3.87023134233163 31.5812586951646
4.43293275088603 42.2536334402164 10.0589814422136 21.8344537707905
7.67021794988213 34.6828783821718 11.0964352517611 24.3404493018789
6.93855657678279 45.109189057204 13.1983993025327 15.2295594362622
10.6745903745061 41.5653221296749 6.88968913619631 17.2685471441232
9.93710978868546 37.2634579138555 15.8842124925785 15.0935926431677
11.1570086337277 38.821136806151 13.4405885224574 20.3818722534496
11.9679457410732 45.7286303321086 2.474035379566 19.6902478044547
12.8502487885688 36.4819347290404 4.11312560597181 24.5960440647636
20.4719967273613 37.8440649299907 -0.626724852099575 17.294573835763
12.2810333697341 41.1244470910096 7.85258350484054 20.8700050200819
5.7620375160877 45.8614249952617 3.75498244606536 29.122055249298
4.45598663495922 42.067134599716 10.612267262203 26.3903152095409
1.46455097626255 52.8293234282613 7.26959012642816 23.5846681576187
6.65797663632755 43.9991602723785 6.96701884668647 21.6850533771612
13.6501888254337 42.8850298655266 8.11213309964047 17.8014608896793
13.2232837569093 35.9302447352469 3.21113255850807 29.4325698109307
17.1092220962226 36.9142338786957 2.76952369322715 19.4562849447096
9.17747307334385 49.1073727514492 2.58514451234654 10.9039946056455
2.35656275310953 47.4986594199865 9.87176982313273 9.73487759464684
8.99495851388279 44.30356647328 -0.77601410951512 27.6950918738839
18.7671340206713 38.4053997593502 3.17746380105083 21.1828103329817
24.835082258217 32.105104116304 -1.53343618865997 25.9705056893635
10.8232034965095 38.1888831237487 5.01433353451544 20.6405949133553
20.706410377911 44.8369667210518 -5.59369146642169 24.3531300187581
19.5426894659815 36.4234853830193 4.68686195857779 19.8326675634028
14.0636340368843 38.3503430681226 6.07675858904687 26.2609627866262
17.3315147292871 45.1033658793946 -2.69190277503624 19.6413602721469
15.7679650875644 34.9280234125322 8.7495781335708 23.6381896412963
11.443814020869 33.9132555465636 7.56825276484021 23.9486026119761
18.0824352611199 30.9793711266602 11.2363039429915 20.7039248050867
16.3833829752453 36.7917482178754 9.0466229657688 16.3836281038328
14.3493873768776 29.6560079593911 11.9252436203598 23.7726129240515
15.6261177858054 36.3884143561559 5.31590637593358 24.8820085534965
14.3827930726877 44.7339140640601 2.05253052754777 21.2737861517925
24.448548415279 38.272820742272 2.36611855704844 19.8015308121096
23.9174123541652 32.8770830078027 4.57948227991572 23.2591576206412
11.4400735432085 40.7840617028926 5.91102873698787 20.5811404298011
1.79372074938465 44.6371869571287 6.18244927779372 16.7431813500132
7.44057137259571 48.859409216389 -0.392496345215755 23.8822454533904
14.2365450680515 34.3421456547586 4.59291883742889 24.3826435393363
17.496866647335 34.0338307014641 14.0969606561616 11.8645671360946
12.7849098686056 41.3921934103114 2.48949269180072 23.31227218289
14.3390729904741 38.164077726014 8.48181707851017 19.3961564978184
4.30456635261338 40.8928159150709 12.1650969177676 20.5839493931638
21.1438521274624 45.5143188983345 -1.10416195549525 14.6340834593039
16.9985517421522 37.8782971616715 1.78490246691138 24.2861632240591
11.7069979679353 48.1410795367186 7.66960287744991 12.4660771304698
20.3782015738578 40.6840065792338 6.9599955237522 12.2788932872163
22.975186233584 36.0116792729857 1.31752687865961 18.3260599186334
8.26789871912404 51.3048737582447 -2.07104690388932 25.0109744225065
8.802353619654 42.9295650751713 10.0837328356619 21.093836988458
10.5619415555667 30.9965387651733 12.6287966111578 29.3442751689645
24.9775907293139 37.8875497594978 0.922366127769186 14.5465201258706
18.4577569176169 38.2790071275481 8.53865002993151 13.7541659148715
13.6752515008466 43.9752847409244 8.09754443488477 14.3669741591146
21.8340840794173 40.5588593362305 -1.84320912591458 19.5269505197499
10.9429615371024 49.3623006514154 1.96622809087482 18.1984408225552
9.59141529225461 42.2124336934023 10.7233941596595 14.9237439389529
14.8820806259051 31.4327099518432 10.9157220517094 15.1427556680164
16.8706963471315 33.6833198187379 4.74078054514628 18.3312282666203
8.83438755852545 34.8213861950388 19.1729756090014 13.8167559154468
11.569133214287 38.4732354192157 6.6536827508205 19.1648316009792
20.3898680783161 41.7188096582311 -3.17461601186642 22.2206826024667
16.5082715344846 37.0826558942957 2.3007235152459 22.5472525363658
21.4241900688724 19.4235286965213 11.5567909621048 25.9497110445812
18.0069970078415 40.4965535788781 8.61420736081297 12.3224658331848
2.66886581410686 44.3907304465208 13.0768134892908 14.6197409886581
6.85974194337602 50.1974153329486 8.04405482953232 18.7647138519533
6.54064890034287 43.2500070145091 7.04880460557292 20.2712873121005
14.6761117341059 43.143031107365 2.51536274888349 20.2217887270641
18.3067049831316 45.1156745037 0.00679782892189262 16.4807889245193
29.2378022996953 30.9323523705391 1.2938542869695 17.0287420911573
17.3975856704946 38.1555547442052 -0.306699846495373 27.2008787947426
17.743875517177 38.2055009272934 -0.482220068533213 24.9949326345528
16.6179944923825 42.5881558697289 4.45408374671198 14.6353060725508
9.45042548320314 39.7332602916161 6.23405681206491 22.7312324056996
27.3777465826481 28.6263186256599 3.84719902244971 20.6938095950054
12.2942542936971 41.304386114313 0.953976268456476 24.1285492348969
10.4312845851174 44.121979110314 5.28530838094068 18.5887011282635
18.7377355903255 37.9426868627902 8.1396620984237 16.7538117162792
10.7231966717968 41.4787876173298 4.99129938541077 22.4444865033762
12.5660557481748 47.752100993259 2.45012202209935 15.136038572252
11.0346645312616 40.1701049464267 9.04524254878122 24.1546775372796
19.771549867227 39.9598849799313 2.51853353321613 20.4651071632719
13.6221971466158 38.7228342754597 0.528359612003692 26.3468840867254
13.8489221589874 46.2509450111847 4.14369265311897 17.4524003797362
18.5159329158296 37.8575445502872 6.97075954689662 16.663898755495
12.8298654949556 32.3901974312663 13.1289152045304 21.868732412999
10.6792152184246 38.5800121822294 7.75098837683616 22.8546829375258
6.12688616797287 42.7324343898357 5.21888870271917 30.6429840226907
14.7221934122404 39.0726881559783 1.91465329374307 24.4099536617526
7.68520335703252 52.6498083976524 2.60583416165904 18.6620764626151
3.45314782858684 47.0980183063867 9.50528279759426 19.875338333308
7.96353283004301 47.6348645818695 6.45891147841787 22.7639735685768
14.5748924749235 36.7995948555684 1.11953518301959 24.4278885854714
17.5137855241788 43.0040157742993 -0.395156450894223 20.5919907389758
21.2413239208332 32.733545051735 3.10780551572871 19.8809299132148
23.4247835035575 35.6738923407372 0.344153276796145 24.8531610488231
21.8429030701049 38.6415625726116 0.125764552483368 20.1704116100647
10.1281861288657 50.6354191745063 3.3224200275922 12.450235814865
9.24270553786749 34.4093877770246 11.0211291923797 25.5853368664223
22.7923899672788 33.7255207714577 9.58032421115919 14.1176930584495
15.8090223592528 41.2427877706973 8.41179288317499 14.9460570408273
10.3271391539208 41.0534983887428 15.4970745921603 18.9413389017925
17.5526495733321 38.7569350249039 8.85462551543869 10.5791428612575
17.4073064929455 34.5621922421875 7.90988128162057 20.5821294349713
22.7018211071672 38.473000354097 1.87774494716663 16.6665408858
17.2795231267181 30.5098757889008 7.21737066210398 24.6577722734975
13.0457956609957 50.5081046534536 -0.0315008933241607 20.6216371545748
7.26410078454141 35.5861196068623 10.2655037408265 25.5553662428591
17.9657872315398 37.9435025484397 1.02183199077926 21.142738530622
9.41332217254032 37.3160428386825 7.10955380442319 28.8531565801743
10.6475780603443 48.3991721379892 2.645857515969 19.6210132116815
11.6295748494386 49.9936577841472 -5.30481247151313 27.7907631610194
12.1506728845308 44.1431363177433 -1.73373159460532 20.9984358399168
11.4821659623461 38.9230358398724 6.96255057747411 26.5515672687
14.3616574632447 41.2503654081116 -0.199690213370685 25.2600084005053
13.2501224730359 37.43915659275 7.56065110426472 18.287529699001
13.7656211498625 42.9812472899074 3.49738985623641 19.2947383444888
20.5207020525788 28.6583148053377 2.57141681245816 23.8262875621546
24.6490806771325 40.5873147466128 -0.754555065618312 16.704372260255
16.3942463835248 38.8686458074319 4.83212883076867 20.053795423113
14.888384086189 38.2422022221774 7.16934566386775 20.4338430066844
17.0208360129379 39.8354676818495 3.98476757010139 18.1927219221996
13.5718930222013 41.1515414150427 7.01373946589615 19.6499244824254
13.3701513979992 36.9915931261972 10.32767281091 20.3703850684264
17.9410232397345 29.5799414680939 4.39616809337848 28.0061069830313
15.6397131879638 30.5032552273295 10.4872656613732 19.430810587382
11.951152979109 38.0753865719726 8.05011129131195 18.712126517598
7.38740358269788 40.2541069869937 9.07639222262769 19.961347377429
11.1559104703589 43.397508714289 5.12925967682568 21.2102645883536
17.6978485759024 33.1676568095657 5.19340646134144 21.4410104561685
21.2786087055792 33.8101408058157 9.24426839522564 19.6108153258851
10.0499856582753 32.2636551821518 6.0368860613288 23.5150760023039
5.0545491069524 42.6014631998402 9.85525100708786 19.4024239127836
11.1696709534691 39.3030325426204 9.86585119916946 18.6859149190465
6.33311340790659 43.9320121686608 8.12210986081728 21.6540618298699
17.581360111935 38.7877337357105 5.74885429576879 17.6328018073116
12.3989093917992 41.0909159753353 11.5024410402208 13.1519955732956
6.87613783213207 38.553911403474 7.39447545237321 20.1929434611384
20.4845860962396 36.4524648368342 4.21779423993363 17.4712651543906
16.951236122443 29.1926957012317 20.2399984311295 15.1144912755218
12.8537947093755 35.5629896841572 9.10846318233749 25.1866878891976
9.71132023908769 41.4269620633596 10.6323664346991 19.6569131137616
13.5345222450455 38.2603100578837 5.88461589787281 22.871640416445
15.5799663950435 32.6544051134348 -0.893884150816729 31.6385420312768
19.1189634412228 46.541652994482 -2.97761777644345 22.4663990966075
6.08806272916569 41.3868664477954 7.68876279983792 21.3561122098551
20.1934512917666 35.3044571364438 5.92863590383918 24.2937519817136
20.6502723713511 31.057136169433 -1.16015333979903 28.350576615357
11.753171278287 39.0924832412391 2.22867362869451 25.6369908460326
28.9326365308535 33.9981392201581 4.60692322001855 12.3874606301878
11.1144751325222 40.6161344128466 4.35706681082964 24.055470369011
18.270252533945 37.2386161604203 7.05726310083761 21.9795863847228
22.7933995864982 39.8895734707955 2.64451000714846 12.8656011312758
17.8361234449308 39.4256885117696 -5.27273584801216 26.1665673940122
23.7121579265284 33.0913565875997 0.985296828375106 19.3091286162459
16.4069334760036 31.6964805719512 0.658439011210353 26.0131877521638
13.8900930720354 41.1140675625308 7.19611608903423 19.0135790244399
13.3746950281391 38.1782522911627 7.12374492776743 20.6044042159456
9.22010910563844 34.058281802449 13.0135171135094 21.1288599626947
18.6217740866704 33.8592204526656 9.67300304942256 19.4836991177642
12.8717526654063 40.0061879486133 13.6625093833128 14.4644841533809
13.9788793376815 41.3198905907997 5.59229728532962 24.3975626919316
19.073854461706 35.4056528163171 3.58704235228082 22.9497168542784
19.197063788208 37.638323802974 2.34215411165417 25.6093568630493
17.8108589122955 37.0886118199029 -3.85734198952221 29.8675671357083
15.5578306041314 35.4391968668641 3.79563263624813 27.0331882557568
11.9646921214735 41.3318214742789 6.28042413785288 22.0753475976783
12.2180122998864 39.9907656747854 8.6174593248345 23.3971433704779
14.4590473839214 32.3667537163634 8.62147230881879 18.8848309531221
19.7337838478265 41.9256792033906 2.47823435159766 19.0197907755123
24.2359473756224 31.9467527088476 -0.280034045498693 27.2081502065701
13.1535510029199 42.474710954393 1.10678675685505 25.8591050801642
12.5648880588372 36.7144092478916 8.37425180043914 22.7084859016526
15.0481657079791 40.2920778660248 4.51751949056178 19.0063716996783
12.1767886491686 43.659079525862 7.63804788839715 17.9412195530578
8.41899069012272 45.6684852376374 13.5009450952036 16.9436017558346
14.6191031046848 43.2655769264685 8.07732270397209 12.4525882091033
19.6488648790666 38.417907882346 1.50026863348761 22.9235101230272
22.2179743521789 35.0544971659956 -2.96812606584487 28.6394081357487
17.5670342169024 42.4816320007542 -0.340057836578316 15.6179122359019
17.9457407335389 39.8845906029781 -0.211230586424591 23.8246295524605
19.0147616023603 34.1224115315609 1.83759156872152 28.7513161681875
23.9185122578341 36.2665465695448 -2.16574791153967 24.462469578368
8.36482440248991 46.5716180866196 13.0085790141318 10.1433449184904
11.431064671521 43.1954437032512 5.92197198737426 23.2486222142926
11.2692851339754 40.6588511060484 -0.570182507627751 23.0472298289723
22.3560868612779 38.3088998147839 5.71870334630561 13.598755089745
17.332097904464 35.626672665018 4.88213961680599 23.6808324479683
25.8411557762083 21.1084154880159 3.92060054970767 27.8908897818513
16.0163671959806 48.3030069359305 -2.2915597535149 12.8312831482462
17.9183961883894 26.2817512788757 11.7443470922695 25.9635493525282
14.3057891856988 41.483896787301 -2.29090018389524 24.4257833818262
16.851412865728 30.5754339319122 5.86067974202432 25.2945084210889
12.9870229367551 36.8418970006335 5.04671053831708 22.7946668527352
7.40236993767332 35.5494220957735 10.8176412476441 25.3019310355769
13.0140927053806 38.2281042115104 9.08786544203672 18.357448240522
10.9217540603746 32.2285471589062 10.4501750113947 28.1164207309892
9.97623184267685 42.3589806423581 11.3870832326142 21.3676662388981
19.9518076447212 41.2510486427804 0.974130976122963 15.6362799736412
13.8023546971559 38.4132763317928 9.55491563820351 19.9662193384472
17.8548765665953 35.1386932233562 16.9383700833669 14.5250641219334
9.53537931503696 43.3189827014929 3.3049720765287 26.3147897321484
16.2600024232656 30.6961248338292 12.7771542396853 21.6209610066157
17.5357220443912 35.3895432542803 7.42516086153193 23.4215005716555
20.3851686824531 31.0891446260624 6.87209032241508 18.9996534969183
17.4899876024477 41.6094609937808 2.6695697003284 23.0418625679109
15.2436046450684 40.6583754509447 1.08002926498432 25.1560994283586
13.8617204288876 41.9035358447756 9.16814194207239 16.0000971366903
16.7470870062447 33.8013845714055 5.13628514800337 24.9102341488507
12.9024486580424 31.5308583807447 1.80200662555335 27.1849359462744
16.6198171309344 36.2275242899942 10.0373199768405 18.8274074461611
19.3035404488412 39.4631264685338 0.698833557495907 25.0802836186033
16.4446987862295 43.8478061565703 -0.5077238327239 21.9406064103051
16.1759749448798 41.597809722808 2.50634113174105 23.3791432201936
17.3289905265263 34.63114352287 -0.687543795187853 26.4728830315326
10.8165484773495 42.7362462503291 7.09314092359015 21.7049769229595
16.2147582265778 32.4688092475967 6.78681654497915 26.9284427447607
20.5272743761341 23.3543229739895 9.72202079205762 25.121925900226
11.3038228380269 36.9071223313514 12.198066513434 18.8352935529744
19.8277674943113 32.2991912963902 5.35603513875128 24.8505409806348
20.1903553988814 37.1936727155076 2.73855170760883 19.2106182883856
22.3974838850886 29.9666343086183 9.06429027456676 21.8620436737412
14.574322669808 38.6291105831527 9.9148587835917 20.1302701118297
21.9778565409732 37.0674920911443 -4.4870264459325 24.4522188834472
10.5537145904236 38.2637401928685 4.44854562398833 24.0140013627752
11.2230786230599 43.6745131222519 5.14646724705329 23.4719638821714
19.9502132483095 37.4517329137621 5.30501898751391 18.9528573407068
16.7684958466644 42.912780859372 3.84516750639762 17.5659079741067
19.1006128786652 33.1406861630509 6.75229506496462 18.1187807700404
14.7417402877056 32.6808157209272 4.06891674027265 24.9116341477529
12.8418707467553 40.0230371740663 5.22265783961024 19.0372977721573
13.7509784200322 37.4032598960148 9.02353648869441 17.8194772085857
6.32963999406379 48.1227063924205 8.48815086888628 19.4154673334972
15.2897311339219 39.965940417624 4.86338507812135 19.6097294450946
8.617630508265 44.2798550432193 6.87769097566811 22.8716838455837
7.86840591566057 40.904062823896 15.1601850768041 17.2070961741893
3.2563980091485 45.2126664166412 12.6959405176582 20.2767629121841
11.6644674162061 38.2117212372902 11.0238767970226 17.7040524842606
11.5663109775743 42.4739755263657 10.5406437902319 16.6336971232638
7.08183404508988 39.0038647108772 16.7293033445277 17.2219253031042
17.3994404125111 37.4134275105716 -1.18590981493439 24.2610654027059
23.7342213173698 35.2074173641347 6.57920296781935 17.8102504901357
21.52819103365 49.2762996384503 -5.80719048388479 14.2985328391011
14.3850133381574 44.2473832763835 7.21642945795029 14.0148723526239
12.2295891679846 33.7317343188224 2.08307841043872 28.2230182891558
26.3864239128792 32.7019155254212 2.36815192495589 19.1064138181697
20.8888353272104 41.257280346108 0.313121913156388 20.0857234638757
14.9940990554369 37.1909172823245 1.50295549699987 27.5201695824974
9.06143880270396 36.0582187561492 11.066431188033 27.8584809276653
13.7281974147515 33.0751395130848 9.40373367488129 20.4958197773193
11.1230835683249 49.2030282783588 0.219717556176909 19.0677042392197
20.2826622304167 36.5429976699546 3.56439240533072 19.4549722501617
14.3701736079687 44.4036753217231 5.7565493796112 13.8351881752879
14.3978060341523 42.2085388083528 0.0665856557533868 21.4748879059275
12.8796184708512 38.9501779383696 5.42155752756628 26.5399233801576
18.1854189103147 44.9408270060507 -2.42291785959329 20.3262845279529
20.6421603836564 36.6229550042538 2.45861970080182 19.0257695165823
17.6364105408157 33.7401059973668 4.08890735573855 21.7038964030732
15.1010210393143 33.7385421862635 12.8545958000887 16.8660544866018
27.520539185033 27.8083038265302 0.489801646014975 28.417139974743
20.4170179396544 43.2248286328974 -4.91420997711027 25.0648731866696
28.3216808266002 32.8841165803641 0.744021525787746 15.8791578713007
23.7409275544804 35.441949380722 1.37507768540524 19.8616694415037
18.6041315379517 36.4181004871725 3.36754861568055 23.9436327763697
14.6918734391034 38.1189981033717 7.09088840537598 25.0028715212972
15.0812303242538 32.1321273155709 8.19525625731774 25.7436207720318
16.9208980319318 39.6205719604157 -4.18752938816731 24.7759874611676
15.9250483405037 40.5417235596244 -5.05098154140389 27.751904935413
11.9807280892855 35.629484830833 8.3587714138278 21.3322555769444
11.8535259999925 37.2458287597631 1.65798056874328 26.3147523911544
8.10422716332494 44.5187938251873 11.0131005442462 21.7782022429505
11.5514430064113 43.8341793961011 8.17645121869545 18.0259060337952
16.2566895196067 37.1356228047936 5.68313000385892 19.2547236316967
22.0685349771297 38.0992110026101 -6.93885012412176 27.6726280125569
18.0815588851898 33.115813460441 4.80948978049693 22.7592788107116
17.0058010625358 41.0775261074663 4.71523136382874 16.8887252736488
22.7059025550394 32.347489672011 4.53638269096673 19.071912879955
18.0102149006887 41.5265267647071 2.53532447047467 14.2535275142858
13.2577849385264 40.2165732391859 4.84304858791595 27.4439378544286
20.1629666881683 46.7608242774384 1.47291095476664 14.2564347935413
22.962896332932 34.4729986157685 7.84425810902922 18.968430112235
19.431610919971 27.3166515917249 13.991629071718 19.7587461342095
22.3307814195737 25.3396334051242 11.900627235032 18.9520703677954
18.0394721558968 44.7179534550635 -2.87725430479202 22.3220358949313
19.2577198856621 35.4095957676253 4.03423761557773 20.1875450020016
18.4569438794108 34.143601802783 6.094059195261 23.409102551671
23.2142744873436 30.3976762114421 5.1446148059389 23.8742235433632
14.1735582301992 31.2668924064844 15.7885045703606 22.0352707093357
15.7832712798959 32.4197979406085 5.61078076032044 28.7597793578317
22.1125061603495 33.5954877072151 4.05611188557814 23.9477944652302
14.2586639707304 38.9284002678307 6.83108717469987 22.5267990126462
14.846664024108 43.066041309774 2.28143885020181 19.0840910750083
14.5537765064749 42.7933452553256 2.42212211949461 21.5228653372659
6.37142247525336 37.4751899066123 19.5682588925232 15.9780836224612
17.3257631035785 43.0087454599094 3.46380384591047 15.9601813582389
13.3819740210193 38.9797113995135 12.5965296152562 14.5156915908851
16.9104251824044 38.6743332228426 -0.810056226778398 24.1001442773332
22.903515451423 29.9334633504249 3.00197987081462 20.9893744244859
19.4743948397915 34.7538128344064 4.94652958032879 19.7489364598513
16.9027222052471 42.2500170260606 4.34720245475607 15.3640189969455
10.1836025749039 38.5929049029507 3.38401955210852 21.7380288871637
10.8326951293682 44.4204205974529 10.4737557602626 9.08845404647766
8.96151888610526 33.3655058898547 6.08659485713299 26.0042812216601
7.74702225497217 41.9557431958033 9.37051384990765 25.1436594362833
12.1004588194416 38.9741828321901 -1.41414862179551 29.191126453905
16.5717868873689 32.6160240943159 9.13869844788634 24.6556564423622
18.013818644632 34.6106541265473 2.16847493867735 27.2367404685481
4.1545687060022 47.6434905770404 2.78987365722935 23.2244038664599
5.85470913576136 44.9397743914311 12.9088591957515 11.1390824840153
3.99984592558726 38.9243535572305 18.1560710239127 18.3378354772329
9.56849601144696 47.356499753534 8.55288043070014 17.1931635456922
14.2518432682212 49.8238447850797 -2.28110265555767 22.286759128778
26.8521367627593 35.2246188222041 -2.55282184993466 22.9609745474977
16.6078732715554 42.089185954916 -1.80199999383128 21.9845967398406
22.508464056057 27.0759355549826 7.31065915013656 24.7177367417579
17.7642879448867 35.7469662798662 7.49279757242706 23.6105823486762
14.2555428243991 39.8687918059097 5.53641467133033 21.9112149226068
14.3844421873166 33.9852548625879 3.67968294145885 27.8812722781074
18.3977956328621 26.0518754023784 6.89379276561822 26.1775524087596
11.2048595232787 40.1148512728821 5.58893080599863 19.1951545373623
19.612738600885 40.6204988447875 3.51703027121311 18.4520524019076
10.1945141229267 39.5102467164977 1.21618629341796 23.277591494744
18.0252365821101 33.8973340561863 5.52720455791466 22.2128542019843
12.8060717033759 48.9725376041032 -1.1919237366001 20.8864300770081
19.2014671856779 37.5973005773596 -1.67948985415455 22.4653735969877
19.0292536144582 45.6180769745063 -2.55411300857751 16.8297548189094
13.7640803605543 43.8178063966005 4.43927348618451 20.2710000186838
22.1679893410988 29.7471997578596 8.36870321900663 20.2772952157869
17.7340628246623 35.7724374103514 -2.11871286197454 29.7991812678647
5.84334407130059 42.1611187279268 6.75510056290607 27.4630916077892
16.3943507657325 35.678153025201 0.290161473854468 26.9097136512381
13.1656396669044 44.9981408291352 9.05087029749594 14.0739834899109
14.5697164085475 41.8406043469756 2.64322588983486 19.3431785839769
17.2123156374144 30.5968836125168 1.62233165843938 29.3747420880371
18.0423093105275 35.9242217581554 9.13456407583144 17.3995538818238
17.0245127375712 34.6028851894183 2.49105515755147 27.2790697989725
11.4129433061845 41.0950565736839 7.88330960913143 22.0798581703299
14.3543337781386 30.8134667117955 12.8548351127049 19.507917727507
12.071095854896 37.5301388728365 11.3200539270566 18.7506563602278
22.0949797717443 39.0779053747853 3.93002277560452 15.3259917812671
19.1305508740009 36.8621523754779 2.64320911584778 19.223700091043
14.9417789863585 38.4138893022538 7.26834060412467 18.7878480824064
19.6191245132652 37.1505008272984 3.85925446715921 19.0088721751657
12.9350031886768 44.6702967700307 0.801388873226372 25.1274785246434
15.623041715325 45.4788304819676 -6.70701906028479 25.6120885849126
8.41913698051098 37.3082141720734 11.292677906359 20.4102606559964
14.1517611320303 48.0622222297825 -2.43435353092738 19.059146574253
10.8449892528369 41.0038649949557 7.30946038535375 22.4504133408953
15.1719487400088 44.7089185041502 0.767807790589786 17.7082823202901
12.5663215749517 29.7168592322748 4.82257242577745 28.5604987762105
20.2519112680828 29.5259781973142 4.17632265807371 19.5824746166484
15.1261175751747 38.6359860644199 -0.387728337327526 24.8516464475962
15.5038764155163 36.1035606629373 4.41224805602293 19.9697403067932
17.9887655648066 36.5065641078116 0.0677771979032205 22.0206110242236
27.1403550213528 30.4500829687892 2.96166515892922 21.5113110253443
8.50431588308621 34.0331847625642 5.0654417825257 18.8270407006573
12.0599100518554 41.4014919145797 6.32452936129461 22.8624275047112
20.2647608237457 31.7645826800053 -0.309151144487235 27.0879473235668
23.1005009810526 35.4342570183421 0.768817296453698 17.0863692976892
16.0773872169806 46.3107330995359 -1.75411320609651 23.4341216657578
20.4636513045265 38.6239458988704 3.11455727389066 19.0612140943725
12.5753840123437 42.0504607250616 -2.14571400371043 22.6466162881557
16.1407649235915 33.7382409976774 2.42341936534355 28.5730335377221
17.7181877883619 38.4015656298489 6.48304419356301 14.2099635763186
12.2308035319821 38.4727826397319 10.1082683312552 20.0495538545894
17.5634870024093 34.5473400896616 7.92472099950677 19.1096665124552
16.8367867770608 34.6417316896237 8.51372557345878 21.590261347985
18.1187110218748 32.3485421264387 1.88413514800122 23.8251310580538
20.4764148228179 39.5512324554469 4.34499313358368 17.4860712470018
19.4091352869808 37.5661159360913 1.68055944696392 22.944008900938
13.9043735618342 39.0067967450557 6.78532935332077 18.3033007134171
15.5876339019229 34.2449134881529 8.81168326068947 16.6417458530149
22.722980979379 35.1531921918256 3.88984201496673 18.7050127927052
19.1295046203509 37.7890789368032 3.14345877090954 24.6662107927996
19.8205942092637 34.2402455570005 6.54007421552943 17.2159169584762
16.7236360653086 34.9542453101258 2.92823977512395 21.2175319139636
15.5383659000223 41.4958659943511 2.31307629848768 16.6707373035067
14.1337187013593 26.7747214160784 3.41468842194685 35.2043510685282
14.7391631388014 37.3224617500866 7.62128992987537 19.7827814194999
13.8785399068762 36.1199515920734 7.3405229038949 24.1148574092278
12.8062311556307 36.6487744755545 14.3979047495633 16.5919405799814
12.7632019869946 38.7075995886284 5.89677519559062 27.9727969801589
18.7202208490002 34.7481003991919 2.49536646561583 26.0414663969129
7.55226495132701 49.8096680884762 -5.49289291966748 22.3709112743609
8.95886655926119 43.2316479713261 1.88960927753953 23.9384364843895
8.18640328535744 38.6364912395402 3.41068590035719 25.8319017885692
17.2098167552895 38.5240397076812 2.8138977313695 19.7715950247192
8.88846798305611 36.0777151985977 10.1637087597615 22.0625853946692
13.7185521153466 44.2656373740014 7.25980286626379 10.4638032516088
15.7698136070404 39.4451109797385 -7.34439592681576 28.7486650793859
17.8084393866918 43.8459696166891 -2.33353205678801 16.6035063938811
12.8110244627515 44.1829708735357 2.91736113723661 22.7655109110722
17.2229422899662 30.4339352051642 4.6636550504855 26.7306057919395
13.4602606839139 46.3838519602792 3.28827440419488 19.5542299418373
17.0238313092854 27.4670567316834 8.28090803144593 28.3874808156939
13.6191648898763 30.730280419489 7.08778145966923 27.0936574743856
12.2137962171157 43.580465126951 2.06745071520201 17.0678164706117
18.60068549157 39.1429211417481 -0.961043425476263 24.5429150697117
24.8139708859102 38.6857600192498 -5.56442322679608 22.445800334258
16.3633052656253 37.9067953424274 7.65216838957854 18.942176605308
13.4191310091772 38.8741572920881 2.00238944527346 26.9790625614269
5.18056556218627 46.934718953149 5.92717306803151 21.7994193889851
14.866545626081 35.2132578760213 -3.30669071159644 27.1752348607226
19.9554040143374 38.9916541355405 -2.98620000792748 24.7115292385722
8.82565699755619 48.4151654389961 10.9202186369194 13.8460306876358
9.08437081513172 50.3578181397992 1.62307048772116 20.2151844238188
15.1226533527514 40.9795969809832 9.07372467853082 14.8991313190134
25.807512529527 32.0117317937416 0.481253104006034 24.0222981873321
18.8003754082895 40.1217419556048 5.15635547580417 16.0741855187075
20.1390320623096 34.1713804739189 3.27773387951856 24.6522833249986
11.0633096514453 31.1035271782143 13.1162536647551 21.0813044749764
10.2040263131176 37.9296574727314 5.30226946682853 28.3235932968923
16.1841678362793 41.0254221510601 0.00250700459492803 26.4020249289481
20.9963959647868 42.7632201648593 3.68188300181162 11.2947167898653
15.9598023253818 42.1729816887631 6.81804438040767 12.2868167791264
14.1568529833285 40.2369343202338 0.0949094171492213 22.7660200281105
10.310715891251 48.8046905202387 4.93028108075193 15.7694290988049
16.3525545436741 37.8759703673295 2.49055314131298 20.5013621570248
15.6826576766999 44.3912473152642 3.83340933541597 19.1714729314181
27.2968443928045 29.6479347294466 4.32245495945277 18.2100270784678
15.729477830395 41.6497786683251 5.52756792468014 19.7714058351111
17.7279116231832 31.334524245829 5.6939331061988 18.7993853129997
11.9547631542671 36.4810494266857 7.57945211669238 21.9672156073123
13.6178826544464 43.1000124377126 2.1084752491719 21.5004011542665
21.1034322781809 31.308582883096 4.75421463653245 27.1958536895411
17.7659012295062 30.9913795389853 10.8985406086292 21.9672990847042
19.6062129299092 48.0083895435452 -6.21532927182628 19.0820362650341
11.2724583502177 34.2026205403925 11.3272786226372 19.1533770447629
6.42622828428735 40.8764675559871 7.31934304474984 27.0510843731069
18.8852813293725 34.2408352600057 11.7991832285107 19.799220637671
15.0269527707849 38.7059800580597 11.2204244820441 15.1202267530923
11.4543603695659 43.5455831092529 7.30204638324892 18.9275757668108
17.1387856578714 35.0548481089806 0.267814416467413 30.5623135947569
18.3415809416798 39.2260756341726 3.44176182861008 21.8260072118713
18.0433101615235 42.1743520626546 -2.3131748993392 22.0202119011074
12.6114072243232 49.8777187140627 -3.90523559253361 21.3235570732975
16.4722835342636 38.4558671437955 4.88788110639193 22.9227177967981
8.15251097213514 41.6256856382471 4.17904205771754 20.3447426189865
14.4427320367561 47.7245715053511 2.96768132579025 14.9426874173484
0.361489637083585 48.546144854147 9.60932644617381 18.9149733832377
2.83870932490249 52.5689207356286 2.74415202978945 17.1464620364051
0.15141904729845 50.3651409738409 6.92306560531751 18.2573754410564
13.6043038141598 38.2627950580559 10.1315657541969 17.3266948758389
20.0460509007149 40.5731761908214 4.89799682031709 19.4964563250075
5.28269520246528 39.173885263735 18.7724917667769 15.570373730197
5.90549850938338 48.1459476482756 7.20436544815111 19.2470385936387
9.49780312689853 33.7034937887026 11.417115698221 23.9645810018602
6.73925275957887 39.3290166427444 6.85354830425451 30.2309347152931
18.0387865900613 39.2142103728002 7.60821720023505 15.6497127267675
16.0877716308458 30.8048940952622 12.1864708275861 21.0897398927065
21.1543295805343 33.5883445826129 1.92809302063015 24.3241147885083
13.4173319508417 44.74336602184 -2.34182754893718 26.3772394002061
11.6319813851617 40.5599064720191 8.423405405116 21.6472990672799
10.8956979168268 35.4793420129454 10.7224361272388 23.1585687107855
13.6033479164231 31.3798181142998 8.17716604223012 24.3079944623256
19.0109840057436 29.1036328563658 -2.04771556838956 29.2528619826027
9.32928188762868 46.1606815787784 1.67951694468373 23.5056021020857
16.5225666146712 39.1504869452621 -2.93348053805419 26.6153129481069
14.747211627442 40.2518794852622 -2.32752252152753 22.1923353499828
11.4721398256963 45.5060837332611 -1.1556030397013 25.3176242354862
22.8956956755464 30.9186015002711 9.61099170169527 17.7879363490973
16.5756215804567 41.5761682627493 7.96274810582894 14.6566736872865
28.5504432794528 32.7541735748949 0.899467012547046 18.7749294085072
20.6635625921226 33.7156961291549 6.87181161826897 21.3786061084211
20.4921562602048 30.7569102315048 4.69005274294206 27.8049644797959
17.2730531166965 39.8196241278064 7.02797575503127 15.1820934811591
18.1714266224004 38.3660797041826 2.37086751271391 24.0574268046192
18.5422215411652 34.7097285422503 4.23832836524104 26.1220837036302
23.3121221897549 37.3622537458597 -1.26478762683381 17.1883446162599
8.2443243030003 41.0196637684145 2.19062927058023 22.7711985267476
12.3718500554499 42.049539904548 1.07212586659418 25.4992362061671
15.1115291802434 36.091667000266 7.89018557427045 18.6096278328225
12.149672956557 42.1083108276447 2.66452144906796 22.4851025296122
15.2410268044229 33.8585534301677 6.8851833224417 27.5982774037055
15.6070709709194 32.8164522983533 0.880830255610852 26.8713197604226
12.3972970525649 40.8401333149371 3.74187017700739 26.9122510176817
18.7953225085459 31.0714491294515 15.1235795543646 15.1553071256892
11.0872289410238 36.1884628172002 9.11301833475471 23.6529126131917
17.0348326353304 36.8635725904857 7.07644871975278 22.277702062708
9.12517378402116 48.8643290064397 -1.25538264917262 22.4895058976007
26.2232608034992 27.5358771449869 4.7588003528423 16.2767694090561
16.5145003355007 31.2529276832115 13.3395036393115 13.9056480407386
17.23673847411 34.8979890645758 5.70671043874506 25.4873901569421
17.8022338241305 32.7617121934467 4.53293410904107 26.8658421816543
21.9802585528033 40.5940395105582 3.34114957203592 11.0198589898931
3.84348144203203 47.318275724782 5.83578592657902 27.1332168926061
17.3773727852185 39.8738884858853 6.58120175247029 17.7386232756835
21.6557804834286 37.5304826707513 6.57098245649382 19.2368432261937
16.0573432469967 37.4954672142771 -2.00705384813554 32.21393695311
21.2730403306791 35.0488220724398 3.92654703018686 18.4449662292395
17.7930752626758 34.1952972065914 4.10316544202311 26.3898545453705
14.4816962775268 37.9893336179817 10.2674161868918 19.9813474520719
20.0309108911879 34.0620518148652 4.93517732203194 22.4887801715753
15.5343796909243 36.9942219105331 1.99725820217536 27.7331073134122
16.6088734501956 35.2999661776272 5.70950690907133 20.0283204898973
8.98879577248756 44.7327177844352 3.02458807275404 22.9660896504086
10.4165788258762 42.1480867989059 3.31571641570886 23.0535949754526
14.223959658492 43.8270551392007 7.50598248036564 15.3435964523601
9.78682572050044 40.7978110114604 9.98422000715273 17.1801106854998
21.0816648398891 31.2109786879939 6.11953134140836 20.7668031620272
24.2549849339577 28.3538191073386 14.0901406058864 14.1144600559903
19.5018388277302 35.5887428654241 5.26804245701999 21.2015290522401
17.1431520509122 27.1256477206038 11.7398159317192 22.063183856544
11.3408393947392 37.8879214363226 4.22049399453302 25.7722574665068
10.9469566357843 39.681151216234 6.03661889072416 15.2039151227182
21.0343717299105 24.2864989701818 15.2214529804515 17.6036230834519
21.2297438680777 38.6377243981621 5.47861201714078 15.9698186592776
10.6248054514412 33.4144807358831 8.85278983734824 24.32673450559
12.1366079031888 32.3973666833624 7.83450272038393 24.8704848071412
15.0647725235346 31.7226159356964 7.04117332889278 21.2094499516463
12.598170366004 31.1834969985402 15.1244661202098 22.8256436936983
5.70776768506269 45.6784385965681 11.1441015167774 17.9166140462735
23.2152032845763 41.0759438368598 -3.21996310460964 21.9594321570129
14.3516821646854 40.771904599536 5.32274345804564 19.9778059337522
13.9727128223526 32.2931222254655 5.45403908268876 24.5628690077342
19.4856908736805 37.9219002055756 2.73320436899305 21.2793883847675
15.6570320077029 46.8234252969199 -1.24852985035234 22.0343105904519
17.7825722670105 37.1341778997788 1.08741224475724 29.8497698554128
11.7378109315196 40.0483279049856 5.62036036414557 23.3235734468823
16.5846276644799 45.1071577010505 -1.75715603706166 21.8821558685639
12.7867671964863 39.807938207686 2.56823345246477 22.0659862042635
26.012187247879 35.2686712143429 2.50009167434375 13.4304083892572
13.4105997317992 33.8301401567811 13.0936978705583 18.469309825184
19.6761212980543 42.3114825889723 -2.56417192973265 18.6124151297586
7.47539690409514 40.358738512902 8.26695997028328 21.35037863919
15.325642899881 33.9333817211276 11.6981150790073 18.0685167024197
16.6957045971422 35.2856585732623 5.43357941624731 21.6527466049309
11.4523217849886 40.290946848596 9.67582164053946 19.5089310251219
18.8897457953104 27.1019786746824 13.4572637503651 23.4253736385926
22.5511403895184 38.2982177310513 7.57705617289691 8.28183352434961
20.684698699279 40.574058914169 -0.53610269524399 17.6198237835892
22.9664315337062 39.8191955078347 -1.12604700265807 20.5018305893001
20.0308647324429 37.4622591798304 -1.47967356799802 22.9548073036326
20.2340079286264 30.3548914184031 4.37463827125271 23.7039481422542
24.6811325064621 37.4660118765455 4.28704649010331 11.7294373825485
14.640907976614 39.6851078209786 8.96558853627029 19.0207204883183
7.58041997747913 41.2489626054151 3.76475816286547 29.4870681114581
15.2248515531609 31.3475365140213 11.3033299487473 22.835488570325
22.1364716197008 32.5409912433684 4.20377960336393 18.756985066694
16.8703908547031 41.325442792275 2.48846199919767 19.2510335268547
17.1472299560569 45.7277891394501 2.30701500927701 18.3280851263032
20.5832650270076 31.4917557814433 3.91786807976948 18.003005438165
15.5986717192742 39.7767377403416 5.80646587562346 17.1208893352812
12.7343286925158 46.6766901182369 -0.0829033379217903 24.0934529603171
3.0999949934923 48.9870173026264 4.36691173881192 20.39757616321
19.7009564214484 33.965550374517 8.53654514580333 13.095661903206
10.1788804919587 36.2230657717478 10.5219218342471 19.1609544508986
16.572918475243 31.65962507977 8.48951770638737 19.347159686908
18.6396594495316 33.3657307899069 6.57757859451248 23.3350606001397
21.9336548747887 36.065042497111 6.43339812063408 17.9376667988439
14.4106149040263 43.5647610164578 5.69630336383754 17.2513784094144
25.1134671971256 30.0520952167696 2.48251456506562 22.0234201489734
7.37111490150778 45.738415357855 4.29578737193064 12.2748441982792
16.2094138989013 43.8607509427079 2.03809321082265 20.156864360502
13.5695162193213 31.3422955766077 14.4167818190451 21.8639925629521
11.9728288708844 37.468628750677 0.732464485364779 27.6120908909536
13.0373271279783 30.5543827259957 9.37027559460739 28.6554596871891
14.8638113232466 38.819999692491 2.07761149629152 19.1739849106892
18.4391267399828 31.7026655269376 5.76098790414817 22.5889949260752
16.4612851347155 38.1221838569324 8.77980285783265 15.3573913670661
15.5334237887449 42.8240999768138 -4.37702256153919 27.936283090314
18.0381248287668 37.546343103354 5.43125806117988 20.1561577463688
20.7257755670522 32.1129397994068 6.83990490549172 26.0871681229899
18.2174833102169 33.5820498200639 2.96984542439408 24.7556647995448
13.0333840372441 34.4866149473375 -2.00385054871593 34.6681366662906
21.9880739642046 40.7301368881291 2.17848736293224 15.4646692104708
21.5339955233705 35.3612978270556 1.38931556124927 19.6163161252872
16.4058459975374 44.1849173513559 -4.58769709983898 26.8103945835613
24.9079839712395 39.265310574039 -1.15384934099923 20.0692426461029
14.5292188051283 36.3757293874631 11.3816480744054 20.602240679625
17.9855900759203 34.9800942389635 8.03349110076063 18.8112247251259
16.1234544779056 48.3925177663885 -2.72012084793322 18.7653845560689
21.663000093751 31.570958835107 8.46328081921957 18.5482290615959
20.9280890722889 31.8174821679437 5.68120609708639 20.0999264075421
13.092717608372 38.2863280631666 10.0597504786911 20.7500623339644
19.0437854695043 36.1270615775223 5.5039267003667 16.9446650067241
17.4646565913279 36.1400597708199 -1.72775579063708 23.1563399875521
7.83360136247647 46.3278130724534 3.91477617214727 21.15950033223
9.48741621050414 39.6098769368366 8.94066461627741 19.4804890791964
13.6623536439586 39.6115796670717 3.32348672318291 19.8886791624093
15.2763004498788 31.8405715046941 9.0530041830177 21.3903262505676
16.7218519447313 36.454760445965 6.0942149787711 20.093978930854
8.53975620241777 38.4508875420623 8.28190820335153 20.3972692026503
16.7492895727896 31.6995903738418 8.75080959855457 23.2323230547129
9.86643340274789 37.1368538135412 0.558307618056474 22.9517308371352
18.4502380961125 31.6170027187644 5.68622596906757 22.0691266013586
13.4545827335447 38.5620924554196 7.33261650463511 22.5246112844033
16.6101275568756 28.9653098205637 7.73390420730038 25.3559990411218
13.3936051999055 35.1763741836675 4.97386882268823 23.2076518807146
16.8906297702136 37.4455518568185 3.02601907655731 16.2222607011076
14.7546180446116 43.2570578007492 6.61849052927089 15.2413649363755
17.7361550222704 45.6309673415938 -6.20380328122365 23.8190507104929
11.6789158004455 40.9342909490864 9.68483248920996 20.5090278970393
10.3699770817225 29.791834492393 11.1500801300955 27.8377127483097
14.0719758170583 36.3511977494498 8.54802568333689 23.6173923928571
11.3996607789758 41.1948503821306 6.24287399987957 21.5572164738864
18.5939778916573 35.5807891479308 6.56498619282535 22.9193206225981
15.207661300281 41.4061062288737 2.68264625548834 18.1513294846332
9.68113024303176 42.3552203365684 6.79155475617419 20.1629327948951
11.1792751190034 34.5218349435247 6.97533923132121 26.5578621371368
13.9399313997302 37.71495003697 7.01530830504335 26.0111774445662
13.4845179285313 32.7663374010152 9.60334905088682 23.926882612581
9.7173191998834 37.3272696263568 11.9940380800043 20.468556493001
19.3989624393666 43.5476527287081 -1.74476957664578 20.5480346571026
9.93742967104232 34.0384633710974 0.0786052737992986 28.0793418917812
9.02090617801951 41.8544731418597 5.93459979299323 23.4864278609883
15.9885522848795 30.7347667869713 11.6080500071906 22.0100901523345
9.48242791800164 37.4710278676492 12.4942227492604 18.283916470257
20.46975971496 34.8477515393835 -0.327073708672341 19.4526644948548
2.56761194824294 49.2249865300772 8.98599285941054 22.3965791510437
23.6606764699402 35.2892070194012 2.13159378867142 16.5779491916655
15.4031135531197 43.1921032792538 0.921791297937322 17.1724894924774
0.633611616417207 49.8959970976851 8.71050141647454 18.6334804912079
2.45584374838053 45.5993352169043 7.24800530675903 20.5068047488746
7.73128945873237 37.491434729125 16.307244001758 18.9945425117937
7.06332240261542 51.0604239768551 7.37391699880611 17.745525820823
1.89963690575114 48.6133217019754 10.805750403047 20.8303947389217
5.82628620368253 46.4238714650453 8.20341561244662 15.9578764707444
15.2391237050059 43.9116483539968 5.24295882242708 17.41185467262
16.9391417422713 34.919682445165 9.8265868169616 20.103635671661
19.914043191821 27.8016693198411 11.0451501482781 24.7655283325393
21.8573593353632 33.5413266276586 -0.475911383820689 27.3318972827017
11.4913466914024 32.7987542828329 12.5700145171783 19.0134053457821
15.7667324289997 38.6486522316619 12.8954636962892 11.6005643514813
17.2471766724474 39.1345445113704 0.88262253501253 27.6883936819051
20.2600167617977 39.6053155884998 2.19890383077803 17.9650688869743
14.4438332496058 40.7909039913085 2.18139033659559 20.1184370374594
20.4182427320999 40.1534422937462 0.116651191754056 22.853102809755
13.1531446738034 32.7003080040603 8.97350093109632 20.1552634337234
17.5894745608112 39.5211579937598 0.277510191711933 26.3150444975404
12.5052386829688 43.5366717853139 0.611274622776108 23.3779721311799
16.0870845695135 37.7728346921547 8.67512506331092 17.1809293054979
14.3417013141793 41.0047518843337 9.96790388096033 17.2260585629251
15.8233209585419 32.1386087006959 6.72530633151455 21.4470972836822
15.6501453425077 25.7033143992341 7.8472762668928 26.0066254686296
20.8207237657976 30.7523645946209 -0.0325785989464373 29.379510290458
18.2027233275216 36.4985434387983 1.55991871855028 23.4876856046788
20.645226430967 34.8584967528761 2.0988312527629 16.854134128365
19.8070726720951 33.7451023013866 4.27455637637834 24.0621551412417
12.2881941959042 43.2164058313072 1.8227629644751 22.2784263765215
14.5559164535737 37.0002215960995 3.13156935231188 20.5952941749709
24.673539780884 30.9885793850271 1.41440422485289 17.8768421967647
18.6866307558351 35.7228808353936 9.33193751505327 18.755937526082
12.9220066816899 37.0023857432556 13.4822403554994 16.0729428490815
17.3675369862323 34.7993984862748 1.15364350891078 23.2012699545071
23.5207376389826 37.2273598684217 -0.756696103921004 22.2180625997003
18.1370381643925 37.0521570240951 0.285961486574932 21.9298261226673
20.0252634684614 36.4813336638978 -1.28858485641322 28.6237061068713
14.379146789872 45.1577079845935 5.10657200601023 18.7991533148015
12.2804177952963 40.0233098542204 4.05473275693442 21.0556564586973
15.2198267391528 34.4784109183382 2.77671628957515 25.2045578196444
9.44863948649865 36.7166068065243 9.25408585660254 27.3090568105298
17.8274690766959 28.6145910177048 14.8963234989526 17.3053897701255
10.9564646462045 41.8605083886388 7.86509469748694 17.009454146413
13.3724420628083 42.5775262452107 3.76629497805641 16.9081659092646
17.7156198642399 36.084085100375 1.69000823283914 19.3530906191484
14.6409760293852 43.7645991250964 -2.80865056683611 27.1841847169633
11.1718280383344 44.6314083796781 -2.1793705002373 28.8668084220314
14.3402935467703 35.0947293795363 10.0773757980264 22.8685679708336
19.4131879423487 35.2634016843321 -3.69223998260277 27.3756623889852
15.6056405675788 51.825495329885 -3.20913657159102 16.8342183161421
13.4082995859898 38.0529735411103 8.78409900144895 17.2292060892323
17.5425464473431 36.453027611998 4.0031719906064 17.4481581309168
22.0264202642342 41.0337690651337 2.90768023219178 10.766174415836
23.4804838355218 30.5938053824 -0.120782255159161 20.6253224489978
21.7493341319625 35.1271267961373 4.6060100348258 17.6542013147302
12.5879888753016 43.6440406614967 2.73982312937654 19.9970039107477
12.8659156019019 43.3683811713875 4.46005905118134 19.8389027766517
4.37369106085788 48.462670472124 -1.49490685109691 31.424532230193
20.0117327336201 40.6326795324707 -3.72863636122665 19.7329122060574
18.0991070671685 30.740694595193 10.484475781319 22.9477710671396
4.04768482161224 40.0872742014957 12.6898498914125 16.5251532951798
3.65685163790364 48.4831117601914 11.7305066403611 9.7784280568855
4.74145064634688 47.4309970362397 16.5661890928854 16.1247598981449
6.89540325510449 47.1206102197675 4.40751556515541 20.7446163662247
11.9300636192685 40.8243833821126 8.20638694836931 13.4363185754867
7.19457206239747 42.11051711742 11.7033513576757 21.3965142733653
15.5842403307756 42.1287367652042 2.27050392827826 19.9916003912166
16.7467022499438 49.7194588657795 -1.01659756065304 15.0202811861549
10.8887085854118 40.5836014762209 1.7417141996743 19.8207923971934
18.8285980647972 26.3188614057888 7.705819363766 26.232642809872
19.9239501345749 41.7065713226696 -1.34334298837149 20.7949090342398
15.6752700403703 45.6871235332956 -2.23840321118466 24.3435040363796
14.5814539708411 42.5584769022882 5.20255826760359 19.5978426394911
12.2788927368842 40.7886525887039 1.77875696399172 20.3856205515203
12.4370550840865 45.854643533874 1.17447054647722 19.923114583026
13.7607500637771 41.6181317497929 1.6672306440041 23.1676618213707
19.78522929934 34.7613673864928 0.0911052297735193 25.0086607708404
14.4389168006103 42.9467075687301 8.28342759884091 15.3124060492578
16.2255364395111 42.6002268597351 2.31257238284038 14.2121779192378
21.1739752395834 33.7732409475062 9.89801572683777 12.2206642010547
13.3764503270332 39.9307559653577 8.92503113857248 20.1810103491382
10.2845966254481 45.5513891284089 4.82523845035821 12.9944727925479
12.4291226749062 32.7490494463194 11.1106268537079 23.6424492410592
18.9304670240724 29.9587837118108 17.5052262656152 13.9166216653536
8.82784295792967 39.2450462546936 9.61928368825606 21.4059693552367
8.91071970411525 40.3710145120324 12.1387865734949 22.5211022722859
13.191120506215 49.156736194986 7.01909675704756 5.82140989044663
17.2393169220164 33.3925965536517 7.44962600828896 26.5524275452821
6.95552512556817 43.7934215932367 7.91171843978544 23.5868398923219
3.75385006256455 49.4472443047114 7.40090858388581 19.0835444966998
9.33849395000533 37.3649920115797 14.714377075604 20.3562757347522
13.4104725246589 43.7942481220568 2.71468704815738 20.1536319129044
11.7438563647221 48.0069534548303 10.5636454258695 7.10507021660263
11.1577336535499 37.2242701587857 10.1987255547115 22.5557832926767
12.9422176604698 28.5938580958784 5.26025583505118 26.4960988657106
21.9472142760043 38.5983749587915 4.09262359059342 14.4445847338371
12.9765034398814 39.1184645239906 10.5999397682669 20.451503293655
17.1617266125465 35.4030591411631 2.02768254419618 25.9979251049265
15.8894086905359 37.0429526381295 9.30104113705111 18.0605193058647
18.0116994422213 38.467742223818 8.61425381250779 19.211109602682
24.2215473823803 34.6429492082238 4.10242503875137 18.0003551106616
11.1073017443563 40.724049602435 3.80726555315919 20.004413984695
18.1613598094436 33.8390871798851 3.6692548050043 16.7406829547224
12.2126809376578 34.2541650373124 6.39286646439475 24.7412081559635
14.5423465724488 35.7997601069772 9.11664468799747 18.6845281784264
16.174510178814 31.9511180933087 5.18800504780177 30.6185632945497
14.1706226308856 43.8313638230396 0.718634662399341 19.7844898976567
20.0394876092596 35.9028014550574 1.72282539768916 24.8525253355558
14.4251153611231 42.8239039543005 2.58957798907262 20.8113937203699
15.140088629415 37.4375160506807 5.69035977872581 18.8363259654632
16.6415690810063 35.9768548230129 5.51020461675533 20.9097150647619
14.114983077244 33.0233479107454 9.7182233190505 16.9028023088546
5.398185370072 38.4671477465062 9.85500906553251 18.8989516401851
14.3502531697819 38.3327332056028 7.48489747364668 21.012373000954
15.0786717126839 41.1571270252876 0.406787303239014 24.1874071950317
16.7971032477548 25.4906828827506 11.0398202865265 21.072577040615
19.0063850495174 41.4827773298682 0.951490385098419 23.5358966431136
16.3059863901686 37.500239909384 11.5217346979059 15.6507488954683
24.9881946050504 35.5070462881659 1.74208191279601 21.2340397925544
10.4939666306124 38.0467188394675 2.4717703535092 28.0022298147873
12.6595978342608 49.0407643402054 0.346292994968902 21.6418244232089
17.8943834026827 40.7358008513929 3.02438164421172 15.4777776859596
22.1962714037634 36.7662186396664 2.65966105989455 22.3736202803101
10.4330513218433 44.332447155586 11.8649216973559 9.79216317792006
20.409309946351 35.0842175964625 2.11010264051006 23.0419612414555
18.1916322735548 33.573440069806 6.14851855110729 24.2430050667132
24.2252525885009 28.0465493243466 3.33430966529363 29.5022208450085
20.2748247085054 31.5753900159398 12.3289646571597 16.5883974506168
14.1758806525513 32.6470196606625 8.44298309624725 21.9050666336604
12.6459852823886 38.3280424653355 12.0436411665746 16.6204960390971
11.063545984643 45.414700125026 10.8792190854923 16.1028049994971
7.00947346814393 42.7417989298558 11.1547219244263 18.0150585397517
6.20881483041264 51.5754041257662 4.77698673665944 14.7151101585503
10.094505109431 46.4300464232294 5.13316818084181 20.602409416662
15.5997383200267 37.6494461136997 7.48530523720527 21.3811461181816
5.32483843751455 40.9787749998846 11.4186535488741 19.1779667136044
5.88809071918953 43.4606503366287 7.56216528141136 22.4725267251542
3.14332910476618 35.7077612825705 13.6901701837435 26.301736417751
11.2274911167658 34.9981657647127 15.5211335715943 19.5147925233554
9.16878497113617 44.7508907047885 7.98499699700567 13.740305520861
12.5360330932169 38.2199342107022 10.0559517884416 19.5436090671745
19.901965741512 40.2496943340458 2.30239378360938 17.3998370434167
14.4594560781097 45.2554362704377 3.81370430902143 18.957573210907
14.418164410058 37.8287944153942 4.78569329771351 21.878304361805
22.5097896691966 29.5840377464473 2.5651624512696 20.4488466146097
15.1568475317086 40.457399502316 0.488595274294664 19.8485397769112
12.8447842259447 42.9165713356138 8.60196239999749 14.6765923202032
13.6188360668695 40.9900516183608 0.563747640972583 21.7680892394082
23.9481004259697 29.3567009380661 5.65463178947849 19.518007653703
14.8988348674442 38.6297131945405 3.39840772354056 20.0451440178217
13.9931621520125 43.4402918999115 6.04164736967413 20.1351050091861
19.2889504713212 30.2134721203716 9.14973115954464 27.0759967322099
16.9797182991215 32.4540363846433 10.3659735360512 16.3579570227641
4.89645218029619 44.2749258441026 5.18693592552406 23.8787771510047
12.8365035164684 36.8490491395131 7.06962537260587 18.0831142150888
17.0468413253475 42.5840601774678 -1.03416258353268 17.9007072051836
20.7319662471363 39.4413185061635 -3.58497238475942 24.2919062890313
7.00829426378453 40.5763917491926 1.95789634730653 30.3536883204636
16.3675496282771 29.8642068849766 4.19656636284123 26.1871573575367
11.2335456265698 38.2222548776863 7.23038011372812 21.4076582168678
15.3657161752928 32.9417568662963 13.4134760317669 16.1916535469397
8.51586442248496 36.066971472953 15.5263359170539 20.3052531885711
5.30671576767736 47.9814777329258 4.13465243354234 18.9171400358577
13.7977856977632 38.6268713323777 -1.90550484253837 21.7307953266135
9.63107748753888 38.5237633797814 12.4945987522691 23.5637860823505
12.7393224796108 45.5093867021888 3.13176395232186 23.7913789095827
17.9418824945085 32.2343214552206 5.42245911271692 23.382511893097
8.2047291801148 43.8411841378365 8.43456196926383 20.7519597278819
11.9497437610522 38.7677314706995 2.60729718877293 25.7688808927943
17.991707278282 41.8658473962171 2.11167617938706 17.0657932717966
12.3331443619709 46.1168133005372 5.67885097502325 16.1885664606592
14.8441445146915 33.0768585102285 10.0596133341321 26.5109625639895
13.7833360114071 35.7028338037077 15.3455498481417 12.4947872338861
21.5158757599397 38.0064612275133 -1.52954658073156 23.7972293608086
18.1484810246949 38.3480428670632 6.73220716857625 15.2656179568781
17.9669537672957 38.2082202148894 4.24733151193965 19.419930722916
10.4470318169 38.1833540747213 4.21961769911637 30.9557598600188
14.5765062984225 28.7010883579419 11.1953019605657 27.073875508655
20.1808708843177 38.095076145498 -4.04307155881905 25.2880694561742
15.9772166935837 43.0497750509937 9.61169024174218 12.3254918457764
8.33625047099579 41.3267430329071 9.90080796343898 24.9977214858201
8.19995916270184 44.3585430660674 9.8036083769293 19.2224836949641
8.68581430068468 35.4497203747586 13.6028754011364 21.7907012980861
16.4326157955207 36.0305353722594 5.16922114407515 23.8406723809367
6.53069708481266 44.29355214505 8.08483997924129 20.4392895916227
20.6777420488275 34.7673935222033 1.34635604610424 24.4545505960958
20.1901197474892 31.3839593777827 2.30175343831009 25.6823392950924
17.0772315019345 30.6311551705215 8.09377599637289 21.9400963414944
14.3627214339637 25.0259144635367 5.82631367144347 36.4303703364656
13.1997907016402 46.9843314086166 -0.544461159704837 15.8557590720534
16.5246423567663 32.3648322813245 5.7652135476802 28.2191650680858
11.2737746112665 45.079305886304 6.29041659314454 15.0444330363392
10.4810040514356 38.1585732584925 6.96000935255308 20.1792410919092
19.7900894704098 30.6503836976989 6.57257401625977 19.3625379292251
13.8612798756015 37.1318075035255 8.10303935472211 15.6694610849272
7.92550142554036 46.880246423921 12.1528943519667 7.45611936954461
14.2772731980052 36.2429544597391 12.5402222127578 15.5989783206426
6.94722175546368 40.7076192390451 14.6406443026724 23.0417557117531
20.7976058209065 35.8191714843723 1.6704907250941 20.618690821826
5.10038433850632 39.0348582936932 9.09651352007446 20.9562396845536
15.3239022016158 39.2960022348264 2.20978683356657 20.1505660348395
19.8701076415693 30.7520301367607 11.8704222308603 19.7228536192342
21.9918310643891 38.1027224048056 1.59408348652462 16.8789440492071
11.647331091591 39.5999725213103 8.05452464178616 23.1724008237877
14.955420584908 40.5950032466219 0.995412299014329 28.0597149057479
13.5996551102478 31.7485477323102 4.4099686535978 20.7526636504391
10.0112861912875 40.2387234046246 7.85940642878036 22.2770649600505
19.1700963477584 27.046753900983 7.81781654588118 22.979157361652
15.7462657803928 44.5196895651523 4.86552613142964 11.9742973128588
10.5243718102087 46.6505544552718 8.75686425162035 11.0414537582557
15.6195371189848 29.8360914675888 5.98881947129223 26.663698050794
18.5075792116509 33.2846456102753 8.49328324679245 23.787125612271
15.2246362745675 31.1026286970734 9.56529444212808 24.4484750255533
14.8227607486715 34.6616164758181 3.66136192308988 31.5125310572567
7.41410507463523 39.1108200591621 16.3265417344678 21.7933264023702
20.6788376855557 33.1519965769296 6.42221450637802 20.4319940884295
24.7420549360925 38.5020012029642 -1.26990580055904 21.0889479961169
19.2457183086474 38.0790231835345 -0.504177265768716 23.9471741100173
16.5242653769702 42.4372054801507 0.831859482051079 17.2499575557644
18.8616994975967 33.6555163589311 8.97246530603018 20.4217965662134
19.9320532390344 28.126210900743 9.11455192280483 21.8333146116527
10.1419857211844 33.5192678496261 10.1747658273879 31.7983518167149
7.99318764193586 44.5481024798989 4.13546233010002 24.0219029124889
8.06432548615388 39.524175800082 8.81336438280343 29.5548535883087
18.1151166781012 38.8410736780377 -0.771052424373031 22.8887493996043
20.1558430546986 28.9452695861107 9.71526549954165 23.1258782897262
16.970839610638 42.543463464595 3.71932179895063 18.2474606731829
13.9172120774245 38.7926865930468 4.35960964342176 26.9993088314196
15.1859235173959 30.8640953961489 9.12931023057319 18.8642394878236
26.0210228336015 39.178864126732 -0.501512501109311 16.9541344132271
26.209098252135 26.7389905481563 2.44332556345097 19.9089051410729
25.631223502604 31.0776912359502 1.59902430832905 17.9608406429887
14.1540013695231 37.8278685370412 6.61388433159105 20.8601807055181
16.398304832295 40.6889817954819 1.83349563424104 19.0930807347457
14.5574683068744 34.1551016275816 2.21375625737127 20.4779454885988
16.8781659376562 37.7430599110304 -0.87496178042996 27.4888172950027
19.9027164998039 34.7936101977967 2.20374315815705 23.2282641441669
21.3824641946546 28.8446940416989 1.93297344812875 22.5544184885211
19.682438338749 36.8756811571807 -0.654722723586975 21.972157357662
14.2069069210541 42.0622992006074 6.60242853375309 15.3409839601067
12.1074478609091 45.5568544300348 2.76230729751449 20.3495274724903
16.4832736603935 32.7785706749928 9.05808748887807 21.4115477956556
14.4840759388552 28.0193344535388 12.2853058575506 23.1793520403705
23.3601846584995 34.7009868254358 5.95796780901764 18.3066494794513
20.2129646345859 44.3835099538894 -0.795100059717929 19.136694686627
22.5774182067696 36.3307116656635 1.62576865613593 18.6805309772641
16.4814967332109 41.9574424443706 3.69668371753846 18.0584506623736
14.1153621453849 24.7796182393035 20.5500141925098 21.1347225944091
12.5991050803161 36.0719097289943 6.596538979792 23.9843851738347
12.5174174181757 41.2360030804069 10.8104777028915 16.4772067267027
16.0586304676048 30.4038726257699 3.96826975243715 25.1128406308157
12.7580300325783 43.3389548001933 10.9855780707945 15.2417042176538
11.9517649036897 39.3556383379262 7.07977790673038 24.1780106560155
12.9150527142038 43.3833390122819 1.15753418918825 20.2295159506541
14.2152286564803 43.639854902675 3.00302634416435 18.2839808178268
19.8484764010465 36.8128197301131 8.96367584225459 16.9433696955505
19.3797751454481 35.2370273176431 10.0506963694897 15.8288214748919
14.0685074901233 36.3487582845646 7.33193716807962 24.2827229881913
14.9047246855848 34.1325061957469 13.4117599667648 10.3361141704644
18.1739048709305 36.1820499969637 12.4022452442988 15.1416369398295
21.3084729053234 39.5239127371795 2.93990624383726 18.2064221781807
21.2423969905368 41.3421831050093 -3.12204341864029 16.0058537807971
20.1441001678394 32.6727642545509 3.53493614443252 23.939842671979
16.6848690458816 47.3020870641156 -1.00199030986789 21.2487647943219
10.4466170176072 46.9818943237624 10.5639682902617 9.0038150324165
18.2572129609018 31.6265759835077 8.39178652968275 20.9145032474505
18.4307914215965 33.8053857252871 6.08097884270468 23.068911631104
20.2308835444482 39.9574715586766 2.7619342552035 16.8450909809945
13.2861191936903 33.5013255408781 10.9646775572723 20.4544953112402
18.1505917583125 38.7734299786167 -4.56127623288198 22.5119442596443
18.5114992311271 43.1298666973638 -0.0142220100734551 24.206536388281
17.7061832659754 33.7138891890232 11.2347324734646 12.1967313817113
20.3746111887576 27.5193919142195 13.1113853653638 16.6305951316932
14.3998380695418 33.900427543675 3.82413138783556 22.8295868909443
16.1032547156335 29.7559523240495 14.5231670692761 22.4947761342859
15.7310267579801 42.4243349740091 -0.0826103716705049 27.3307299006091
21.4953327566209 32.1490831024485 -2.05201087549533 27.9405362332226
17.1589107001958 41.5217701699035 -4.28551259725359 24.7877283009367
13.3064268171457 29.1430487003353 5.7553236975677 27.2737575540481
17.3121416336892 42.8958038162822 -0.117808753636732 12.9628286223616
17.5368031143736 38.6829948946091 6.23644989250268 15.7685402687408
13.6957319826858 35.8479300505014 10.3392789675837 16.50728157376
23.1306658474647 36.2118619927798 7.85456695520569 15.7607467112465
18.0971735449616 34.0475350950229 2.570116242269 21.3478425607673
15.917884040416 36.3784362665333 3.62217651671103 23.6483521080451
14.662101232779 29.0041897572776 10.3177414319218 26.6690230035819
17.4542184187221 40.2898003410361 4.44935471740948 21.2404716586072
8.37108960902894 34.2793316662508 10.9978791729332 21.9985617852757
12.5497181119647 29.8855427870457 15.1915407255801 24.3865580506661
13.0842051205504 35.7279807646432 11.8303204020843 16.4935934056492
26.9850263811881 31.1031656364638 3.80849349478243 22.9215230036403
16.492686144253 36.258141601887 3.76452975291073 24.0872136047176
9.66096011383104 39.0378829280149 7.10810988145684 22.1994523131135
15.9566256291045 39.9568835633745 6.04407345924281 19.6767129855884
17.1059668873475 27.4149241322939 4.73043240419161 27.408773122544
20.1815669268606 27.2107343976896 9.48167912325787 26.1815849044525
17.0456787016935 39.3462793506942 9.33632481300719 17.0530022320144
16.2752803483742 45.0827140367562 -2.61664688406321 20.984594981871
15.1824258527812 39.3836620065941 2.03535702299426 22.9042766761568
13.4338664813649 28.0669495104154 17.4362481664888 26.8026307698435
10.2571471621068 29.9604439991341 13.0286025390734 25.1714388465253
17.3556059032201 40.1798883134344 9.57005774139697 14.0962874951316
15.5793914398688 42.032581821766 10.0804438604582 11.7567867956304
3.70190367873997 40.3066945180922 11.9903560446723 22.1672547609886
6.4174682701847 40.8666530208447 11.1934734305905 26.1850743108053
11.0709318762395 40.8619381782154 10.0577195081741 20.8889877455545
18.3572385273232 35.6487870129988 8.69312571418931 15.4045426406439
21.5409130201495 28.6467889117559 0.741117800244816 23.1136892741318
25.7251713227712 38.3071027706197 -4.96495718619305 13.9582790053918
19.8973423504038 32.4510161865223 2.17402284613203 28.7698997022887
11.1284138046087 48.685533211767 -0.840021735450922 16.0338262161299
15.0610275471023 36.8312036476579 2.70941606090792 29.8559691825104
10.0657637396529 51.1397655092091 -0.850623901703734 23.470816414469
11.4723141835759 41.0407945843139 13.6857393356452 8.63518766954554
8.30969274247815 41.5484964309282 7.24468878036171 23.8268410749169
17.1829271308681 40.5970563260544 3.45474351712407 21.8700273771678
20.6613359546435 33.7211408380182 10.4012268484039 18.7673348751149
14.1028525106762 38.9802781490487 6.78850756634562 20.4358900508326
12.6482060078216 36.7313236744065 6.97909566482132 21.5702267986728
8.17205348175065 39.4088145217958 9.12970389179129 27.3076552103255
19.474284224522 41.8115616060727 0.477075452716759 19.2409202370337
4.52771117470042 46.3618830321753 10.6328173915246 17.2700781716453
6.2218616792785 51.4849070270264 1.05027355125785 23.5489931169574
7.38170475746815 45.4729758224442 10.3232293422794 20.5399734122325
17.5431474400355 28.4429877258167 12.819338635781 23.7485556707851
20.9541856247277 36.8846934223213 11.7002170623441 11.8916218396322
11.4562834675798 41.3091341233297 5.41411991925585 24.4826342970915
8.75046174978597 42.2500106167055 9.04838881638827 18.781435714184
9.88969321640546 43.6794130166722 6.41125382241389 19.4360254705025
8.72005868025738 35.860157348163 9.58718904863044 25.6095338697272
7.7236305490574 41.3156497231395 5.60245935572352 27.5175078849387
17.000798055235 29.1649068402897 9.30941734206713 20.7262540122574
