0.536930271681747
0.330851646631291
0.494373427313909
0.60271172119149
0.291433113004351
0.651615784775019
0.53599794808253
0.624122675409324
0.552249383128708
0.571727507662217
0.478989409412894
0.311026080740364
0.233248682712141
0.483574440040545
0.23055931011083
0.236635744495739
0.562544071245977
0.631072717607516
0.481688789842039
0.243478083239454
0.361862975343894
0.631312775018173
0.41865054241971
0.627003205624439
0.467313843148256
0.518460921565274
0.56292329075101
0.315393814197023
0.61061138054639
0.347813392160271
0.452170929957964
0.571997560680708
0.380935403596385
0.591814343890694
0.178114329024336
0.505314886988691
0.583979937671624
0.619819097870349
0.493503767303395
0.516162517123344
0.351669808438575
0.0607058720399675
0.61003293239836
0.52944722970426
0.34093914584451
0.484731562620868
0.376584347311068
0.487578591094098
0.644735142584393
0.452998956985023
0.43558017241761
0.453921087624642
0.627801282895259
0.401563200414024
0.36663936973127
0.459259147477587
0.30620110014566
0.597012661537769
0.194688260132249
0.502628546522503
0.303639536511624
0.533707436352207
0.629711472818755
0.454405523170586
0.569030308830157
0.564219192317887
0.560177691339739
0.45039636760844
0.34977291134801
0.322590710619644
0.37763565042863
0.466407982798726
0.258643833332708
0.368809593577225
0.584709498649277
0.335357725098232
0.440845457865925
0.532904690649096
0.544045070796387
0.52803840862693
0.554225916989844
0.450874840008382
0.522785735870825
0.491588304350332
0.591124974348036
0.48647014123466
0.619327399850148
0.605360490330472
0.203371863374491
0.546082886961135
0.358897795875264
0.372788833797695
0.332954287287821
0.47086410072733
0.394296720435832
0.445894445841101
0.543239067949052
0.604195424757311
0.620129598233766
0.561421717717246
0.590144156338612
0.385299406184823
0.468590528797086
0.615514440670605
0.24721536278813
0.459371971483678
0.377597246096833
0.4824117899539
0.49616076753811
0.386420216101316
0.463408813504877
0.48642054240277
0.321764767637363
0.436570197180985
0.401393816057805
0.595564236079892
0.593486359561831
0.518995731138391
0.37786464219551
0.464209921127806
0.596033726000463
0.492070828436113
0.411109651410892
0.618597909807113
0.405216485987092
0.545448210448942
0.548932188933691
0.641382897898398
0.470451858213168
0.644816383931508
0.427418711724538
0.610918821057906
0.402974294635387
0.513663400684713
0.548271016730082
0.49424971827592
0.545869261315299
0.44953730320641
0.400294918663616
0.408925645558288
0.325601606510378
0.406724217452723
0.239775633751958
0.279764207865511
0.225832585919457
0.359046204679788
0.404654651752294
0.522080506084238
0.43044829168968
0.328116615684971
0.457016744748454
0.328929689856592
0.527751121069842
0.433281899992382
0.365597416946027
0.250774286279001
0.396655015790935
0.497873041366138
0.281254402435365
0.388565282779808
0.620646815327585
0.403345507196638
0.609077730956193
0.332736564509932
0.459677456878803
0.434866984394651
0.551613957500816
0.226669436538183
0.622967645193746
0.467091674476645
0.562231551869345
0.419231821931717
0.262520877358118
0.640549413142155
0.299520648534711
0.392487974867619
0.479714855668104
0.426917325416361
0.610839567863763
0.55345666285381
0.410687747589775
0.585624280116486
0.473487764365767
0.26321257066592
0.564235143736097
0.556108982969603
0.55434857671999
0.503814132596678
0.349490883435109
0.264511381520147
0.586385972421457
0.356217130849466
0.577771199837665
0.463478558732387
0.432217770591934
0.34274975980561
0.491040290900247
0.625692021501531
0.539748393151831
0.525257421526056
0.445232309621833
0.309246867432546
0.421187584081436
0.640540499733518
0.325679240424595
0.5674835788283
0.229182316254573
0.534416197945647
0.516533972062223
0.53051900635359
0.482603997655087
0.157263792749464
0.651040314936724
0.587222149733665
0.344407644684051
0.512976767866208
0.537805610825905
0.509148037108777
0.492455750635778
0.37997396690156
0.568823858148733
0.546622112806514
0.417744030740962
0.507354665672586
0.283479902935638
0.42038303828162
0.650019472160657
0.5349020659627
0.512785012622754
0.289383107852816
0.572577568997893
0.531513068057298
0.467054570041467
0.503369136673347
0.52620225468396
0.47521074477302
0.383800147476008
0.465195075492509
0.464994453965852
0.649289983922457
0.474762261340809
0.476357469472037
0.413022045195089
0.603375217955754
0.593616480273248
0.458221782716863
0.383187881074447
0.456298083461356
0.39929602828449
0.510085238860624
0.620360259765278
0.479975372648439
0.379830413917832
0.599975142383989
0.37329372966478
0.544189671178256
0.477450427958877
0.350270813127125
0.270447893653836
0.57188377725585
0.575040650005955
0.619935543228215
0.521830990460047
0.582346700607744
0.380078950341191
0.351964251079728
0.492060971764163
0.593589359281314
0.540062123818538
0.522512998844195
0.416766126613152
0.507683544046553
0.580733955199617
0.34039228129261
0.508710497110748
0.641517720988861
0.61243122275283
0.419179257541273
0.192067970142732
0.544899150665622
0.477398433511851
0.628360397847826
0.482159006031409
0.219460109408876
0.521325950384093
0.628636673481393
0.414367043993065
0.289467214289163
0.503223494409062
0.648988701592254
0.485859944638805
0.293115183363052
0.536481734935707
0.591789125055153
0.596119410139471
0.584533839451624
0.512476783861679
0.402124366730098
0.607096982405396
0.628755992232181
0.356308957432164
0.584405338101394
0.641576295422491
0.297409472410374
0.548254083229033
0.583938455157767
0.526863158529245
0.431964668182472
0.439534365842852
0.646677412463562
0.324750293845325
0.650145986387253
0.602537494216974
0.432944303199746
0.495505831921507
0.487449164356169
0.445629539549283
0.41427077044841
0.274682602342912
0.621801068604762
0.647503530790282
0.242971385051042
0.361804716882576
0.473424706920391
0.365367789732564
0.564224085974663
0.393561627229071
0.527787731524522
0.511937625224941
0.519337552631001
0.283152516292807
0.568954822172091
0.571064647165967
0.576464498197125
0.575260986233853
0.615109777435184
0.580650128435375
0.489384695765817
0.573696555787903
0.537541035206826
0.474424948493342
0.588657538836302
0.343873015562882
0.438814104060255
0.600263104304849
0.397135363093889
0.580968207721689
0.491717757445294
0.325031257648371
0.533619810741376
0.466939131652192
0.554589230121244
0.615460398632978
0.383020297257704
0.334976397084867
0.578621679310357
0.641109627595741
0.570249333098033
0.473178704787551
0.599854556111649
0.33542421131703
0.647977250015658
0.307323892214774
0.54062973477272
0.302203361859919
0.329462992036553
0.427159104770888
0.551115263397303
0.499247425105472
0.516153889242524
0.408005338467451
0.439441231944307
0.56875562456742
0.325539907722844
0.625428928392524
0.525888714510913
0.574842126828058
0.506964391416543
0.593326900009966
0.638531068237701
0.471848699012429
0.597238316804716
0.429594738139608
0.56435009017689
0.463865160325623
0.427794839836966
0.544208338424145
0.534309874708257
0.351373761351307
0.58798472615826
0.417499832965891
0.447271968061637
0.335997466241353
0.381924523103819
0.525480937990877
0.611662230072716
0.623603798864214
0.520049194350661
0.52925310872288
0.356966565545342
0.620989967933172
0.634623684623913
0.57675019909057
0.408935760799541
0.594425390574865
0.642748857276692
0.64131025988621
0.62080871562688
0.492239434799828
0.422805326971111
0.570237038451135
0.471097894080068
0.545077858323235
0.35680855950275
0.526682257148882
0.339954209806974
0.456713920032541
0.643298161741117
0.290859003908208
0.489842135935911
0.232466466126796
0.369463201927168
0.612705527273181
0.601121739083743
0.635368002076438
0.15342106203306
0.448409604297479
0.609152936182407
0.592842427441968
0.648691921497677
0.464581626337578
0.570338219166116
0.383374187370723
0.558854080471024
0.23341508009409
0.344571986876463
0.525934775725892
0.579302819032685
0.445402306513321
0.432984242022888
0.563021437972891
0.576905428610586
0.562471354007498
0.487117140230575
0.648584885605777
0.443205270384803
0.645065014332422
0.536129296341588
0.644528734695161
0.48783519081558
0.455173350650027
0.381124139203648
0.60469545489928
0.547918324773566
0.372961290693686
0.410983125443081
0.408324227535888
0.551669951823235
0.374745895737614
0.456059066682985
0.54551129169584
0.547773321236889
0.44942897528392
0.529460453560548
0.578295310021705
0.511254488598703
0.59647041922403
0.289270548676934
0.37608486127496
0.479024471225128
0.531463222651895
0.440098382858806
0.461222558853285
0.585963671965995
0.550639149862675
0.434554628287061
0.643845957072209
0.59595379894818
0.637472077838032
0.403026301608783
0.41998201643217
0.485237306856311
0.352035006071957
0.456938071383564
0.236460764305629
0.469097024634623
0.350890873382404
0.529785510255939
0.543730504537856
0.458544739499294
0.430722429241964
0.335246548711503
0.54659368508976
0.486476078756625
0.523381863736414
0.562091835557274
0.57445591516348
0.602513150895186
0.628411430150871
0.157234687427016
0.541678937449404
0.600289790335641
0.449833110270834
0.643304149166044
0.575259881771387
0.503137022406323
0.606592782704695
0.593596904695503
0.604680036611451
0.549066637233444
0.437845577309578
0.414160817690298
0.456119979416647
0.523647008246178
0.38686547186822
0.267443847113596
0.52768693637619
0.465594409413784
0.48638317600333
0.594459774294959
0.50276447866997
0.332348907437076
0.576250419436276
0.598845000985802
0.480175263425674
0.605644511795849
0.606589194141923
0.352693693396141
0.550615819496124
0.431317708510497
0.490154215354122
0.533139954081297
0.605096876558542
0.574608195018924
0.197348300421482
0.588519630972351
0.530085893465175
0.585999374953368
0.501840923446804
0.372206553153293
0.436940215358642
0.454993470201155
0.419960042726615
0.510835382742161
0.236924288998882
0.432063191156868
0.43575522301145
0.508449233434332
0.40008828731436
0.466310889696857
0.548285738851336
0.60895737403132
0.439375745444709
0.436706605423064
0.38783753133045
0.496838059251712
0.412794801595151
0.59222372404589
0.59359921299208
0.361213895910235
0.407270526905692
0.468112270722812
0.273240301191814
0.511163054508249
0.556483849869259
0.540558502266785
0.283750845126383
0.545383065383108
0.506268821571403
0.584119830662342
0.600052130342541
0.365702442439556
0.558392156115633
0.31430785141157
0.444228209222301
0.634527750478953
0.649988475814059
0.647578189863134
0.543614472769251
0.581220870941631
0.513235399303977
0.233432362466249
0.652853267758748
0.574397794586612
0.457568585352801
0.350175698325502
0.63275568226733
0.603860408848387
0.40685377051091
0.334585829063284
0.568525718256214
0.467551620527509
0.336423483993819
0.468199217934344
0.441892038686388
0.538480199659681
0.40051206574285
0.432652855186791
0.465294198617313
0.608501362068642
0.118629623973101
0.580523943713912
0.604836532816523
0.396146037708734
0.433795791317132
0.532277098695718
0.337204462141853
0.61039634860306
0.549672618916469
0.595289740610105
0.390409377009891
0.335467030200675
0.394024804042689
0.346141898200702
0.529512425228257
0.415616092022776
0.478943674558322
0.563173627038704
0.504576610488206
0.566876582778136
0.524629234807072
0.597020160122525
0.542433917964868
0.131569812344903
0.41564117592643
0.54723284676746
0.455131502757095
0.589323546702148
0.472975521254332
0.610995843891477
0.464947910437865
0.333555574528697
0.466447532292682
0.431796174324338
0.300724214684107
0.466564844216687
0.373336412621936
0.535539332168219
0.334396673658748
0.524237014611321
0.43719204495194
0.447822838178475
0.48120860467667
0.641910642424506
0.511265145795412
0.556380827824808
0.641741011813126
0.551079737436866
0.531875647473075
0.530477506553992
0.440077506999128
0.45291427746924
0.49449792143174
0.555383664758132
0.63998741435243
0.173005535339273
0.64557564179307
0.624798107618235
0.411727939122763
0.353721881932847
0.378909134675539
0.1840351386256
0.626251935001091
0.591454448540667
0.448884623318911
0.526971918398008
0.440967853765537
0.466183543939177
0.412721994811657
0.584043520709437
0.529430556949255
0.555545795482006
0.202619156122157
0.243222760657625
0.593436805224245
0.526762375450288
0.596947073986244
0.403984686313154
0.306976775218306
0.300537557947406
0.324723801745577
0.624030990179965
0.45380941479871
0.461828462623726
0.472428348622564
0.640564441509872
0.532239074478946
0.584076540883612
0.562059574817617
0.507113738672773
0.429095475286678
0.364014606099119
0.503975264578409
0.63679620824978
0.559471781481781
0.383244029409894
0.547239478028801
0.465896551453685
0.44138553422235
0.547959225465432
0.507256711121042
0.329210633935783
0.483609868075091
0.35705472566499
0.609525808273202
0.593233150522949
0.407063519004782
0.385066484261289
0.471562473807554
0.552273262124645
0.485908174099419
0.364290267346287
0.636231606439961
0.363631645975616
0.582843689959639
0.461899355132847
0.419737776124023
0.244348904135994
0.611843245795585
0.575835441205336
0.412407132338402
0.48293461249429
0.12971233090506
0.536046975788595
0.264286868803824
0.599053170661689
0.324844488299986
0.347942115110363
0.468494954948525
0.25660208835109
0.553564941828025
0.46325584171857
0.616211202449
0.548248715451894
0.603802235247909
0.397236844889881
0.266537485290504
0.37464704784724
0.481780521753584
0.636553024155398
0.369854298639739
0.615240041720927
0.46505978562693
0.559191645612036
0.333741296725831
0.357770255859991
0.469204970415452
0.617476048867455
0.576384632324181
0.639322580159432
0.536442602184692
0.340704714007345
0.569710823361262
0.254463781815505
0.377399832072957
0.576595961405188
0.483468495570077
0.442853432367109
0.402458941413895
0.536646117293664
0.275994947031361
0.621209170824956
0.518540623009779
0.365507509635892
0.495559735803033
0.543568478098266
0.458215797430353
0.415330349295079
0.60370172471462
0.453674000565706
0.492389760687558
0.542683845252538
0.215362453140875
0.558874533572677
0.585252275554046
0.364131814036998
0.321801133199743
0.575128544525256
0.503902470302187
0.538169369654691
0.42366546043937
0.50186947016797
0.328162989522773
0.101507791797955
0.600207946810141
0.611111748070746
0.169260110730562
0.547115162752325
0.539785938632358
0.448290573948165
0.593673425958509
0.331229568791829
0.30178436054642
0.474312461562435
0.560949195777824
0.540787039047773
0.585825658497572
0.604367117176383
0.466125746282087
0.55678145065015
0.365358724080169
0.469753067337365
0.549179972568393
0.525891229692934
0.436255454526509
0.643760344992308
0.471577827215471
0.428887391859334
0.468840622264974
0.626074197124883
0.523083330258464
0.441230554926019
0.310311912297941
0.528559650183983
0.525488010277857
0.519900527578618
0.454759614618961
0.605151592610281
0.60430980260607
0.523293010900522
0.509970438247452
0.54568324245628
0.605901905995234
0.388765088196876
0.546842763273347
0.497663074379338
0.539948009847738
0.107542482125543
0.342142931605859
0.377642281706118
0.595730177650665
0.361760046156459
0.397429148714436
0.591996291389509
0.554141738261419
0.398632755600894
0.459935615230214
0.564334097350526
0.517256020949462
0.36187540951316
0.519273597650755
0.491009093161621
0.394767265714843
0.272472807259146
0.198335928299202
0.305517747817489
0.246469868557698
0.441636603172499
0.429591938656376
0.426421504025039
0.442608941762862
0.623509833956148
0.341865532881332
0.518991753472616
0.351551975809123
0.411604083860677
0.33534725927587
0.204383412003381
0.495546080928665
0.513551032824773
0.42498902997122
0.579546340486649
0.479637560128875
0.500964799209486
0.35411858908638
0.270226353888419
0.606510535546157
0.271248961117046
0.537004101368953
0.52293419508072
0.618620724953938
0.330434141343036
0.500209768750915
0.534883873753001
0.591786127806787
0.624330020550635
0.578063871498519
0.299097019178369
0.423476710711839
0.521867361809319
0.578559525860753
0.44606919018557
0.570300530666837
0.581689508686871
0.460609675267435
0.336046638181196
0.489499208292961
0.448022406188348
0.279578738077864
0.150495222864441
0.639853832743248
0.428412858380694
0.519869787387065
0.486413304526584
0.651072913056045
0.515499116188571
0.105011749704576
0.359576599194826
0.479086864526422
0.426328219714629
0.52503020992983
0.652709897319707
0.48815890777252
0.473877965959631
0.450088189536786
0.527457940583642
0.369547355983548
0.303136765194349
0.564422471839673
0.439839168813673
0.436967973729095
0.610564014467251
0.400991486745446
0.590824219021952
0.338107199380478
0.436185890128758
0.260549014883987
0.446106688035231
0.148004797701956
0.631429428926744
0.415354071902495
0.548908317837848
0.43368000192628
0.467286853403941
0.549525855068229
0.445980688534891
0.580729296065666
0.419834553000188
0.488142308069863
0.498351756685918
0.324820140280624
0.498132544654554
0.629916065262253
0.474143481125481
0.41225830775656
0.46633314141079
0.365769461320053
0.507017384076424
0.40631247597544
0.425051068440841
0.44709163258985
0.5860050697114
0.419313511717415
0.35362045132696
0.344250637007704
0.322084078730304
0.538949741456857
0.428473990127349
0.540307402267812
0.516335255399215
0.520344317677669
0.464863663485365
0.650507025131981
0.205355994737198
0.423794758099837
0.63408021922847
0.397536774058571
0.56938305551958
0.535778257406784
0.493885335749615
0.625355962006458
0.520393401311903
0.378687054320588
0.563307275527208
0.58040214656164
0.258122867675628
0.483865411053598
0.488057070311827
0.514867815371499
0.407340791315046
0.497203337843761
0.494843904876041
0.493382152160157
0.599786777948012
0.487441687311401
0.433291364914384
0.556053230997854
0.3562443834005
0.401063488001129
0.283923785672972
0.308331267629384
0.571707243472595
0.400698002266465
0.374434139884147
0.580629624137152
0.566421498801716
0.502710712616374
0.652636318475546
0.523915394790125
0.618151227418744
0.554430017589996
0.501062488395563
0.559848172760978
0.471104349261684
0.445789032406602
0.650478513641887
0.642271161235873
0.57000598253525
0.248077947576042
0.625401922639455
0.534319627690249
0.437705588219571
