0.483242854837386
0.629837916493758
0.599400550468081
0.633305233312419
0.439584180622247
0.533011209395201
0.539134334118191
0.604164893562172
0.463465769114083
0.511488907330428
0.567985737290398
0.630608578983132
0.413646478008441
0.301423858605363
0.630778525423036
0.338192830902783
0.580224166674453
0.309512763253798
0.457011781184983
0.330306194457954
0.570762441153283
0.650169261469787
0.38030705829241
0.524862258160335
0.639380968679618
0.629453307294242
0.571176047430447
0.603612081040117
0.602636100590492
0.523547520352978
0.645168185017999
0.506586548791594
0.619053281680757
0.212433363894652
0.635163424650117
0.455356675298283
0.456003687272328
0.620105093417231
0.582916773589023
0.424244559713999
0.604797533898123
0.501939216056249
0.399904469283191
0.599522422462196
0.354797549943973
0.362675709200252
0.578872512140211
0.608094989017288
0.40039474683304
0.538531102702057
0.480313148271703
0.605071482410589
0.452511180643767
0.584137895530947
0.650141268773443
0.509350743352845
0.560999810500061
0.632089026332161
0.651423704092871
0.45165950373906
0.632504978390471
0.333852088772226
0.60939371676011
0.545288692131712
0.64921058794866
0.622537629311631
0.646480808480651
0.353507174495722
0.263856791650227
0.489302406491045
0.503427993439423
0.588398016061061
0.52469102896767
0.597262687412213
0.637669212966815
0.641577328964378
0.605688592598361
0.545857724194875
0.513202600671943
0.613547510069368
0.629603568029052
0.570190107016465
0.553326372429867
0.556784553325782
0.365471200581177
0.554998107798073
0.383536539010378
0.650820413248701
0.364627624695084
0.572479611861696
0.61840597436471
0.5729937244497
0.583927813645623
0.48492672103462
0.498056493061537
0.607502012020867
0.372911464336464
0.523051927180499
0.549831654449469
0.622279461087488
0.63291707504319
0.500950251036571
0.509151608006746
0.650381952462742
0.483220026011816
0.529205931219443
0.541122896626002
0.638205685414766
0.614668569782531
0.605761744678701
0.452634616681594
0.571419391532025
0.525999932773917
0.539722982145238
0.492103116086547
0.524801896881557
0.613735765041541
0.585441301679313
0.652127906211105
0.634542030233071
0.448239593794298
0.452971327195418
0.476192625065825
0.573416589924908
0.627315621921711
0.59377908490483
0.325810709904236
0.639488663171492
0.592081043848343
0.504306739168724
0.580769997973265
0.435787799729701
0.589612632030613
0.516566300600951
0.599680267422069
0.454349316347895
0.455963500654452
0.38466192948494
0.443131721836154
0.586950911486097
0.486709834213216
0.588183223976547
0.498604420585507
0.531743891644634
0.594901634796336
0.255266618619314
0.445113747200855
0.592029723881888
0.513900108675298
0.428959719575388
0.213169797652009
0.445080820150951
0.430669976777945
0.554908009825076
0.553114496664442
0.462051763969928
0.589621955164823
0.407050997208069
0.57630313419645
0.474983058262727
0.6004776016755
0.521893719920058
0.535439831377252
0.610310333677141
0.614229293573515
0.218863323194573
0.550269524369881
0.617452942235893
0.548533357764448
0.413939349560855
0.626270753681872
0.585295087239196
0.474318554306245
0.554701690809691
0.645368954175302
0.309113533326801
0.492481037843955
0.504938975697417
0.403966808648335
0.467252674798844
0.532286256407172
0.589753547334641
0.615103756144401
0.460221525007657
0.640183381047179
0.460131690862053
0.622246919221498
0.23604498368989
0.567708848496139
0.379159870235099
0.586068338476841
0.611913791917718
0.303093742462224
0.494357133112694
0.586386656599142
0.586845940547736
0.331775761556536
0.517454490234518
0.62822542030275
0.343670575556014
0.38988370224175
0.472621021947711
0.618352373446141
0.621845854628679
0.504364665642134
0.479368092227561
0.404780826821088
0.632921351164756
0.582618480527944
0.480163069810432
0.536117646489656
0.523603733095242
0.39049316818837
0.625686573362287
0.630012946267016
0.550943897984116
0.518403085261154
0.620711695450291
0.617626362277398
0.65003647537287
0.606998578579333
0.532641343355786
0.464037277208146
0.55485547265246
0.627352328339877
0.503843378250586
0.619057385020742
0.379419276024488
0.426488773481166
0.284146418309256
0.645328086121781
0.401984098544305
0.621071690826735
0.512658020193192
0.646641948894487
0.529303736528884
0.37064882978388
0.590038647613845
0.428926542360038
0.467757041268159
0.574972599943209
0.562296128818904
0.567497030487011
0.610698747205053
0.53369796744621
0.558991617504618
0.435301759588142
0.398557528027766
0.471280035056494
0.528566903411429
0.475002870192799
0.251447360784596
0.515063445693626
0.635708719821763
0.554286690384712
0.633625783660194
0.527566899846904
0.520890145389379
0.450327793284744
0.489439299589429
0.639827008268978
0.619590876650508
0.57358025170916
0.498166633017077
0.557817202922185
0.540949751917108
0.575687133797989
0.584490052088815
0.613524971165507
0.607833230702856
0.570406614560535
0.511363138035593
0.477955720454196
0.350165301655014
0.618397952302153
0.319945474896281
0.650856200470064
0.574232831502486
0.496143222152672
0.29750355131491
0.543108325991679
0.460759961290302
0.439519590749423
0.536840888600076
0.649756768623462
0.526791982745879
0.577321433300157
0.520676619271761
0.652901275833266
0.565598634627326
0.379557564083248
0.622667256983881
0.623096769850665
0.558125793778143
0.651538016779558
0.397426834458084
0.498562443598208
0.391115690169101
0.638596283031978
0.306771537189949
0.577548260418006
0.592706580634817
0.349623351443945
0.537636543183084
0.487861929002749
0.563731427681807
0.469725714410451
0.619359333960155
0.648195733665117
0.451988441547983
0.597205138024861
0.494259960457677
0.539096096778927
0.528719470536022
0.589763602441797
0.628104102928947
0.560117738182538
0.622896403616587
0.548584740859137
0.551257326383883
0.651333917131949
0.587315097617612
0.497178837986226
0.641241704355317
0.448565707838085
0.547251748745414
0.348754207561229
0.35348577463232
0.620762119470428
0.539028051558108
0.534095576813628
0.64130267111007
0.442242307504267
0.458247823527569
0.584155391591113
0.557965487847895
0.640753297308554
0.518397403550481
0.442850980921763
0.612154203282454
0.536277352898371
0.389702245995865
0.644377371784182
0.566921080785125
0.457702528727452
0.62476615003463
0.569480476948419
0.498614273768411
0.473942153082687
0.574303130656281
0.599554682913789
0.538171717003593
0.556504171422192
0.519467772220694
0.622033720485967
0.489993468110148
0.615830440479165
0.6496557266716
0.523443194530882
0.604133659826861
0.649225963712035
0.583370399973133
0.615442073927348
0.546576141862394
0.6364234616136
0.522905239109017
0.399043415237225
0.597147033091305
0.401617284841019
0.525016560270468
0.372205459719637
0.370744938093803
0.579442272926446
0.62500542705253
0.521116179795027
0.587117822941702
0.572736697415366
0.459983269536756
0.644289310840048
0.520922961170201
0.62052353804124
0.385352531776453
0.473973469782435
0.586383464104522
0.506868394124446
0.498836339297664
0.638830921846906
0.614077595084705
0.635702768010663
0.513672452900063
0.388584131007898
0.63534035893259
0.5140340412237
0.422686649789706
0.5905221738798
0.457286666099582
0.568524940674965
0.645786239856586
0.502665595546197
0.464461999234008
0.599110564993128
0.642431139081312
0.515806788832986
0.4949785188539
0.490127584825628
0.643134766007971
0.491792381670646
0.591029431031303
0.597930061195795
0.602015430785299
0.468216517987065
0.473991397234963
0.56037098276014
0.489433644050559
0.407369831765535
0.57625039868613
0.552432071365431
0.562470613732171
0.431583789699811
0.495386034578477
0.370766203935577
0.616277543837827
0.610060382822845
0.501235233846337
0.631842023481773
0.331650174294421
0.401030885140125
0.536843272161983
0.62444933160311
0.606041325964204
0.412525774307389
0.393430288327888
0.628743311581386
0.430161311469477
0.298178040099427
0.514572423099903
0.573629915829055
0.429235306786845
0.524188263968572
0.436834743115498
0.63269606877067
0.59886412941518
0.296661679663143
0.524778205367612
0.407820568918717
0.561009453108567
0.542175478700489
0.579309364911032
0.298693141873409
0.640932345279348
0.581155024109218
0.422215478585777
0.590218246201537
0.304802108762981
0.443867772558232
0.605612806029564
0.622683642091026
0.153523853595412
0.564446962320244
0.253353864489031
0.634017170231457
0.622532897625765
0.614309535310314
0.587522233458858
0.516813390700655
0.432972265280925
0.553689820344873
0.612841577482887
0.546418699769117
0.594496088955112
0.589457224355209
0.594236057502474
0.62357179093057
0.480442397510172
0.428358497406787
0.609458240920819
0.533826467410226
0.543213167634015
0.523051499430359
0.629325810480111
0.343289391521459
0.557996651338579
0.355909201481406
0.593345006252118
0.518408661467308
0.555351845984028
0.64179277235337
0.601501477263707
0.640774371650915
0.389112304690175
0.556882791531417
0.575593854866229
0.615422614889291
0.578287214633105
0.540772204348496
0.571416166834199
0.59963399922233
0.604928105472514
0.549013724253728
0.587720581354158
0.413161141984285
0.498850307284655
0.6138267468114
0.549665337054111
0.605513560450491
0.461812309607067
0.323022600877029
0.548686612376435
0.571637606590483
0.311416119785546
0.310242899171431
0.513442965048164
0.593993778080387
0.594214122632676
0.563395360193037
0.627769436073267
0.602937134473417
0.569228463350369
0.621598425065544
0.553444738582593
0.350787081019513
0.507784500728938
0.456924068197656
0.612025830823054
0.61140322356059
0.625978944451682
0.446836141019523
0.643696254849618
0.621804883529651
0.591166989035736
0.454678996156075
0.576294109804131
0.638946698220272
0.574229125372362
0.558643161497367
0.475741576034821
0.512569412713418
0.278993904515806
0.606948137300047
0.522978668022751
0.614051345181786
0.466897829282522
0.502535759004641
0.204076340026276
0.516807826550684
0.581768583107708
0.530903421755894
0.624259544075142
0.542697714349982
0.641117796123659
0.442465288602147
0.62343833013628
0.493884799149507
0.595194719814523
0.51010156984568
0.633312200168832
0.620269269541847
0.58938745915705
0.514699623148239
0.561304941919643
0.597570852248376
0.618900114432211
0.650843947495238
0.515842907302189
0.596603268758505
0.445993982658734
0.54749704513794
0.536019211050285
0.479668905044675
0.527811476732555
0.560112048904948
0.241956799089446
0.588026245182665
0.614106228921587
0.559463539513691
0.481050911010077
0.519225699295634
0.641834750793518
0.430386934153615
0.561075058418003
0.584995242684038
0.449185241422186
0.402657413809482
0.512634783051259
0.490933123806934
0.526587392937711
0.620881064973813
0.578132567031127
0.542526308788281
0.308351123075495
0.620521669374897
0.57661512446691
0.283662629851798
0.493050962868119
0.605233804965719
0.196981040980913
0.547732432342448
0.349758115166409
0.639788564739671
0.341691577428723
0.353957466005195
0.565576966640185
0.51898400533215
0.382332112338737
0.622444257958188
0.460741364253388
0.604654188581061
0.573843244029948
0.638627445328546
0.599761768660468
0.441898728351327
0.551248698625355
0.635073633549261
0.552026754357005
0.592268469907916
0.408861461169611
0.537285570003606
0.582967800906267
0.613680665896357
0.642824019252395
0.459415551524271
0.646599639733353
0.30332856995854
0.652323265224678
0.632852877971738
0.631136830025266
0.46416137190926
0.606781283699104
0.644337657372987
0.325401113652349
0.644647907274795
0.509250356227177
0.555830818754394
0.580421766923527
0.428099273659944
0.637272488600509
0.641928295851257
0.416480357448783
0.455539268766878
0.640533281388209
0.28182999206163
0.465829197410804
0.515948966850616
0.64830782563396
0.585208263846718
0.468736654896807
0.530654631272333
0.570002802454866
0.598364102476777
0.608646657839895
0.598888252216311
0.577138956974616
0.597882560122966
0.527378974921359
0.547416496670805
0.315168466503276
0.437564955955726
0.494646161095129
0.49281334164929
0.545497889217538
0.465598966028752
0.464478985410235
0.643034807533394
0.483486649259269
0.575022584846173
0.477991867228483
0.622660497334409
0.637408060024708
0.629717844462035
0.499056174583353
0.642857711242007
0.502260155542937
0.592713624456067
0.63880437849217
0.634284313967362
0.624948924437792
0.574684563184279
0.507937741518498
0.551405796518644
0.544564251872776
0.530398356615507
0.555999061012198
0.31682394304513
0.520673629628909
0.645214704981163
0.550818743360546
0.48067950552505
0.5244329037023
0.528241133128442
0.607771719873179
0.430341019370581
0.643442683374981
0.407683506436022
0.585811137696151
0.613294527143999
0.646407951637251
0.512049813663167
0.607666968461224
0.651975306071514
0.627316647294747
0.462130512598744
0.441238255269246
0.410058637795623
0.590428697337051
0.595475020251271
0.604391756753943
0.594291613190531
0.553823876407375
0.548275185238965
0.474876093986566
0.477074201285845
0.467798189717592
0.552594770393267
0.559278928867982
0.552359177134631
0.533286849915368
0.378444490827493
0.47664930663922
0.643595416219294
0.626357787155803
0.478648805471633
0.609358988680567
0.626725184071539
0.439188857740323
0.637771337238473
0.624437099134919
0.520130211833214
0.415142866186751
0.601997421826112
0.393418842218492
0.530918872228459
0.570725831682084
0.520172089076311
0.327644861904236
0.611084714337178
0.378365691292115
0.597415028023222
0.461449502190225
0.458240583931732
0.613852420842
0.604201665332905
0.529232140578179
0.467668356144505
0.630116468433158
0.614605232087283
0.558879291766997
0.53691066039829
0.608256581586078
0.594403926227762
0.162257546422903
0.588103102699237
0.545850771412486
0.438030760924677
0.590503470604895
0.608339456489564
0.537311346241297
0.621298309131304
0.565373441276624
0.501834237764775
0.317210236177717
0.643147614839429
0.647348992980244
0.580644918382418
0.588302446753207
0.61518718009577
0.575845874307742
0.332140269921542
0.560184616349649
0.618518189055562
0.335944645336218
0.456079834129037
0.47407997048354
0.581264019444565
0.633462040534449
0.596361961657871
0.615594402692419
0.561214308365562
0.441530816815621
0.578777023173063
0.584844529209382
0.572002006434467
0.57881007301167
0.375323505365495
0.60224695404047
0.470495691359298
0.403183415116777
0.34793231154402
0.490198149507045
0.479245395724399
0.503828479630582
0.561215335519595
0.505550012186668
0.465498798749029
0.551513432531555
0.455355851065229
0.570446135274786
0.629740630730533
0.475823108155857
0.475030231200373
0.583089445240532
0.595504109691579
0.645408361591865
0.476103235384943
0.639654641946118
0.474041989837323
0.548756175325094
0.59432857445067
0.580966395752989
0.62965920482502
0.609825252924555
0.633346710546246
0.568868180740779
0.583240362391812
0.534093992302686
0.610254854111868
0.470153892438652
0.537793285679539
0.255598170472618
0.462851682222525
0.608567009616163
0.548934998576453
0.395964723181134
0.484353141753657
0.635141876861098
0.44596979199386
0.619514112937567
0.626325164428552
0.4807575980843
0.411365524439278
0.403356665630403
0.551815317165942
0.595276420239653
0.555627366026009
0.545174565686654
0.551261144934536
0.433098127004553
0.645635755849661
0.4101248978381
0.437826865190287
0.619009233101103
0.631117206080714
0.372841229581268
0.411283788073089
0.512375754608519
0.617219335588928
0.618334755541541
0.379679525348903
0.42192357150165
0.576598037947912
0.58672229586885
0.618555133568998
0.648243906957267
0.591013614076124
0.517126033124324
0.495257144976235
0.572197919873013
0.63015386087195
0.515276759242538
0.509249258576419
0.645854631647825
0.32259923937864
0.625920455193037
0.613502481526353
0.458047828988895
0.585671234080222
0.635720801776108
0.150805122619138
0.629166659518474
0.61962118748557
0.552969271032334
0.641863591654759
0.486731670237739
0.525418027688443
0.601895761401128
0.611940838192518
0.638362592587607
0.558295381428323
0.60947605081229
0.637090775735139
0.618745876880546
0.602706336146332
0.548895833234724
0.651338203908289
0.549343904874
0.374373166820489
0.648490984492548
0.507555358038429
0.568105263670729
0.539394925420206
0.483193886530142
0.561708633760109
0.512700593521218
0.628606926373181
0.652106147881003
0.472316219579376
0.331234403823342
0.481170425567182
0.63139228391145
0.5356946290469
0.316125540907292
0.411178435470246
0.325974121614969
0.456940297109057
0.589962297798101
0.449951150840096
0.62214072366355
0.617687047327381
0.585470986770636
0.436477146331519
0.631522546092185
0.60719589813208
0.367351226449077
0.584089037337353
0.476940452808089
0.563107269413528
0.528639894236368
0.57463151686456
0.473962216224321
0.627854048385832
0.467918367362788
0.625857216581197
0.413659532127479
0.592221591104637
0.618795938709799
0.490279862551766
0.493986204122096
0.622108023315222
0.484667996295289
0.635255526533588
0.630357609572033
0.470455985634593
0.578459110848072
0.567581070757183
0.62513499311589
0.36319680303273
0.635552240584969
0.506571268264629
0.472254272762807
0.575163976052799
0.544467629147057
0.393662954109231
0.558545394116417
0.630116390795931
0.32911850460944
0.596752896907414
0.511647688722638
0.638818962459904
0.490620936205029
0.394115707356498
0.41597622238194
0.501054691418162
0.622317434840022
0.469516283870253
0.403201157549593
0.571727330103873
0.608201553744558
0.47799218154178
0.583600747681599
0.510324291601417
0.415518990406755
0.192974086836071
0.616001132575819
0.396189748481319
0.576839656943141
0.406507208518116
0.523936693286889
0.575194354538367
0.478689919395419
0.475858677917767
0.230935312520607
0.520262974864603
0.630225948025905
0.461276732611264
0.430192051157809
0.637892562038071
0.309655090954257
0.52189797193099
0.479573213447618
0.500610194484918
0.388676944380348
0.629996737804016
0.496550223371351
0.582850435882548
0.603748948455378
0.6389897380556
0.526547724586662
0.362766206488565
0.65206664653697
0.290144270250343
0.638663349618935
0.558796285408127
0.493910279219816
0.504554353246951
0.504108360535358
0.629187659707627
0.543455028639184
0.576257624080774
0.5795518372267
0.524303609946987
0.599435214306254
0.412366326909809
0.500030421673629
