0.648084291795965
0.522239714599065
0.564213813880137
0.334246207051547
0.6178845976301
0.421111951782304
0.576003930611813
0.486026592290977
0.44548978164439
0.296071073738549
0.631080367060054
0.635036023415075
0.372907896847373
0.503917920120779
0.449512433449622
0.0444887298165148
0.349633427333961
0.629897240039317
0.559070130988771
0.573061476273285
0.587276055741687
0.61488009684938
0.646589751673087
0.537189032538765
0.368219666106322
0.477976291041468
0.459435309396019
0.506362887316387
0.470211164521734
0.640734006211764
0.610508937460024
0.51931075299724
0.617022278323033
0.318991189895343
0.560055390491716
0.457374591161441
0.308458482341926
0.421409414518429
0.608727048463235
0.606918045029266
0.4609241989135
0.587042686805101
0.581849720000666
0.609477543938013
0.594765262574763
0.541203349650806
0.574997726753595
0.621011354862564
0.562702324986741
0.646077223680544
0.405633184750262
0.494820448541002
0.537107693551934
0.471003191478239
0.636065252032039
0.392202644892305
0.545305441884921
0.544274224688383
0.581408346321652
0.591630604405327
0.426130977337772
0.488586851714762
0.575885846580986
0.550604179610661
0.614906277895557
0.535062848022074
0.605883056880365
0.501683756442945
0.411183251859182
0.453761356111468
0.386472240693769
0.459079893331996
0.535890275083291
0.493504502876166
0.575066522191011
0.377559159814323
0.618405381222722
0.539993086669958
0.407265146119542
0.605552442665714
0.600221658873185
0.59587122950078
0.504887711440829
0.390658460999569
0.533974326330043
0.587659905509789
0.41594729461431
0.557865603592257
0.435410508794334
0.346347460998984
0.272849065245503
0.642879509638683
0.414336778592796
0.576378469664987
0.487103087502987
0.250278872135795
0.5869251630388
0.428207051227389
0.548597343600987
0.38356337728798
0.633470234525578
0.441933781872789
0.459247383387064
0.587041611304532
0.210153130348922
0.541676321963531
0.481738380926567
0.519690419151513
0.530883340095602
0.463697661127922
0.514450841176597
0.231740563474604
0.498575783435612
0.453477999935491
0.616065898348675
0.597702045865389
0.479710148724114
0.538686480538925
0.637213713042543
0.493120308162031
0.441933405316211
0.452484582864995
0.52853218459587
0.622702386028055
0.558929763061378
0.633256791276991
0.432197713076399
0.46654216789245
0.341417100503984
0.619094923409693
0.644091988528411
0.622066013721269
0.625013706743006
0.648219148763591
0.608985209660779
0.6168310201578
0.563466444941718
0.41728351970269
0.601060812418013
0.51994198237358
0.454119166524392
0.469507968595405
0.602077530727652
0.41420283168256
0.47926695500123
0.614883722965487
0.581971003256032
0.472578711778944
0.435523025889599
0.633859205812382
0.502943409432399
0.531819983129494
0.375105049767791
0.578242439691386
0.650586791893246
0.402880978015774
0.591957548465734
0.438595865682918
0.570796919290108
0.347120807299187
0.599318241312871
0.55414945711756
0.53909560103382
0.532304379098525
0.454086836861256
0.448228494533693
0.447062094976163
0.313555421904784
0.600036202874158
0.475988024297522
0.603974664213188
0.428594301073499
0.578112848884414
0.562275340443235
0.469376024917874
0.619875586012904
0.511567056436353
0.585335863981972
0.633296923652701
0.496589654991089
0.405940390992351
0.503823297901142
0.640736276264367
0.500133906841179
0.232538164007076
0.464288387743296
0.540754051832598
0.50648008707127
0.368449846577841
0.646786536843223
0.612486918834273
0.44332227598577
0.322013151618752
0.310274065982785
0.508835439432359
0.605297070875506
0.619661957499498
0.598897927426214
0.585665607483825
0.581297614917602
0.632026270701776
0.647633098286038
0.64605857773615
0.58677853267359
0.422485362383099
0.563073056413325
0.554276127373202
0.452283299550401
0.449002265021082
0.598496271575956
0.58539933886916
0.333657302775588
0.589014271560419
0.603218530178232
0.603025082982651
0.570907601946025
0.587739111875723
0.614394072933581
0.533376952857876
0.551908521129687
0.486471317022032
0.610612442200163
0.585918760286901
0.608865103508698
0.559451079520589
0.545130343932452
0.496492180168476
0.214239913326016
0.429609520991155
0.548311417442694
0.552344475475757
0.623939714430495
0.571472512192477
0.447216017881924
0.30676387127357
0.601901969132582
0.520758830191809
0.567204515451117
0.612933643235245
0.598259050754216
0.502218398028153
0.540439277105612
0.624426189264433
0.605618290439564
0.414908799305161
0.465734952966885
0.640854228842545
0.600884955668373
0.373437702032686
0.633066243461468
0.588962592008247
0.640769577216374
0.597542266089341
0.273818630503089
0.64076133718895
0.636263960987809
0.516745654848892
0.474842544107492
0.371462800982504
0.506067835886132
0.465320514375609
0.636458292661839
0.269327303288756
0.443302762696281
0.312557839465809
0.308496879948385
0.637589721458231
0.292903007330058
0.544212556726349
0.631118448178898
0.643539448110555
0.522014271734909
0.579017428766704
0.162550784337966
0.634351238426694
0.649943360204161
0.579367615430987
0.558923840239681
0.626416931526046
0.612432994354044
0.645739917332357
0.426233604001717
0.216526064630231
0.645064099956216
0.314758367349799
0.390267367486752
0.530510626290525
0.517697708801061
0.620694415021674
0.518319624045058
0.38090276472987
0.434527643511516
0.521200847560974
0.52827192994351
0.612640542481754
0.566245755663205
0.652412320157525
0.318469622084331
0.491753578427902
0.539021321473729
0.420864766438424
0.459522205017973
0.574840103619069
0.588864540885285
0.415350968025667
0.444010464889271
0.336309318077485
0.618176735703778
0.43479250242604
0.51585225490906
0.564793622696714
0.609433724010687
0.515978323256474
0.528037561052435
0.28991380861725
0.407723485999854
0.613549283776342
0.573697509952005
0.61203795318792
0.586841989219946
0.593160050407395
0.645146682747308
0.519989639720823
0.571266724402782
0.61682439053866
0.573268966395529
0.565027918860058
0.645745581924934
0.431788802079714
0.643710020435202
0.549899456881436
0.465369887462462
0.414304950262287
0.507474506762507
0.42218477604541
0.403568662843902
0.376808395836536
0.635720662391211
0.597041278343936
0.420308324230395
0.645841415978894
0.493330251734099
0.61263605210192
0.639287093044757
0.590812083011652
0.349336578404998
0.523472428466572
0.606452851741701
0.5126244761371
0.367629923071718
0.644586161105181
0.545016173151012
0.358954277278629
0.50781197746794
0.613534237789315
0.549186861241064
0.550865053489556
0.492239442746513
0.578557559602047
0.475196797332365
0.420576051545332
0.560010008912746
0.394148647065614
0.445329884685487
0.445015979351292
0.574416245438487
0.63888713422523
0.59951925051259
0.465733554213443
0.51877192922392
0.548207054694724
0.229205537234142
0.615041231042774
0.429073524310334
0.619695866791031
0.576791687095532
0.569549808598708
0.235650786990219
0.545330731896125
0.605351462407943
0.314004606334483
0.51969967113962
0.623033248250586
0.538364133379594
0.421319274204578
0.502584334430411
0.651869708545483
0.590151033954559
0.501889810611312
0.217399708034503
0.565225041340729
0.521686123922168
0.62191018895952
0.522227712368325
0.369736716536627
0.646075315350863
0.591621968777806
0.626968075658216
0.614212197811145
0.435933101839437
0.544607249041274
0.597979883427252
0.579345147498849
0.552283930692979
0.609208122408506
0.567787511380299
0.624286492823678
0.277885988406392
0.56703568135862
0.56419509145162
0.437919142003377
0.447806159176324
0.472265636263691
0.494989767470573
0.354400608036045
0.400243281382328
0.612861394474323
0.591244807033729
0.452060117927278
0.389509631427006
0.640338736464212
0.577660537945209
0.443802697137453
0.296555049951526
0.557864098747547
0.564689050831907
0.652506564524725
0.633328343587611
0.601289523056061
0.581937863138056
0.198353214915252
0.32049012105763
0.581148289286546
0.559262042118142
0.585961728932347
0.483686661227566
0.473561061490956
0.257475858451077
0.602794763798652
0.578330786499368
0.631503907712687
0.42988190464476
0.579584451725532
0.60277384862449
0.61913744229092
0.548624813642708
0.490773953324552
0.33063145136748
0.599831384300885
0.609805429261207
0.371894705743307
0.469788019142616
0.516662781519396
0.611197738140262
0.503675803939245
0.51497716716526
0.638910531664299
0.650138255515079
0.54850358557909
0.64556126591924
0.504063030648596
0.531789415091271
0.510436052106274
0.64778500252605
0.571512171162306
0.59668287861836
0.475328681971397
0.235563114660975
0.604071412986451
0.552182189212622
0.506065883898107
0.636472255656474
0.431112014695666
0.468594750294904
0.596529595087685
0.2938137981313
0.56516434786404
0.611504730473431
0.631467095133727
0.634293155203787
0.395087283137625
0.652995634132513
0.294290802700999
0.646114332493615
0.524948862491492
0.350648947571633
0.415125434307861
0.564040239166436
0.543838395395781
0.564095498918659
0.357155171889039
0.468681490797724
0.243601388618836
0.511553555504684
0.414864920139078
0.577211986179518
0.588437432360643
0.499295503148818
0.544803783615222
0.254165388172776
0.472474874208026
0.585289948244186
0.388589856592124
0.597977553134396
0.621679373090756
0.624775194212385
0.49625472863353
0.622957818228518
0.348947809785405
0.637060414701725
0.389585384536923
0.590419250400552
0.461821766360904
0.638135620337727
0.645464890089712
0.454597872228866
0.644591753615558
0.492574005812964
0.50628528711655
0.570586188760345
0.263788097652356
0.566543134605659
0.416645435238635
0.623892259183837
0.544708464490361
0.645157959752498
0.517583210165684
0.522444496870845
0.610036952463138
0.651152585147527
0.504781665865999
0.535150457207182
0.61650313496372
0.46055197269905
0.262785008075713
0.575266579483402
0.597285045052713
0.395006806446866
0.54715363920929
0.40043004367264
0.450746616664547
0.100742853718929
0.518688706343872
0.55668082304612
0.503853746494131
0.185976595790156
0.508001045166676
0.560153398077593
0.600048845628779
0.366851683945101
0.466961445147277
0.618403233824477
0.561728648465723
0.627871715300358
0.64932570033142
0.539242052648067
0.534343812821087
0.555063913644493
0.651983917901616
0.563720055946372
0.515711107798052
0.613734332269328
0.449168294416632
0.577069372205381
0.483378771925481
0.576706716485171
0.407277936352606
0.594722650266055
0.566714760727964
0.419377102929294
0.52912267375539
0.601150102610751
0.298007102754108
0.59912741130221
0.53391309093094
0.501844368164807
0.446460766619227
0.643099526765548
0.638026393655922
0.606641290108119
0.389298726043235
0.415979389646257
0.337166051550215
0.519835685930174
0.624521604354512
0.497806789032058
0.651638330206562
0.623802520465218
0.573754092780804
0.637667658742848
0.552437382557526
0.622517913632889
0.530623250294625
0.532998636500611
0.33131991780034
0.477310539735351
0.451624593505196
0.521299837130358
0.614556601697992
0.631755168548068
0.642620464633931
0.618842536965031
0.59931865008262
0.499261456300273
0.56524487707082
0.629611456381384
0.487199351928788
0.549200176796009
0.339961529392516
0.561006183573323
0.4835523355798
0.619579460579829
0.572975812898123
0.54060673183884
0.50680761384392
0.383208893483609
0.476435398372165
0.449017007317606
0.523091498513645
0.534004059429765
0.608007983511235
0.524950302695777
0.401987392470472
0.293598024814713
0.30377052115586
0.522107755949817
0.578017214313521
0.524137646710647
0.492627787016162
0.561236888864357
0.520663041677066
0.642775462611162
0.619153208454329
0.524590288950079
0.547703786627602
0.49243647045592
0.488760376776883
0.633840559375896
0.010405574073633
0.426025174230858
0.369753060970604
0.341290642093973
0.56432722296381
0.438196852494148
0.592901824203042
0.633020438749402
0.495936234756787
0.468704429746028
0.65009096633203
0.521559776808777
0.338685710878579
0.48630106959811
0.493080829527185
0.616476280563236
0.46306553050062
0.42671439721845
0.449915406832297
0.522208231754441
0.483762061521667
0.324049566595522
0.480636856158622
0.572875798929194
0.516420663387427
0.380704511802536
0.544403920431416
0.457579429933807
0.550463234956459
0.488367783305953
0.342155138652533
0.339590005730447
0.413272921052459
0.461564391084806
0.184961618937789
0.596309461628473
0.527371218022242
0.591316924097353
0.531977656960357
0.606300156100121
0.431639789402037
0.253292495398046
0.454567180322819
0.524879057797334
0.644773996076778
0.335960313121623
0.58926789766666
0.578899027497042
0.482076911797848
0.39964659481573
0.490559517912189
0.493468756997304
0.557023606341477
0.575104996185576
0.339636864635589
0.370513217481959
0.628950682712674
0.627946002216656
0.335713133158762
0.524858211908982
0.450036478143779
0.440141699795611
0.578361026334995
0.430914822204964
0.486394016788892
0.630633626697383
0.508833614202072
0.630453140530329
0.417788294999619
0.619270839997839
0.462679578293259
0.638900065388309
0.528067870519151
0.637397147626615
0.460419495732117
0.648771774051136
0.505838631792135
0.596229325214371
0.527835744099146
0.646788181001523
0.472755059619214
0.598746239305059
0.444748289156026
0.588314804560849
0.459081688068932
0.569184541842372
0.559043444347369
0.428741910554543
0.511967949404179
0.561634938218647
0.619143855347452
0.411010313828443
0.496956606249785
0.617603096587498
0.639777891236094
0.611708781228767
0.574666600270582
0.339260989554944
0.507203374219663
0.406001909751115
0.52287611645419
0.635132188556324
0.574251828858444
0.475301091464615
0.606516264049658
0.546999603577822
0.594462116296257
0.57511442709516
0.541070021256877
0.270391288964867
0.628489421177387
0.599346815656956
0.628124521341617
0.532183692075424
0.582159665468421
0.415314501319643
0.487932633404617
0.636483297333405
0.394827485091313
0.521762103296937
0.556262398640813
0.44303166261684
0.56684028072023
0.508935004908147
0.58306562121124
0.434222791061118
0.569615923765575
0.604566097719462
0.622842919261504
0.625585551411111
0.384951961032815
0.399010859859003
0.566166886045289
0.511602460628903
0.610102912227483
0.628866004368602
0.304784847660347
0.615417959812119
0.603591085602399
0.518307034544274
0.645525112915271
0.628682992619923
0.62187894460685
0.38139685996782
0.491776665047046
0.566068893612395
0.56010127127789
0.598612669128437
0.375652999494417
0.469783055505454
0.581246968341787
0.577678517623591
0.587989951850418
0.240377530585631
0.38889046257297
0.630850490023389
0.565638539812656
0.640999997163662
0.578388380068747
0.601453616111091
0.618146688825088
0.426840930986706
0.636931230223667
0.473324968673399
0.551001894451071
0.489867612200822
0.551971247006911
0.573781444285
0.524350514482918
0.369921617378664
0.423674014986439
0.569997290370685
0.599966652595919
0.522183164045715
0.622494590286815
0.635296461848886
0.483014291695975
0.628292764966274
0.573201035112448
0.413716821163878
0.569728563507912
0.609119187614176
0.642068695464718
0.311105141270177
0.608541706433731
0.630127908060046
0.590198841522764
0.577450302095615
0.576634673275056
0.484451862981773
0.520922811229692
0.486755993190512
0.490421941221044
0.492433860224945
0.611350709258882
0.512342990966361
0.594506528793364
0.631953920569368
0.55648092928787
0.491316475312656
0.472979178398671
0.588589930762567
0.54164767919741
0.477517915018247
0.537282765151191
0.611735525103687
0.596313817779774
0.650592650423396
0.635072888959175
0.410736433147261
0.611023639689209
0.602672278673232
0.382857455920975
0.505991394755541
0.330657205459126
0.645286337701519
0.618011509132157
0.471892926556486
0.626089360136287
0.463443572395775
0.579241371689511
0.387722325294681
0.438153900681232
0.249563055500415
0.561222724113562
0.260269156920487
0.555943965003389
0.644787032131905
0.544855306734911
0.609095394120514
0.350713828141912
0.554394023304391
0.592761673628767
0.375060022159056
0.588352405655062
0.549293012585608
0.568617514524315
0.396436023281901
0.371572712171264
0.57491037815608
0.61364439136628
0.610529650674257
0.547372931579242
0.590189154498582
0.601163488778
0.651750813680325
0.640141343223723
0.560766456304244
0.430852049080526
0.57236591398328
0.257612595882132
0.507271782081232
0.503313852615953
0.587091859417925
0.503507518544226
0.440676857916333
0.637512284959935
0.410501515957856
0.415278230820564
0.271223011327765
0.60610406981925
0.627346010755747
0.339735202233536
0.54598996487453
0.408858160873991
0.619090147119977
0.618854539052447
0.389412142604245
0.608537539812202
0.547765704300064
0.219998008407323
0.534990299805104
0.5551152818308
0.461984297458313
0.418911389968345
0.322257818444778
0.268694344854314
0.63940831170724
0.646070316308236
0.45249644082325
0.534447801822789
0.503625720014564
0.612976125971462
0.252052008504825
0.454432860244456
0.55249470037918
0.438716388513915
0.22173885345894
0.487719565986585
0.598820743504077
0.635148114234863
0.4527907485821
0.358260553202013
0.585842049460876
0.517924837009293
0.539573809025732
0.378328124761626
0.435043919235034
0.584278983198447
0.426270542070049
0.542740610469144
0.61551347019529
0.465572844507778
0.588650605030163
0.362924505544197
0.618194903263217
0.441361965535974
0.529765158692643
0.547992298947381
0.641601988015877
0.628327442192622
0.549276665888976
0.406151389528658
0.462319521124251
0.596424241644685
0.398429877618042
0.602859381526217
0.565291351337744
0.639824657022386
0.625920438098636
0.52649411808163
0.496078323371289
0.601808217306646
0.440499020303473
0.594847304619696
0.506881884027758
0.523048630645758
0.646816397500568
0.641385501153024
0.54353241969832
0.485253024406412
0.429751930354755
0.495908003668735
0.591526977571218
0.500197300214001
0.525143828668751
0.600350800777125
0.600746678650342
0.54009470701979
0.34803637976166
0.549237533932251
0.570445660968934
0.358760460935053
0.43373108623548
0.560474462067573
0.301628943683072
0.528116110015835
0.371746777078679
0.487005480668778
0.642453312634423
0.514573663813603
0.417879633651544
0.540546004673372
0.335723798457894
0.260680569590453
0.552305331026842
0.415246684635571
0.52463795918911
0.580224335671985
0.519637852573922
0.550088439820729
0.577282916182587
0.398104216916877
0.607694121960368
