0.493657399649205
0.452675701152567
0.566872021804347
0.499140601705133
0.594410604648063
0.549975079211456
0.587025002013189
0.597869311102486
0.579117195047572
0.590821892449778
0.521132599016564
0.492418028316654
0.549106715678752
0.607267982884948
0.471580876324335
0.530499651502768
0.602891689153731
0.592548397359514
0.457059841905116
0.555567802618114
0.533638865337223
0.232477741963782
0.644373757775924
0.49916925995988
0.404881177194017
0.475443258537796
0.57197844932258
0.628688603971213
0.367502386414645
0.634802313283285
0.416772459406085
0.578076122633613
0.522192537132662
0.43558773381668
0.524653581984325
0.133822328283462
0.442641807096175
0.648809438528345
0.58443910041389
0.623931540848843
0.558374827541922
0.550157691102428
0.634263020959295
0.446545307477328
0.54610131212157
0.602994710922394
0.509726239643033
0.439979341898888
0.605762231712869
0.483883240059883
0.502268986588332
0.382661465430571
0.621698324944883
0.50034988814372
0.548409873112862
0.476128380946697
0.425471902340727
0.573557011586511
0.586084685446732
0.53091061917213
0.572061239721196
0.593103345583973
0.539715547481795
0.469011962033554
0.537955687844172
0.54243071565499
0.541972738920322
0.62958783366595
0.640312665733471
0.469139735691055
0.623618170651523
0.558105590844997
0.401238893379005
0.494230701401361
0.563847587519628
0.413566773589964
0.597072681542805
0.595921251033702
0.590545003724356
0.522524559843405
0.650461238656014
0.547790926538993
0.517144182764883
0.545949380818508
0.58025014729824
0.51878226714929
0.536585013697119
0.652493624488118
0.573023974019969
0.532640411398853
0.543618856689055
0.441192081730564
0.558868525905116
0.537871160822113
0.508878890331366
0.502204977625825
0.40192621652185
0.461515680886347
0.618359413207452
0.624376384476784
0.594471413306566
0.385868473553091
0.539368026969995
0.582758695745462
0.639129228342529
0.456344827886683
0.54418543384942
0.646897437689147
0.623199201192749
0.390850717541029
0.616897925134348
0.640873289961143
0.579250546431863
0.620410709484844
0.634462132098182
0.532662996655489
0.439000993088808
0.44181805601831
0.525364248009752
0.625787339501262
0.455319205947299
0.466312515030733
0.51219821507658
0.604839924636222
0.445250573236756
0.566385474561366
0.636623225462692
0.542627474943142
0.629758366924185
0.344595868236094
0.395769656363831
0.580701352019534
0.644542278230147
0.56225467326375
0.451079777057985
0.448194333412403
0.558918972641986
0.526022689393981
0.598822692069153
0.529311703762887
0.487799704975031
0.315395736356886
0.42376485762906
0.507547323404733
0.501844707666594
0.361137546826546
0.619716984779713
0.489843171574962
0.626972381140923
0.626627877774232
0.624822899031156
0.585142954027884
0.43154327314302
0.40198350546765
0.51404638515308
0.64680910616873
0.514177170349671
0.511739232796043
0.529159276558822
0.566304036229535
0.616693916521814
0.558031579202045
0.481347386740924
0.559897582623695
0.620184723276059
0.577207196742552
0.538909883076036
0.52341613134014
0.590174619218176
0.310188084152555
0.495577030173042
0.520260700891157
0.531753541466386
0.554008280909864
0.557049833323558
0.497462850813044
0.595880326382841
0.557774960827983
0.559036493260494
0.635045126295965
0.651806296466092
0.527539435353409
0.582001313939056
0.645517844449268
0.545414149579668
0.522443737134872
0.276661386168092
0.525010976166401
0.621774684819345
0.57171344029443
0.598578744018903
0.43884044973387
0.363674160148499
0.455416024979328
0.463362520073041
0.551921544856286
0.650890663964371
0.649452863495845
0.586106044534641
0.465942404218488
0.573721000951781
0.28580918878762
0.558536755301414
0.594901992833879
0.482488838103496
0.336689520640397
0.642892780776292
0.588170933393475
0.607072330118633
0.447764262555008
0.382088684657781
0.489988299086356
0.591869848139967
0.547548049273129
0.543871817167436
0.592615384449783
0.454902797102877
0.584325844729818
0.516289187725813
0.614741828793739
0.436034694854156
0.460418510675209
0.650303534976386
0.477623983214094
0.5584720208554
0.51264364845568
0.608487533053711
0.474606251113606
0.486409142212999
0.510918484338957
0.440923960458623
0.629513550347735
0.57583472947327
0.235684509912641
0.606583403357949
0.556751679028661
0.530990085391623
0.543426065944746
0.624812696291332
0.367522882248219
0.628668187768695
0.301815716645603
0.593733356175843
0.616320017540706
0.394521512924161
0.515664802747486
0.392948705969247
0.301168910546197
0.639430996593967
0.570374151376215
0.619696700471534
0.569018455243466
0.330377379967714
0.54213848561435
0.599213621669084
0.457539688835759
0.623083661359809
0.414173490724417
0.495606115911741
0.576186012161591
0.638978998393408
0.606908407316327
0.611656034507196
0.590352419147803
0.550192806503527
0.36072633972696
0.54550979311259
0.528594147703908
0.536796868726741
0.363974740948932
0.607389630184794
0.26491246076958
0.619759303324588
0.475414400680036
0.571187547187858
0.588610797732701
0.645903389276849
0.431701660518548
0.388704229954975
0.516229049877919
0.51229753253743
0.400932329439541
0.636059427516014
0.518662882377921
0.561964272792319
0.623159779881039
0.37845705374459
0.548160926430969
0.513601895671383
0.536546029710211
0.57337930372954
0.503170382155488
0.400943152499064
0.594817202167723
0.633156047743619
0.518642535745592
0.565608675126487
0.597309312967512
0.41220300519491
0.642269573699361
0.6397767798262
0.588823691254965
0.618683126352684
0.546968204255666
0.558783483488085
0.633148961853155
0.630013763983004
0.535046662612256
0.571970833085462
0.529591749921736
0.413908076430147
0.434653123943333
0.497982267215333
0.620214774355449
0.366405414883313
0.608998755926024
0.523287686126612
0.590413507220038
0.614533716267211
0.44975744384865
0.488493743858345
0.632704109236104
0.628891192395093
0.574901999375254
0.466882193682685
0.524525346033885
0.61507668806794
0.513341072502675
0.603251791089563
0.592797237231865
0.55562122203071
0.411334198304147
0.561791081977669
0.587497246668954
0.324681753862371
0.597262737632643
0.588892944556708
0.4304281234895
0.364867021936012
0.485137919622528
0.512071987026088
0.604088321302865
0.636430974822714
0.545827078986222
0.363482523421746
0.39471407853615
0.395020183751173
0.51533568331168
0.43073219877952
0.503222768984075
0.532753574759458
0.575995866176942
0.652141460177093
0.651900812067715
0.597753062482093
0.600609374638476
0.436872036562452
0.482190644096037
0.650715244090812
0.429949238301695
0.60330020094794
0.479589495929056
0.490760548255835
0.604038002868769
0.436916241028714
0.57009780960271
0.41611534543396
0.594233868695731
0.543385484058359
0.616836154235402
0.490310170039796
0.580956867403343
0.362911636148628
0.521736422063151
0.620937377434971
0.616657655745993
0.476879647186719
0.553177528991711
0.540069702477543
0.528081255483989
0.605795050896758
0.506458827273986
0.488151069697103
0.553015411599566
0.561604923456938
0.584451702174706
0.364270471368114
0.624216150032711
0.632192299599934
0.454991777695005
0.56476783817955
0.23235667175981
0.621733819097491
0.398624406328396
0.579215318462379
0.475890743884322
0.385422469016564
0.584465299026799
0.475538357906039
0.482548527912251
0.426550593283522
0.546695148709648
0.588838165658631
0.48836918709073
0.5141632137209
0.597383250382594
0.431854813238645
0.624508675038588
0.587875469754949
0.614322485616095
0.619007712775986
0.548663603244726
0.556502753366887
0.595869112297928
0.652697205594426
0.460439283501708
0.403995433285911
0.595570827462234
0.586327384556615
0.530863029657839
0.61943224447802
0.403654620885945
0.624064348658555
0.59780705890244
0.616691685864826
0.506493188560666
0.506274453018745
0.484126588190051
0.613221628489043
0.480213722455654
0.645376956878273
0.571067024776036
0.589121681435249
0.613875972638755
0.639005675755995
0.548181348091774
0.519424244313899
0.629777842905073
0.636031087270736
0.551091175166328
0.55458525905271
0.645890165735103
0.5217159870099
0.645876751761664
0.572948262054478
0.246273011343038
0.645292644132088
0.641533985677518
0.534284013030329
0.600000330334557
0.489275763260572
0.554359008139625
0.540237063091196
0.64198942620692
0.603754290509589
0.589665678674826
0.455175966200326
0.583596992092496
0.463812604832218
0.487663184494341
0.647907825270779
0.515529999988034
0.647683734417092
0.456274189913439
0.593147009873895
0.554048648615506
0.500725724829582
0.434382983308696
0.54299102853974
0.559768173160516
0.613622555655542
0.592495700114526
0.515688306491001
0.57248717030925
0.456248155717416
0.643077083109855
0.630922431398779
0.616358681438632
0.537988535482276
0.629327554678693
0.53924538499374
0.566172353496564
0.372188665851108
0.633374846458565
0.544046353534891
0.623211506902209
0.584601166887085
0.477923097478209
0.591902086037282
0.514794883180003
0.383572327324327
0.584486012336312
0.595613439497838
0.591599866875394
0.564428615408054
0.416010990774197
0.605826997138205
0.435227212798377
0.615300149991821
0.365453022997781
0.651875224618437
0.568780884794962
0.559734006545804
0.482290413669436
0.453545612003396
0.495073941130512
0.624201462776821
0.556206594474053
0.589615604916075
0.434142945875438
0.391306040562645
0.537166612057168
0.549216963062569
0.595654516036189
0.590510565535125
0.441107851413412
0.569499969768554
0.576420392001616
0.518226816871188
0.474110921047645
0.595222252326328
0.632587906694216
0.51429728425798
0.615652453954518
0.60705330166881
0.500196175028092
0.627848528975445
0.544956271251709
0.543368784069884
0.580456325058569
0.497216380277873
0.649755827067008
0.575102409089955
0.564273758806275
0.628783137726842
0.528242494851919
0.621105458475502
0.570477297010879
0.553435200757351
0.59045590321413
0.573725670384695
0.594440606796799
0.535050921446847
0.61861386293566
0.604689992024429
0.415423683227167
0.421017298846522
0.513737404928398
0.525006318458858
0.464115714163474
0.602958626636574
0.641415510001226
0.530306522190514
0.609082663756155
0.604600246717588
0.517249129156773
0.389023549142545
0.622903099246947
0.610405660659182
0.526169891269371
0.530755427477679
0.651904998547691
0.632715268380746
0.634000550563452
0.553995372141353
0.438547329751267
0.594924704817939
0.504308856785305
0.639287060773728
0.346968727527069
0.394744343034649
0.46682806935586
0.591824585586207
0.560086521654622
0.504901576957134
0.380577975602654
0.602582338829983
0.479640601781254
0.567363818222836
0.506064347689693
0.504311785001181
0.491150425865149
0.521828585982297
0.473488423125982
0.559882053424121
0.384402682414921
0.530907049582492
0.352228481763361
0.502008450660538
0.569374654830481
0.570658148709984
0.631935498882133
0.582901757534669
0.293338925200397
0.567268766840018
0.43346733351417
0.594409244633439
0.579332955337107
0.647012371133409
0.648563444771917
0.455181395969125
0.611259743518415
0.543815296215741
0.48182796147828
0.534027346367744
0.48622842565866
0.360589981250662
0.626911827292175
0.637582854110569
0.630964921301969
0.586328238677288
0.519823828875631
0.31799973154253
0.536536488812024
0.404362950901798
0.57570669184226
0.55652274482464
0.631810652571332
0.495230465137618
0.642969469554757
0.499596840946736
0.407952275691338
0.587116450372646
0.391504043490524
0.562826420869476
0.536130312658155
0.550514694465959
0.351549068065641
0.59317985646296
0.61923682829781
0.606966482316586
0.580928538399829
0.649174638989071
0.612917185556854
0.424340119347037
0.596978189480544
0.612032226409997
0.518401926858258
0.474296466412503
0.586057553966145
0.55416699916426
0.418867932207816
0.503669823664598
0.545154973065544
0.546640823958978
0.547735784062687
0.560250798500262
0.536017421671484
0.584409531849954
0.634042199403927
0.631053157607602
0.547323846680632
0.620954956484044
0.576196050863881
0.597710143615731
0.568509019734974
0.591175508634204
0.593250605166068
0.503480994871191
0.507763261917311
0.471612036507821
0.29865055109792
0.601566007392924
0.329366989723899
0.52517406387324
0.577536612908732
0.515833688210272
0.633032672712896
0.617953981025244
0.513823378412291
0.636496006672711
0.634538750074532
0.523531007562963
0.404765406318782
0.504246302711065
0.632247944251517
0.593686186230971
0.490733072654689
0.590065153262618
0.625221784780479
0.467726822264301
0.302129058912956
0.416701532250148
0.372325433275412
0.48548860025585
0.621289478703589
0.559597613151337
0.424470759961706
0.533712937033119
0.50473318872445
0.571266836256767
0.610853534821558
0.511299620273725
0.592684484006108
0.626212994852841
0.611580849989275
0.617767294232736
0.549301273834793
0.416845713763326
0.589884034840566
0.622901007515474
0.602772918378337
0.499001705028245
0.566146501746372
0.584779405082764
0.27753237939194
0.430258735207798
0.408377955390079
0.640645495225251
0.58402971435498
0.60849663233496
0.30884899484217
0.541456131077808
0.578694745792108
0.632928120983627
0.473125300989268
0.604456370681594
0.602615138921659
0.593232726968228
0.437628729014356
0.592996840556453
0.555630680791279
0.293748175135472
0.62052890821719
0.583959809371211
0.613109592192327
0.586980585040981
0.534063644237223
0.636504129983027
0.47335062208944
0.473426990365333
0.647456268971268
0.440951394919604
0.491538115817117
0.510033440402144
0.516609012265187
0.570791838282106
0.569835895672996
0.558405031032918
0.558465801436805
0.567475068173794
0.326913031075048
0.50185431485314
0.424953859812527
0.597923899715407
0.498873260794432
0.54597729674384
0.581813206687371
0.643418278207935
0.57993204325155
0.380202172005328
0.526862865410725
0.626265965748608
0.648875172774466
0.583454462308173
0.614931722589023
0.536513280194415
0.617405614136446
0.528028259372347
0.557627588640542
0.561074567224219
0.597938604089346
0.486289685192251
0.642428902352186
0.430162757307723
0.47395912437106
0.581268985886828
0.539170238632218
0.399562162157345
0.549440784351594
0.623897032170925
0.496799130833924
0.51567544422565
0.613616594772213
0.648498462467128
0.488767577549156
0.385144510086872
0.552460341044635
0.587515404128134
0.553749018296783
0.613593496666997
0.617730121611662
0.553482677734017
0.579151308492402
0.647464900487831
0.550505550351087
0.419045497222588
0.532374711276717
0.59852084877757
0.551459183250289
0.608223063143093
0.516166899563966
0.481383017386628
0.631139872505657
0.616514989186647
0.533238253991318
0.558168291940075
0.603976788744783
0.644140430605185
0.618043437781185
0.516133799954977
0.649627410688787
0.589106875335039
0.5481012850048
0.595075499347272
0.622393069599013
0.575897337568716
0.346800806720175
0.456608924011019
0.556071178122624
0.616994906744167
0.535753424945987
0.409001184694668
0.584404647465451
0.466537186335862
0.547819138483699
0.497825279725636
0.538760723329481
0.383994602392534
0.64090407071738
0.571630338049016
0.588189773870308
0.612799938873478
0.620835223093631
0.649085491280217
0.457388306103127
0.651098884735827
0.443663465372509
0.572285672465552
0.53947110963318
0.603270874355464
0.612663982770505
0.649450034965591
0.610446345202073
0.335139972932508
0.55587949183768
0.497217915955418
0.568403612503801
0.52194486578836
0.562082055686058
0.494507114950096
0.532603877415323
0.548950497842241
0.42230266202116
0.377250419449901
0.593260561074176
0.56168542849306
0.61732927106151
0.473388085381954
0.638570250889895
0.319917904957412
0.537323126304006
0.540051852295881
0.501656242516474
0.485711118049556
0.303722224429534
0.539706214156623
0.616995782564251
0.510566428180556
0.587647125985718
0.623207872732434
0.60047704317063
0.617152224060272
0.55995325128257
0.203150900232669
0.586527364447408
0.268815652208674
0.602917388886033
0.595568525796505
0.548935202034261
0.465904422809998
0.509559237791091
0.620386182239143
0.25572761506572
0.493235486350484
0.646091292529881
0.569066591805174
0.262551099858859
0.471348858289717
0.531384725545917
0.642895574408316
0.579437426619806
0.610300144245121
0.472259258842311
0.587909956054127
0.464458793610597
0.612419738530951
0.608845881484352
0.624459102375138
0.597333065672844
0.570616550159542
0.414978649215204
0.535309016541723
0.264554588844384
0.61795906141672
0.614309669594765
0.603412686427542
0.581725139303776
0.632054803593335
0.549733098278633
0.605600684367267
0.600976485612304
0.606902758554442
0.511122515823545
0.601438346621389
0.63665689255712
0.482704321541757
0.532616818621358
0.375454976319039
0.22829971545151
0.64010475835418
0.609713809119176
0.618993878847597
0.533833147283939
0.454147197470312
0.564549710382649
0.562379767682307
0.405110687639469
0.532636591302651
0.537264435998734
0.453444947461459
0.576704280567703
0.606724341091389
0.531469361432591
0.402401389247386
0.571505185469557
0.531630265802647
0.446895704077738
0.522963307416194
0.514759725540416
0.605036765176731
0.462973612524455
0.607543625860986
0.599270487859978
0.546208998215414
0.640507773603319
0.367922059387642
0.578019456238494
0.367061299693713
0.381527667960295
0.539755328732195
0.537305167132314
0.313855653688539
0.576006704941006
0.287829958941003
0.530962187291863
0.627094395234248
0.460914232592018
0.509131775940487
0.592590946177234
0.645640333243044
0.617457470779729
0.583599971446161
0.483203190766058
0.403573010981137
0.630458684915306
0.641074102704394
0.565076773031185
0.604740404840021
0.629800359706118
0.446955503440207
0.648455963385319
0.605711847321365
0.593605552624944
0.563337913997305
0.366039792383679
0.622823104246568
0.642760724178465
0.614232395584308
0.492533054768322
0.577752835104612
0.590094680423164
0.371191081132622
0.615726802402553
0.543652714968073
0.61248496205875
0.631840049109256
0.464092349009838
0.565726082581724
0.518883492309341
0.602846140146858
0.533003302407611
0.587391877698734
0.447178670014441
0.431456611632696
0.617424205675329
0.385426675436011
0.614376750545299
0.529511813586375
0.369555483648417
0.52265459419907
0.535077876295795
0.565249925488846
0.594526759576991
0.636614037247842
0.482492741238196
0.544797788036789
0.444799729140755
0.458058561648534
0.329363191434542
0.616134452824493
0.54198320281238
