0.00215511406964244
0.903936501384722
0.569218525641011
0.884119281060328
0.862585769240289
0.934734390275374
0.798744876808624
0.822390526111433
0.870307212520079
0.256514352417413
0.708682422368502
0.832166734506679
0.790012796354567
0.994050868693696
0.926805511260235
0.837546852614102
0.75864073657724
0.776234339148253
0.726157453123906
0.760377570362113
0.911544445549927
0.885378703302531
0.858295221840504
0.784337359387176
0.856853071145936
0.907193267524322
0.858113661811279
0.73436070527655
0.737670692987967
0.868742936821152
0.731074211807945
0.74274173059383
0.758680506624654
0.718463901870602
0.786933976352147
0.885309783751688
0.76280145676845
0.804583168762844
0.834292147522876
0.630010206170802
0.833081174812178
0.868557377273061
0.953073904551335
0.706394967997341
0.952663556425282
0.757642083672962
0.9090805965258
0.855670906592905
0.921022918923874
0.817267239672976
0.850341266822067
0.731193228079348
0.816985177398305
0.799896634136532
0.877556995552547
0.865187368518861
0.808796449179043
0.692775353892905
0.819744700227741
0.837978651990265
0.883498238294947
0.777006827470605
0.80270936137078
0.833951209030315
0.878779295497504
0.872940541441241
0.601657615849381
0.697052951747113
0.748567531081096
0.92007130307424
0.815446754044303
0.809097625425487
0.806947609451689
0.805994544357742
0.80689228652184
0.964749814321382
0.730613539890304
0.807926820533623
0.730494584304333
0.788185921062058
0.88300385062027
0.91073945736079
0.802621028288043
0.962494033787886
0.871879299584622
0.261289122090442
0.732509538224696
0.94256600655613
0.87928338250846
0.777314226435395
0.853909768652925
0.926128444807153
0.725816128717529
0.716955220921454
0.924433575008778
0.812986423702185
0.894311645564575
0.908848031076134
0.920612833261043
0.81792096765453
0.760508527287792
0.658358531249254
0.83685506495433
0.742396142538302
0.858026955008314
0.934179048031852
0.808219831298965
0.83789798696856
0.829073935849628
0.954534803325411
0.853522502402245
0.836932703291661
0.815659374059276
0.756286754907404
0.812588377463839
0.807751067554104
0.781785582515232
0.746525030273166
0.755958716902134
0.719787100184163
0.708246655950805
0.845558812053496
0.804029868996433
0.956302800912554
0.891322301029968
0.734684736404991
0.810758613357596
0.773193637935848
0.562261345071407
0.872575459438584
0.591793303188498
0.635066796090704
0.797777659074043
0.919873295921814
0.792377788793463
0.691289970207817
0.756978122467138
0.825496390890507
0.815917953646119
0.923388597046856
0.706373508290458
0.855307730641609
0.951322504403638
0.740856240912419
0.818452890900249
0.81264248284531
0.7222894556706
0.81139896617994
0.794942195901692
0.946365527365599
0.770655521668
0.856937856383299
0.935338450732568
0.863191287908464
0.815778294327
0.795382477529315
0.775439314215753
0.859913779612098
0.665416522422197
0.462982913878901
0.699604041537399
0.887144459397048
0.723357842063957
0.724585114222605
0.880680854787795
0.800176308877932
0.838503093738526
0.846589998284388
0.747753323262307
0.906311193833804
0.970573744236319
0.953564478120143
0.87234196143927
0.845496203201501
0.838628185771682
0.981776704768361
0.639358818679323
0.991609531816346
0.944319263648101
0.824629226050679
0.852828238854394
0.760550952695428
0.929827861721749
0.933207150743367
0.865259506180016
0.902718420782815
0.92780227769975
0.914352267453187
0.829905630936025
0.819415420936976
0.866060109089208
0.656957362325798
0.665071540163024
0.73227442801351
0.707100819027901
0.88265022058049
0.829131177303102
0.757884646316633
0.740186471800197
0.819741980285194
0.835987726217299
0.753049736264358
0.765653212362722
0.733978484733147
0.907005886653796
0.904974273001913
0.868963249619009
0.864316824882223
0.857674036509997
0.874221566138684
0.868569357273828
0.868570351947096
0.86828500239027
0.870380925361596
0.865038625773185
0.871418448451464
0.869725357771323
0.869039878835318
0.861955812975329
0.868290228835071
0.87672511125716
0.832485084003751
0.832849447291489
0.877175910087
0.702033952144565
0.787182690340087
0.792352915262597
0.491505501365943
0.853152167813261
0.895807060003911
0.846103964207508
0.842701378596288
0.993025250663845
0.800817472608641
0.993557625002817
0.808284596017802
0.665451215836697
0.788007605769422
0.795060228318261
0.681867079083714
0.921548739617888
0.769742553660177
0.859590913471519
0.745271261621616
0.769500401569942
0.854290205523389
0.689546051223182
0.900931518136231
0.799874478932283
0.998562534716002
0.847671384578578
0.862478368666331
0.802310709824771
0.800626718907715
0.805613154860813
0.818686235629642
0.680888855227096
0.801623826020911
0.881177798318217
0.829526775098442
0.869057922742098
0.881022297256851
0.982762529441091
0.653709358329155
0.981700894016869
0.807477593126505
0.852097316144441
0.844724467000537
0.876763644783954
0.909367602503603
0.90676365180378
0.880298076400462
0.94834403226822
0.946418417035823
0.955307927581358
0.820524860551445
0.834526360690284
0.676091611306553
0.742271567434318
0.766725212735818
0.728845766710373
0.754198879969953
0.742199984093621
0.785636222687432
0.792537212865553
0.801283166838993
0.847217748815596
0.948111853359077
0.824463201842601
0.88304131085803
0.851548335216865
0.720967739929825
0.790393123340768
0.801091444574902
0.844191041972525
0.839125342222578
0.718734744292675
0.723784112884517
0.851663614551564
0.875675025497532
0.757403169760329
0.785477029992081
0.827094490704152
0.939060605570312
0.763167035878663
0.842057111313991
0.688221001683417
0.657649063018846
0.824530572573234
0.792608272447897
0.842415018467618
0.962721885472187
0.907583614991543
0.877182334259528
0.896229972481675
0.841920153402772
0.706454309020764
0.769137727056503
0.92328299390663
0.453447335972891
0.896022681861646
0.831425094372322
0.864252624101427
0.695678767132676
0.861628882300075
0.732518096440563
0.875989135433181
0.941823927315805
0.870997390021682
0.987587617451561
0.884298097667368
0.733266139516197
0.978014371792357
0.802379649952724
0.749462720390359
0.799182118684359
0.859112822190155
0.999740056283416
0.966533989995415
0.79357729373216
0.462087173756227
0.752016941636756
0.93404322947232
0.888821333718414
0.929863581102432
0.78650862415994
0.96603251677318
0.858370158884595
0.835347021975792
0.598262487672163
0.753561006617606
0.961901858002979
0.761708527832304
0.983480786296578
0.829928178340743
0.800992304411335
0.623887516159792
0.979334281321434
0.623972517034347
0.80703937332333
0.685616445048841
0.829454881183558
0.686606334543693
0.89933348156107
0.835108324579188
0.983129278210699
0.970327824240826
0.990639706241106
0.879106148821
0.920704079766562
0.708504172216018
0.742936542081102
0.842189042922696
0.924268043952367
0.653367688647029
0.825826218552953
0.801641627854554
0.862646423615564
0.928256383179977
0.594692526771902
0.908811000219115
0.927626099489759
0.765534558774281
0.56594211010326
0.749234165715784
0.629129672626965
0.708925318966185
0.813114505963251
0.798149368200907
0.852110921496622
0.793598313903786
0.938510447937326
0.72011698525967
0.657650672851064
0.797412176004224
0.798892754594661
0.818533185975174
0.521289143966454
0.734328330107526
0.908803725850664
0.898320711200539
0.700226258116451
0.693476070194613
0.524516664437614
0.579023094769593
0.842181112123271
0.835397233132604
0.58042511077466
0.812847500572983
0.684385566960533
0.834936137719372
0.962437410627833
0.893747282348636
0.841353384358798
0.879461269163279
0.827002575387026
0.771374856373146
0.867744164758179
0.902870485738352
0.967947854014366
0.836118694293712
0.967591547511167
0.91653353345594
0.734168531265491
0.928407256008165
0.830010338081669
0.908556996372004
0.818657612628829
0.847532636469728
0.837182937183778
0.858423563612841
0.975273251401786
0.798844186253657
0.821894499559038
0.661878034845945
0.854338627907325
0.862773948576133
0.553773351063858
0.873150226047742
0.828406502273073
0.912415839256982
0.784803119408429
0.796933486348658
0.78698290829181
0.819694874919737
0.80184290485365
0.774062978289353
0.83707066467666
0.878434034017957
0.995281012583893
0.87508857119414
0.911135957538746
0.891895613284475
0.862788213998919
0.886027817234687
0.933697931743305
0.866459525418581
0.786775451615724
0.921477781011182
0.866068475064535
0.856624897128474
0.926964799469833
0.750771459496852
0.882451269086353
0.589710181239044
0.885968509294581
0.747618479919937
0.971918641195064
0.690576219142527
0.824713104411052
0.791890301643086
0.916670031280717
0.887658908850959
0.903302971369299
0.716388715334927
0.828592369729143
0.787838972272631
0.901396128089438
0.762136126483473
0.868736473771924
0.746404372434131
0.881954879246466
0.839782760414542
0.655631029663898
0.661667642855433
0.843710155595006
0.807189618332657
0.736690257168017
0.907732948028896
0.950580310772448
0.775481769936051
0.69202197033599
0.903539466458861
0.945908308030162
0.775713483244508
0.789546463913391
0.794000029928462
0.96842316610363
0.874621965111344
0.889369950623967
0.929060867919057
0.84697098712211
0.830722610089657
0.882207245937979
0.949173088447513
0.821867699761806
0.791143579372462
0.929205386986701
0.928504141726307
0.690627991785577
0.806552735465778
0.994343392927659
0.78273511068039
0.877522611297715
0.868517485510708
0.875314628065396
0.841525804404029
0.986321650485027
0.754197821114167
0.929381009056999
0.657822869493911
0.903878303627828
0.808772187461726
0.84506926928852
0.720945160498878
0.815153995537447
0.817434758342231
0.852016908800572
0.859007511167846
0.866673563067169
0.899057693987502
0.814612767571867
0.894691035005612
0.812670162515294
0.795697551745286
0.816674122239601
0.683958477487471
0.891284320432263
0.879741761468188
0.868327047603348
0.932732764068892
0.82197649303544
0.916525735748785
0.728548808568359
0.95683447996994
0.971113436349615
0.84519782697286
0.751867365420895
0.835604609885564
0.680733821503641
0.87211689417762
0.900268295973009
0.87961204332278
0.768712401911617
0.872728353150406
0.891856796274072
0.985511706487795
0.935313486932623
0.778400966060845
0.876926667449443
0.778147939202716
0.919452427081804
0.812720284300085
0.879530219650084
0.878777536715567
0.876558635983837
0.868369587855475
0.861419473770673
0.869903631920706
0.892770201427287
0.87075103528713
0.855649515045025
0.893269192608275
0.84297658972995
0.882671291234796
0.83565517608039
0.766386626586893
0.780932360006701
0.839932860556804
0.847968439968618
0.888073057938088
0.998210299173633
0.686010560475127
0.889598178168949
0.867749877161388
0.991367999738673
0.830871791972422
0.724006386829207
0.827643955100595
0.78333356801035
0.99640246882225
0.755501940320341
0.816326839176407
0.97826276254002
0.905920124584057
0.854324858250857
0.918727253076724
0.918814530199406
0.960982954488447
0.863946543082763
0.948611852224346
0.689616111952148
0.820066487361761
0.77043640953018
0.912458418181676
0.83970331768757
0.946821284606176
0.886868571375572
0.824271307448264
0.991607603266134
0.858350542175847
0.868745811571362
0.805059081924312
0.880815925073747
0.815667506942277
0.801997068116742
0.997047156640829
0.840390432217419
0.812536201742466
0.733953211987988
0.855065553545465
0.881522568378849
0.873939771884381
0.739690575023703
0.903296171170807
0.769801374832824
0.767239249331595
0.662562993942086
0.785785588870103
0.926111091363799
0.947888173314279
0.967614095255984
0.902028644735959
0.846808259710477
0.845704631960234
0.755466967426139
0.748860366535786
0.957544003679226
0.941771563994049
0.823897105412364
0.76563258621456
0.756414291374216
0.883479373521278
0.962994912203786
0.644731171237424
0.991362505372321
0.902732217993654
0.895697107839926
0.975748161784891
0.852545214601442
0.874150174274594
0.703245155586726
0.935632284778063
0.843651032773818
0.51161694909201
0.919865673549587
0.843299071435524
0.775013528470496
0.962181013046288
0.754280709485503
0.723229673653127
0.780078206504858
0.885201943832302
0.899861858044291
0.6731596387692
0.918315957420612
0.946379367100812
0.935886481533679
0.850393309830223
0.738116595078124
0.968095242150723
0.686877703303287
0.776140105819656
0.808399686785669
0.647099717182573
0.927106835301912
0.945277421499939
0.874288685746103
0.81276169218902
0.910669294701274
0.822326788553781
0.918861616086286
0.965619377291188
0.889047204080222
0.858757275278287
0.822576513368306
0.866524058599291
0.746074007268769
0.768599820560419
0.700093277118689
0.983934515552137
0.653460636457623
0.6789251165644
0.817372680518436
0.789425275867759
0.876345649507737
0.972115409142876
0.914722022286116
0.973155467770294
0.680869848517584
0.782027318330174
0.791151278645849
0.775937646606071
0.71556567760756
0.839302840739385
0.862206864487099
0.895832151454602
0.774525888903131
0.953628511393681
0.86882530232569
0.796226152255152
0.721680901039436
0.866312464983929
0.995957983324342
0.749123805703929
0.781042650734938
0.748038073465476
0.783441746202442
0.700673874551507
0.843842394628802
0.690804449737617
0.817665382055879
0.879187745978781
0.870161605365733
0.960820555883705
0.820008257139067
0.715550760244514
0.698125163508066
0.83083539701153
0.788350679738358
0.898514601458427
0.842047389713961
0.929127340128922
0.80442029261673
0.680845833529239
0.638223293760543
0.813471184588922
0.826319678780083
0.650608040011472
0.788233372389912
0.774225192144876
0.727703719458855
0.884765916113782
0.862158944985652
0.877113344334641
0.877453296458025
0.734957098080109
0.777263336773121
0.940057337799456
0.97191864871536
0.946180639758487
0.50704183938754
0.728383528265538
0.701923606450141
0.754964852523142
0.901457159545132
0.943768515844824
0.847755280795981
0.795006794876013
0.622449190676871
0.977260509485647
0.820154341066827
0.755021654635248
0.813977092029311
0.744743316254034
0.732925351988846
0.905767401239081
0.84988770532156
0.774469567787989
0.721333157590603
0.774626994459656
0.822875929842304
0.898421669609757
0.803087012153088
0.911504558899843
0.827526279010786
0.826988530222634
0.798169403174648
0.839819137200101
0.873382378392484
0.747009420701877
0.694167928753895
0.979029089578977
0.819114215111543
0.876605817994577
0.744279202067863
0.917404128785691
0.713410494605862
0.835581108426224
0.732909495569121
0.905557661355039
0.787018759404018
0.842470865611525
0.832285091230463
0.694742298557701
0.682554653534114
0.670851385188419
0.935921533943168
0.806885546370569
0.737450697477362
0.770338426303577
0.953034490758444
0.667205717745274
0.723247568979347
0.593851850120586
0.57235938223392
0.667616789249323
0.985524407630776
0.827943095805734
0.952345465454808
0.800851148560952
0.768466368319013
0.701420196780644
0.803420580667465
0.762979448594731
0.784249462648055
0.779592381127251
0.780945452611485
0.779387806325875
0.781202026615991
0.778392260580391
0.779298157015599
0.777476438683269
0.778214019987856
0.777714947732331
0.777757069342864
0.777248792036548
0.77551907280148
0.777516152071188
0.789626522012168
0.79904648206912
0.781549118449408
0.84379897807006
0.630690878057823
0.761429749980284
0.608400552290238
0.862474081862043
0.950477756911735
0.830515971080251
0.688330790258423
0.77136713007823
0.862462591462555
0.808443079478735
0.826685369610324
0.973337883436135
0.960346033236827
0.941978780508857
0.919515819554996
0.827636129975295
0.638926072146959
0.766171860651931
0.698810314129523
0.895174955478323
0.986025494300605
0.700513115856113
0.914372339908163
0.842713490140591
0.896510582402045
0.947234070356632
0.894734045426198
0.823416580682091
0.848979879313517
0.761895077988113
0.559756587482861
0.612079072317624
0.940057006832356
0.913507304323471
0.920881375067751
0.810635607155035
0.80273798531982
0.917849580647658
0.959389561253182
0.811138380282541
0.778676706589275
0.841715890482525
0.781890626380898
0.929382172544353
0.836539947365048
0.816450952974996
0.926453752364393
0.621983329343204
0.845549893424556
0.744883221181197
0.664774997352624
0.975528377110103
0.764828143446371
0.718442788218879
0.892032762149405
0.806908378480361
0.691896844479866
0.829166991162543
0.76234184399127
0.820452333314639
0.800900102292921
0.850916535086546
0.99961271772186
0.976003595089296
0.703513664881123
0.659989743924168
0.779208339655084
0.672815286200765
0.979372083093302
0.875053991053638
0.868108221920965
0.788510235716023
0.397131004434232
0.988383852071863
0.969400680295671
0.96570641566425
0.827430945011475
0.827840671644397
0.636374278070735
0.808830507801947
0.84955652440974
0.719802721962619
0.753385402212457
0.859216633907006
0.709187077941699
0.711011656985305
0.842984639117287
0.872307116146012
0.993208733122776
0.907379732392904
0.769019173364136
0.725755064185809
0.700010302733081
0.835211159489474
0.928200365726128
0.9698057332068
0.829711764479037
0.824185737746857
0.728411667217667
0.560810152196936
0.841897056208441
0.892454372753095
0.905027752238327
0.851246816141543
0.881304542453147
0.793689462953877
0.765509843000013
0.916127678909302
0.752933496260575
0.861732231972171
0.969535800903978
0.794492506322074
0.943532195937041
0.89723623122871
0.740771780677673
0.958445824400023
0.732328988821958
0.785256759491654
0.759116038003292
0.980948664153942
0.921325545241268
0.916061396243491
0.983890467517527
0.986648421841134
0.955070726789229
0.884274235697753
0.874117383916911
0.896389901699104
0.890647978412839
0.88467485216343
0.783711589579494
0.859001449310886
0.851216553346148
0.98053750973932
0.563362259817506
0.578973503045626
0.861092610336357
0.855193462395992
0.479201103712604
0.96959690758117
0.793845214193367
0.77960914799777
0.851287501478434
0.869479113550396
0.939261939313285
0.877772141864881
0.985346885363009
0.756760250332015
0.907659021277593
0.908434688610698
0.791038008784152
0.788333645300286
0.854465036651815
0.889557969972364
0.954424328672796
0.983442515589723
0.81482723129689
0.897447196951436
0.848754802668758
0.803837597994522
0.811602609143635
0.863730437890026
0.962476509354591
0.903012574281921
0.862634873474445
0.789452551350768
0.823947468903822
0.592483326233301
0.569011717348367
0.962328699833647
0.841538949577847
0.620740161600534
0.801348291655963
0.751180321199306
0.701318225742116
0.966650960657713
0.952036403514242
0.905095825335464
0.875829023483049
0.764471715744049
0.874181693589691
0.88676284215593
0.91926710605907
0.796292939741923
0.910377262485518
0.868028404848807
0.651660618218932
0.823364056594957
0.739718381530119
0.970413114258466
0.86467702311165
0.85938080475914
0.963729175535917
0.927544311905982
0.91111713007336
0.980014392347027
0.689799433134904
0.718458026021448
0.74593239605932
0.666408968272645
0.798291097632727
0.672337977790632
0.763553161548565
0.766647393451093
0.724626221530885
0.730492234880176
0.885901994027309
0.794834137449032
0.826500040530959
0.984074299495656
0.902730181744518
0.609412222231426
0.849887351772332
0.822179488212581
0.919444420776015
0.988594465165903
0.838912473006895
0.725990966458289
0.96568172985616
0.587037379483782
0.852029109398393
0.809071367000931
0.795248273699807
0.726561061666086
0.690409965157533
0.752533059137826
0.748640393961494
0.695409712860239
0.49964193932976
0.895899714560177
0.876581536700324
0.77950754740221
0.909358559275481
0.840418031589662
0.996664441949719
0.790157036934474
0.758373677075658
0.88665505222787
0.959352579842283
0.810848560134484
0.73664246182526
0.915997686755109
0.832578802757677
0.851421055328222
0.904946474551797
0.85804109943209
0.850939984418187
0.835699523880595
0.837460162173163
0.809603013074674
0.765471612329396
0.9278836963029
0.87650773842744
0.905275161583027
0.844123108338438
0.879893010686562
0.721189184977858
0.883376758708881
0.866654958741624
0.862425581299994
0.837844843874864
0.977205435395009
0.912657368272583
0.664876284279131
0.942393953309845
0.727215518302841
0.767068198090907
0.704153542202895
0.805749742682864
0.643811084555758
0.570700440540889
0.718702433228197
0.815043700246355
0.741447718926663
0.748291257859539
0.742697914546112
0.811244551038537
0.770168102612395
0.695262248533361
0.760938979860008
0.883467027402492
0.731711027896062
0.986180851468232
0.947109483962871
0.695536624359363
0.885223913698856
0.996789311265709
0.906205579442418
0.890611652821227
0.86763886068351
0.834726468701083
0.855669895190427
0.846661744025765
0.845872297849598
0.825169102221715
0.799063266439142
0.897525445613308
0.860544750107222
0.77973211841385
0.664485083266962
0.700891153816386
0.940873108475582
0.796215712277308
0.857185724537154
0.568647380538206
0.899210341503521
0.794176683513982
0.709840731258898
0.7805134501847
0.940706793914217
0.904839749565916
0.828534550731583
0.929409715919087
0.780557610631089
0.995333711744192
0.876746748413321
0.972648976869046
0.879894841602683
0.849178476459487
0.825133041075453
0.759124718796678
0.915856744409068
0.626011821960499
0.912897800972164
0.786451621450662
0.835824442744518
0.870045981368525
0.879682050973878
0.762576454005319
0.736493614175323
0.856082478887633
0.68139434494646
0.516057678115512
0.759616207081249
0.843228638119946
0.715258761165858
0.972098836833571
0.973912728081187
0.779424755389812
0.855344335558461
0.995851884568956
0.803840596122414
0.603098788542046
0.703400906371254
0.834851468600532
0.900061311933141
0.882069280896589
0.711436750770213
0.708418262128921
0.965366489987608
0.852150238752652
0.641245692121405
0.876396361508328
0.809377734928777
0.802136156064559
0.745127387598453
0.852597282996583
0.850827067658185
0.815690360359767
0.929677617935727
0.880647286265456
0.797395832582136
0.704502115565237
0.65001029481361
0.967882575759253
0.987944720864551
0.931817605006185
0.857868201730019
0.83417707036601
0.738598244191996
0.907456493184356
0.907481307306794
0.849288013174709
0.814299349028294
0.900819590649536
0.815128872502763
0.750798105568361
0.764611113074978
0.759236523868345
0.754136996199664
0.756297212158084
0.755927927207019
0.767193500078645
0.782854510230668
0.741084650050519
0.772430004888132
0.896422018398387
0.679507318182263
0.942720488996577
0.907142303330375
0.855012913247836
0.8006030050195
0.991699727355376
0.638895321542805
0.841833634774106
0.76769639378176
0.763025545667419
0.762911926266119
0.89756721624434
0.853314718575631
0.826019461765468
0.831596093215994
0.816676043859534
0.789875107454363
0.690732508100507
0.799033865737801
0.732423132202963
0.733647663373891
0.837767424299029
0.795278455247867
0.908000017018946
0.898450676352027
0.798190072218387
0.692072284316156
0.547209134945237
0.857672789651483
0.888704980570312
0.870671717154309
0.943954868055631
0.7838715160341
0.941147960235701
0.797803175763802
0.975960443841273
0.934182539069899
0.974491479627987
0.8152379225328
0.903477897242388
0.890042208536398
0.686500402413585
0.765807510503749
0.968474659175979
0.880331524979979
0.718646959019439
0.954044742530697
0.779059446994065
0.914073249768186
0.7463346463211
0.944481258581106
0.981798255820476
0.761191398889264
0.639463356736198
0.957509457246285
0.853268312577029
0.916028037866851
0.970536764858566
0.797658820409969
0.818899356083413
0.927697679542505
0.694062688000276
0.852038416144723
0.893642118015208
0.835932073242391
0.724504075089306
0.790682932127469
0.784652532422539
0.781198501695538
0.796686503599255
0.827898456484767
0.743154263442141
0.755169288523672
0.795704235266129
0.753178642879531
0.816462621890211
0.909820840225952
0.853579242961886
0.813677490534359
0.7352696855669
0.850929936265656
0.832473092617504
0.825841986509944
0.791898944849755
0.818546569676869
0.805956935799808
0.806656820327173
0.954452836932004
0.906265109785102
0.873092569349222
0.817370821623201
0.950497263459285
0.937464913724441
0.90148495247295
0.932861064229979
0.795473625101282
0.960683173258475
0.969078462928461
0.922438450390206
0.929886378135156
0.877206441246635
0.895396822311496
0.896933857755045
0.784906129417902
0.767612634109336
0.969392246907191
0.91707992929219
0.563538202284958
0.939862535963276
0.841872893199251
0.734461746756197
0.807871197386872
0.994094226711185
0.728953436940157
0.811727929517254
0.812750263669699
0.842176443423535
0.922495734175889
0.925608040774857
0.867912697583886
0.938484549939065
0.90864791810649
0.796850702272011
0.745044269198229
0.754718877646045
0.870668991214047
0.766879833882593
0.876458751564727
0.780887526981957
0.811633308411135
0.810706574665279
0.867687603662845
0.898101912523421
0.773556873511686
0.766270506010021
0.83232537544765
0.894437909596855
0.735040087010226
0.826909383841763
0.78096298977843
0.751059158518014
0.759669036236106
0.736892723220097
0.957875108480547
0.878972958146484
0.79813081440591
0.82862584897205
0.691506206234869
0.87603523942358
0.918892748392069
0.909010979074383
0.923016334841083
0.751005782068878
0.958617023718485
0.861858926693145
0.820970165571681
0.819555527010828
0.838295729822362
0.942222849486668
0.692593371883366
0.889941607212103
0.837490259714866
0.809351394702526
0.846624032872778
0.854568346239144
0.989703488526291
0.792381286988182
0.760721565844581
0.89285495836438
0.839108246467467
0.869456692773473
0.905246714000641
0.832700174883384
0.880051259883507
0.901964638076765
0.905348270459995
0.913391579570886
0.747306505145867
0.902878870162355
0.955349636409806
0.535395037847717
0.968742940898795
0.970568589862395
0.784018119436207
0.755288612915351
0.790348159674438
0.730166289036537
0.766272039707904
0.721294222167483
0.741972677385013
0.696685419601967
0.832262308456792
0.813744924931548
0.83650652229397
0.848522766861158
0.848276527002812
0.825699733065302
0.856480552126724
0.809934651565096
0.861190722830535
0.902648397587187
0.818330374237223
0.87899509862157
0.848846788146108
0.80576295634998
0.798402674339802
0.822484824946607
0.953811507675259
0.756561276280198
0.783991928308418
0.824269492148455
0.788057051908827
0.821228107114218
0.834666369837286
0.861460009107587
0.854601694926164
0.920785119532541
0.822375406131261
0.987429972456044
0.623251465779193
0.872517102520482
0.894957397507678
0.877122684743404
0.959687355394866
0.839011279856708
0.79280924017478
0.855117892852118
0.896765973731305
0.729347735174794
0.914302116826229
0.90659770816661
0.871052475646926
0.90867117637249
0.974056649129861
0.830554895396737
0.792660008177277
0.932548690906956
0.851121434503797
0.967287567375165
0.774457277148576
0.989177166559637
0.891299506417704
0.613208098216916
0.923657950319295
0.858143858949261
0.791782347582984
0.837177437924968
0.937908516237403
0.94220333151403
0.830977854229492
0.906550171198201
0.902467521637592
0.638395701071806
0.723708424595319
0.789481879291904
0.98405243047862
0.94907009181559
0.856964429719394
0.794109082703447
0.883840215057945
0.863567890279831
0.834386841521462
0.880540510851919
0.606939835538488
0.72186139677895
0.798452442398242
0.995865952273245
0.902797610727603
0.839687211277224
0.584939855309941
0.902058869650038
0.737727304183574
0.840500656432319
0.715638282654933
0.734503819422017
0.945636054768156
0.681541258584241
0.817209190635498
0.842636914426775
0.843314585486366
0.808823413438052
0.979936038978325
0.994651314755619
0.974583606143989
0.656593416275856
0.859162528510619
0.900674739837317
0.62710273385004
0.886369942890574
0.991342885348023
0.729247240104419
0.942968043799702
0.789230633603734
0.907546872989154
0.939145776173447
0.884673315482294
0.862366540364626
0.892437114825341
0.807754935640955
0.995315717715551
0.769111024332347
0.895764760548976
0.951206760318184
0.957146303223629
0.865858129443939
0.880376494173112
0.936226622434235
0.972770829423871
0.793301427738572
0.579337861031471
0.464952324122547
0.79505283600428
0.614424887757956
0.841030319466065
0.37566312288568
0.823063718300843
0.892659892735701
0.855898574938138
0.993200772652435
0.871982023598685
0.869253403697523
0.732649968483892
0.91572288766158
0.904429861681913
0.716772539857931
0.755992065766751
0.823410691998943
0.474370976953509
0.867822439434496
0.986464280660239
0.796901519894288
0.828319579483887
0.784926374750229
0.835102706413746
0.974191884164597
0.791088993632579
0.981276408975999
0.862326626716346
0.909114768865263
0.832879063449008
0.8904174591325
0.916872423198047
0.868901000624718
0.845753661767641
0.836567676189653
0.865372453181199
0.902098215210482
0.890088489921216
0.930750578765917
0.762172694027461
0.920085867722526
0.782645754675323
0.838669847659913
0.802604731742886
0.76703951630871
0.873986251783976
0.804621146680433
0.813114818657914
0.918934325811659
0.775059662766077
0.579255283770036
0.936171340246966
0.873721599843542
0.748775740557466
0.756135379885352
0.778602919915075
0.836593795158896
0.964297104072284
0.847447811272095
0.996825061564556
0.939198434661371
0.996867700858562
0.827878811224783
0.902578154778325
0.812667447750458
0.679283696054002
0.990709111324954
0.921488161383389
0.755354957768149
0.634824704354707
0.846293059087681
0.854912434447618
0.711270820608443
0.740873690804017
0.918859102336863
0.757780134867694
0.862220419456329
0.851036554689798
0.91386404040108
0.725501550148058
0.793458504492001
0.706180759060488
0.897612776743141
0.987490579622467
0.904066217062631
0.712016086568755
0.750980938643362
0.799930619070131
0.530078604043383
0.771877122063486
0.996242769911246
0.723760856600912
0.925893907828891
0.624487203449269
0.9877784762947
0.880688291609695
0.913993630125856
0.802059701805618
0.78479949945139
0.895722498872949
0.781197808102676
0.845981295741661
0.837456005258988
0.734879689837681
0.724370100571537
0.731673394260384
0.709207705325599
0.849609112567018
0.846590561547965
0.834207216371327
0.802443139762454
0.832167637743054
0.948077553580129
0.883914836520431
0.857703728517828
0.836580842985972
0.993307760948153
0.820365362623491
0.775941071330487
0.812714720246787
0.833272725141905
0.851749158577964
0.863542030075087
0.931108593270322
0.834100540295183
0.878303480573891
0.898789188650163
0.866369997268259
0.88535445978694
0.930728252020774
0.936170107037149
0.921512232951481
0.924898705095872
0.689820044300888
0.74650171093702
0.949340124143639
0.829950538583454
0.728202401856006
0.806909627175209
0.82183008444339
0.862644218211611
0.925134442292397
0.858943182048364
0.894617684391954
0.857299464570787
0.872008076298806
0.747741871277097
0.826942854169759
0.940450451464797
0.758014804785056
0.793666391784026
0.907072629583477
0.781853495683075
0.907499662930614
0.838841165035816
0.702420783654712
0.85118259272868
0.828127117268601
0.741750885012731
0.645242826140841
0.752464672282484
0.839999284033418
0.84521405915537
0.895962925467281
0.71436289453041
0.74898754275154
0.923107456533722
0.859749550319212
0.660833535226932
0.9752094303009
0.71152151432866
0.85141045469655
0.775258405991748
0.912922881571031
0.886465623187681
0.908331328157321
0.918492113008683
0.880081375124252
0.739344240733255
0.910078786119369
0.713588463551813
0.810007216255479
0.813903373033004
0.890342336766868
0.890858610234481
0.983872117826543
0.898111223672089
0.913510044583219
0.537676893036002
0.678348500879506
0.751868396619649
0.857424832388189
0.808385788745951
0.992786245825348
0.830291603426929
0.748472230395171
0.738664288639288
0.989497747886418
0.850629285669272
0.944012121306504
0.910495383193201
0.937723065257767
0.95616520110242
0.861358096624997
0.790512078499767
0.826167118871606
0.880366691123917
0.864806552640289
0.88469453076116
0.695836991197129
0.71989423875574
0.853298068071347
0.826223339582387
0.52334396339531
0.730664094418288
0.892739915116819
0.670544716452876
0.980136006012332
0.872541120458695
0.821910885013223
0.904032901874001
0.663133417918081
0.779472369848817
0.741559452592871
0.986649401785409
0.760934932005429
0.844215587533689
0.868114193485389
0.573623294174195
0.56957731635337
0.658512877660228
0.787800479541083
0.836307982576461
0.937133388699083
0.908991054936766
0.90590401627268
0.940946495339205
0.879832945873747
0.783401376894347
0.993861778599737
0.870490302807967
0.925550237743856
0.690175779577671
0.907404773775731
0.832535038670747
0.80731445514366
0.792424366561413
0.759710108666447
0.959745733852233
0.987683817293018
0.792217446911822
0.71269321061585
0.96304079949354
0.894048060730801
0.813962543022451
0.902684133294012
0.951131322959287
0.956341983830831
0.732690275482984
0.760962881517495
0.759163391027403
0.899445625859575
0.780121519055484
0.790617987223847
0.832589395417587
0.911506331000223
0.862120951950975
0.853991003554724
0.812329083300527
0.817870110617936
0.794636345990567
0.708312119422327
0.779407492929948
0.806950140053719
0.962344584562893
0.86586710734457
0.74869270191782
0.771646928954362
0.688194275356389
0.865344835446403
0.859458364302239
0.977923226607086
0.770682798769217
0.766692716789295
0.7591394373253
0.895721366673153
0.828525677272227
0.904071065703323
0.953093439149283
0.801350789553495
0.819486355363456
0.988977379390205
0.930011420130836
0.946219080064582
0.813525474936603
0.833159823413644
0.826391586523139
0.776319574778909
0.841197651776316
0.846001852209557
0.853435762457708
0.945047381089764
0.824569237949528
0.792182347368987
0.847986355753717
0.852386774513805
0.823957396823944
0.826077898135871
0.837191124611627
0.80356441095222
0.815325378964641
0.828652454199808
0.858622710313475
0.887128818377571
0.965787737947777
0.849805717900169
0.877772417969844
0.873761271534217
0.863188137999553
0.966640317663457
0.673457332369718
0.921616044728464
0.760000573609109
0.74381635270692
0.746284246390804
0.814049413502927
0.841599317432542
0.79313794943433
0.785581215288127
0.727155581217024
0.963376082366822
0.740703789231731
0.86846526387947
0.880568907372594
0.899177522211428
0.66823684534694
0.844087710490586
0.851220533834279
0.873833427161353
0.815996160685081
0.808628620062562
0.729497265245739
0.830557354204791
0.626139939223077
0.572268839661905
0.552298213293719
0.878271104359471
0.811008045558514
0.693558923012281
0.799613841861957
0.832404150986468
0.818779611124288
0.837268498634162
0.996000248527602
0.966482842462614
0.850121101703509
0.995702771857438
0.963455446618051
0.835861017820627
0.852563229784708
0.881065779536664
0.727450894566602
0.93359090318587
0.914047498358907
0.962892328465298
0.912764113892312
0.909205613362942
0.827327672215363
0.87817129284387
0.663524515177022
0.902779312856205
0.876872862620145
0.820428627834486
0.912040553686952
0.839022514007901
0.863392422915702
0.719604853706895
0.832450401977574
0.788518517754766
0.756027588321346
0.529639474768893
0.709147111325628
0.873499537419663
0.684104414610112
0.982524094869167
0.843623050008785
0.931346658258544
0.753065776684931
0.818143422314179
0.848700235048378
0.803221435345718
0.957128440788805
0.744285452188111
0.857838307470918
0.674478605827693
0.714022402592869
0.8402835034854
0.778157821175113
0.761349524648042
0.798858133697587
0.809174993486722
0.81232901316953
0.805325710871648
0.801822718971719
0.865239083594943
0.799444080063257
0.806084185208398
0.789243275813317
0.753486086981784
0.808663337078796
0.739599937278318
0.835293980196755
0.886530572365468
0.984199672689117
0.84744234315541
0.961636920636383
0.976687980011423
0.716693870385478
0.75169334369905
0.855042320220238
0.82687854182376
0.736036721960615
0.865833538576799
0.616918587154272
0.847642321050166
0.916760688386683
0.981829846768123
0.948710104346707
0.810785843546819
0.912107349207697
0.932575866947612
0.90499557144062
0.729605752218241
0.865652405474729
0.891376930025908
0.686118208749777
0.816660667357
0.96944197969147
0.622461366801679
0.802153328607409
0.852626555778005
0.791804450862449
0.836853971443338
0.837128667375274
0.789618784386681
0.922250831616063
0.863466319176185
0.794085644703078
0.918942996386016
0.858431368937705
0.892938766273302
0.912645369739775
0.981380245373883
0.918728930876737
0.746462329879804
0.873291496431558
0.919084773407556
0.605792948531463
0.912985250146647
0.977410131513458
0.895475208719809
0.857180613894162
0.847850020327397
0.823649555386717
0.84361022726351
0.839133387011455
0.96183054751356
0.759315510978117
0.839468724404396
0.707233017804401
0.698124106724591
0.911232503323211
0.81744441624063
0.848227801908589
0.818918137003131
0.930357727485063
0.957309455824602
0.641935629549651
0.906319292742861
0.90736933224394
0.798516399375388
0.752495829248353
0.78189236353562
0.637837373412531
0.7482110127491
0.712960159826375
0.757353541098698
0.806584236043945
0.802822957664819
0.786665683574527
0.79553240766199
0.900305914283827
0.412536029717459
0.823299660930052
0.826389231014795
0.797498783654458
0.824824976745469
0.994946554391279
0.905499986676063
0.83432561446506
0.887308423656752
0.934789535482306
0.849641341094986
0.823412652396285
0.84158208727536
0.68718737151011
0.925593452939742
0.809602543599977
0.876999334758601
0.784271406255144
0.674515707208495
0.808861052105546
0.900737561316367
0.764671939432409
0.724040171454758
0.851579247126132
0.816455345612741
0.652462438270535
0.90822297821085
0.914161223388299
0.850191472625474
0.753398688118413
0.938846370027657
0.959403428857516
0.978321749109427
0.987088607360435
0.772948168536161
0.790359984575445
0.731599055666833
0.889580149661646
0.734369315630299
0.914897528316601
0.800952429825015
0.892601309997163
0.828185283485342
0.882089296104304
0.834505874225411
0.793323332083043
0.875299340934952
0.828225835449094
0.832219774100238
0.913419495680322
0.879029704667528
0.843575402145824
0.800572374180211
0.776930274845936
0.828204878258346
0.855959737067188
0.897657475883637
0.754287513309675
0.629689703145436
0.752779283147369
0.781603673559258
0.972578884286149
0.855624552153311
0.916074733890277
0.789531963211257
0.782207780622665
0.840985342626445
0.893019081665369
0.991684615933845
0.744456943224279
0.664515420157038
0.985820831232171
0.740475741857721
0.852417403119494
0.69447627317735
0.778345980332303
0.826994365266466
0.746374346773067
0.782392083132372
0.872190821676808
0.778291118780329
0.807118220904705
0.863664247032293
0.923414198173057
0.960672050385602
0.81487126604188
0.796377659944172
0.893521898547314
0.863686973529354
0.717574095492549
0.896901309830549
0.730539301889004
0.767946016646787
0.686031286412559
0.869432647965613
0.981193049544509
0.715547505046533
0.789522133957054
0.691819489714196
0.863419570381506
0.85481326042044
0.823730730053474
0.832047852155439
0.649104432998057
0.683875601315191
0.770760967809573
0.71821619386907
0.913544226151163
0.67671212643359
0.839459137475397
0.860084056988741
0.981114895044038
0.867261082372264
0.729747535392917
0.89228267510176
0.787662264006089
0.913389203996066
0.722610294629598
0.773350253313881
0.779689737812499
0.776294216061191
0.770855392318606
0.775265376142807
0.750025549188198
0.996518212869621
0.712280052001631
0.830572969053597
0.752563158421568
0.854538439251505
0.93361367674179
0.874853304783593
0.923586052223642
0.722630287767677
0.844413222949371
0.799353623344116
0.906348884320766
0.855704062736454
0.983337432153367
0.607824725651176
0.967565264256034
0.938005119448293
0.813170180281211
0.922951456198537
0.767795378014318
0.834672732836887
0.820915522563329
0.913158534527144
0.806199001145026
0.749342852142075
0.826127888836674
0.85365788679931
0.919329555465564
0.756276090916137
0.810402272371476
0.838032960311876
0.911763189081941
0.666782263617647
0.803501489141021
0.853637842463112
0.954000210412624
0.874611694273188
0.992735081785106
0.746794934314827
0.663346318601259
0.85263200751019
0.802602496680524
0.620599109779621
0.774594466989769
0.878887600665242
0.817663141498697
0.998604544689506
0.951381593685678
0.883962510289052
0.690633049246952
0.98544175772879
0.937468263709167
0.762023342821272
0.865620026461673
0.887881298760437
0.891628331444296
0.799723722061583
0.993185981148625
0.86555138078482
0.906725483464942
0.83764868097108
0.886770734065254
0.820706264915763
0.317354143022492
0.702330657615623
0.670249809267038
0.832941497037421
0.740726239941525
0.966338923302271
0.8399542995668
0.690978940446137
0.787044173846629
0.874765765602477
0.888911216495717
0.93535845696787
0.974489159616761
0.816785303594561
0.88300508890952
0.895978204474923
0.781585849269888
0.91407185081477
0.97193246379651
0.715588216029221
0.634558764422056
0.701425046938987
0.932852180624897
0.76630593175763
0.72519995054905
0.810090217564753
0.891448275907812
0.757677136383405
0.83197793123287
0.809510971795614
0.809605590790745
0.776266161476768
0.794460888156885
0.972808552268677
0.869140821454771
0.877768193635522
0.974926358984956
0.80273350049925
0.820986039909776
0.627863406723891
0.747504906499332
0.849038698494159
0.771359965949548
0.838836326206826
0.960014790621438
0.783659775064214
0.948570544068759
0.840184391615506
0.849415956161905
0.831777722710967
0.984264901569311
0.803819340290126
0.89984397922355
0.991716213859789
0.646163142153374
0.815556086336066
0.816904468700143
0.925473920864897
0.777353154290581
0.941404790640153
0.851878578718084
0.850481780743214
0.992983027953232
0.957046901706155
0.92727486580293
0.84279675174258
0.883387783892539
0.733570932314965
0.872748130602848
0.860143932216087
0.841047480519353
0.910205167760442
0.791812996007851
0.808274342561602
0.879016657041942
0.710113089413982
0.957389308499702
0.929507068626451
0.891922813617483
0.93546811854135
0.850172400660143
0.991581907606998
0.911928262325885
0.841836891039709
0.855739494081521
0.9767113242558
0.812872330470642
0.917665065892288
0.823956563034215
0.858014155987193
0.849109803112355
0.866556819118008
0.866949019301501
0.893321561919113
0.889694642765776
0.884452326532077
0.941473391809319
0.856394826838713
0.781150652322087
0.769330569337861
0.766948514590412
0.812657504227835
0.76019174240261
0.794021113769417
0.790904067396891
0.872165826766744
0.772157760316564
0.88242577660185
0.790614358571606
0.751041237653481
0.998800350547221
0.873889448205366
0.739914950898751
0.675876377820632
0.804794293920458
0.798974591412413
0.795622808311713
0.867451423317877
0.761183842524211
0.922460098100025
0.909657628529363
0.689485714582795
0.737042937805636
0.983721189469116
