0.40194792011873
0.728129046717954
0.830615274597619
0.572960421571071
0.919828780460188
0.648194268090341
0.76427528906116
0.757031334803829
0.858297826463375
0.624592146441418
0.988679259838753
0.852730952377512
0.774901686122614
0.520629288756879
0.750819054141245
0.846276819175403
0.736474734754986
0.745011560578781
0.866869404216928
0.84432661393783
0.805211797355286
0.778692939583852
0.890110427024133
0.70405914395242
0.921038364570945
0.794886881928643
0.911395164181734
0.823901779761877
0.660033865703576
0.856246751944057
0.835430747905497
0.529755953330676
0.880078019835147
0.798917380825613
0.884203475803354
0.89931284563255
0.726671660546267
0.798213548442173
0.84145516769036
0.771350375911257
0.554229754667757
0.737135020284087
0.813155328053253
0.949478045591759
0.546861148748067
0.844561939024114
0.791943020921271
0.852541666704064
0.679156128602235
0.792357441655918
0.962281904860671
0.73024828186802
0.793394336502235
0.797772150797862
0.810374893570478
0.610058557135055
0.935949526715637
0.7383971368276
0.846374615248033
0.806935593899067
0.616995915745463
0.93717058369196
0.959509309939433
0.763430548994986
0.666911014996863
0.909588918845398
0.779564372436275
0.893600746903239
0.938182387369202
0.801950545658227
0.98682014103738
0.530844500675312
0.796646623738579
0.769281037211389
0.894883221780736
0.567868016424356
0.729166344539712
0.668589325013549
0.795464575140097
0.857624647477783
0.777413174141606
0.7828975923862
0.926346378708845
0.892978134221729
0.86091982690343
0.903779487611464
0.738607810343012
0.591558714253214
0.840419118619246
0.730140466925357
0.658407339486546
0.944354801186774
0.616027548693854
0.940529308986145
0.847331172501501
0.790549898678306
0.823394907868914
0.786429322252312
0.70255441967558
0.721982347808432
0.703156704971247
0.520421238060048
0.906071535048023
0.432876514054422
0.800120759557931
0.638965849880263
0.897037497083693
0.718710635312624
0.754226051311132
0.791002509899018
0.799261083215123
0.81975399281786
0.811445962583517
0.888157502226115
0.811706651570627
0.672998324007275
0.943998366436273
0.840405856045216
0.838157470823679
0.841684643672672
0.829548887275035
0.909299947003795
0.809875394395819
0.932077320504441
0.83628672648343
0.587112077339435
0.65103506789309
0.915565454266999
0.696473938899337
0.716536302195822
0.84408870448829
0.576067833723857
0.721966682457027
0.736330465024491
0.635890384840015
0.872266019917435
0.796241309399156
0.703613341654954
0.682964483916441
0.786728347919549
0.449006533214931
0.718142969579973
0.771316387142946
0.966230520217467
0.854746578017229
0.882284740835349
0.832380844020422
0.97183350429987
0.826811219054179
0.784374792802077
0.825920068341855
0.463671542419573
0.794613895536446
0.761997358760522
0.805684574787868
0.840769797392388
0.655862232471691
0.691577575177626
0.735362654685609
0.564220937034926
0.802960900186464
0.776235622965677
0.795070518413183
0.660391582815098
0.651426473546241
0.8641111734716
0.933225237258491
0.710330418555888
0.855226177240177
0.743807004845265
0.667135757262914
0.79850967600099
0.805964574289557
0.837725308423015
0.782508681631839
0.849928452643383
0.715751199143253
0.791273406556288
0.771380983978185
0.792800735269093
0.872225949159217
0.813057005200766
0.754824242372932
0.821438838424122
0.707834529953141
0.718115753020717
0.5857332748144
0.605930834288945
0.842119450537398
0.580798264416628
0.756457987572962
0.899325921874248
0.915485381986606
0.627112344485239
0.593281271192432
0.739823988830727
0.736567601626089
0.767494002197869
0.998421930567141
0.611802507519614
0.866958637527812
0.946165821185851
0.547097328980614
0.862878058348332
0.922314451765026
0.709592548998494
0.804691853749551
0.697034502698483
0.737869243561499
0.947632090208273
0.837856380379195
0.924960568902892
0.595897548992698
0.794723833969897
0.851009982668122
0.853386169954884
0.692381938239272
0.677035322170824
0.910644857740954
0.205852126798705
0.728787183043524
0.921407987247084
0.978977269805368
0.841693222731454
0.828387669162808
0.904545599881674
0.701368401255849
0.98651527264495
0.546750835108988
0.934307643866697
0.779574888346025
0.945344821681471
0.910140013113449
0.877151674865245
0.48578837575959
0.905376499361498
0.822109415060063
0.846757651947161
0.943618707686313
0.640230949737006
0.672344331224471
0.566809579603199
0.855202408362249
0.510912736505048
0.755088645213549
0.859115140332033
0.82798237565213
0.720171481917296
0.83482119038411
0.840470880757165
0.66234965103973
0.735868217846609
0.516890822623295
0.727721432126314
0.890773541691944
0.734816249622613
0.818041564169162
0.767529712502949
0.434331496436418
0.681710654870933
0.723103310744675
0.715795384557554
0.848062782112138
0.64000281238698
0.853707748481598
0.8100345423996
0.792687390044335
0.817575730311094
0.819457267336096
0.829902322767649
0.842103404095918
0.824010599032904
0.844903289238797
0.690768094554527
0.807295252958561
0.752132287783995
0.801994221688766
0.781960943331253
0.498087047971192
0.779286818418784
0.578598808817122
0.959961120160645
0.809105209176892
0.66630433561522
0.90148011104057
0.654939336183872
0.717719353028552
0.934932969569289
0.864502125204546
0.695354439590147
0.877144661287899
0.755145870153949
0.775893663857051
0.692233140594287
0.829103097440393
0.824863907704074
0.787905354354857
0.892084927921252
0.741029959178038
0.90648280196788
0.389066873816376
0.727561954867167
0.643390561377957
0.86062935212659
0.803740650257229
0.868673557089271
0.857654393782669
0.533142023103203
0.833263035027979
0.36317645956944
0.721928487426189
0.859386556279589
0.685276329190025
0.738470904532314
0.473068209585475
0.996904327667698
0.696687104113495
0.998192544454797
0.899644618704315
0.753233867353677
0.819100437346122
0.834030339368536
0.755191226495363
0.820626100579522
0.880071654968937
0.667483755676859
0.920054148696375
0.995776525296457
0.809366800688839
0.89421281797477
0.90736854157902
0.999989226616937
0.833315009149046
0.598561736036278
0.936593145817537
0.634896679459486
0.61690097778497
0.864441882765918
0.906211499138958
0.890046747554843
0.831196710403987
0.818012904851696
0.972183822035021
0.868279556330969
0.959285119487996
0.722719449548546
0.920595674032329
0.932331185400064
0.85271798577068
0.799352079659103
0.694608859546618
0.655100097596388
0.886038250773145
0.644034636950948
0.895886614649821
0.877596969992964
0.732020215866473
0.656029069847853
0.636560943642975
0.724859847336755
0.764224276100764
0.878862743800393
0.36717042016907
0.821106213596189
0.718937351920715
0.622845979378489
0.810653505896157
0.809362277194081
0.806445582526307
0.823674148954403
0.850420248116609
0.830622416593092
0.862381157346984
0.886287611797468
0.855721252881182
0.767184836366621
0.673802016439088
0.556327815019617
0.717502513224205
0.877408100482996
0.596449028298457
0.798685972497695
0.811724852789788
0.854233754691724
0.626700072438695
0.995003676828263
0.737084057641281
0.761905997556344
0.811026666505093
0.805205266267254
0.802933382235325
0.604181692372103
0.669376686046296
0.660048841644815
0.940473361102043
0.657987526161032
0.929212924268564
0.770569275521506
0.856401766484001
0.742656098087502
0.772156597985449
0.796659026637697
0.716795408148415
0.854099586876691
0.695378072539253
0.86113723646475
0.675846666991785
0.245469633467945
0.65415198711351
0.780684593003359
0.989969112786492
0.771812893884652
0.98392822879658
0.989134162088005
0.47785523406463
0.729243672915076
0.786957538537754
0.845738315630043
0.728843175184497
0.843505868174395
0.755784007223425
0.748371756156678
0.823065547975849
0.916880476295891
0.85536531389622
0.753473530431893
0.785708158311041
0.728207987454601
0.762634005948922
0.802362972071911
0.728754567431081
0.874909386141861
0.701796106638751
0.693680672431032
0.991703465721065
0.830087923113954
0.7680300252903
0.717568961781855
0.683837570621738
0.885959523252288
0.886736022152692
0.640002478695761
0.999428086047858
0.686232943357684
0.802726863733737
0.811290776572768
0.661266060484279
0.170526704710104
0.841507239310499
0.647371204440742
0.616323007415427
0.84250994930459
0.733617027765801
0.969701316369169
0.783863555379014
0.983197831805485
0.785785300541636
0.912319981917751
0.81499924028984
0.70846347953341
0.965170839179115
0.789345198420197
0.751689018369217
0.828069652411052
0.807931108893461
0.78226710748602
0.798881314164981
0.561362825042751
0.777257132874066
0.776695753537733
0.965965948007379
0.725361409243331
0.977054198829864
0.755560634179491
0.358752416590098
0.973812660046914
0.594948091976089
0.958441815178214
0.879809768732256
0.955089058443621
0.711465471962333
0.780099063877345
0.869103819908316
0.936571077168877
0.724892135524197
0.839850693473152
0.787318184020958
0.711475012334341
0.819041512127964
0.900301268360369
0.637862863238214
0.742866959639991
0.661492244610977
0.666759152504468
0.834968987530552
0.808887026840331
0.554247268764706
0.758538325514736
0.688873108981964
0.92725023214571
0.670234485655971
0.661541405624024
0.920468594179605
0.734162132179134
0.85385698810214
0.812658706503359
0.721335007624375
0.703604454280325
0.875392203529855
0.884277891918509
0.912664256146947
0.763151056818056
0.777863382628213
0.811551996420952
0.805797304090895
0.819751294096705
0.5704862390378
0.878544884132736
0.440017986681793
0.577449867768287
0.846862360144763
0.517572999085987
0.911755250650622
0.597257792920977
0.663314249786976
0.577949387851595
0.443880476667267
0.841967404542112
0.42543241837857
0.952970175270517
0.594543487997645
0.808567379966217
0.914986721169313
0.743063377474028
0.737744162114683
0.688317782043409
0.898080267960412
0.758934045875448
0.721652975801432
0.576970571296621
0.932177801301165
0.89852773747288
0.85471035739565
0.79632690772043
0.844258497805637
0.949041258354618
0.363509515324523
0.829205740497252
0.892741512730379
0.871385743671953
0.634310617242755
0.834730368354631
0.705076877981412
0.462325693817386
0.932090234834906
0.85955361159602
0.88975272464075
0.891471913788652
0.875953093318583
0.84447822502499
0.641415553686122
0.800892741461677
0.898546789557713
0.815242624852286
0.978401291198613
0.886920683998919
0.822544794089963
0.913750613752746
0.227774079008963
0.771528455015473
0.968986727310023
0.150813489083177
0.895944464480983
0.703227001879827
0.897668848054028
0.878114577465479
0.46540350427659
0.801960848798471
0.942034863004371
0.69266400413014
0.474974330360169
0.733348746876321
0.82470535493292
0.792454356657573
0.797612844569684
0.837574057281774
0.808001524280019
0.81598289798153
0.805697503629434
0.705000871702081
0.703894429663585
0.773667846974508
0.619469445650233
0.783562984618228
0.803839510155926
0.847962816184446
0.546502481789608
0.676301389349706
0.873336950887231
0.976655264857615
0.812552314208548
0.799399650600407
0.748019247412877
0.866677043211159
0.828424741882502
0.75290244037471
0.800317380734755
0.820398097595448
0.831269134525096
0.829263225900143
0.766784398429084
0.80696641490757
0.725355620468224
0.830460926334215
0.779729753279192
0.60194893314161
0.817197925863526
0.875759813242707
0.660454901221646
0.882684750269617
0.787889525185202
0.776115879801459
0.777811167738312
0.765379204871762
0.770911402075209
0.761947953828196
0.775384029525299
0.781265484775523
0.779860743340255
0.796386910160254
0.777636189862323
0.779884961418676
0.781950737468856
0.778680987043992
0.765955665232758
0.760988286161581
0.741063431562297
0.747974432174957
0.710626841188507
0.84184018750131
0.797902278996002
0.820807406790482
0.855704250227887
0.865165527476437
0.872745522268124
0.869651088510641
0.871571326595998
0.87259025162224
0.87425042046637
0.870126422996566
0.881879290497177
0.88244129355208
0.882790954546054
0.883105742098656
0.880318178663286
0.879361051280561
0.879901595863245
0.877712858012989
0.872648847625775
0.869678415964559
0.885520735419834
0.963313864193927
0.640778918779636
0.849405522462354
0.81690569852879
0.867660895545641
0.6213718557101
0.947737531519313
0.862680012521249
0.70453125485178
0.661610264696861
0.755290746842279
0.670682550381079
0.496415658095805
0.910005828683693
0.76877495790191
0.724788810546022
0.829912581585701
0.773222467269178
0.684207567446588
0.639915686337142
0.64911551757731
0.931065797493292
0.744789000000529
0.649307278683801
0.784136458589575
0.645865849768975
0.889275842155351
0.936856792671772
0.978576832528388
0.889224993512427
0.932797724007467
0.536404962332966
0.979517299766963
0.833436377776744
0.821209443668551
0.818630658353909
0.791100364353663
0.778047968863247
0.761563853642328
0.798470862160048
0.823964800509032
0.805826072197014
0.837350939495179
0.735285655022119
0.697798696134663
0.755137409543859
0.684302284699431
0.864589306959868
0.797128089370159
0.415482700569762
0.585723495412368
0.733756783342171
0.806042922646942
0.75916053190705
0.711043099853665
0.839485294315293
0.842795701654851
0.767703920817936
0.794102833474968
0.879796662914422
0.804704729077482
0.709836758155864
0.901055168317284
0.774144285260417
0.630460300743505
0.981478859320605
0.58061834587741
0.737185632205249
0.776805992379098
0.780227933132908
0.85123549562447
0.898084503895969
0.796222342408239
0.88473644607925
0.836209114372149
0.772164710631069
0.848961802344065
0.935136216380962
0.884697842968868
0.785411284823169
0.803469955978296
0.817120529942142
0.274039413758429
0.90873087770017
0.825527518178526
0.789539047750652
0.818753460484391
0.75902714164411
0.802534852264013
0.895616410144069
0.607416038931129
0.843255854260793
0.819927092527694
0.30953795911553
0.583255944342774
0.601512420155616
0.953795595634623
0.330525853217188
0.908248445247308
0.908391680958015
0.960229918827118
0.81837069657872
0.788172559149322
0.799272040723344
0.905000969008411
0.747911164802966
0.886839284378613
0.530467386732452
0.989493985223605
0.551560559818212
0.935319619557555
0.788976463852138
0.765672488158394
0.804354602599382
0.803180926411766
0.805831970420811
0.649821489302538
0.727175321761872
0.87799070356805
0.731582307679701
0.875393403000319
0.895677648247013
0.759454383606113
0.750703574388633
0.7875132436575
0.796741549124899
0.791883313512722
0.795637256630871
0.798120680807764
0.799993855091335
0.79596067355016
0.798598782806956
0.799803718541256
0.799761296133664
0.800069622663089
0.797439858845212
0.797487402888237
0.793314917113366
0.785905491826758
0.79161682787131
0.835632614160011
0.769166327850812
0.514640879659598
0.793106209871188
0.666400919085955
0.761136603833598
0.427586373555815
0.858832149698361
0.847760432220878
0.794575450187189
0.816885948112213
0.361011798650669
0.753494804639559
0.881905849395315
0.759394479937878
0.906486619648696
0.576921781957737
0.636207550219031
0.906270654892039
0.577151594174923
0.688184609814622
0.732949070028998
0.842795901835937
0.607358907357835
0.693799486733047
0.639380999585066
0.713653370905091
0.808683496566231
0.809502837356898
0.559545571170693
0.786372531820589
0.612674470616352
0.931517851656876
0.864380950295277
0.722305173370751
0.713645852453563
0.722803615892721
0.528482989157768
0.574956994445125
0.968315279114493
0.944884660670216
0.534899888603083
0.755731954578034
0.878850494055067
0.776118630206961
0.901083379364709
0.817245419408212
0.665456866471139
0.789287174586995
0.751902738506631
0.703180889841335
0.509723332669497
0.810242088766692
0.822830814852092
0.796859314217193
0.957992853689606
0.920020595435483
0.949953544604827
0.883551771520478
0.644731504873745
0.739179586050767
0.757876917910819
0.801805813516
0.618598830640937
0.860595368548875
0.696017036483167
0.937421878348229
0.755978308063713
0.652990257242641
0.701943118288826
0.731554787961402
0.735853788207739
0.777934335648442
0.785224628222259
0.785066488221318
0.830192607493678
0.158440285966152
0.715507072560891
0.626690058357717
0.740723496650285
0.936197439118309
0.751248003075007
0.566040331617542
0.794269142315006
0.765138475753343
0.831450541254578
0.884684271673327
0.80236494851385
0.929819848850224
0.777977861056435
0.769401215426627
0.711781021761783
0.914383766790464
0.943097493610602
0.893688828317517
0.873569672401993
0.619121265675455
0.868645289893994
0.645055331549017
0.885321074184553
0.640475592100451
0.69903019940994
0.673967487845957
0.772039981341605
0.813952388865878
0.896575755799051
0.845267983758674
0.756566045664196
0.798439603774007
0.8993396149141
0.538961723172309
0.893984868401647
0.985172766240835
0.830969757708744
0.772091374995015
0.746261208693668
0.807886982787377
0.777113584022283
0.899673009788986
0.760554257846573
0.981598740390041
0.755045661465189
0.924291899593244
0.628191849462489
0.794305105927307
0.819460082342113
0.686624966139352
0.816793633033607
0.838557059752718
0.826094581151886
0.802774303221763
0.645960073315937
0.799247688522044
0.629454458091911
0.738558787283024
0.770472837166864
0.927369988363153
0.721917903770217
0.920096345309242
0.869357283570263
0.862557775916823
0.793744538461083
0.599803930973944
0.875508585595775
0.82069741272348
0.728377621410246
0.95246215281082
0.823824286751646
0.792470919203444
0.800594271656475
0.60809235706886
0.673859983079149
0.743159663289481
0.358225829879839
0.95036229572712
0.734223302150049
0.929211777197388
0.648225248870156
0.866623021070481
0.797402559441784
0.916968360813033
0.488487872517032
0.816172695436672
0.839924084698919
0.712280686238461
0.928130897017751
0.922829260073468
0.637416040020053
0.559049036577907
0.957753957881206
0.816663742556279
0.869967712478058
0.878093547354712
0.839574575796144
0.502477319089875
0.734351014137117
0.805675356703521
0.778696343214637
0.880701580203335
0.850463279787537
0.708334793777034
0.784304875280015
0.917410127662168
0.650136087208695
0.999472109880479
0.875006824855371
0.638710411623339
0.664317322561498
0.711596666115875
0.822389924330856
0.703464027125685
0.650901714827729
0.852476152512611
0.927513276832823
0.832143321112217
0.562311642445988
0.856156577927626
0.43866957132956
0.499886302081855
0.703112977053135
0.710434948487958
0.467461118429295
0.874333094400872
0.648382632472942
0.749074127468025
0.613111322763093
0.750673028423814
0.768751281392822
0.728013383779708
0.86158490895258
0.769349111205012
0.467615920912693
0.427083959567236
0.53130888470511
0.635484572373603
0.622920406222675
0.852171574646516
0.764301914627511
0.60228555945454
0.89200831593325
0.476284549058445
0.968878117620911
0.708139306148199
0.366233045865654
0.857374017285305
0.864637024256184
0.716251887467684
0.903816990668771
0.611791783816533
0.642460210405744
0.82053473511419
0.59034951822391
0.795550289781429
0.676497777888496
0.844575097074426
0.655570081212322
0.912470941241697
0.644046799638521
0.46041567229717
0.63425584709634
0.95856401753114
0.729001447589554
0.681969004021527
0.18121149672655
0.923287601979183
0.7446398829787
0.891537532399404
0.830840556125273
0.836284201066457
0.818218533696241
0.798794003015837
0.822842911607224
0.730114984184427
0.80227614545103
0.760937066441809
0.885749935889079
0.828240261076873
0.96751246381589
0.539862249874726
0.0700812467083266
0.708595810251912
0.787057664108089
0.733340490621697
0.973863388133229
0.714080337207836
0.937361665796837
0.799091916818441
0.778907959341451
0.830675181867807
0.863255730431477
0.673456081722166
0.627867095930005
0.642102964344872
0.93439534512571
0.825660130300598
0.85724929204615
0.957787417593383
0.679956547849872
0.788189495066892
0.763586906470776
0.800590994379236
0.81606485852344
0.810768184577369
0.733022094901778
0.757686113341692
0.780259214232689
0.609762714215858
0.933304739095809
0.976087011302297
0.685132701243967
0.797727008230211
0.588796966423484
0.762751471809455
0.941437552304124
0.878769177046275
0.724652552516337
0.665245201869314
0.716740062704128
0.958397402438943
0.692861414871575
0.758137461796207
0.848398557023144
0.804111346033475
0.915645236651593
0.631160709837394
0.967600669177034
0.62306164380723
0.911489395935124
0.999516769646561
0.977162950882399
0.664824075507999
0.990996598285571
0.83511946289498
0.798714416842811
0.926106453376497
0.676394321153759
0.898587504341284
0.685324114767406
0.904670221881817
0.886746391062808
0.788858018715375
0.681936332219632
0.670736864153021
0.749812170850236
0.750838182451081
0.76755522897135
0.579256988012042
0.996472710830951
0.81952037078691
0.532820911371136
0.966167839476529
0.607111814065122
0.888179068528219
0.495000679619259
0.761934697783955
0.810943164355616
0.60908886370791
0.907940264287423
0.642468110060526
0.743793742528666
0.876381507632938
0.569614037649943
0.989040016311076
0.747088293940433
0.61263442351578
0.83388228039756
0.880624723059281
0.844427290437186
0.885343968563626
0.917358959170372
0.883343520104755
0.783273585610771
0.800055973319726
0.799793943588251
0.79144586023002
0.765741361456754
0.757305681470085
0.722824414072593
0.858056899357531
0.529374883025268
0.580345061446431
0.849054534848778
0.779068766706118
0.667832210668659
0.627184074475996
0.738338677804243
0.907696672821896
0.750553819579743
0.976260563094113
0.855671310041441
0.733886559521483
0.526645459517007
0.862279078781707
0.984363483391572
0.996937238800029
0.56448011852918
0.991168613495581
0.762807689906863
0.850096884351428
0.680060531797795
0.819882985580267
0.750448842799891
0.649680332499809
0.882891015114452
0.948521355614383
0.837593006492213
0.85220637490448
0.80467307610067
0.823761320949515
0.868583990296707
0.71037454866078
0.828244018120331
0.751183015458107
0.820766652247384
0.766426290177906
0.784291933601836
0.766462579305405
0.825464612929167
0.777279207807706
0.828341708577327
0.788677880931348
0.788641464664288
0.792832292241575
0.789106971913886
0.851143440315363
0.818934209353599
0.79594733983985
0.73919644736444
0.886716009493028
0.640524097575546
0.792781058055535
0.954609526146401
0.866243482436907
0.82536456432773
0.867794591669576
0.968536826788319
0.732934478218259
0.599541409051176
0.831851856240063
0.594833142503172
0.927425116120229
0.892881167393929
0.90103656528992
0.860389532063532
0.807071181464563
0.645682046459791
0.902091787808619
0.782520082752744
0.75567778837821
0.994538803836402
0.976759049840959
0.903578173070837
0.873048613117013
0.895714758181272
0.719607335876607
0.965279109014394
0.828408255884883
0.881866696167449
0.947075821677914
0.666898997155256
0.773145535823093
0.680045825477182
0.689886009091348
0.832475726467377
0.856346670152523
0.813851546032806
0.597083337415294
0.769853221292567
0.705641520830705
0.685013757370588
0.882120364598032
0.839231382311622
0.781517774186686
0.783070132637278
0.77392833515025
0.774034021023862
0.789357955543991
0.802327000439389
0.707269057411344
0.846919271709081
0.936085764382559
0.727228414288043
0.92366422691966
0.673339232743815
0.774610987695825
0.898387723886733
0.827599501342636
0.709535497644356
0.779496724905329
0.868375895393165
0.862814327474928
0.865445345851009
0.870201531378249
0.880191692047872
0.870682315820993
0.860471353328976
0.970740240371468
0.563436053585571
0.776568637835082
0.848762238238574
0.590996840508623
0.658154452809585
0.685338999987474
0.941603463280932
0.805013047740336
0.758601062949037
0.617828873711676
0.916895068541094
0.769156891363883
0.80190332971784
0.829286914039681
0.787936834463403
0.869800487022858
0.767200040280225
0.804975585465303
0.732660122132411
0.657346549526109
0.701833931438023
0.492751411715457
0.866307841505792
0.730819163516655
0.613363558438286
0.794924580834182
0.833574523607635
0.977488881447896
0.705699092908242
0.764640061297657
0.70012782126518
0.907883022961977
0.90661597697364
0.759234288929357
0.792491794634867
0.985657324688766
0.842931893191913
0.662337161708503
0.696525220464565
0.950930127781628
0.935729023330328
0.675077342634088
0.91794885307283
0.753248454199277
0.676077102712026
0.796449900709342
0.72010776573504
0.832658817299343
0.789131091702911
0.792308771300155
0.542393026819104
0.94036823789952
0.876752603002107
0.773883051377245
0.840442101455909
0.640488264516195
0.786596118789566
0.723403876517234
0.697467092145541
0.807331576392995
0.922316856043951
0.590094206302568
0.795849622708301
0.798104472712968
0.869105655503501
0.939547408297806
0.737132273070566
0.795424552268188
0.897971355546805
0.641403122899694
0.835290858024967
0.852981028356346
0.670023427115704
0.683926585112209
0.878244876023577
0.849758807483166
0.649098249853886
0.930139116591053
0.675189559027465
0.73376962475979
0.837031212457855
0.536414357463533
0.729807829468396
0.792373735093739
0.777096665022121
0.773029097598094
0.832661781990495
0.861767865445776
0.439149103825741
0.843551525248764
0.778271899999242
0.782643121216651
0.83682691252116
0.778562958264166
0.769576898895344
0.79738694402208
0.795494010408163
0.820537442547526
0.877571498482425
0.936640369244238
0.785696118840518
0.655749159879324
0.679322074479634
0.849502365961111
0.900628159155806
0.911421782662969
0.649028174612963
0.744108291046224
0.71408509305527
0.680136376399724
0.735799176794085
0.673154578002566
0.82502742477533
0.636299705845712
0.865633669513233
0.767979330717395
0.784588086702899
0.716406277761496
0.794270152953819
0.979463130802389
0.763418353813955
0.751662859707159
0.97069542095138
0.674014845343388
0.621096199206343
0.729840865030928
0.541397928322746
0.749623456283509
0.831283166891134
0.751964128027916
0.751293673264945
0.868213842391843
0.909129558532944
0.935871999895809
0.746038642261927
0.813002724177596
0.71173026542005
0.554195111688799
0.783956602786898
0.905020688760425
0.721320476599652
0.700310345707167
0.925718588954859
0.984634874651324
0.844089310939918
0.715260199529748
0.736309713215845
0.895222621475415
0.860721201694761
0.633816835799944
0.757144980362778
0.663614835030726
0.823152849119948
0.789232300909793
0.770727377180012
0.77954564408546
0.751363327351798
0.889040306507134
0.967463454253052
0.665536717595737
0.661893063646712
0.920844999444748
0.833690060093619
0.860567363619421
0.857456230201478
0.856099371129002
0.867408811094289
0.742046976811077
0.860205003471252
0.88322654944261
0.816544330627878
0.820890086742623
0.824142717012139
0.794499712875894
0.771649804416538
0.805045277781821
0.814736150178748
0.987218047225622
0.599903904760984
0.938510538455138
0.637376651913575
0.914497033060987
0.929884836185659
0.857855683966354
0.836416974449315
0.591705848790805
0.9816496501102
0.917352548883454
0.794021917127541
0.684209463882686
0.551782665060367
0.84500677927941
0.908891396495645
0.782337159147287
0.714089032943312
0.798071572403781
0.845050009997075
0.951808637329327
0.868685637704292
0.781017868867155
0.926252489486438
0.949017360831213
0.769149330620655
0.578347314617676
0.590324587851936
0.581017789758886
0.710296466463996
0.778649205433028
0.746462988065157
0.828190477031312
0.858511435783315
0.840780670300815
0.832921085037493
0.854284765746069
0.896257311744435
0.884585821786055
0.905627120917591
0.400592215745745
0.703077755465437
0.804802555790176
0.813819046997274
0.589397695830405
0.752352232086632
0.861751904103118
0.795489931250455
0.768341467603977
0.415488149940243
0.719863780905002
0.945092888957236
0.79619302176233
0.770334510859793
0.724623827425025
0.692463612632112
0.497399039050363
0.756128913932709
0.793446161991902
0.822523604396404
0.840234691664248
0.613778080927279
0.755737675723591
0.94502250186535
0.888518249985385
0.743938661785619
0.904135967008858
0.977049377100227
0.75870819294346
0.886980523567133
0.597826964655136
0.688327052176876
0.747315931418488
0.742416375018077
0.913061947279157
0.540202062945101
0.676624125384904
0.808803430955376
0.770950779070223
0.836923883909467
0.645954625841437
0.715346615164079
0.786124410608619
0.601022750496817
0.787734630357188
0.725778567046423
0.946920209996063
0.864249820341574
0.891354281846702
0.796700496248565
0.984363000783768
0.868621539446866
0.794233061621106
0.93455601585552
0.56171032816755
0.756607875659631
0.827405293818028
0.753258210866415
0.802155582414099
0.644900650678891
0.887737442089233
0.805063104677157
0.927428153049077
0.621844777541259
0.926008415819042
0.661951070049169
0.293240223190335
0.796961006379173
0.884356015155983
0.802299580679181
0.678370663587827
0.973580539083079
0.973921829939175
0.712003617859261
0.878484032571738
0.601566884125106
0.727305500037807
0.687698438330934
0.247418435002418
0.769783426786499
0.779343725042401
0.652202579010251
0.811236265411686
0.87162034859027
0.758444366976667
0.834540702780502
0.765773406199795
0.864398276028928
0.854643694011144
0.981957312171981
0.680148852409327
0.876907405994958
0.687762695919553
0.560567799357575
0.881006639394073
0.902442983145341
0.936434582918497
0.750902084086033
0.931300406991552
0.719695550676626
0.742444566605926
0.822227210615401
0.667970311430392
0.80679825779189
0.715112662864037
0.926666571592729
0.762165342999391
0.852889789124729
0.739104987961564
0.708993857372179
0.783337814502385
0.743298629589788
0.716252514236584
0.502777765164346
0.99980084653899
0.973361181344721
0.976760946139569
0.537828951373655
0.838386990719097
0.718372458689701
0.719567072395307
0.861862720236853
0.455620736828718
0.987260952768582
0.848801453464727
0.868461079069514
0.905273862057407
0.798271834466706
0.754900588714587
0.95678257576146
0.63818054855161
0.657001268985098
0.912909602242857
0.605183072751932
0.661780845273279
0.61978233730012
0.83726878087791
0.622512994929062
0.97058848615802
0.786106916273462
0.843331378417679
0.566867698684401
0.912029318901651
0.758746577951793
0.997236308098479
0.60155293199146
0.825874159167516
0.758518903260578
0.822288943987503
0.837225992365663
0.747615680567239
0.812575142150327
0.750393751817726
0.790118991575057
0.922035025468279
0.92928485422679
0.886706580681078
0.794006585459332
0.513785287727049
0.846256610204486
0.763877662947518
0.80680494192873
0.817494158596421
0.572549245358737
0.543027077173484
0.908439522616549
0.590885191663268
0.790671086857623
0.329226144150227
0.865965283536264
0.669313036040086
0.89930560270451
0.949368401739533
0.837955561117805
0.665779666311052
0.280924135916936
0.723504799040344
0.714554133840551
0.652654010351983
0.83274606133581
0.797644838430756
0.777276865490779
0.739370048797865
0.78908990141274
0.803937697963201
0.832915267128818
0.754828783939906
0.781453410847579
0.782271643886295
0.817507311740656
0.670815490943717
0.892333706852617
0.817392358044716
0.307014996091367
0.885235769522627
0.630779020949372
0.63915839726479
0.725630019419624
0.729087860573317
0.777484496820446
0.859258968562398
0.662779593410237
0.808325411534574
0.77692071220782
0.801485988729553
0.805226903268603
0.869645769346816
0.909910854839957
0.838209472404314
0.796307032804331
0.764051213941764
0.797915609060529
0.804979333870022
0.813308086491407
0.797643619407911
0.773619590068554
0.799066530052739
0.793689213197659
0.877132592989239
0.814152749247959
0.761783964852746
0.741054482400244
0.71245936255845
0.763862622365448
0.726274260405002
0.752769136087371
0.681690721603139
0.778377303524081
0.621173662607143
0.912192814463701
0.958545224966714
0.980824406946418
0.817822187814354
0.460192959009489
0.907045047575917
0.590976752856028
0.737356267291184
0.927410111814573
0.703196651700065
0.85818417325173
0.794013981841009
0.964749460559982
0.941321485793988
0.786845513349563
0.722072004261876
0.857946549199684
0.729306900554504
0.908563041104752
0.760403098194076
0.680847152375545
0.604559760028927
0.780367936544333
0.883935160545377
0.701897278203662
0.784309775402773
0.809086547533172
0.711680829965989
0.736314993442883
0.58981309001048
0.6746536243695
0.764306160244719
0.917903928394077
0.812970283543862
0.68876813266254
0.46145323561494
0.781535508907284
0.734006323331729
0.656234776727332
0.542398956995135
0.426824074292985
0.743390431392306
0.700080918429413
0.605884531067753
0.925768673439451
0.844012737809197
0.493566369479838
0.686293819487685
0.749936891654159
0.639054740796393
0.245187649482783
0.664970619438252
0.459589178362662
0.283965651045928
0.924747015174411
0.815268214913923
0.85669214104331
0.990278397433801
0.819959125792545
0.71405341158366
0.92827859719303
0.587494541110488
0.830420747365102
0.719363498908125
0.793195180308566
0.791247453840347
0.879880179614085
0.824450997974721
0.947287822420734
0.775163144662436
0.682864352979976
0.843596311813814
0.622346921772663
0.512028536358279
0.943113255971343
0.591809049664695
0.874749753976005
0.73595071280097
0.804922776926101
0.761403713457729
0.648449722177845
0.673519141419733
0.768856255589459
0.882118114469933
0.790764401908243
0.870477725550965
0.91607391820681
0.913926403314785
0.635260594940314
0.979155344618475
0.929419199003893
0.851702664479533
0.739797989539721
0.88357948524865
0.800683698369149
0.792316285197692
0.770896544476721
0.781169545639932
0.682029350010932
0.77085723521815
0.787232159135953
0.682747177584864
0.795808045018775
0.858268129597421
0.831527415268136
0.848817214051041
0.866400033944071
0.826346119746478
0.811445484496939
0.873549910666397
0.848877964936832
0.807379275048389
0.607461383372495
0.869703210205713
0.899029292592244
0.642424394679355
0.735340922293857
0.457181198228851
0.884616649457359
0.829803913919053
0.965504043787658
0.656355593179703
0.59704690690218
0.584536567786377
0.373491698950945
0.521247208231107
0.531129581705795
0.986383497218305
0.850996345699386
0.840079390437306
0.833476571331235
0.820644884555919
0.836883893070135
0.916123160851309
0.539215611468227
0.926874237231778
0.914498193554798
0.963654847018512
0.768791974875662
0.843214203575681
0.801304622341458
0.89554715140229
0.904960195291652
0.724615743896818
0.731073378286838
0.819317589153985
0.807635081998692
0.86716742054147
0.595740236555303
0.639529596367256
0.742163415228089
0.554255706546414
0.734646700741875
0.846197305786987
0.754883106324258
0.742173303885586
0.676734102810181
0.5746236208472
0.691447753768417
0.764215720518695
0.997266316428883
0.982415822338689
0.839738882018624
0.804510479748043
0.878706092719032
0.72165871663165
0.934721694366599
0.539640834223142
0.580275337404316
0.907122302536871
0.895019430349207
0.768257950911708
0.841024584964159
0.949704881543322
0.843198017873782
0.843702645113169
0.680119170812814
0.747841859713514
0.68402298054715
0.855409230266746
0.446138158607367
0.587023389253018
0.729853673223487
0.688068932213064
0.808389829047837
0.788781130068658
0.639344932804367
0.958296336490985
0.880255202907041
0.758251030230599
0.634938946321274
0.894453849672018
0.908906424854739
0.711914474396884
0.799508948044461
0.828614036527968
0.787745994672978
0.820972340322795
0.693773222570485
0.646333767883253
0.715105988404092
0.611997284838917
0.802169837956905
0.624472141965853
0.772354819622379
0.839133636249189
0.644854196896814
0.664242728132824
0.853786937769907
0.815003966896604
0.92598258294307
0.974915013736459
0.978324267512613
0.797106226925664
0.780655540449794
0.580834067711626
0.67541329061504
0.828172374784084
0.870737589370798
0.911172499247496
0.79772015674689
0.776930209232874
0.720332744220334
0.787221816853781
0.799160285413125
0.702209186590732
0.705754715136134
0.633590384835546
0.680693388945873
0.831552409689315
0.86665554178097
0.790192965642661
0.711472958668664
0.440506314462112
0.839215387240537
0.852740045182375
0.866247069850171
0.558939439813682
0.609418035333505
0.772931499202369
0.809959158311746
0.870776764435651
0.869441442781164
0.80845680208225
0.808881378702931
0.792042533393053
0.833352828600065
0.799047955182813
0.781573060051146
0.82855274575264
0.829644156084402
0.790964356622119
0.701499671887429
0.786283484351956
0.79623522558117
0.78187907562136
0.516656822636146
0.819137700866679
0.737876865691337
0.786138592668691
0.484814011254914
0.770106717699227
0.840483112272538
0.835506790790424
0.779489295642775
0.745326418342682
0.722590935088686
0.741440105348168
0.721291226884698
0.735266709807148
0.673637545736402
0.760392416137952
0.657905223365919
0.676098472245673
0.801720011887192
0.687575231682432
0.977778426052173
0.528686227802627
0.392113474879873
0.537619815031246
0.796476699053598
0.904266732537605
0.755955583242481
0.883064778203362
0.910188826101213
0.890129867903761
0.364813127307116
0.633383418404094
0.863825869797315
0.763162530116124
0.747043085866273
0.910883906682172
0.853264534770989
0.782004255855425
0.768839839400701
0.731599117203311
0.730878476078229
0.701417250872174
0.694991702354314
0.745311879705698
0.834448907306539
0.706917676508585
0.734172585066822
0.857837651529419
0.911769438749333
0.897059078466925
0.680275475224112
0.8178771131655
0.734655469599806
0.903454484425218
0.962788296827479
0.798092693319329
0.793884384924099
0.994270707333463
0.64975777500581
0.991805091187002
0.953199307502424
0.660559648055738
0.585142045125298
0.63183747013051
0.539168327513366
0.5472186240779
0.702353702702
0.82877257669793
0.737231843637524
0.775457038606094
0.761584834122587
0.757874614745757
0.745980380358761
0.792451760212192
0.835138438370121
0.771456323661257
0.896036064909402
0.717663087229479
0.798708083080495
0.776489115215785
0.903165725337748
0.869178907354521
0.639051622878185
0.875576859284957
0.792979571347504
0.926762236827531
0.832138243380662
0.941457485855339
0.898668823480026
0.732051166725645
0.917586235331346
0.702596345822985
0.768270799224953
0.610448816905102
0.833159620315341
0.800915213973678
0.832529322478142
0.623417261774986
0.800537288534018
0.799859418096179
0.798451366704434
0.511303159076876
0.77466597075503
0.845536216487363
0.609897489867454
0.622133649544395
0.851040591032485
0.948363613562774
0.667568463783915
0.657955760347426
0.989997078637765
0.925737883401365
0.657414290551921
0.949925818382161
0.86972764246132
0.955779546437943
0.807611137608691
0.849080925196768
0.671679855788537
0.84797887043392
0.760084663385548
0.62858407940431
0.775489694325848
0.93685802131969
0.721558006229852
0.617867718472664
0.645101035435497
0.921168421581376
0.807248466389529
0.82742273410735
0.788160435448751
0.689608359259575
0.790993488471142
0.908351725101617
0.855039009385412
0.991487226729447
0.821485025747242
0.818502383726948
0.833999745622077
0.900946382034408
0.743219466191272
0.836256618639224
0.94095283755994
0.717617396208079
0.730240791787436
0.791312083599984
0.748656388407649
0.724334135760906
0.95173418228308
0.786190212246482
0.780919407908839
0.815039652751317
0.844092548984837
0.830558091236851
0.828611578310085
0.803178700836818
0.730146540947675
0.790178151887228
0.706769260413876
0.874711319744856
0.567601803525601
0.528728131675961
0.810397291893467
0.731528844940021
0.832305158337768
0.755095571602833
0.742849284319767
0.978477610805394
0.625782872499915
0.771929088111574
0.880764361056848
0.821367931320889
0.603196999216842
0.748825071370531
0.96014675956207
0.736204589559055
0.751311690401002
0.719230311265396
0.704998780415769
0.762071450608452
0.951969897581341
0.506923858423429
0.106700636651958
0.631502249957708
0.812790450908649
0.963485502412912
0.819190533319536
0.852888803790912
0.757237028196643
0.78720306829082
0.776432034057491
0.786616137953396
0.878687344654257
0.129762078866338
0.973131335447674
0.665283831006052
0.956986214500066
0.92006887963082
0.839701077118213
0.849789485047798
0.740191689543039
0.905990691687554
0.887938320583387
0.969622382506928
0.77260636234944
0.798474361304332
0.834733867259274
0.718180200361904
0.935667833879233
0.760133024875683
0.763003072511373
0.702162476472036
0.912003661116009
0.836065020495093
0.978201620496609
0.923872788333924
0.941857338574812
0.867038266127565
0.645400205741937
0.698687403594987
0.683058220775752
0.863077201740327
0.749950669658623
0.995654676381976
0.902887515454031
0.80276027151253
0.863841458398235
0.998375407516078
0.983987914276551
0.84309555696723
0.971130691147563
0.750044946522845
0.807010830172568
0.794698240548836
0.891835431352844
0.784906881518491
0.693695113216492
0.840350355252211
0.737007460445131
0.736796244151241
0.72521720105783
0.707022060039861
0.71518394983511
0.719740758278626
0.752944700596715
0.723210035514704
0.928009884608262
0.878917311573832
0.761433607284601
0.805768910348606
0.520710293322334
0.825808429916794
0.715179982653975
0.8337530283649
0.892204884062952
0.772884881813534
0.422698907226986
0.96585139259359
0.746702041158953
0.611940482482816
0.813736493032169
0.830984537466526
0.913995602563748
0.795747661385981
0.79443146488207
0.774054196413936
0.800370778376288
0.80202915130833
0.816153454812759
0.797096533660357
0.846119474910898
0.84123698966428
0.862403457600857
0.908602351801081
0.833449561563208
0.71709080546074
0.774725129742684
0.623766028893758
0.803600406367338
0.784377869513633
0.874768138062324
0.772442619379775
0.687118391173446
0.758960731171493
0.953658172785303
0.821430363483582
0.660045243411829
0.717316174804219
0.42764388159555
0.881661244051348
0.929780565396733
0.884684329366055
0.85583497441092
0.714819603244034
0.48838785225657
0.770067424835566
0.163602437909278
0.846093266137737
0.822947167754829
0.66105025499808
0.63441395340136
0.912639956484499
0.904505330790408
0.815441396733846
0.879359175790156
0.840408458028495
0.946808870211316
0.789799207489351
0.792692014059866
0.968131356010123
0.695334897847933
0.731462987025231
0.864668123250629
0.834415936286511
0.600758442214183
0.641161203296507
0.497714032307926
0.706608521436154
0.843002973396715
0.938178169570969
0.842786241088842
0.801358413284977
0.752476903738052
0.853035319368055
0.530221657251143
0.691962441397462
0.457442439004807
0.496544710851372
0.986574090793804
0.22016567122405
0.651450138053493
0.876470295491802
0.849028267584685
0.860039684758861
0.850330869490812
0.741365309223618
0.698391885756844
0.648371320662787
0.852696754942258
0.701504271073549
0.835487795490414
0.915085237486657
0.998491594091699
0.694674348809178
0.579788124318418
0.702265540569127
0.940466151333767
0.805520941255553
0.975414339921769
0.284413919409484
0.680950740433701
0.90310361713239
0.801024674023253
