0.903449279935437
0.942466966977329
0.792999729932319
0.712778315344536
0.868064364506922
0.795893454171524
0.795052814807542
0.777186342352126
0.865338922258096
0.948310986669414
0.502023212991545
0.431097727172744
0.903427724684182
0.839185587199433
0.781468867778253
0.754075494610815
0.7362342050317
0.761827899774303
0.900836346623116
0.825921611449158
0.823849776928428
0.801460589135367
0.905741635028134
0.923475202813805
0.770590938730682
0.737691261414155
0.871871334467492
0.858341263281969
0.68612907372312
0.862188050087506
0.699469463441954
0.998693990821873
0.712054023876319
0.872533558297633
0.826019510172373
0.527877561055847
0.857589102128114
0.784201081388605
0.814341538377272
0.707724453139163
0.692987687088392
0.804636790363576
0.840169184511359
0.966752529374553
0.697293695300427
0.913339154657448
0.819461997549055
0.865799044979968
0.960702608587825
0.766036888884403
0.779110765304056
0.892959162420289
0.830457367219661
0.617063459655299
0.757988219319148
0.801505508599477
0.72402450153241
0.694053560371138
0.931751230220777
0.811575208684085
0.594282089289985
0.760052848523826
0.997390801011684
0.733739928146153
0.654639939818602
0.852422101706149
0.763765103408494
0.89574367267977
0.914224974839296
0.502205495775984
0.978010026347327
0.886250253865047
0.746378872275367
0.874530097298017
0.781650472885711
0.784257552220556
0.621742796452355
0.562510907113513
0.846484457245862
0.611616347679236
0.920683008281301
0.837469128314791
0.875272934446311
0.759333035537749
0.837040735421788
0.957915720852764
0.982052816914617
0.700481822205023
0.912659499293509
0.748887886336875
0.756963315226917
0.55308535656066
0.806368417515869
0.882759221105502
0.634669561602542
0.841473999360055
0.842566857143797
0.892887221519493
0.738797810116854
0.926416981347361
0.847728935197367
0.733716350157723
0.969038217528518
0.90987988860403
0.793268395054475
0.526947084435425
0.871911138124621
0.737756694812102
0.794013112607481
0.765230301797945
0.848745445585058
0.78475161778202
0.770000949277415
0.939871899877883
0.872653713382587
0.549682047950493
0.970561608012888
0.854939846317911
0.836680496643822
0.757111719627482
0.723735999149533
0.733258588927822
0.858808610479608
0.903128042705821
0.636313096050012
0.971658884590615
0.769299181838141
0.998672160066445
0.961750197911087
0.836123872421769
0.795582638155164
0.636909256371681
0.651219510151561
0.795626636341406
0.897056817481271
0.998701669780125
0.923349455621278
0.756439743193292
0.894649375149497
0.379319987718208
0.746090046447613
0.624968575173726
0.617819433737434
0.5956253546193
0.960273713983502
0.903165357856172
0.646748940275859
0.96608451063342
0.879851461497693
0.853497167126283
0.801496162481552
0.355292447347342
0.954693279342148
0.812316580889525
0.961557417111219
0.977888118579443
0.784356945477621
0.706627509259491
0.736778692951562
0.819470372860657
0.883215086422326
0.779678385844011
0.788933522118364
0.843074854756003
0.879800941716647
0.710993492563459
0.613104365814575
0.925847131424038
0.970989248301914
0.824489911558498
0.791513687119183
0.831058134782551
0.852096188116451
0.856177664928635
0.8438158948786
0.822026606345832
0.753715980580914
0.816903572986751
0.764353643370688
0.812118301981216
0.769931436236481
0.822531417340281
0.890907731630324
0.770874257808495
0.656496323502038
0.674427759477175
0.773640669624523
0.633698115068409
0.826005919699882
0.848676154966233
0.833595260399342
0.816275069900823
0.943534158053396
0.859040699967114
0.798966554921499
0.892713809738694
0.894446653457394
0.773306422827338
0.931930756655796
0.480902989005343
0.782203659363378
0.984415542256041
0.745398852801339
0.802412661163649
0.86442303497707
0.80577848203739
0.646495083686058
0.905871523319926
0.719584871009251
0.673742057433955
0.893179309018079
0.72218280232336
0.984566468468747
0.83892888029564
0.614769620868966
0.633291189333726
0.615190963143879
0.813238931120249
0.929469771938874
0.619645703330303
0.893611847723653
0.727069638687486
0.797085562407228
0.935055390685862
0.816145576454909
0.893884243801506
0.692227569120883
0.928133873341391
0.703464146706812
0.984126862321736
0.765211096879523
0.606447019911827
0.735241221871886
0.78705707244228
0.840416896818146
0.71519819297779
0.755079418362893
0.81260225393779
0.815783041214383
0.706986707059741
0.744184303014662
0.814165226639395
0.918763210415128
0.97033351002681
0.956561295218923
0.715282876350373
0.729665235386125
0.712019270849509
0.476235497564405
0.548601997402791
0.93735763862245
0.701248556093819
0.555606461433306
0.774620028809357
0.878246713875955
0.797913896473295
0.938642578284475
0.787786679711114
0.827589485008329
0.972705652891849
0.824796946197032
0.716504370963081
0.951893384706965
0.762433700578095
0.852868531902216
0.897330337472313
0.81816289013111
0.784614743695898
0.8093023724483
0.828896074826222
0.854745108897405
0.817748536173591
0.769491035652621
0.911138593729817
0.874356517680625
0.750341279896252
0.719678867187413
0.785725205918096
0.725656257595319
0.744008484076026
0.871089561308537
0.94899287801753
0.814636363259039
0.71695766123411
0.952024554371966
0.50535096821397
0.992302773017663
0.758686704757653
0.798723681308202
0.815132849338543
0.493428063389052
0.821206066904488
0.884355817976059
0.806145765726861
0.858099779157442
0.798598758727659
0.876311218665384
0.881819395550344
0.855679360220184
0.976291113318566
0.750932729751366
0.983141098552585
0.862970431963365
0.907031014524927
0.72107179226836
0.747629170151941
0.862842446847626
0.890668210669589
0.391221440110873
0.863865340478438
0.819840229732618
0.890062595982666
0.468908575804261
0.784501325114212
0.947340944980747
0.652358756262228
0.601909827754247
0.698686724649764
0.900031483121801
0.809715357667735
0.848422599931115
0.873329664248292
0.887599850654512
0.884055200537695
0.793335735593323
0.730607015849839
0.82500813683924
0.98371641778457
0.685290260952884
0.568374474173029
0.766742926576786
0.58472921864971
0.791774133783602
0.880758970311516
0.635136762702521
0.83930614716854
0.754670930159387
0.880378371177348
0.908146897513982
0.714239323029144
0.803632579388915
0.837261161000447
0.639301904788149
0.809975245280197
0.932699551145943
0.833414777316782
0.975501922296044
0.940481398432207
0.803546400106121
0.727205030877698
0.710360445689454
0.893839183971284
0.782174208783682
0.725035873431966
0.753200761451167
0.557228774016929
0.496165510777282
0.739343032624771
0.647208314893447
0.846530918351059
0.383046873536952
0.859526218509739
0.661848809576938
0.545749010403929
0.982955297567516
0.916329239704889
0.80759650569846
0.833945902368885
0.873408327638943
0.810656983070158
0.868276395149161
0.879344292017493
0.894778151188658
0.888277462856515
0.876187578487723
0.758606282601677
0.7855628300114
0.74573433097007
0.807209111248029
0.946162841859679
0.697428478538145
0.744791280710626
0.850256706357405
0.890701024128578
0.546559637352356
0.905089283883027
0.752016576480969
0.757934623743455
0.797366358926785
0.808574624302215
0.860261511528179
0.735528247646837
0.748973825057903
0.771314850302887
0.579487214653345
0.945889186609925
0.910431585535152
0.62901079488202
0.830329058560414
0.712111035746976
0.745765234360705
0.933567601535246
0.689925520340829
0.733889061731857
0.80078699018322
0.615211919619833
0.723512206233882
0.578632065935821
0.873699885123398
0.763411959456709
0.883812307955264
0.936844024228744
0.967246376296796
0.882164732504098
0.932908687893045
0.753800709255469
0.832999752106033
0.846413096394381
0.914293687015759
0.837464983298208
0.816071714693895
0.756480203124903
0.83424122801694
0.856181641352779
0.89461897719454
0.842497250754379
0.668898585947053
0.805460831374741
0.771024851317826
0.881798046607113
0.756527128298777
0.91585210482823
0.937865648307133
0.577678191757587
0.514867259124893
0.782940629237527
0.983181407932641
0.770624940018174
0.941580276358332
0.711732831038272
0.958455284327215
0.981386860367381
0.979001065052665
0.672931650155174
0.812822886190626
0.793640055750273
0.942677291103791
0.705254460968893
0.815651656786666
0.693892841901465
0.863813778913528
0.964585290396396
0.940920803176686
0.833721833386726
0.954328828191826
0.985132280767795
0.75060943877395
0.858014390953262
0.791511056287345
0.893235766965809
0.878747751187531
0.670823745409291
0.777419993518909
0.741205296847525
0.805837979773241
0.615747881321746
0.821360043506635
0.910279548653363
0.817400313406516
0.685262850846996
0.834892250565299
0.788044170245491
0.830067158131215
0.506954907951426
0.928508594353517
0.963754529781172
0.799839784416611
0.655168520542658
0.715436710619859
0.76673521599411
0.533492232340126
0.754785657822206
0.88764660737887
0.84870163039977
0.728746243386844
0.776520633806355
0.863193659604029
0.808825808603218
0.887353241537891
0.886997228548692
0.632353055399258
0.738945339076472
0.954515338144121
0.843276248008104
0.82229465688559
0.680100934540042
0.794555044291715
0.893433162766988
0.876182340605576
0.934804133342906
0.95256032418138
0.744863569323876
0.922339346680436
0.438284084780431
0.749363985090414
0.841068284953261
0.658754409778767
0.662811732588115
0.993147852844078
0.768590942977503
0.898213416391201
0.807291918080822
0.815465338826115
0.810890068749897
0.828658798858388
0.977915240322181
0.76725681252696
0.773541359940962
0.933149010251423
0.688730164395072
0.705386597234465
0.993888815125475
0.847330343081052
0.402976594665091
0.859068931810414
0.646743292706443
0.907360559655141
0.777606397747074
0.645116503547331
0.783127681875407
0.984625270417297
0.873215414052943
0.826920998318239
0.87806587678563
0.685307399843168
0.755244292551479
0.701146090960533
0.764409752353454
0.647466144973444
0.294214917970275
0.958976988776698
0.94217478383876
0.835697127768236
0.820707491858382
0.905527094735929
0.791506678975262
0.485491262861885
0.954001702470026
0.841116974341956
0.865560304324127
0.557661716386026
0.903941653838528
0.887774202425567
0.674937581105509
0.757964332693458
0.692667897525061
0.851264828144355
0.651167263439336
0.916396452269434
0.431902878240261
0.753335427916636
0.749457965899689
0.781229464290248
0.571972433830938
0.77790693650417
0.734958791746056
0.919718039879963
0.818830251921317
0.984224909336806
0.79532073373976
0.697100755873056
0.907505130405891
0.872924503807828
0.843090984034408
0.982843842613893
0.673887058172879
0.814032345907304
0.806690300549057
0.716570372107954
0.647029865578036
0.750783024471265
0.885824836371488
0.783725930145817
0.815393405728513
0.805864240191545
0.802722435179789
0.798026262578368
0.791384003829528
0.808993656105424
0.658784834711397
0.635829572787651
0.755593287017002
0.740818120399096
0.712840094310798
0.881168474820501
0.788345828989303
0.787272047454324
0.710884645701994
0.924429876966481
0.828685460245761
0.718769551041253
0.770965638413526
0.694121937862593
0.917479983991607
0.73167651618218
0.875676705639117
0.807061100316838
0.820436762030909
0.814635725308866
0.803648703401465
0.870701254623156
0.780796803150015
0.779653716858709
0.818320465317038
0.797281735836254
0.96175872978668
0.835256976439016
0.8216851260885
0.887052291353954
0.782151157898966
0.637945804819583
0.747839628239908
0.779223082769616
0.781743676655582
0.772111677602383
0.763167827981174
0.768277949353382
0.776629297517109
0.788701693987693
0.782339942614281
0.780264980951528
0.777534934131418
0.781056814560568
0.776341335090273
0.773460973579388
0.751755562561742
0.743529784664472
0.908719794765386
0.667158189473599
0.80250054083761
0.838724603112801
0.822680135636661
0.842959345549961
0.865592970627095
0.86659540921814
0.870028861723616
0.871077639718953
0.873265445911163
0.871054172745298
0.877992686213008
0.878946448588641
0.88142896390152
0.882643147676943
0.879605707467774
0.879979723296798
0.882880382488856
0.880709318160685
0.876356706149966
0.873823508594995
0.869638087393483
0.894979778767101
0.900410573181322
0.758177017875743
0.887589406330538
0.857233901499307
0.781497339558827
0.995803484773992
0.78350776798564
0.866930041737398
0.874704200629161
0.913661163069325
0.813715628881163
0.886163346940323
0.43353029998241
0.819179185212951
0.908132928677987
0.851792157131811
0.84404244993819
0.638190707937205
0.699764301241155
0.658317009603564
0.826279196577192
0.913735508965743
0.796225552470723
0.721757666815816
0.813329523072031
0.963295865729381
0.973574134515732
0.918195381856072
0.953795646017352
0.946749838172366
0.906798100280921
0.982156054090091
0.983668396490604
0.856341368179402
0.716326251873882
0.816776137132189
0.783661841594761
0.781091364119566
0.789731899587171
0.789318572145401
0.846066877661841
0.800853927043108
0.855939028358225
0.673798460678153
0.688289719484465
0.837009749423479
0.630849517498281
0.880332041403298
0.648259955475976
0.824694411017274
0.612148817869826
0.808715849822968
0.86407398685235
0.863511660305783
0.735781828192803
0.81615876385688
0.845973005123823
0.917720448223318
0.82509706933574
0.79541247627475
0.722652295928234
0.962275289296702
0.925624624797491
0.903352728925573
0.628661471118085
0.792338864447279
0.808844064987739
0.560269913298192
0.802358641122452
0.895273603857105
0.982176457975953
0.987815497025202
0.888675916866735
0.720920721967945
0.835482550572269
0.788143387354915
0.771625169376027
0.837289554501172
0.788438433361064
0.853250283078974
0.79757650448552
0.779017905893436
0.832783967989065
0.949614577775542
0.831795690973125
0.749938480718625
0.837288725924422
0.918643069418249
0.91217759981235
0.924092193404131
0.710007431815753
0.914803731152306
0.920583225538792
0.690315873566521
0.537234747779413
0.816703348477693
0.870165440749442
0.725042874696454
0.99974519651494
0.83733973660512
0.796589115565089
0.874175943582939
0.813191298550602
0.884239432463502
0.98370005965811
0.950461562147759
0.902209591699397
0.642516774892057
0.499374781496433
0.757196248689007
0.980645039161475
0.999617417579998
0.945614806537712
0.818927186596826
0.751078936132086
0.810178766601838
0.755190872099168
0.851146843244497
0.798609660017075
0.733050128641468
0.852380321116634
0.863892023721389
0.744673225626444
0.752589383049782
0.772049058621934
0.795164382275626
0.794092989632331
0.800732161298733
0.79827388512225
0.800154653502721
0.799566151343932
0.799078712207061
0.794081521267444
0.805204879673604
0.801553010469067
0.796746827711789
0.795681835633214
0.790636341856627
0.798096115601013
0.792470254567078
0.816999532303433
0.658987985672269
0.700453093500761
0.98816243345017
0.84035483766717
0.81978999639082
0.7309459945445
0.891807457720991
0.818168397804492
0.695653008213362
0.816549616258503
0.772511285762774
0.832985501115194
0.973345925990875
0.62065767036798
0.562838948810311
0.502668222027373
0.981380310685454
0.851375361830211
0.591523161054679
0.86612378976431
0.841074613499239
0.856081018170465
0.88397421201507
0.775292296570996
0.804151627524527
0.943188643169344
0.799823763916115
0.357601865066549
0.901553437759239
0.737035236026591
0.817893246239476
0.695294489774698
0.67980113463991
0.591133781844894
0.841625891943993
0.661151337588563
0.743788295689388
0.959578691157917
0.478504072854536
0.984102222920548
0.644929843118547
0.969486971907784
0.779278272264053
0.838283643447039
0.617602350820189
0.967327498492514
0.936203676157889
0.810164473228787
0.931078075351458
0.746360387354702
0.824780418489299
0.923374092426823
0.842436149960979
0.746506381594133
0.754422046221994
0.573594648698212
0.933647847240105
0.94538279955896
0.688497750009099
0.596102848545573
0.74136262323449
0.690934362729423
0.645913668983288
0.834311829840924
0.695531975217111
0.8132847018199
0.744896575522186
0.643923367429788
0.895140291610249
0.881881265673838
0.661490292721652
0.902892260193355
0.85368274975632
0.704163639652033
0.917933482485383
0.523992758343927
0.952813451139483
0.696465713102212
0.88729219823264
0.866356909009498
0.545467044942612
0.79975783806463
0.709080093546633
0.725047821919725
0.607337155586427
0.72555589919156
0.724591518614033
0.825861655814781
0.74942895397987
0.878907178129956
0.727530211156252
0.162427386319116
0.873302932515747
0.829575894956127
0.675110693614094
0.736169590802449
0.623142451335603
0.932419576276734
0.740963184000222
0.710376601661763
0.657585681040121
0.776122743324068
0.521439732115965
0.909152736332037
0.777475787520445
0.863346614841402
0.851091997051182
0.841990536016064
0.729450751696531
0.600575071197457
0.782232644677447
0.713624194851972
0.832161050405849
0.958973347804456
0.867280686297002
0.793139402649675
0.777682606757055
0.710368302677257
0.867826541871942
0.847091353260988
0.962613458804622
0.96432767782675
0.742454525252881
0.845731157003248
0.763036777734188
0.951237649327137
0.851580690640331
0.847626615289878
0.787459885576365
0.83395891184903
0.92960387007301
0.745945136321396
0.741398073767887
0.882810885772605
0.578088372053724
0.808646773095714
0.805821339421386
0.846098801450015
0.805443538464024
0.805823472847635
0.607260102843524
0.936773810580933
0.86526698195674
0.788197607027562
0.740092294434417
0.877578591650731
0.790704793779195
0.986890188549699
0.755596513791568
0.98535472269802
0.814833924520282
0.955683857444507
0.436204854073274
0.834957579638929
0.972280747420987
0.825675961204361
0.942104898406692
0.81548400377083
0.755437148224088
0.81464877329537
0.515628649424912
0.700833969039318
0.815796746228103
0.833864582585415
0.774571862273315
0.768031835621416
0.814781824583546
0.647768517818744
0.745640768709413
0.787714224161793
0.95898624889694
0.88388063482037
0.887121643074736
0.854117420891981
0.677403062576207
0.818218071097392
0.845427116590838
0.870610470260163
0.839918219249239
0.92630986229413
0.827998168511135
0.957049014148422
0.552100824912229
0.844537060224855
0.74868767546721
0.563048299062185
0.840623357898187
0.796678121115199
0.894946738355857
0.753518565888919
0.690013570866143
0.989807265234784
0.916408906039605
0.729308473379398
0.81486395507085
0.827826618085457
0.777180730909691
0.664427663768224
0.828829342712927
0.908481005299426
0.881584127150706
0.797120206775444
0.714795404046311
0.826369975817459
0.932001072615492
0.722613362878406
0.68700017221132
0.853627558175279
0.970057804466172
0.510083953841049
0.99324404263823
0.728839204489008
0.892165488489204
0.820589108216989
0.968163119635123
0.806018423477131
0.696686085280559
0.944456917036493
0.588424780524787
0.668664357726379
0.740243079136925
0.850776182614721
0.608733623390358
0.970176201765196
0.824422755820836
0.81868905762045
0.961706574851166
0.737490661458536
0.865769138513147
0.862046238094327
0.734882126107314
0.86617578128364
0.69076222027915
0.97317844096931
0.550963740883606
0.733070946900462
0.909642502401523
0.797596703886929
0.867978363357982
0.772835375120696
0.835758976472571
0.696280500585257
0.721119038512596
0.819833115247774
0.825472031132035
0.871546149715097
0.853733193967226
0.88947186957755
0.716012711206308
0.794998158651578
0.783941259272743
0.794531229046541
0.83472889004442
0.736701503436923
0.793492711145629
0.837211295801051
0.691336018517153
0.871824759020254
0.914208525718745
0.743677039816176
0.77444157693385
0.93356810437621
0.931057274817609
0.814502540389805
0.946805523950106
0.798232592046782
0.881155538665997
0.839592906858102
0.863072170172582
0.774583356946145
0.786086037085985
0.900737169855906
0.954299116879223
0.922043627996566
0.909073961566634
0.668305241913047
0.615023758960321
0.786065522290336
0.785261976370682
0.86716920518876
0.921550604359785
0.702148947568623
0.770687726414834
0.547010706645321
0.895262908962895
0.759809873418856
0.61627635919275
0.896478130186141
0.756233672550375
0.715397936516295
0.814280952412623
0.799228080978583
0.749271957563488
0.926869715944488
0.776142679283044
0.89318772887256
0.86090974165817
0.908163587171452
0.633118463526023
0.78000558340587
0.854663482441984
0.745767081090777
0.975175359924656
0.766562522555893
0.901863905905542
0.8669286150071
0.960479820017312
0.74935990737
0.924943716744507
0.734693340402389
0.948194205126519
0.727627756933728
0.866924991858949
0.974857020889088
0.727932021328897
0.923158847930749
0.78505138165256
0.900315823253913
0.980095392397196
0.69769803597902
0.580320978316853
0.917015808649422
0.794765270794733
0.916500504795046
0.797232949259012
0.793008262568187
0.612530137010028
0.775798157879289
0.691217078799212
0.995595371489935
0.749262317123463
0.79032122903824
0.606699311031175
0.888269849818387
0.836830202153444
0.739771450999188
0.857412821578263
0.90061308078805
0.670700347840575
0.78330680684936
0.722842827119535
0.623966516436894
0.410462298826149
0.553430708391115
0.817452269920696
0.928480518904352
0.900196085014616
0.865216443346331
0.911194837918447
0.846371580326751
0.748603285483954
0.763023924335922
0.835026398204069
0.833751315391936
0.73051926309514
0.840823062344467
0.896833985776389
0.925240292491302
0.852833794239861
0.789115670760604
0.933557768345446
0.81522852270343
0.721926145571331
0.967036843804909
0.922539038981093
0.989348028996203
0.929950967859153
0.911867339246585
0.813848354964952
0.726859696921866
0.719031933600995
0.789748707537858
0.878699307969482
0.878117115980932
0.830338255185807
0.786984927554003
0.776251022119789
0.930434117488631
0.802483142428338
0.396636936676199
0.681421857424129
0.656158516260148
0.810297569909499
0.921249854516964
0.881842536419633
0.827536788861617
0.810179106286279
0.801999891085999
0.880764853271017
0.859115604465912
0.84845391762989
0.754312467095382
0.709889014855524
0.746008376932914
0.782170484043866
0.796890404261647
0.792515595518279
0.782246742384331
0.781293778615773
0.781132332786265
0.786082340603999
0.784693844592126
0.825213584871267
0.862435044914678
0.839822831119954
0.7922830985203
0.523061281248609
0.775162281934164
0.900095675957814
0.817360600204137
0.788877912360828
0.741137343201525
0.996452544246953
0.935733960365014
0.374125083215633
0.744716345600974
0.815488163036822
0.98820003617891
0.864840800560634
0.880983600743448
0.948758116040907
0.893863324530015
0.827508333626785
0.864285234021811
0.985387695113375
0.812250513408251
0.867834343632662
0.926205430048554
0.863569189109894
0.930956304882336
0.917919913966441
0.801722680137465
0.63267075607297
0.821930005686672
0.862591807625931
0.751942145643302
0.655637711342218
0.589705991391133
0.878424161208113
0.827277694322296
0.735164911059674
0.595781736518308
0.884877972376695
0.840619390038091
0.697496056415746
0.808276708712338
0.759302778826153
0.935241686879444
0.600671520799018
0.980886189069672
0.737688282016085
0.754984144890363
0.773697279843442
0.808532954537592
0.764732275166371
0.669363165882687
0.668590288446873
0.820297955308759
0.949088484149269
0.857451857396714
0.816647927864041
0.803350186503119
0.957966870374068
0.867678305678721
0.85305275806086
0.952154365071186
0.632366966074351
0.996998900727841
0.840364600207299
0.873531091456469
0.867283906805425
0.877010564025056
0.883387083929929
0.882954372650563
0.877595272108808
0.880137342774109
0.836132634980807
0.87531660095066
0.863582042945886
0.68960585055942
0.578576261203401
0.966741947140632
0.832980736328777
0.719719715253862
0.642144703616012
0.917303749926806
0.758528670054403
0.818810185904625
0.671485629951156
0.859532852467023
0.817724278367494
0.828026540944992
0.825725611463316
0.804763767598842
0.824355741822368
0.516845589618725
0.737207455480693
0.474979058223307
0.707152879323224
0.972766511676519
0.853467793622465
0.63191344955895
0.704036842573541
0.997211538982187
0.729762811646193
0.666031985563324
0.902672726549403
0.582391125623661
0.857656170549155
0.971771725742285
0.810075937860264
0.707136232305283
0.994799490570356
0.80162759599179
0.96478717106314
0.622566294846466
0.91282551032211
0.968280186666914
0.871972865206826
0.770429476681588
0.802000641456232
0.789108520313188
0.751087911156222
0.592150537331725
0.856546218128728
0.802554923740408
0.839828425788733
0.845665624388014
0.704699725228785
0.854248330076755
0.804117712359607
0.747165618398377
0.744898715057181
0.675413213327422
0.903572289538683
0.616754177307137
0.839880430765668
0.429798813470463
0.654132042040987
0.183028557012285
0.97338092833257
0.927315906200661
0.950079339663265
0.940557964417802
0.874657621176795
0.872880452198127
0.75589895226372
0.987675345020678
0.927085416771088
0.750608099601012
0.852339171314531
0.794933139380213
0.72993634323091
0.257421473619837
0.768514040557714
0.82669102314436
0.650406326366221
0.84241863543847
0.787872203679344
0.70448987243568
0.803584689286896
0.786063438457414
0.869542324435885
0.761824379649564
0.91722726917208
0.734697846675646
0.754453161365245
0.592720358530456
0.756122393551331
0.663220868305364
0.743891310908531
0.502971222402945
0.75274400561322
0.890404901495795
0.827464446106105
0.636528833191468
0.806215346933288
0.774571274319142
0.787778107470292
0.682851398768697
0.814000570979169
0.606368731359855
0.835086626155159
0.849598882999765
0.648839634035632
0.892698923886964
0.641278205187124
0.762672420721483
0.793236703610349
0.739140438913492
0.922360616035936
0.68066902391604
0.829822297698823
0.702289576671752
0.899786954519273
0.69963634593462
0.828425293009058
0.899014342550333
0.674275955213949
0.817345699664707
0.673086376315407
0.525963999719064
0.941002768753402
0.97941032559884
0.808863484160365
0.694452318839062
0.846913644346656
0.718927113188649
0.744958817193585
0.921150805661698
0.978759497279339
0.851353392720108
0.798850246759627
0.758136546670099
0.64600452352004
0.806113584874891
0.628754134986465
0.958420519834179
0.772088532370975
0.903747527441938
0.646449262159073
0.757104311088419
0.983514352378431
0.798904126238733
0.896933150223909
0.762302428631009
0.730747186451317
0.736531731205927
0.822581406411985
0.802734026929455
0.799214830433405
0.773176721969318
0.806696737161298
0.766178862037755
0.526592782023734
0.955576619769319
0.581771948930104
0.938069487033257
0.818334756257399
0.884379001985577
0.77456297097707
0.905086057875557
0.975044219716469
0.861895356038873
0.675928423322457
0.915583819846306
0.828186172062331
0.857786007326304
0.795196797081313
0.878314889496713
0.780507847300925
0.721269766246145
0.863157500454841
0.691569082988369
0.425240130277996
0.971822192114326
0.964573564883716
0.744851861146558
0.909661419030337
0.88042778885964
0.840296297541767
0.581304171102366
0.733151153306263
0.6792863065326
0.790877269778004
0.701769568142115
0.882669062228255
0.745188424277398
0.563328379311677
0.889368290415919
0.868387959699861
0.768063458943591
0.980755282911859
0.651323513347923
0.773097542015435
0.749187217822495
0.932914976719972
0.759564615557577
0.937959359308382
0.763226693653802
0.79814527158062
0.973531561306895
0.81480793077569
0.837616112403454
0.723948074943554
0.871962146394923
0.899753095766281
0.83862318353488
0.837495921263725
0.797131996469446
0.912223193694167
0.785564720039051
0.885857405794458
0.659192566943689
0.986800091064961
0.848604702603784
0.839290915022782
0.617915679340985
0.952891492621656
0.738080497086605
0.78078568994698
0.862877783082003
0.445290133326594
0.668346314231616
0.855246832516916
0.446333029581263
0.654891943085492
0.593969556889519
0.922454591881914
0.902260149191054
0.921775819995732
0.818496099206812
0.825799348833247
0.897675396785598
0.494784523051501
0.596032386897756
0.859615447920209
0.95733633245902
0.786871483689589
0.849456922512502
0.60671645663
0.709940183661349
0.834267931383572
0.780922471113049
0.858424907164251
0.827110373069231
0.633367215462885
0.850014088996821
0.970244331704094
0.651861947054565
0.903333911817076
0.832319258368399
0.617598368011599
0.711814706290064
0.794848485751006
0.824286992826812
0.930786890919072
0.743613878128714
0.991870177986131
0.820006533979214
0.749143561027339
0.858035770174771
0.798458949285058
0.823853247250716
0.965843091388087
0.689279226497054
0.972519165548632
0.820890081890336
0.914326752273683
0.882909940357612
0.789036047551571
0.914674569283718
0.786282194054213
0.774155308546925
0.706030835142233
0.979543395234579
0.707276014946053
0.741346988389823
0.571786328032686
0.585642587959742
0.77041891730689
0.930922718398317
0.87512269440393
0.629954417595815
0.928201506696124
0.89697602633416
0.824281709112645
0.729471124314414
0.862344012452875
0.876359458350698
0.621653746315554
0.910509979860946
0.989764460646281
0.507288794395038
0.864636163992853
0.708097688700788
0.831769624207343
0.825440985444227
0.837135768109905
0.938797847386804
0.772148441435828
0.883652246511197
0.927480519056464
0.955305377125272
0.934349846037309
0.851547199433885
0.782575717727826
0.780939959849453
0.820614250000756
0.815575699659862
0.722839202140384
0.741106992220454
0.650470197384098
0.93835350424951
0.963016166820548
0.500292737437417
0.744267477588674
0.812815258959329
0.874958330861956
0.484976689714233
0.832164903078023
0.868056215030575
0.755709046453697
0.768354480452934
0.792181292649978
0.766405281729651
0.854334537934108
0.796494670086189
0.913213746043773
0.768799835554166
0.594409487816696
0.777061681704592
0.668580744169932
0.963529577448064
0.864011816377158
0.985710581280008
0.696111567311164
0.673775427893022
0.645398195038375
0.919712522210372
0.886983112600487
0.711193775808541
0.975753749869728
0.458246629182588
0.722503600537502
0.938175984830708
0.944886001226608
0.714604201520231
0.820921674296904
0.953585532198918
0.858126220953935
0.596367534648958
0.884364077447818
0.963452961989595
0.681306279457637
0.753916146645468
0.881207438638374
0.759407421563451
0.70881315507097
0.811105088522134
0.909987569686128
0.795565071237854
0.876793485491739
0.819472774535437
0.90522257376714
0.913211690219656
0.97985630397244
0.834067185346037
0.91604988799123
0.806774731264404
0.812058647611089
0.984594045662755
0.789500078697988
0.961096462043321
0.917380752609488
0.811178521406368
0.425259670743012
0.825355717508471
0.903879073433565
0.920156961945136
0.800536516540019
0.705108986734813
0.903797695791946
0.681262704154353
0.819683486386062
0.970697308406769
0.902407117026097
0.931611971234342
0.946414043118534
0.929913798875058
0.920321281884067
0.69001378746599
0.752714087484968
0.848156949457638
0.809619747633935
0.7265426223568
0.857861204911297
0.82811643934204
0.79900304464768
0.804685797025131
0.759749768680318
0.803399862147451
0.817647873377569
0.769357989653505
0.92623911665223
0.691544022866542
0.941756686594102
0.859671486151528
0.881767965198221
0.705341642880071
0.973189067805415
0.898119063720336
0.683758241683386
0.586780399009001
0.757916149019519
0.801881522135562
0.753299796770531
0.826905328287561
0.798194785809679
0.94071830651867
0.684827393547839
0.884260022273666
0.744115765729793
0.747078239127421
0.812919012626097
0.804452217071848
0.808146578460077
0.808599135539907
0.789351521412481
0.801822986239209
0.839864646869964
0.764666445062159
0.845592465144957
0.915609939404471
0.768624898778236
0.717730251762265
0.752195612232864
0.716991016998762
0.702371043970065
0.779118155009572
0.790154272089042
0.498085699013615
0.868832304599501
0.780099149010947
0.843105876235812
0.874106808722879
0.642777944616222
0.648666083805228
0.846338035834639
0.542577523677771
0.961602015104763
0.641641691172518
0.996277838260155
0.876327975315077
0.989355932369305
0.943472505008043
0.787917442149384
0.618339527368901
0.668234150212071
0.8499325056732
0.766978656013418
0.517314194309103
0.757405367410709
0.335293264366233
0.897753563309614
0.865762699530597
0.550799137836883
0.836785230563319
0.776433254846922
0.819732507147304
0.665438510487006
0.505620422762408
0.766021944291754
0.868731600597234
0.759669035691631
0.845217291310409
0.866402815173974
0.778241372351321
0.956517146471259
0.729757264229296
0.940724776014191
0.702002517990554
0.384791798648352
0.558649354150444
0.824257507458077
0.854712476926863
0.7547550044841
0.688326138325176
0.619030394124865
0.983800385133637
0.682295305183935
0.734257254681543
0.998189950395605
0.897725016423455
0.451316772186062
0.332172177292662
0.84078447558595
0.951003231514338
0.83558389412529
0.824279767528534
0.807378061399879
0.822505803670973
0.616893040952583
0.748533152370853
0.843751357559572
0.648104530568609
0.70332610760516
0.784813106074133
0.870820897857604
0.987504170312063
0.716385521766408
0.832282235018605
0.604741186759009
0.974965991417271
0.960424501826185
0.847187300021889
0.498720086576297
0.693182375078682
0.566809371785432
0.727528004552851
0.809252788733119
0.880399494880212
0.784053248315935
0.821069726143375
0.812140524337111
0.83996842884587
0.911109226521687
0.570850902317682
0.767863498683887
0.731623235252329
0.646390397972739
0.838348765470781
0.828721699085068
0.819120531808513
0.859261985886278
0.836556559549427
0.578188968897985
0.819205253293453
0.910636960966897
0.71766166053582
0.654778311217697
0.812051124416491
0.766774349521266
0.711331663921807
0.825957890460626
0.792956849495255
0.836374550070916
0.888361052700203
0.877297922642128
0.835877047801005
0.840131598902224
0.864332102463107
0.960743015497905
0.764428608832709
0.787796935474565
0.89500066080548
0.837810268009036
0.883011060883792
0.805565452642535
0.910876752594587
0.760617432672846
0.720662431224076
0.836059568693226
0.71961500954223
0.916037346499779
0.47605733032396
0.706879386978908
0.56655021361189
0.622432253565197
0.849222960559125
0.871371351473151
0.865508244269583
0.869915521314574
0.909208041043528
0.955466754609329
0.893048382663594
0.875581035580121
0.588106628003494
0.719593057844682
0.8042540886835
0.768235432922946
0.793129341991078
0.749721736664075
0.824192996215261
0.972555731154548
0.90822205758761
0.968185151633915
0.785465687233921
0.783345521177745
0.663581001206313
0.747720395718518
0.578343581304054
0.49787105613067
0.704283230688132
0.829692398063363
0.553110703303726
0.902745982563738
0.719438220543707
0.876282418830723
0.947089435734053
0.821740884812182
0.859720469305658
0.937499731725024
0.745011200621646
0.743493957110176
0.846997676098236
0.704196409423786
0.775779127591866
0.816057680237114
0.899237616234527
0.967145558061872
0.900470064334925
0.860552395542142
0.799181036432984
0.862548959162267
0.929290606009112
0.671419122306877
0.775452989984755
0.798176179368078
0.945837381101782
0.872064755406992
0.790617153563176
0.705789765883642
0.83264547054901
0.926958604880549
0.692169108606991
0.710284953126632
0.996861079955525
0.995085379800294
0.922264705183226
0.903156364367237
0.728417085843236
0.921300034577503
0.515744433048067
0.704771352286412
0.811473190972754
0.92884446052318
0.995127046117307
0.725034961046523
0.835493669298094
0.701523323488795
0.634928627242993
0.728831241496366
0.733292722791273
0.814274174973164
0.545436327324735
0.819798093075107
0.895828492765457
0.930371857968496
0.831305679574233
0.994508819730338
0.883843654004378
0.780433231516537
0.774081531333988
0.715237974113809
0.861810879468043
0.733799015717038
0.747920710467914
0.692300270838167
0.79759007033119
0.8811469122529
0.868617513736645
0.791026279880452
0.901859967944838
0.74583335744411
0.791330875617744
0.817714337042945
0.786347885784341
0.799588152182672
0.899255721915822
0.828554114516077
0.443893708609003
0.901203360619298
0.799691948998587
0.812177415720029
0.634447607537195
0.902847957258673
0.871942034503791
0.711527507475804
0.870606318229063
0.870318951603841
0.831899805641719
0.688123364979819
0.830844393702655
0.821380857825459
0.78859910988988
0.814450043671082
0.815617740792802
0.759479267651017
0.742446058535807
0.776345554158464
0.800463390549371
0.762874802581528
0.808591001641463
0.774852356706211
0.769856721616061
0.769636394611666
0.866700548341133
0.793535561663298
0.804554984767542
0.958585485291279
0.809553428714365
0.647902645336949
0.867309311606439
0.858044367700178
0.845307996986885
0.875804129618858
0.695822082677837
0.646634127976201
0.747135626097837
0.73475092697092
0.797913158218015
0.677190851344233
0.872702167511749
0.962766345311362
0.999015716959819
0.815030137222371
0.809070941168811
0.846798871504924
0.386665745557059
0.87929314602897
0.811378193079465
0.836674799177904
0.471399503858681
0.668025034566181
0.716097221193899
0.675542841618937
0.791625855302099
0.599226074600396
0.747751644189759
0.671121721172715
0.691119802625327
0.65496701842726
0.801580775659741
0.878310526403027
0.764758564635642
0.820791817582289
0.788940800492234
0.742146833727118
0.739775648116843
0.670316784357251
0.728295201430402
0.734951675590879
0.695962123997612
0.920083973145056
0.850843407386941
0.844734161119858
0.788652562417021
0.352209528890515
0.860268237729103
0.744237181312797
0.829672284070183
0.817785758942572
0.60289780214614
0.625093675226767
0.932881028672224
0.983642956606806
0.849341957786593
0.890649793966785
0.860416400965755
0.73649740527918
0.780612301075657
0.81536999916247
0.535818722767801
0.758312957330801
0.774387250515805
0.781837549382742
0.740221089760695
0.766995810556481
0.72449366640248
0.827150439239744
0.783419677908059
0.873903876308253
0.908150730475995
0.780371441417701
0.954488977209561
0.828313062727434
0.831824742900234
0.894071334338072
0.764022324558818
0.775777751218645
0.991824363735742
0.872740837510128
0.527530027471773
0.920468216971459
0.884501360778602
0.824359851760159
0.830805632559517
0.82943431524651
0.889111123445483
0.775971962062851
0.859147534844072
0.976077576347958
0.837568146874421
0.928590041833407
0.890212327575272
0.786800349791811
0.797401430744356
0.903652372076246
0.609566812275356
0.721116570606291
0.794917254829306
0.727224589323616
0.824851138478419
0.750691810384491
0.76264546214695
0.42888373526071
0.752640958149314
0.785289669845697
0.856592938670056
0.862025407586533
0.890457266413247
0.647231636482701
0.921125701755537
0.786530035285197
0.837215686650442
0.681563883982176
0.917669224735056
0.824363004292252
0.791163811827035
0.714090846096973
0.834046485874601
0.863730095887117
0.778138766940494
0.815535411829769
0.950603875207534
0.745820403172406
0.762774617696541
0.688034474439361
0.694183528614288
0.852400593669611
0.972566964966573
0.856203970805066
0.82591579309493
0.862354801473407
0.773725326426617
0.896553029169514
0.845510255125771
0.843426808906572
0.82464762006104
0.973260385295135
0.732446901831737
0.937387091261743
0.549607351376637
0.78224208130664
0.439005980760946
0.993291111345969
0.76577988454692
0.788607491454646
0.816638224746242
0.84109215067634
0.842673284476094
0.811518883912551
0.76487510928652
0.789046792107293
0.713262958805223
0.642341468745121
0.698022097591637
0.642677369211606
0.682611578075651
0.903139223140582
0.887332631702329
0.817420342682703
0.871163120336291
0.72351596506605
0.961957719207687
0.503534982905253
0.921706041191864
0.731212186353641
0.82131751783775
0.481144615181061
0.847518063221425
0.879781307568866
0.942481347054637
0.832553547248469
0.80311563204514
0.398503232934954
0.910803828123309
0.899131970993001
0.443421760326049
0.717499614949967
0.998880846266453
0.975627105838951
0.80832740182618
0.885181825047168
0.899523917755697
0.632815102028428
0.78948443264607
0.789386908679778
0.867360917926741
0.818330532522787
0.3110782062629
0.996571540373296
0.745785805638434
0.984504680869658
0.797071529095911
0.626062123454027
0.800731953036964
0.620370045411109
0.924585466161839
0.819697426026569
0.620808573890344
0.937689672053467
0.678031894810461
0.879321979236998
0.469121928498717
0.707102260992406
0.835520661861096
0.821086333736384
0.761538983198044
0.808420223635438
0.689195067917797
0.726817275976414
0.941754215648431
0.541207500838488
0.75627558149834
0.928325937817453
0.791012605755786
0.690841376615787
0.822348422595832
0.857079707342658
0.833243187895852
0.893703469233847
0.877582069665443
0.826849357660287
0.536629891747394
0.642001869858531
0.870332994095376
0.946339143319331
0.856664788679865
0.499419684611172
0.927939120766238
0.760285156380111
0.896852240779894
0.942109139631782
0.790827421127679
0.768831459853438
0.682193456056039
0.704980801761832
0.71594491838325
0.734535743253202
0.838846412303907
0.705637293059087
0.780116780586818
0.7947274160501
0.459852997262752
0.706744504945827
0.688928938092997
0.973342945318634
0.948455707151045
0.859197305958493
0.833720015028515
0.761496442863711
0.77329002330049
0.601197602320412
0.968940054968429
0.69892721382967
0.704191855577675
0.566294030720588
0.812129916054918
0.995457962846505
0.768589571901941
0.798125134163142
0.881759506060457
0.785604916450231
0.76513123054936
0.811917298023117
0.798656514829009
0.830184899912076
0.79725633983195
0.815711270093236
0.918332851017385
0.826725134538016
0.878189208001129
0.895178958897656
0.671724287280732
0.847668077106013
0.921917198940221
0.878352190227392
0.822430527927569
0.501637136382681
0.74209028599259
0.737961481217606
0.889817985161987
0.937912025635661
0.992859113986338
0.658091208500948
0.881687100347936
0.735524398785557
0.86613924234827
0.948919816860479
0.89379271584828
0.835895293045277
0.776867693289628
0.866466965119479
0.714342257490789
0.7624555455763
0.893701747109044
0.914065079949256
0.91337663845385
0.888096190250315
0.85277429250888
0.624459294350236
0.750855960451966
0.76494703456671
0.709599708200746
0.972807242651717
0.874570735847947
0.840633007873211
0.749587255183732
0.808492110589215
0.875522670189275
0.995364810270172
0.671935320005804
0.933720239306567
0.990442544513477
0.760953751570919
0.825604041366288
0.81404522998624
0.840406448743495
0.819366062460091
0.944288670904235
0.537944168643233
0.605444590862499
0.915049814372101
0.70135637360482
0.84662518695269
0.932970869453246
0.833385615155478
0.881818133418196
0.898853594497444
0.731117386869357
0.729036774314287
0.830149379773209
0.832723360793176
0.714912331536992
0.592959390433642
0.713394237739413
0.728670405035025
0.79304156838564
0.93439307969607
0.747239017761036
0.768818806033985
0.900617531846738
0.811479428629532
0.85694082551918
0.694741656388399
0.833623755572745
0.850464669372513
0.726220133830694
0.658579449182603
