0.17
0.100635371590483
0.102102214468017
0.0993608093080268
0.106417410658154
0.108882872778906
0.0779629108176507
0.0856938916373157
0.0858891435520221
0.0945393285378922
0.118488929516082
0.0916446111064267
0.0979545716320709
0.125308304742709
0.110893248676028
0.100746083561019
0.081776503431757
0.0933289991834595
0.0964564632145311
0.0901153879528064
0.0675697375377755
0.121742247774894
0.120183027803894
0.0962582245365972
0.0988799310684534
0.11415460734692
0.108634405127445
0.0839856429742898
0.101867420861229
0.144422611084696
0.123840638021722
0.0845185157696472
0.15102310770869
0.0840331693329467
0.0988050063467304
0.124541597291075
0.122285098950603
0.106313310567578
0.0959048206380311
0.116491885466195
0.116150276845144
0.0932309072475806
0.090460950905343
0.0755275781300036
0.111633514026637
0.101211393895143
0.109202738796629
0.129194544439834
0.0990929927530192
0.100038061819141
0.138296864450102
0.121112130621473
0.110836519342829
0.107332572272164
0.0686225299230078
0.0718017348315031
0.0952545232519273
0.124498877674323
0.110852984559392
0.092006314842952
0.117063131361389
0.0869448674809396
0.0990742690287238
0.1044299600269
0.0948200110549276
0.169715409164521
0.132826805866868
0.125748737708753
0.0742521038351217
0.10209909416211
0.120564627141546
0.073608813578431
0.100298915398833
0.0855164789737113
0.145765521133089
0.12999814270668
0.101795204382523
0.0832133641872421
0.0851755128244297
0.100135989417073
0.116567701555846
0.0889381568803751
0.12206576670804
0.0791929623889502
0.104604705950258
0.103752481696371
0.0793744061345066
0.104544475638127
0.0857979721413031
0.112042735047173
0.0980142410505337
0.0898082956442486
0.0786066841363995
0.101297216761624
0.0725826244235635
0.10041728930253
0.10983495426918
0.091222654391535
0.0909610164171971
0.101677888513746
0.108021740291243
0.0892341415718605
0.11637987113285
0.0973409049115683
0.0940826177207844
0.117177901380085
0.12057017711627
0.137670464765814
0.0934111284788418
0.0988019250076123
0.106906536402969
0.105788697787125
0.12256810830843
0.103094387603678
0.105785665018154
0.0862239742845467
0.104809958146753
0.103197080480672
0.0924667678549765
0.105762798799748
0.0973998858782948
0.131033686939878
0.103677270605115
0.0778016762564901
0.0881702787737554
0.102230556921986
0.101064234355654
0.0866738936294047
0.0952226761123674
0.0775732398167147
0.0995478601721875
0.103783648238397
0.0830672214415636
0.100598882495328
0.0871436994334879
0.100186286824689
0.0676010340943015
0.090132369680351
0.0990180496540282
0.144006446377024
0.118541398065407
0.0860344511954329
0.0820448228547466
0.0991204513122118
0.106917116614595
0.0984153234676763
0.102133277991792
0.147492169434578
0.106779154187616
0.0756626583613491
0.0725992389783932
0.0969911159716366
0.0839693198130709
0.115687405194593
0.103552452310381
0.0808908306124574
0.116844309582977
0.113673134962282
0.114772779688233
0.0829590629566622
0.0905102449580911
0.135735529386654
0.0946557860600118
0.0922806864007353
0.0866731484497055
0.0812876498683293
0.118974062276064
0.109117412721813
0.0790450559722682
0.0921347387946224
0.131467862732486
0.0814269353049201
0.118537226839481
0.150740699682264
0.130556488665609
0.106910140423771
0.0978890534776984
0.135109435140778
0.107328549162064
0.116188676111387
0.0906079648892048
0.0984088249859616
0.123758414219083
0.0923786289717145
0.0699882984436042
0.1028611032281
0.0909966166937607
0.106564257923357
0.0966204472576154
0.0696309854918588
0.126365163214263
0.124007640376541
0.0714135685990932
0.104322652341966
0.0753629893834247
0.0877907917707882
0.0878339361845226
0.0927583467326398
0.0904040137693732
0.0916586007121409
0.104812541524699
0.105017287098869
0.100946386687011
0.134575515869709
0.109783075856567
0.0923139299654599
0.0842136553767656
0.072631214401077
0.0973108413633327
0.0699715014075455
0.101202114376308
0.0958203968182676
0.087206047415718
0.138573909440916
0.0942054492100588
0.113953035919471
0.115316373339242
0.0931082806329415
0.102269416530518
0.115388429111694
0.0931928337339958
0.0613563038698899
0.085832562486321
0.08472277258079
0.108623201496953
0.078581487117499
0.115436776812444
0.0822237307172983
0.103655029177396
0.12341563218883
0.0739827098006469
0.08150396264926
0.0751851590276682
0.0830674841138786
0.096748998214099
0.094654811952488
0.0673844882037139
0.090650624900233
0.0828299070864534
0.0673018916522521
0.125294078264565
0.0978245479379591
0.0874541941156875
0.0873071665758128
0.136803633292111
0.0843706107781884
0.0782871519373299
0.102346744938158
0.107099884339068
0.0929968782230325
0.0896647059080208
0.107412928520975
0.121740168502383
0.0931705004170704
0.122734577135749
0.0876738371870899
0.0912596852010361
0.119738204662339
0.136025524642802
0.10455243281787
0.115256786620555
0.103662090463264
0.103517919927829
0.100360464441711
0.103719446644271
0.102801080396057
0.0979612271382049
0.0927196187549098
0.0913436231221311
0.121429532884468
0.116815572822733
0.112196683915876
0.132330507542228
0.0823496602925634
0.102327492158747
0.110904383093531
0.106371138146071
0.0931779453065897
0.111518492203782
0.077885551969569
0.106156963139158
0.0969432062694803
0.109102860915605
0.0746766022036909
0.0824024300900279
0.125361542980216
0.0864255629559187
0.0882251544135285
0.0902630224759271
0.0845337269342386
0.0759181818466974
0.116129634824129
0.103727373564327
0.0801116049314783
0.110498467950717
0.113346650262321
0.106262099928809
0.111853306963922
0.111854678544532
0.11926427709639
0.119734204736937
0.101702022133503
0.121780532209445
0.105314375926676
0.0994675000448137
0.125828713153059
0.124731312710397
0.130619949107044
0.109154602520522
0.0902693982492096
0.101608660559729
0.117609628287351
0.103441646692279
0.116366697134924
0.0933213810508752
0.104057256746057
0.121653395983517
0.104276622104403
0.103052157885847
0.0752058721620443
0.0986521164703237
0.109037924548645
0.107488167648715
0.109826461742228
0.109146832780498
0.103034950450284
0.0823377536115391
0.098522975527563
0.15185776119131
0.100395565633215
0.0896163123622637
0.0863442077844898
0.0948660261408661
0.0869037179597811
0.12244778439542
0.10640131129145
0.0745544204030765
0.105201818842052
0.081531438327368
0.11025731713655
0.098633699763914
0.12360362900196
0.100205376647013
0.0861495965094557
0.107825209830584
0.083627375076038
0.103615268252523
0.103966289877658
0.107871531507942
0.106811000218323
0.0846523893930651
0.0918120065817599
0.0815037302208468
0.11145445462147
0.135173703143921
0.0904341720886595
0.103410027723088
0.0907426880701993
0.0858937607924496
0.0699614905660937
0.0955792477214255
0.0967143304077252
0.127574880761964
0.115145688483912
0.0783668031506421
0.139165599036815
0.100998761094317
0.133793764413514
0.112347316454963
0.0929919837740839
0.104813406796081
0.127320387071643
0.0932762875084287
0.0934647909364662
0.102880523291045
0.098379112078579
0.125587443018354
0.110164463999667
0.102125819688638
0.0971611708631264
0.0976608239877632
0.110685357855504
0.079327951108725
0.0845392270854814
0.102398479953345
0.0784258267746018
0.137799921413339
0.10221804558082
0.0910043140902281
0.124441743701314
0.124834453122255
0.152613544007737
0.0830991746630556
0.0886524129272961
0.072076613411889
0.119919922846176
0.128256061723748
0.0861777867262024
0.116200257340491
0.0819096598344381
0.0828598059723546
0.142376838241732
0.125267483009261
0.103564073921541
0.0971470480706238
0.124006622433115
0.131531803454141
0.132142053268334
0.0976308355532872
0.1016465820036
0.0975101474823993
0.0951328858050124
0.110923763137746
0.120654378136294
0.120570278113316
0.112543061015243
0.0938517445147997
0.102156897609762
0.083530258165261
0.092664386857928
0.0789369381746056
0.113760849519349
0.105628334130056
0.0934069475256356
0.0922886256805132
0.101308600344033
0.125514149244284
0.0708733656207975
0.116936452199062
0.107323755715166
0.147804671809166
0.126273735310384
0.110555459078071
0.0960671140529698
0.101523165686695
0.0940149293529607
0.119754668424569
0.0990361071978632
0.0856400692315634
0.101277387766738
0.0862702252650802
0.0770241579170186
0.12822904152944
0.120794310695343
0.104125995215776
0.0988286909275985
0.0838798694328946
0.0881636043714609
0.0824835114741349
0.0686464321798756
0.0692290282146027
0.0844495601785647
0.115396419254917
0.104463216698021
0.101619726143718
0.0825870100954827
0.122904818468158
0.115075733596154
0.0868704804198961
0.117305853683358
0.0825297796348908
0.112306879058279
0.12697600285873
0.0765090416481168
0.084837095074753
0.105578724218173
0.0858516480060385
0.114785708588403
0.116306569526628
0.112566315130681
0.0816237216243329
0.0801438480155108
0.0733231113958626
0.0691165304013613
0.0973993584912313
0.127398388897264
0.101088724324006
0.0895853618317193
0.10384030970408
0.100311148805452
0.0802226366496785
0.0794955222696838
0.111535211363349
0.105611007931849
0.0945468008945693
0.102694979970973
0.0831759924207294
0.107176651670644
0.0842762883651711
0.120813768812084
0.102078020375873
0.089849500067146
0.0903790802716398
0.115152715676582
0.0848166842380807
0.111274247076216
0.068862746411229
0.0959068119038588
0.0893542794549475
0.0897596639945323
0.0976634702713099
0.127791419852222
0.104901330055246
0.101073415007543
0.112680439120312
0.0820321758138694
0.101260854428026
0.0848533047052144
0.115009795485917
0.0850524707598884
0.0949049462540383
0.100862490241325
0.129049388979606
0.0863345894637089
0.0974388067099922
0.097191095454008
0.077224899330625
0.0924236208558555
0.120814779446593
0.0833275373195735
0.102047501820616
0.0801363431983377
0.0865451060172524
0.1131214786984
0.0779700118869101
0.141169592153798
0.0807772447524875
0.111408093193729
0.101471786372472
0.108396533762516
0.0742836779034812
0.133443917397746
0.105664115203607
0.0841952072072196
0.0934554405057116
0.104210573675068
0.0970919169069066
0.087433412241838
0.0831279876770678
0.0845943188392939
0.072647556703105
0.118116346889615
0.0917100053555153
0.0704890232184572
0.0865903312532987
0.131920618935087
0.0907685209380963
0.106560058101543
0.111648060832331
0.0659036393821245
0.0805074263408221
0.0799201336815348
0.0905644985443586
0.124968423160967
0.09070066878595
0.0626547629546918
0.111023345911348
0.0989352212030155
0.10338784057891
0.105735859238624
0.0890720802200137
0.0742002499649636
0.0930881474666156
0.0961064120094838
0.0984934352282229
0.0816954432746499
0.0924641854898575
0.123174769215341
0.100513267047314
0.10198048563897
0.101134759346386
0.114680735695173
0.111954760209266
0.0910791900898106
0.0855855477041778
0.0958646418846356
0.147524308080549
0.113967318389863
0.0838444655069035
0.0920135437685043
0.0820582480486221
0.120156449003017
0.136461768572806
0.129298526984393
0.111683323802587
0.102377523340799
0.119956581721495
0.0996571392760401
0.0882291783115512
0.0951119741952265
0.133982614790071
0.131209784140052
0.120304983339452
0.0913073991878527
0.0992739471792074
0.0859337527571617
0.0994153267356752
0.106841402744824
0.108574611760586
0.0935006707871924
0.0950192636788959
0.13635024402186
0.119960812391834
0.0726247623424641
0.111469597075839
0.102124844870702
0.161622022612728
0.103017362778458
0.101884678224339
0.102897981296931
0.0948708324017091
0.0642501683229015
0.0694867297955962
0.118135855318759
0.12711066489898
0.0836757471334647
0.0941033122074967
0.099731458046384
0.0769212331401273
0.10888233976113
0.0999158255710598
0.0903414389322997
0.0912597124960214
0.140963351622101
0.120653656650626
0.0874812438049168
0.0833490016054851
0.0960931617347902
0.0920397111087864
0.088614654267554
0.101299245491083
0.0847100769566772
0.162184212860792
0.0935399247384898
0.0835933252160189
0.106685426135361
0.0983416322158989
0.138632420067191
0.0871051794655502
0.116828390900685
0.0813933553571825
0.0749400198965174
0.137750613978395
0.145700857121798
0.140714648235114
0.0888148924148091
0.0983473997324191
0.0749464745729732
0.116534982529472
0.0831735312168111
0.119618831096904
0.0889109243090734
0.0936902343036595
0.131836632885269
0.127896234459123
0.111039228014066
0.122638360288484
0.102589108183304
0.124081694294693
0.0769976151227874
0.0967556533425172
0.100762338715543
0.068294525005428
0.0885958486064588
0.0762655616045365
0.110166037244621
0.108720581665379
0.108308887216597
0.100266894725669
0.117494985337354
0.0970632392310116
0.0874699890636613
0.160431368243008
0.0897324972331855
0.132010800377561
0.0891113883694233
0.109200486180635
0.0901374116652047
0.0724810596292043
0.0904957338523887
0.082407349496589
0.0958094928726057
0.106846166900573
0.104779089864659
0.115253182780036
0.0919045877562264
0.0990598897642621
0.115097869747344
0.0944447636867926
0.125694971750699
0.0775184528618589
0.0740480416979252
0.0948764851264976
0.097589143039727
0.106725146253365
0.0923375766890028
0.10422322584856
0.0906918975061165
0.104633348818345
0.0811520379098885
0.104765211017881
0.0773457584177235
0.113675157420439
0.0749555808625346
0.110621517372645
0.0969716618653952
0.0855363067845853
0.0664765315286813
0.0625877317779814
0.0793395094590238
0.111883982636973
0.0934325149439972
0.106815849291155
0.107393038818884
0.089755287517881
0.107314887680316
0.131798437440632
0.0960439899034905
0.0998235258559819
0.0983207016799024
0.100240363237664
0.0947421329398324
0.110642992412824
0.0742561887118966
0.0782257815138703
0.0964947616659508
0.129724700513934
0.13701875633783
0.0724118063545128
0.133168398358832
0.0960379123410575
0.123388446508617
0.122816792183307
0.105107787224346
0.0825223930234752
0.110025369314717
0.0924353664097016
0.081090214794351
0.0845441591835832
0.0861939225345447
0.140470151476384
0.104265885366587
0.106841564501932
0.0824607142371331
0.0888619190932924
0.0938292680659636
0.0909638651999742
0.132867399263611
0.0815738057902861
0.108535125430215
0.10616879793644
0.0850653095149993
0.121330893478732
0.0990722320038386
0.109045852443727
0.0850436538393333
0.08646043645542
0.113723633101674
0.0796242229709525
0.103379831103693
0.117448564070086
0.0846172490789782
0.0979654700745949
0.129568949756009
0.144233469257906
0.0956250794050207
0.115452959412307
0.105091559977871
0.0712759820687679
0.0746545232275089
0.092367809477103
0.085719138637203
0.100024690582006
0.0952152066826925
0.0928452231426717
0.102659675468506
0.108553538304191
0.154124985994691
0.122494121464818
0.120205683343666
0.0822048067978686
0.0942489036501536
0.0799637423111362
0.0886658198649465
0.140440169565577
0.108272246645975
0.0781807714243599
0.0889960663828462
0.117634975742927
0.0907927322077141
0.0938902854840165
0.0870824666162015
0.15888829210809
0.0957650483796891
0.0666475748553805
0.0931242019736754
0.109136738749451
0.104522939057754
0.0768783507718761
0.0832516522319995
0.0830790183930428
0.103191030668292
0.0903191237942436
0.0747038724571309
0.100591116940311
0.111929113942627
0.107372816383565
0.126408567039296
0.0949098374761311
0.0809232840581498
0.129683000470504
0.111416938987592
0.0954899745051784
0.0971186990390396
0.0672508819514258
0.120452080013109
0.0918679594726542
0.0862422458912052
0.0899134910588484
0.0696705715002864
0.0878258106632339
0.1001761394147
0.103345798253267
0.0787705265074536
0.143931725707293
0.088736309874492
0.111578416447032
0.0954470912199616
0.100611837402584
0.117302432190601
0.101507828914373
0.100630237186944
0.0806208931299935
0.0988672702157933
0.124866709265542
0.087673408390169
0.0910481052218837
0.0973815960427793
0.0876283353180227
0.0936281172311726
0.122549939091806
0.102571464980811
0.133994341025117
0.113258309108412
0.108557501929471
0.0875000417329549
0.0819817874297468
0.116355449973949
0.0844345795136266
0.102652599229694
0.10425521286773
0.10190937667135
0.0795296430700056
0.101637738040841
0.0901773773677866
0.0703360423732105
0.0854685225562267
0.0961114158096354
0.12720316279476
0.104339101603466
0.0781745253678367
0.123214619753349
0.112041054203864
0.0690928000170423
0.0732932077817346
0.101893345975074
0.100396670532855
0.0967811254455096
0.0611646997692189
0.166671703219133
0.0905045082813524
0.101587278565162
0.0962854033477731
0.0864889509752821
0.0895357797654872
0.0911409119611336
0.105457607163825
0.0947856065316182
0.103841466002887
0.104201289931032
0.0913039291716721
0.0898823604966299
0.0816118539666162
0.0878938542514886
0.0818858928180233
0.0696744891644782
0.0665254456524367
0.114487227919638
0.0950378238569127
0.0875423263155875
0.119415292932923
0.0783217268286257
0.0894048858754919
0.114226572637056
0.10861736360018
0.111446728376747
0.106852677439307
0.117394592237776
0.109766943787087
0.0952869645695637
0.142269717842221
0.0974636866289278
0.0878633436419455
0.155165053346173
0.12169073836083
0.10123229650491
0.144403175346261
0.0996532498102595
0.104905809198513
0.128869587922427
0.0894480501798808
0.111993938642906
0.0981685926315805
0.147692128774448
0.111435666495066
0.0735052828101404
0.105750037790443
0.0844239828056585
0.0828077298030986
0.128819613846193
0.0918250280827568
0.124999426297426
0.0956541148082342
0.101161240593394
0.11177581458078
0.0712138503883147
0.101479160787077
0.10509865123156
0.0997483685689245
0.12121808718492
0.117420614851889
0.0991060154142284
0.121518513470127
0.119677272974432
0.120383247997987
0.104396757753588
0.120960494439004
0.0873750343975135
0.0744818231550553
0.107154783832452
0.0969732071433426
0.082797210557368
0.0866409963108094
0.0664207802352886
0.0806383394965835
0.146923279790759
0.099151358738352
0.106465942220421
0.0714325886701781
0.150712042165909
0.113067970751744
0.0774896255397461
0.074596080445654
0.0814706827059802
0.0709113383346195
0.111750166569531
0.0867078706116369
0.0854967344144424
0.110591431708593
0.0737336417060547
0.129315090342253
0.126677547129278
0.0981829067635697
0.0944690915803608
0.115639241340975
0.0947307505736387
0.0861014475236347
0.0989929764100576
0.103366849422538
0.0811898727201067
0.110291390572473
0.0717372530467738
0.103202152362367
0.137089618158332
0.117558956573256
0.089017083351269
0.103094505708759
0.121461881067715
0.10013818334816
0.0980452676645469
0.105106869525531
0.0836243246688184
0.0899833893689265
0.106054187890532
0.0786529927102794
0.0931678188872989
0.150109055978059
0.115742256805299
0.0820308143636797
0.0934834327814682
0.0997150272877009
0.112138595639139
0.112679417019604
0.119444779626165
0.0869887466786875
0.069624492713383
0.153905354876207
0.0980592552909896
0.122344717867444
0.0989411429415523
0.104047883479053
0.0967825538666581
0.0776881053095718
0.0940002761378339
0.113837718842943
0.114270907083224
0.0850771086657584
0.0725760412015807
0.133546231805771
0.122052434748968
0.0799543416169892
0.106055519153107
0.122172497808415
0.105682306342849
0.0970567140794386
0.10454605203095
0.0967524326785561
0.146921407985981
0.0777691487004027
0.125781201462303
0.0952677897091884
0.120362527815796
0.111522279227888
0.0879391100719579
0.0882944297689271
0.0843786670815532
0.0969852677046026
0.101385221627854
0.120693884798654
0.130962968167073
0.0894655245766487
0.106428782289681
0.100690437198956
0.0757638509494088
0.0704223276770191
0.0815454929155019
0.0926512606375659
0.10734080153686
0.0969054011472995
0.0849633176807985
0.071215982766653
0.0870175392781065
0.101611099283993
0.0855262533339613
0.0767523233983956
0.0986807528205636
0.0839987844857276
0.0948318572800356
0.108984850853198
0.0895997159505095
0.0928340662480093
0.11918586804559
0.0944450928761216
0.0738794285709608
0.110160323893514
0.128643540067797
0.086393727078717
0.138942837726669
0.146337429747413
0.147028333891004
0.101290876852595
0.108966397668939
0.128989908803952
0.102470322789233
0.0861960211538597
0.119967519417128
0.0925609030087432
0.115557818031815
0.0881901056920359
0.0754155560898472
0.109605868203616
0.082863012812477
0.125829737336214
0.115659003062611
0.107080451605782
0.108834132361295
0.116582425991303
0.109093029713909
0.116219400279481
0.0883561286078634
0.142226141020317
0.108976013997884
0.106985680412798
0.121648015239447
0.111799438256193
0.0822675315707372
0.123282820384298
0.100941258500382
0.110134207458731
0.108839573009185
0.109837751070908
0.0870509735882169
0.109771505332661
0.108087560643649
0.0722947484788445
0.145926029995337
0.0904263609041977
0.0853667617430243
0.114323982731305
0.106824655203268
0.11241740970519
0.0651931810483976
0.0842015346364097
0.0950958253052141
0.146289209840794
0.109275149020385
0.104344256344518
0.109284972970698
0.0986704967523626
0.131691218660766
0.116133686227964
0.1163083891761
0.110487117820314
0.125816299072966
0.078439002825516
0.0783093880294568
0.107667702233858
0.0829449196165298
0.10038769761573
0.0783682826545683
0.103865844386295
0.13379722695504
0.0760846384052771
0.100708240890851
0.0774106418754063
0.0923592198090643
0.10766729061622
0.08351040427289
0.121383754637623
0.0912622818748834
0.0766835969729828
0.111367554457542
0.0760984618387031
0.131846590318746
0.0908731365277158
0.110632815794576
0.0751071655838412
0.11289129670151
0.0994469469621681
0.102638805863172
0.115179555200982
0.121358381124113
0.0931311132979511
0.10303593305606
0.124218588030001
0.106182290417883
0.144628575949111
0.0975661130380649
0.0874570687073939
0.116012846326709
0.083271743016378
0.0992090658859196
0.125384279238782
0.115933192025968
0.0848457713952725
0.113277381321454
0.119267912176255
0.103278271371126
0.0842205072629815
0.094189491401391
0.107817967856023
0.124901472862447
0.106038674374005
0.0981634025921789
0.117942458827071
0.0579564318367991
0.116662017517946
0.117178654340243
0.107720975716048
0.0989511444189647
0.122406737053816
0.0802437732360418
0.118767918175744
0.0768628606251266
0.0910368265971465
0.0828716374061207
0.0805912284548458
0.100094648607664
0.106412456719647
0.11272454553797
0.0812385446465012
0.0947319189869358
0.108000651588032
0.102129743631685
0.0849270326670148
0.124320217718511
0.0976528980049268
0.115621510698242
0.0927119275204834
0.107880409278667
0.0766474640020026
0.0921110062026947
0.13628870984648
0.121008399084851
0.0786111318363159
0.0869244184916317
0.0932214930795793
0.120972605460308
0.121891061868451
0.0897044798660628
0.100543403525796
0.0879972737085624
0.0960305132501049
0.0778780557823534
0.0967814577664766
0.0928916029832914
0.0824041014002094
0.0757389485363358
0.0794872673792278
0.0939091259756289
0.109923132723072
0.107838668823954
0.0687483956059175
0.0945311887361404
0.113628988672535
0.0836455086181855
0.0644196697810447
0.0922018077349143
0.0697791037708679
0.0871259467143153
0.0996040141582678
0.106271426363782
0.0838479063862103
0.0951431677731499
0.0796860583251112
0.0890188530096886
0.079207840243498
0.104548416431491
0.110234674310313
0.101479894333826
0.100667042280671
0.0916668089616532
0.0757603578263899
0.0984219199748032
0.0742359785494117
0.119567259796565
0.0954705433838966
0.103707324351296
0.136068496264349
0.0867986132300664
0.0800004744875585
0.0901328064837389
0.112692983254286
0.08384113852196
0.0808617773841936
0.0848449480387386
0.102995860022547
0.0860658348559407
0.131467607774454
0.112792298133299
0.134358931768716
0.126086910341937
0.0577388927946055
0.0811036087960908
0.109540442800519
0.0989315383840474
0.0850750093063161
0.111724224097132
0.112278165611948
0.100588935824472
0.129360290683583
0.0922722918841578
0.0768392960764347
0.10587619452334
0.108171304088339
0.0876034392358135
0.100442184829016
0.147424132020926
0.0944139198682461
0.096123105103439
0.0805842419546721
0.0816151403847273
0.0736936896254222
0.0915721319593672
0.129108210256922
0.129173265639861
0.1084989157128
0.113379773950946
0.097308329093713
0.0979437850497574
0.095907683448107
0.12829867408355
0.0969436941052594
0.0842739973100298
0.126728511148303
0.0923331831492214
0.0959119469708516
0.0917420313189689
0.104210031817667
0.10608393127899
0.0906243895025717
0.102136456849843
0.088422595162937
0.112112956202423
0.0991959265368387
0.102721306234891
0.105703395014578
0.0837578620279677
0.100021112285136
0.117997937833501
0.10099372547864
0.141459335673902
0.0909939154263421
0.0805047757476978
0.0674809241469886
0.0901110599084476
0.115083705314927
0.0808692739758153
0.112844286307949
0.0760422005845807
0.0983191997945162
0.0818198015813388
0.119706680207503
0.0796538573902809
0.110756474044227
0.101911871171993
0.115871149149383
0.0977232595229804
0.0747480490077823
0.0913659334618139
0.122236246322916
0.100378323174672
0.0945365751347835
0.0791774093511626
0.0900693923279507
0.121930075814617
0.0928866408717543
0.11091482592613
0.0929328501123355
0.100115883925522
0.0877941957734989
0.101184493801221
0.0873241464446688
0.120011910607002
0.13284529801775
0.0722824057778249
0.0648920984823945
0.0953261993084478
0.0982853953117674
0.0612502139053143
0.0944604459435616
0.0658278833416198
0.106777612166343
0.137210926377547
0.0756731464199184
0.0971381284522438
0.0710463386926201
0.10472989510013
0.0943730899487564
0.10720270761468
0.126835151937025
0.0706299579140389
0.068188285478369
0.0805166782178316
0.0893775144545923
0.0844896438372612
0.0851447489405415
0.0941195538318351
0.0697850596313326
0.106311795033341
0.0822550214410471
0.0840997569646294
0.0843868357348715
0.11781822999072
0.0944703366224512
0.0871519258104607
0.101169891393178
0.121369310000894
0.102939879101803
0.0773623792910682
0.141840576698646
0.0854142422471748
0.0995867056184556
0.0856926146408723
0.0890504722089741
0.10603514637201
0.0965993887201709
0.112707186932659
0.107786227303086
0.103209637594599
0.103021447088128
0.0988739496033508
0.105850631206456
0.0942993810077373
0.0842094464293318
0.0877262499423738
0.0852556309257073
0.100779499483345
0.0793265599013063
0.102081856791954
0.0965988888087655
0.153137502085763
0.094727800055185
0.0997827870576005
0.0892349584236373
0.110153631288503
0.102864633367115
0.118755115948917
0.0702334842991427
0.130843108405545
0.1110291934031
0.101924435684493
0.115746640041374
0.0886390081108729
0.0773335601519087
0.110343000734216
0.122602902106226
0.0987627517905753
0.0952941189068447
0.0896160489125555
0.0898470714638787
0.0857127441202069
0.126861557001992
0.0914095728078042
0.0839365047020179
0.10962820188004
0.0993604839641227
0.102903473420937
0.107046622747388
0.11693971265498
0.10009362447877
0.135446530424665
0.110634061566457
0.0989018797105272
0.0853161744884657
0.120694984466306
0.09294543133336
0.106268084424257
0.104576113524846
0.105973566818731
0.11090211234451
0.0769700647467853
0.0849138091207923
0.0812356625648724
0.0945210773989836
0.102637105204451
0.091720722084464
0.068190890641823
0.114569075401112
0.0972468736243128
0.0742188263426385
0.118229362588347
0.113930965646075
0.0937251422093449
0.126068145358316
0.0810926252804349
0.100569976109156
0.0882320688313638
0.0715687367083738
0.147193764474981
0.105802885019617
0.102027290780173
0.0850265665642167
0.0924375266250438
0.105616396874668
0.0978399645700784
0.124871734800525
0.0841041406992217
0.0941142596337697
0.109235337860539
0.0789819961838501
0.118284930566822
0.102225503249747
0.0772246402180506
0.125843013348236
0.0990015164541593
0.0885283160925138
0.0917596147137395
0.088451655022122
0.0950275681659931
0.103970407958027
0.0931625807433639
0.0937392549214562
0.05896965011941
0.116537102463353
0.0893959542733896
0.102549754924913
0.095249855367875
0.12140111818792
0.09175754646544
0.124390739704269
0.113048785900726
0.0811472783273283
0.0854894050740172
0.102049138725719
0.124746276725849
0.0883903694325163
0.0941279120872801
0.0871412360415962
0.0972198843379321
0.128711719502259
0.117050596427492
0.0853059386796735
0.0971020436982177
0.110523872833732
0.113894844888696
0.116744894816379
0.0738972337741056
0.0997809637260841
0.101642057131732
0.123878026198183
0.0763682192169943
0.117435709491869
0.114859212665119
0.0944169639806172
0.0945924116450837
0.090473026650128
0.126883108314905
0.0821631858086032
0.083742200698591
0.0866071020058923
0.0891806191805536
0.0961268522167274
0.0928549173297424
0.11682739809034
0.0874642906445387
0.104275883771456
0.0985380693537218
0.096512145926111
0.123661691887442
0.154776261742767
0.112362104863208
0.146738740390342
0.083296010004828
0.0987771831556234
0.0918738832338179
0.0706787368614997
0.129317835744343
0.114583558102887
0.0875938002133877
0.0709014260316878
0.146582602028039
0.0897242845204904
0.133624956380015
0.1388834115059
0.0813588831128237
0.0831735888935374
0.111400856896179
0.116631445770075
0.0916110115804642
0.0842210078523777
0.093941775549852
0.0681779038755665
0.090640115039095
0.104750877099693
0.0734479867722262
0.0907823399696226
0.1100312068898
0.101994372814203
0.100413431897257
0.115565170491764
0.142020122095706
0.0814853757601939
0.126718167996883
0.0953854988806778
0.0740524743094545
0.10555862416738
0.107665782790159
0.0846663260624067
0.0779663272227554
0.122577564035233
0.118774376064664
0.123654784743151
0.084691608176222
0.0963468624286492
0.104578916529164
0.114934592972751
0.104661904806729
0.0975168408852715
0.122484329982901
0.0807363584634159
0.116689276664153
0.107565013346694
0.119519186675691
0.152895500779115
0.135596723377385
0.112297540865356
0.0961081073358413
0.131608877365118
0.138526619505945
0.0917802012153244
0.0934978910204823
0.112719603088514
0.128384864847393
0.086447537611534
0.125498160543205
0.116801974247873
0.108460040494064
0.109963667396715
0.0724686330457826
0.12356620390825
0.108018263042875
0.120249468336997
0.10946628416651
0.140911335770159
0.12147545899637
0.136267642123347
0.136234073025567
0.0903412126695568
0.0891193918141662
0.0898507592288827
0.115043716605418
0.0790632441850977
0.105008082692946
0.124412522306311
0.0959310887199406
0.125460260718825
0.0800823085691567
0.0705894864638159
0.0960488811261107
0.114950215481939
0.084028473818121
0.0816550088753049
0.0778713714420012
0.0863472384172456
0.10781214247999
0.0778227920305306
0.102444627043622
0.135320905201203
0.104819183236039
0.08768759693142
0.113320154893849
0.102774894064585
0.117596904184326
0.101201123265905
0.0768420232178557
0.0857734197436351
0.0933211007211702
0.119241437319765
0.101859501288987
0.115938047981767
0.118426186360356
0.146823378609913
0.0738192155563802
0.128977031865958
0.156813092104236
0.0985768148018941
0.104833322153154
0.141044055240239
0.103186425199573
0.163714982944152
0.105002611771092
0.0860165844593168
0.10003729548605
0.0907137643766172
0.112521022976675
0.104744142863349
0.0991958213014964
0.12009743357233
0.114165562546769
0.124157780487284
0.0766480904381246
0.101442036343365
0.117806296486419
0.111859393587077
0.0968328784834035
0.0792850543859975
0.108221583051239
0.066517163075925
0.095846218760248
0.0969297300304047
0.0928066113045335
0.0818825325709425
0.124177929407702
0.101814107719278
0.0779726434951742
0.128258543315252
0.0936776149970392
0.118654176345452
0.077000729894428
0.112518697690862
0.0961807361111541
0.0777790980766225
0.109950748367992
0.117755556796867
0.10610791211126
0.120577834468547
0.0746318053732538
0.089111538275494
0.0794341495851793
0.110039236454826
0.0904770520114836
0.0709342935487392
0.0962732194684766
0.0917809647838582
0.0889391919994242
0.0941405727534942
0.0912734712347353
0.115667978383767
0.0681206391429537
0.0845698376512489
0.072816196420947
0.11410724714822
0.0847167351250394
0.110268200035586
0.0670078731649417
0.0922911794988252
0.126916729422789
0.12361774963297
0.125630860461682
0.0907250715407768
0.0869708994809184
0.126132734983951
0.133958763852004
0.0783019972019422
0.145185833991419
0.108459575650778
0.113892578127995
0.0839525261677199
0.101395114318422
0.0963972294982804
0.0972173906877275
0.0918507377836226
0.0933539488805651
0.129293629109526
0.1146511134308
0.113409756790922
0.113031502796804
0.12389967165968
0.0631626649027156
0.116586581506499
0.0778077710182206
0.0748399313716777
0.122302624024872
0.102296639037798
0.0896783876688163
0.114878223522005
0.0874166892263625
0.0762985580737591
0.0871658684238645
0.0878721870779685
0.0854678477351045
0.122053214555055
0.108461509487813
0.120198154735046
0.106362186838753
0.0906099172036501
0.10111704062372
0.0722851258233122
0.0818764166080579
0.126206601919174
0.0892149906255638
0.134930302911732
0.0949570432794923
0.121207596994165
0.0866461297282163
0.090262163709567
0.0834978320015932
0.143803434799292
0.10313150618729
0.111906386134114
0.108325231674685
0.116779103387522
0.0968542643725703
0.0914070548169423
0.0732445746000808
0.104823393443897
0.0999149810956243
0.0888549902394209
0.0948123840408491
0.0902338534346604
0.0941949997769358
0.0784380719830667
0.113354092598448
0.0884784112747892
0.115194873965593
0.0891409684783322
0.070716209421734
0.122786406575311
0.116734086029801
0.125995028510605
0.0773894930494116
0.112042596155017
0.0912505356092927
0.0820829804220009
0.0883153329731347
0.130763412303536
0.0849362700533219
0.136649867233566
0.116390098081892
0.0901894829618474
0.141289169238842
0.118276928421321
0.098029743274379
0.0779127455070365
0.113389704009476
0.100260920265075
0.090319453463651
0.115057233973122
0.086226212303417
0.108859893275611
0.115658654987757
0.109936051303171
0.116990850962563
0.101242740947952
0.0801632898736008
0.0777366412245915
0.0773672004764427
0.108525394657592
0.121820299778385
0.0700261470765332
0.0638115235395556
0.10690838105384
0.0646809298009198
0.112490801198035
0.138736970619493
0.0829836152168794
0.0711330875335602
0.0981932136144032
0.135275002911539
0.123881079661449
0.105095226278596
0.11265004452044
0.0905238729083219
0.103827369195896
0.0811138815876461
0.11155940962018
0.0873245512832736
0.114977067881036
0.0782776271099119
0.0981477745941439
0.0805641470993804
0.0909472702182884
0.128194204504093
0.0980883527187447
0.141554406625958
0.100799367880955
0.112744844900755
0.103387754813598
0.106303444570798
0.105270866888359
0.104772723200432
0.092860603401819
0.0867891988253807
0.11398670936089
0.0845356469241395
0.144642196385248
0.102468552376891
0.0821329709259292
0.105501080067509
0.117605193333826
0.135082573642806
0.118352341107611
0.108632009717982
0.110770623139794
0.127119289892729
0.0823108268358811
0.109977624064734
0.0991353735378624
0.113225497428075
0.106666520947274
0.0765238450006515
0.0805023503021885
0.0972282723476713
0.120214419938869
0.0712646347825204
0.0842206160478793
0.0822629869207076
0.0954751671715972
0.0917207027105027
0.0887640734013773
0.0938358638500756
0.0818499305117717
0.104331505084341
0.100390537272844
0.107527056307129
0.124765514736063
0.101753862451945
0.0733023532748099
0.110949011692497
0.0844673823632886
0.0823131870456611
0.0874503562951705
0.0871465334145538
0.11964031371816
0.0947032571206703
0.127515311779328
0.132825028428564
0.081771882114887
0.118313731062149
0.0803394191894508
0.0750441241198529
0.0970204556721307
0.121119836734025
0.109280198897449
0.118625899980863
0.0901602021141287
0.0637945103507051
0.0791904321052232
0.0962303489478297
0.107539892471695
0.104393767127555
0.0898439651482261
0.100203970748236
0.113927887772168
0.119940466028464
0.0918419785365461
0.119590411994243
0.104001962910702
0.111316503533023
0.1071514519787
0.103105540415589
0.0922159992148109
0.124213469335951
0.0888197445809551
0.0906371174884011
0.0899435017657514
0.0953989186690365
0.111480518379884
0.0686338392658986
0.101848342904863
0.10294694559493
0.135963674674229
0.082782752234172
0.114926713410125
0.143690918998463
0.0947872818673143
0.123078307879965
0.1376100300747
0.0968383250742772
0.0853250955308342
0.0874971046089857
0.103626445080314
0.124871015197189
0.0966796795608558
0.106092313282269
0.114355193456363
0.0892458927928497
0.102726658534551
0.0912138526987902
0.0894926594018015
0.0780647558144482
0.0835727976026908
0.0856965689664689
0.0985797764610676
0.106018876095773
0.078095925983996
0.0800698818595142
0.103265257332014
0.0783395896729473
0.0971537167002687
0.0896206828997753
0.0943319023598172
0.121282926460168
0.0606815521048903
0.124186110823282
0.106163115610584
0.0832014823506474
0.0892478753291513
0.104548134471815
0.111035926285206
0.0733885593466419
0.0984585408310519
0.0919461863193157
0.128432171838738
0.0651881931932863
0.0980551081289037
0.0920923254686022
0.115296578916806
0.0858586921299896
0.114517908020566
0.114076880850132
0.106032923334534
0.0981838656972444
0.0709792622247591
0.107175505641499
0.0687391465285161
0.0872975215580598
0.145129308511935
0.132604974040544
0.0819242245167783
0.10816067400349
0.0951326573858779
0.104508760304946
0.0950234014461008
0.0815395474418177
0.0878555137138725
0.131262085508469
0.101364415978856
0.0831013981415643
0.116870045217648
0.0815639766673704
0.104703999210136
0.107667910902145
0.0957827064543764
0.0870139874195002
0.114478367602431
0.106874433446588
0.0953593058459606
0.0707861462657247
0.0785899064615719
0.107086713967414
0.0942740062475274
0.112950211989093
0.11341159576149
0.0910353204340685
0.0952115726562612
0.0902845906068917
0.101166999110086
0.11638143167208
0.0712665997441379
0.076397827294128
0.0976714866417416
0.111562709601872
0.0817670435810843
0.1094175675683
0.107838493087885
0.103589541050841
0.100303903842515
0.0994616852748222
0.0974779098987145
0.0847971794380289
0.0879378718552192
0.0905805338406331
0.122015711614111
0.0833963041288843
0.0982509029940175
0.0949163023062173
0.0765379199762831
0.0885501695490936
0.0904541378081847
0.0655458017652518
0.111733392509364
0.0968533677779949
0.138515620719214
0.0955563422100413
0.103726301274241
0.107637751717271
0.0950262425715637
0.0907613376020011
0.0821262570171881
0.0775945485198303
0.0721894619841123
0.0897019535727326
0.139352312305798
0.108820590865102
0.120566187301102
0.0865308318081129
0.106458601471952
0.103451912599898
0.109411436764209
0.107209009393214
0.108762098281866
0.0855178073124396
0.104619956669396
0.0995343092306183
0.121844485314681
0.0952181656687597
0.0942374735800571
0.1215225255069
0.0985948231610522
0.112924899515882
0.116797351674628
0.077975119918952
0.103687213318111
0.10829413614343
0.116944681123681
0.0659699798239234
0.0812348152977659
0.108256779745859
0.0830542136326821
0.0873906473877163
0.0936309995375232
0.112114007186804
0.083239816159425
0.130499599056262
0.124012439545092
