0.17
0.0927317969212396
0.123576475260211
0.0952268644777074
0.0685114237104282
0.0880584792182076
0.073974669885887
0.0609182364018389
0.064304045036301
0.0763248122281957
0.0788464778854814
0.0684930775551385
0.0653422796785236
0.068791871908239
0.0667679571199652
0.0773716194554591
0.0846122821131896
0.0704297600647554
0.0728805889087287
0.0560863044000826
0.0663932248489941
0.0677991400213247
0.0819848727833368
0.0641857815751831
0.096491989334417
0.0832583824893943
0.0702385625978018
0.0672692889656386
0.0941785097527037
0.0647301897354791
0.0675411907618771
0.0763766291130142
0.107178819731187
0.131977943475048
0.101618411306432
0.0620036113126713
0.116979506495204
0.116679226656705
0.0790180929597899
0.0683240308940076
0.0769508121435909
0.069403931965172
0.0859848481093622
0.060705734331687
0.0728614759995389
0.21445573632719
0.0596896745848545
0.0878026107122317
0.11631131640069
0.126765014872665
0.0772176828231676
0.0696250851206462
0.0694385161546224
0.0662425898929592
0.0780968475293769
0.0696679696685111
0.0680538157618317
0.068492630108035
0.0714483655288602
0.0885437115982511
0.0779956063779874
0.0707495318345494
0.104424080134367
0.0636673392295056
0.0700172931816005
0.0884597713972598
0.0808440700743569
0.0667041470931945
0.0864129589575899
0.0765296792106747
0.0998326947166282
0.0754652481758089
0.0731158121329305
0.0675374815358921
0.141258490376528
0.111863726446898
0.14743406308665
0.0568134744257801
0.120850914266827
0.0738515335265195
0.0819689727075536
0.0825255876318251
0.0644498491127658
0.0685081603833336
0.0693399466856228
0.0630410221736693
0.0701391422047325
0.0817153235274652
0.0802732469853101
0.0807402928334149
0.0607963688820719
0.0869962938496805
0.0713318684632452
0.0650713626890541
0.0717769715689315
0.0636354822901961
0.0695413494836407
0.0730610488820407
0.0768192351704412
0.109310880165432
0.10633357873095
0.0658283085022943
0.0676681237613992
0.0867427549363035
0.0706714268877769
0.0641582576509523
0.0948344497557165
0.191807614699659
0.0760226566862998
0.166665378915041
0.0956059395763957
0.102673088023006
0.152339151113011
0.112928854871657
0.128867195714889
0.0797001863539748
0.0896216954045312
0.121083581428975
0.0717962466688378
0.127344838407534
0.136873835911453
0.121242234949021
0.0650888562556172
0.0658452333255334
0.0889234722631832
0.0760497799338425
0.0842397907326255
0.0589680934640641
0.0678959555612352
0.0727107825014924
0.0713704058597953
0.0744963959935122
0.0662878421962828
0.0779055797873715
0.0978673819564171
0.0708393538309495
0.0656522245487646
0.095135938101385
0.056049754182909
0.0759972133986324
0.0735077025511316
0.0641623807952287
0.105779633480731
0.103823033721016
0.0719774054703083
0.0789975411312617
0.104008377873859
0.0622449300884377
0.0687246749296874
0.070943732542965
0.104486476695953
0.0854625847553409
0.0925601641778493
0.128870026694842
0.102151055053995
0.0808763516643034
0.111283508434486
0.0668242348174143
0.100825483676938
0.0568275244169627
0.0669849190896182
0.0926586555076451
0.0734693253818888
0.0698955466131739
0.0844880219982782
0.0710716962527466
0.0587781537248976
0.0538994490084882
0.0607259141389457
0.0615416899631
0.0631443431203147
0.0876496566004847
0.0736389678280939
0.0608421877052161
0.0748827520445455
0.0926231000445963
0.091244785672774
0.070464986439323
0.0694219177423315
0.0749186237547411
0.0699020223602331
0.0627491117554338
0.0982257316679348
0.0619890072229905
0.064371522570945
0.130798748021725
0.101870350412143
0.0857483788777244
0.0657356598299565
0.0654395753787404
0.0850571060813077
0.0538706544216836
0.101142349388121
0.0911940956501439
0.0731502582120044
0.123275811655494
0.0743237321677285
0.0714704187043614
0.108805651594416
0.0830265242135218
0.143373902012238
0.0702296638654589
0.0920506789939243
0.0587011617005703
0.102764670713216
0.133087820538354
0.0869932441757349
0.0804109734943581
0.105446264085863
0.0995068913070273
0.185769821392246
0.102659912691362
0.0636535737821364
0.079961135937559
0.0660000970735987
0.0881285477363846
0.0749087399203861
0.0858513693105949
0.0837542542224383
0.0607749006051595
0.0705615730978651
0.0621987986387853
0.0809234790228072
0.0667250657718729
0.0724488060655477
0.0703896616330623
0.070943071335549
0.0937020292819004
0.0951788745592574
0.0704281930674978
0.0633424543083031
0.074198369652136
0.0670141436078987
0.0617159097960006
0.0724605808206597
0.0631959406754418
0.11617653744144
0.118593215026935
0.081922781413706
0.0814137842392342
0.071735141299137
0.0652767379545709
0.0556499533666125
0.0627811279182804
0.0762747454725796
0.0614353454384859
0.0622876771017618
0.0708780448959904
0.0612104054009518
0.0643423027622795
0.0894886478196657
0.0691103232065985
0.0661605973884872
0.0597572829582278
0.0678021713463195
0.0626184883977572
0.170594916201402
0.071036510299346
0.119602383957623
0.0912177051783716
0.160996113204786
0.126388553376689
0.062105376877667
0.105431938955743
0.125082088244303
0.105428485641779
0.103066088384666
0.0793149168542716
0.0577160482942035
0.0675782353843795
0.110722120806757
0.0669251888653444
0.0803505446328025
0.0838139211597171
0.152917606494659
0.104762759606648
0.0949663182656268
0.211483681731598
0.0868985994503572
0.155641174016499
0.17415722957347
0.0581331382986996
0.0640640181765756
0.10288550387232
0.149130888476233
0.146152913508092
0.0991414965765143
0.131001573951124
0.0948392475473883
0.098459948375051
0.0739624920823052
0.0675092979349071
0.114366447937742
0.121099085173781
0.0968368660506348
0.137690730615066
0.131586944274073
0.0772655375305929
0.0935950726995111
0.0772875688694498
0.0729106795587978
0.0812923601640014
0.0622427821029569
0.0609351174271316
0.0749535736779001
0.0697895736341645
0.0735064947235028
0.0665620466119839
0.109187807752079
0.131427476555656
0.064298020489675
0.0613199704397539
0.0658351418861729
0.0740155718486788
0.155983172216861
0.0671793722116921
0.0810132559976741
0.0608058837900615
0.0863760040510213
0.119815391148624
0.0692858800281479
0.0793738782511188
0.0661581645786305
0.0638481815560478
0.0750705364739011
0.0911018654432411
0.0621896907374844
0.0674515850103821
0.0725829121618524
0.137432828463212
0.0646816678223171
0.0712664167866513
0.114028635296228
0.0667617941879834
0.100957523374805
0.0812503139699875
0.0610791915291109
0.0624196946531453
0.0791747386871292
0.0754061859958186
0.0882038169827673
0.0930409999271469
0.0826360468609425
0.0773494078634805
0.0997476071103786
0.111974612907308
0.0602280799230189
0.0653699058836015
0.145809467031468
0.0738445864887367
0.0640853390850804
0.0664114603694542
0.0744035972222695
0.0880512292978598
0.133024347990378
0.0642141364236576
0.0769108778797198
0.0595968206146161
0.06116970002155
0.0602627370422129
0.059562883475996
0.0743591541285197
0.0899943152368354
0.12493919331891
0.0891211900985687
0.140680126199209
0.120236400481119
0.0880032196285654
0.0869789845921917
0.0673208641589946
0.119478579179142
0.104452610456814
0.0824891205040432
0.0900983764031505
0.080712462491468
0.142730790221825
0.0916989824164194
0.231754047105331
0.14807546785811
0.0657203988006101
0.0805126253907782
0.0949098444658599
0.0949330957514619
0.0946746765191011
0.112976810765491
0.10386487333072
0.106545470105981
0.111589059773812
0.0646611028449661
0.0736046987609892
0.0741669707899779
0.0728920064992075
0.0887430179992893
0.06182366883737
0.0951287308559124
0.073633197751235
0.0690826684073954
0.0598282796555727
0.0588175265559833
0.0557151868165929
0.078643845159664
0.0616778972021556
0.0740790904063752
0.0644014636258206
0.0806153176871204
0.0915891492636797
0.0720649100386078
0.120847056397821
0.110987939923618
0.113798242928654
0.092095416943181
0.180063264622906
0.117638477142893
0.102780942588182
0.0949222597276722
0.0705578700182457
0.0923607112128402
0.0718589128273915
0.0687766392341757
0.1313840315461
0.0669591054412603
0.082412536141924
0.0676270481795064
0.0759116506151407
0.057997256950666
0.0853587910684684
0.114819814251009
0.108827636806327
0.0685795437163519
0.0785718267749718
0.0568087541395476
0.0734235539214234
0.10251175734225
0.109847729873236
0.0746281405062997
0.0955786394391683
0.0948534454087383
0.0720310604097385
0.0568771260087977
0.0929831749002834
0.0756125360364791
0.0663439415837488
0.0670504759438015
0.0611422927424186
0.0786236750601601
0.100134879439816
0.0795748426231803
0.11983733686377
0.144866854821794
0.0788181608451715
0.140345945205406
0.0806676479217429
0.0773984246957968
0.0749322217483119
0.0624437541410181
0.062644714240067
0.0743124503720719
0.0697525654546168
0.0620091197433431
0.099279607387655
0.120281924005106
0.0864830915695567
0.0723381993145289
0.0768702305408559
0.0866302430139915
0.0723826607183801
0.0805238278220004
0.0800034307491404
0.0851463526583957
0.08970702842336
0.0804595656860514
0.0692503846085806
0.0715075470523319
0.0695161380374608
0.0629599214269552
0.0794655598100093
0.0651502528367458
0.0861313847445853
0.0813718270252397
0.0734245166843546
0.074127687047938
0.120483621661538
0.0694894999962652
0.0653390268513812
0.0633998810424225
0.0711892914071745
0.0678031128828222
0.0757918977065059
0.0669379408580377
0.0692921965152803
0.0669918548956846
0.0619347714615535
0.0651659753656059
0.0767817650372561
0.135231055841207
0.0739534711386797
0.152836764166744
0.132533506994449
0.0609561895111686
0.0550921373030286
0.0634614588794923
0.0654351597983343
0.113589844128573
0.0657311551508414
0.0700698335130435
0.0721959805534537
0.0611662054893316
0.0656924647846227
0.0720272834255898
0.066218087178377
0.0738030252297924
0.0763846680014599
0.0654893298800786
0.0567856047116618
0.0845858226718282
0.0611647886150064
0.0568781621763443
0.083066786530474
0.059745064488765
0.0891119945043372
0.0679683623498587
0.0560389431993172
0.0931108216938971
0.101018763409249
0.0595319903042679
0.0928593774734696
0.0709692684592172
0.0750149725613621
0.056260823648884
0.0645410129947808
0.0793280640527869
0.0610676494958524
0.0666014315726269
0.0734661686042252
0.0637799044520371
0.0852679933457672
0.0683386317121708
0.0783320141837953
0.0589371870722556
0.0702041696144613
0.0652782833114176
0.0670537646018362
0.0548331788037688
0.0742656826499994
0.107958133547714
0.109900311299042
0.116076621781233
0.126519477253001
0.0754819950935146
0.0596110193888987
0.0866827813924869
0.0883621987375914
0.0643552382256012
0.0712504941895547
0.0636184709387858
0.134726630496296
0.0858928644009785
0.0645765545455199
0.0746536304766654
0.075527076773789
0.0832375915488894
0.0961554635023307
0.0782638203718328
0.0707919900002271
0.0648439357284959
0.0634152992375616
0.132584972751929
0.0719584799387216
0.0630271827049586
0.0550060814390016
0.0633613877105376
0.069091964630475
0.0849959257912962
0.272320946361499
0.0730903578406431
0.0660042789156458
0.0758704803219488
0.141330003764051
0.0919646891178649
0.10693389666066
0.0717157952495418
0.0975150118555982
0.0809348348527146
0.0597552823501958
0.0788565659668525
0.0591335007069311
0.0721059189115277
0.0871831887365524
0.0740478009843842
0.0734732019005596
0.0757602368785974
0.0631723947098833
0.0617012039503186
0.0627611801845186
0.064161221820372
0.0638850388001098
0.0780487063166009
0.175327939074844
0.10053286606457
0.14034358404642
0.102596635832694
0.154741566790017
0.0793953791025131
0.0851594600785928
0.0803934516346924
0.083921450627926
0.100001537034398
0.0661896470672085
0.0590775167639959
0.0869618779441771
0.108117131429798
0.086526515074296
0.109196731940711
0.083171534112967
0.124220319801014
0.115656605398622
0.107934355346138
0.071903090028346
0.0851093192244878
0.108922091005062
0.0669196247385655
0.0916417556722552
0.0654391851845383
0.0951517486175322
0.14939085237328
0.13269438794617
0.0945584991198644
0.089297667900173
0.106792031992723
0.093123041164649
0.101788422241074
0.0837235834827958
0.0549102684309923
0.0614426301873241
0.0628305764024172
0.0744299608926713
0.0984743160541719
0.0935837233428535
0.0723489672064866
0.0883350534681585
0.114452808006432
0.102296231544577
0.09505389055827
0.0911177333916017
0.167426933367745
0.0725286974028204
0.0725074650704646
0.0714589876138319
0.137584723856475
0.0886336664192666
0.0811780439902204
0.0884828307268293
0.0617378873678458
0.0795391529341687
0.0634191183707687
0.0675098440715212
0.0816954523582191
0.0895463643355999
0.0650626076490714
0.0782554420378171
0.0680759959519651
0.0728754369914189
0.0910585835811528
0.0844714239154485
0.0965621740477025
0.0846541599302413
0.0978757726211203
0.0804992186820366
0.101834992310415
0.0925311530955762
0.0960089541985024
0.110191520216035
0.0576732164843463
0.0897031186758239
0.0953524310539998
0.164126349640303
0.0885326977113869
0.0657098001015504
0.110334214582293
0.0928138737758639
0.0767708071140811
0.0713392082749297
0.0669828841547795
0.0815088789024944
0.0820166509910827
0.0661077552575452
0.0604348565222571
0.0601118173259503
0.0751898256165346
0.0862612547985587
0.126386891439849
0.0683212043679434
0.072483663393336
0.0636456257100371
0.0609777261799899
0.0557553388026737
0.0584689710914289
0.0838572446415897
0.0675226053841358
0.0648222566830772
0.0716270754280356
0.0766934350069845
0.0586168111760703
0.0828471023614296
0.0731611730503644
0.0617896963535373
0.0626896792115411
0.0727731288262024
0.0808440551950239
0.0724910474215081
0.179435884498567
0.164844525101796
0.125022208339702
0.0715837327368664
0.119177991869172
0.0605274416930494
0.0670708478678464
0.0633959508090248
0.0726092891692803
0.0779009966254768
0.0854712157052762
0.0652357522737029
0.0656565473887369
0.0655257282550267
0.0702237732768289
0.054638629825482
0.0945066194614954
0.058673904322398
0.0603118184518448
0.113423223338402
0.0669018290494371
0.0653234287986659
0.0770565953684759
0.0658892762388044
0.105302682305439
0.112532611676666
0.0814536750777089
0.104103839781773
0.0691086710369443
0.0663020182455398
0.0605082806555588
0.0618373169567594
0.0585923419867167
0.0707084842275031
0.079428343761998
0.14164048335523
0.116749270681041
0.0839785140805691
0.0794924037346622
0.0677725264319306
0.0809528941416597
0.159766448330311
0.13480733438553
0.0647356722996438
0.0753626900755562
0.0718443965887225
0.0588865874809523
0.0678308746321629
0.0709339270255738
0.0561967061307577
0.0630882546195867
0.0754679401875353
0.074047741544005
0.0668210082412728
0.0627599407720555
0.0635528895210885
0.0627945850387418
0.0685158608715312
0.0971204647172745
0.0975499741444772
0.0935114627582014
0.0706931709337052
0.155744867654986
0.127547806287511
0.079888657775859
0.106332531478433
0.137620276716249
0.129411728898011
0.0964094958177948
0.0716179461047445
0.113426904580938
0.10618677491769
0.11745627000241
0.0643225578603818
0.0803510543809651
0.0653581010983954
0.0640113855741072
0.0774613759402067
0.0728873880603604
0.0569951362289615
0.0635590831344276
0.0831922784086981
0.0722790892943033
0.0683307276038051
0.0677082586942369
0.062417962741655
0.0886172024709142
0.159652282434351
0.110186008685606
0.0709838141493324
0.0701732566949895
0.0791405594666588
0.0717203959932596
0.105293198891486
0.123779813086453
0.095077283136674
0.0647388635822225
0.0618796431828727
0.0630910553865845
0.0812143326583029
0.0667152669572895
0.0731866128754606
0.0595824289349404
0.0559257172404609
0.0762845052182807
0.0761950604849184
0.0981902400936268
0.115179969767855
0.180634191654292
0.118958309256274
0.110394195233284
0.0567702766225311
0.129876715336846
0.121047186710345
0.0854890971883223
0.0764729123373447
0.0596889228191736
0.0606128443905316
0.0913726066645433
0.057552114705715
0.0534272761537609
0.0708903639054677
0.0668361051369965
0.0784100182032449
0.0911818994889315
0.131461767918842
0.0573427517432668
0.0690330875273265
0.0853181148495106
0.0707619475451776
0.0744315342115595
0.06742596696552
0.0716625402350759
0.129272203832349
0.122504065869552
0.0812010840955274
0.0852906743547496
0.0605439112914493
0.0635944377493619
0.0630013947767366
0.17059819553331
0.185964664874082
0.142998075231949
0.080058780796108
0.0941903889474772
0.10033311616177
0.114829448962734
0.091475803335132
0.0921592105956036
0.101321485289854
0.0704201367449434
0.0837217478382681
0.0636801982765227
0.085248493616917
0.109339616273785
0.0697005549262341
0.0942724927065839
0.0821981034509108
0.144406942326188
0.144796035313041
0.117767200596311
0.136064770911051
0.198836362308031
0.0836114386947952
0.0562625865288393
0.127372731235655
0.065505579523977
0.065692499549015
0.0588971559745519
0.0715699248527803
0.0876815783364314
0.0653657361291559
0.0692076755308876
0.0689862174336787
0.0624808797866515
0.0828825462051624
0.056118230822689
0.150264663216616
0.0650525704654959
0.105706969572989
0.0714712848512343
0.0969879443963035
0.0957817289015095
0.0743849483451309
0.0651341078042566
0.0622795260749403
0.0615480220542448
0.0710682461251716
0.126736074016308
0.085311656174346
0.0839335019990902
0.0568331029015958
0.112389722525324
0.0765155886626514
0.178044331720023
0.0857982135431956
0.247196780386202
0.0745508812473205
0.0782056436609459
0.151146498346362
0.112705249570878
0.095878786785415
0.114381810949316
0.0712763109155488
0.0663277606010107
0.0656913682118109
0.0694361947008402
0.0874199030739342
0.0755641018598736
0.0764970389761645
0.0691750248052278
0.103230797692264
0.0616787775996764
0.103872024942156
0.117263600171676
0.0817859036600292
0.0711823322408613
0.112491640670514
0.0721807543413722
0.132933793994781
0.0689590770053192
0.0999165643757317
0.086444060988949
0.0663683745160864
0.106952603930325
0.0538744434727213
0.0677842904786342
0.0910315192838115
0.0739747891024732
0.0608679459991645
0.0687575384559817
0.0709507943678906
0.0984482786838358
0.136004060794283
0.0723839099542897
0.064570936349162
0.0683960317769585
0.0792907315651295
0.114928547858146
0.0756905876079092
0.0751328594369555
0.0662720180275911
0.0790466020749358
0.0726185593638705
0.064503468338385
0.118419397344436
0.0907059425476003
0.0882235909072791
0.0934254317087977
0.0574178522034569
0.0697542091025297
0.0696397485263128
0.0732898512937297
0.0631911329314275
0.0863377197574782
0.0654193992999829
0.0647730564019517
0.069580351212592
0.224696951728431
0.14448625416991
0.123517041762062
0.0868531357831592
0.143893487090938
0.102616301853507
0.0961226268169476
0.0835357537761136
0.112390246614595
0.158180136159174
0.0821462980669173
0.0931826400623451
0.0752565484809066
0.0617482996967441
0.0675484413906237
0.0587885084831296
0.0677335849774577
0.0675064674785853
0.0749930718717524
0.0778662662899861
0.0658725543372706
0.0686182746434099
0.0535685482372401
0.0807497056821987
0.0886543885715654
0.0668073739592467
0.0613025189339818
0.071503255533427
0.0874343438420833
0.134130466767517
0.0788467621864458
0.0655842056066011
0.0795465142570713
0.068776952701191
0.0662085439332462
0.0814457612760526
0.0881477144489706
0.0637192732662763
0.0826022295932304
0.0528771510415545
0.0625854959623709
0.0600023206472424
0.060364172145765
0.071823229979617
0.072221987308378
0.0698911236384643
0.0600908655281663
0.0663092717693571
0.0688072979010384
0.0600869123623343
0.0778990721819309
0.0837052646985841
0.0750943383102845
0.0627656928293266
0.0704099311264708
0.10864856679996
0.0969954380164498
0.110407374786254
0.103797491606605
0.0795582737697058
0.105267779410361
0.0827309210536485
0.0597526596085052
0.0615484835312266
0.0615291914450264
0.0742981542847507
0.0656015762999392
0.067376896319716
0.0543122719614066
0.0730608576615844
0.0648728655471074
0.0617426564740998
0.0647315559830042
0.0985903478644064
0.102638511124924
0.116462915635618
0.0537417872278368
0.108665419342207
0.0903811167494919
0.0635680736945451
0.0547174091008376
0.0890799784716995
0.0855097256512685
0.131888942513721
0.0840372004546472
0.0800789718715423
0.0766787752076895
0.179626322271608
0.0760509230058307
0.0572790430482528
0.0793548452636672
0.0880829308974262
0.120437580273209
0.0946348976613618
0.0808536391439349
0.0639910028608181
0.13115421655853
0.094720805186594
0.0905057834813465
0.0798111319707431
0.103849184296354
0.107766451905195
0.16322504989835
0.0643826319320151
0.0727669179228933
0.0581105663196234
0.0624794298753415
0.0781815994246818
0.0680555508487894
0.0667667503146439
0.0691086093545563
0.0861924227475455
0.0713740823839171
0.0728899913849211
0.109988290695468
0.0904145929426167
0.067390009114006
0.0760036761508124
0.135437040579868
0.101674373313604
0.103104304616914
0.0942838799890747
0.164022603287343
0.0801355038925796
0.0806897630196517
0.0713387904753258
0.0567702357865529
0.0817087197661453
0.0740276786620194
0.081463063685421
0.0713592944118719
0.0690002133676875
0.113669055260687
0.102158852560873
0.0779067347681644
0.0863900657952429
0.101656678088391
0.0998089286320711
0.0643343096981194
0.0939146952241972
0.125183591385139
0.0839777927462794
0.0810546411812908
0.0720080249745445
0.0921294695569123
0.113221224609363
0.0702599682971804
0.0918198361330411
0.197095341533708
0.145931176152329
0.119881481354014
0.102977545559539
0.112981610664449
0.0666763163731819
0.0687421447415624
0.0898800269636425
0.05520594225068
0.0703117248226901
0.105507053961909
0.0798549760972645
0.123947734421909
0.18236694873468
0.122612961508503
0.0658344396180232
0.0679424880956054
0.0753655262017855
0.0670518802030036
0.0600892218609315
0.0658821449295928
0.0613033950452989
0.0852293828776597
0.0586760674316428
0.0659127524715469
0.0607026985399966
0.146294408453494
0.0925897523020919
0.0920709396925875
0.0814976187034445
0.108086867772376
0.108111758333738
0.0572833002876017
0.133109969390416
0.176506999980131
0.0695408967906481
0.0637152366736358
0.0638317336394989
0.123241468618792
0.127732446356892
0.0743506553074845
0.0762282713984242
0.0820373470953209
0.095358494129372
0.0812075084250442
0.0649001586131937
0.0558922637926386
0.0990596171429335
0.067255660558797
0.0789656266773052
0.0643737085563075
0.055633467790991
0.0654610415012433
0.0653816735775348
0.0745688627106333
0.101341891353982
0.0686841241496619
0.154945813679398
0.0899164122969056
0.0625844581528981
0.0733861070415136
0.108457700548181
0.0922673808243868
0.089282256075472
0.0696341323090467
0.0605620407212097
0.0584342677953334
0.0773216530707864
0.142260112395961
0.0559553866747158
0.0765514194607064
0.0621003651433332
0.0661899273112493
0.074847913586794
0.0734927056366421
0.0805564560890145
0.163793960966305
0.076898981064058
0.0604314616054283
0.0722246576962273
0.0689311051690184
0.140757145177487
0.103493494097962
0.0552913798101114
0.0819934367805479
0.0640545184601867
0.0681157795204903
0.094240495361292
0.0603189058424131
0.0749191566679508
0.152615519753827
0.113777333427336
0.0616619828780197
0.0924139769380378
0.117152932070993
0.0683059869510598
0.0941280503862659
0.052653883557239
0.0640199017557892
0.055270843501271
0.071020687353515
0.0930082920040893
0.0756664229785768
0.0568034147476353
0.0900328424503088
0.0586583227560263
0.0599321029918761
0.0681274490817591
0.0662532907747059
0.07199672572078
0.0698412869713765
0.065998254261992
0.0567840642767994
0.080342937502356
0.0677598101661202
0.0572449940131509
0.0680728580222628
0.0612170338332121
0.0954597479168539
0.083722951612091
0.0668157642090311
0.0765071687499859
0.0657201138801926
0.105451758763176
0.0826642654020854
0.092324072082506
0.116750205686827
0.111784416775328
0.109527572719416
0.102489616339971
0.0660778862941659
0.122610549141239
0.117613935331841
0.0702344727571452
0.103400331842531
0.0658355952739922
0.0900112787647023
0.169259400077518
0.0620117750906054
0.0733774806598574
0.0681887415493958
0.0925267118135795
0.158664504592002
0.130109274059041
0.0874703171207154
0.096495745203153
0.0755712804276462
0.0728369482596945
0.124863944779679
0.0753456309569061
0.0573535461169825
0.0567780943826331
0.0896390821048851
0.0768699232028562
0.0758646313095475
0.0713954658463497
0.0741917285403957
0.0729379595351319
0.0938877989420065
0.073421609563092
0.0858929932919161
0.0934696478174971
0.0682082822520734
0.0713293909483385
0.069840439072485
0.0750234131495999
0.0655223386059746
0.0801476706365978
0.0753412499154818
0.0758435889772312
0.0959666287872993
0.0781323953228879
0.0920901319465124
0.0894162257931228
0.0822714568902952
0.0617383495685595
0.0609054116481762
0.0827318696669456
0.068114730092562
0.0766177922499535
0.171650480922781
0.112477470192805
0.074021596502309
0.0627429836208159
0.0812304031984532
0.0676883538219389
0.0628095511093051
0.0699064875084449
0.0720369029707585
0.0624197998039595
0.066269564054898
0.0572900573175425
0.0573513866753627
0.0755547178518309
0.0689520787106297
0.119222583819077
0.115829097020275
0.0703921288806411
0.119019813471047
0.0689626947275115
0.0630252981210027
0.0812754452934743
0.0540521527126337
0.0554144672161463
0.0604964030134986
0.0784915778783125
0.0581708968377748
0.0834191937085324
0.0631632548052293
0.0731723350139699
0.0609337488306194
0.0586313132037537
0.0605434991422074
0.0700500399896895
0.0611646110754718
0.068551042852899
0.0640600040448663
0.0597186464754543
0.0707387922530609
0.0599206842691756
0.0598551444518054
0.0799944113650977
0.0663015439471329
0.0893590057500761
0.0681349975720434
0.0640342499255158
0.0597211348893261
0.0834591976926165
0.0595071840620432
0.074921190710527
0.0653026812414794
0.0677272705795096
0.0581322584095755
0.0669779538859045
0.0651192496717157
0.0814419225251307
0.0635903933150529
0.0617051080170536
0.0629934421613043
0.0576904394291764
0.0608289055521335
0.0595177237340999
0.0688958730103674
0.0631321184634807
0.0763677229072146
0.0585932502234747
0.0857525739773373
0.0698352757484425
0.0633097835366689
0.0639128104988215
0.0665960309409693
0.0624224564171883
0.142402640937802
0.063956506471781
0.0630989762865524
0.0601688872435363
0.0604203528194789
0.0658413215073831
0.0805571868662003
0.061370689516412
0.0714921442405912
0.0710655084280442
0.0627430273891279
0.0601269423052061
0.0773698300933135
0.0700925376149757
0.144575367097602
0.0834265473328882
0.0848364956531382
0.125419235380996
0.112865885132783
0.0885429703376878
0.077311290110605
0.0561530781263931
0.0669212050490324
0.0812739638394838
0.0901621153112156
0.0962118685530302
0.0710416687922739
0.0821032282230362
0.0625391990445516
0.0715426750841096
0.0568219321011049
0.0908993158804332
0.0832827700776594
0.104563318794131
0.110664762839937
0.0855724256418015
0.0974258871150238
0.070329581050886
0.111474094705059
0.120125495395698
0.0673789348543266
0.0845907966932017
0.0939296441312908
0.080506527479706
0.0951759133362008
0.0716477272751074
0.0945341121676147
0.0704896790758658
0.0573977904368205
0.139189677973029
0.0813537511155308
0.0634586041044659
0.0602302356751548
0.0940557211879886
0.0577420711058281
0.0770881805823386
0.0726674180499698
0.0660430105886444
0.0614388425341616
0.0668855504031726
0.0686088583414466
0.0698562494036495
0.0740651612670323
0.0766367092078232
0.110044848301102
0.116029948952558
0.0585207550117766
0.0546830516227931
0.0658231032257907
0.0892132367453493
0.0881288239059083
0.0667977214781301
0.0578647109231651
0.0785801947741274
0.106696417025338
0.0745860043247694
0.0735707322322349
0.0705246384802679
0.0599863558851901
0.0723789292887755
0.0638541049799487
0.0612904187311982
0.0753825156581276
0.068106072844689
0.0726537245129311
0.0801434821090552
0.0744642284511353
0.0542162800008064
0.054932670790536
0.0616756629338006
0.0813567685286483
0.0628268576399784
0.158159284280197
0.0851427431047618
0.0847141871520357
0.103722457475303
0.149720558179259
0.0974216257774067
0.103248611516843
0.0876234219059577
0.0691107446405842
0.0709634001561731
0.065261992333813
0.0611743921050868
0.0562780362219286
0.0658543137204241
0.0592377559030004
0.0615666966811622
0.0781839828837741
0.130358129155662
0.0770140041672158
0.099533180646534
0.125534639901579
0.0870621049452321
0.088359673087212
0.148980106437859
0.0890793332352391
0.0865841878807924
0.10266722896726
0.0587984146461373
0.0991016228049272
0.0793790359571986
0.0671591272248985
0.0935268435569703
0.173908086664578
0.0717134426772017
0.0593217583627887
0.0720978136489767
0.0769662168714212
0.079481270023937
0.0760868649662589
0.0728018723483999
0.0572206509475725
0.0642987750217954
0.0691112810846161
0.0935252744874576
0.104819057749209
0.0580738181393806
0.0868386109898044
0.0858942247734112
0.0982788966031417
0.145098568866414
0.138560045879509
0.082144115901466
0.0718844976270363
0.0671910803317234
0.0896818253928018
0.0610622373220636
0.0710323326509728
0.0565747143517388
0.0590741703079892
0.0740348037873009
0.0697896148933719
0.0673452995276295
0.0708967490630525
0.071098710637394
0.0786366416698463
0.060091089588377
0.0781192908427281
0.0779873857306683
0.0815410924884773
0.0756838426389566
0.0630544182816379
0.123929484666555
0.135436161660045
0.0732299835755134
0.0876583632583137
0.0789701106985837
0.0667360471597486
0.0581572386775646
0.0760046253536842
0.0837373255514159
0.0657323659001287
0.093126318037582
0.0564590429955381
0.0554877446150916
0.0760661218872729
0.0896411695121672
0.163037490259312
0.116968296335384
0.149906155958751
0.126070254572414
0.119327713223354
0.073405038902891
0.0947589729501395
0.0683601937862874
0.0627948338644913
0.0793423437762747
0.0774857541532484
0.0914455633190101
0.0676087767141049
0.0570395939379936
0.136654300532289
0.139283018424905
0.138160213779338
0.0817626024618101
0.0826958962513832
0.0970951563132094
0.0757218057597259
0.164881908188605
0.081675562299751
0.149634261094182
0.0738920384086498
0.0658436388104311
0.0704360615831004
0.168716544048513
0.14868679317652
0.148606577693362
0.0907062819999583
0.0589149229703314
0.0562375209286214
0.0562955628932532
0.065618040849419
0.0793416926414772
0.120490956473188
0.0550271265724941
0.0817031535543357
0.0771274057124787
0.0644508443625942
0.0827067432489062
0.0759388760890604
0.0625566968943502
0.0806327914569184
0.070200611041022
0.0758041195737009
0.0631408652179854
0.161787966644041
0.140719701887705
0.108258941547012
0.166523046334045
0.127136280472023
0.187524884231101
0.132587533969641
0.0844952831159758
0.0770555974402192
0.0753180140842143
0.064231545989764
0.0648599051515595
0.0629783832207289
0.076955107199424
0.0566001839043922
0.0621937164082016
0.0596980960143963
0.0713902555784305
0.0581713214374836
0.0795897716503269
0.0851711704914917
0.0741239283025812
0.0738376903241267
0.0713692477291543
0.0585785397744603
0.0681602429707559
0.0601992716321086
0.0648217027673894
0.0705118022232188
0.0704666773679145
0.0633451882232461
0.0697531417387762
0.0666451929380732
0.0894184618542777
0.0811528856183413
0.125543634083984
0.0734178704601808
0.0832280886546247
0.0671489498746011
0.0625241035788603
0.07533901049248
0.0791681218534461
0.0797391547965284
0.0722242760138282
0.106773363393487
0.069177134736324
0.0981816333840198
0.0792385141420237
0.0732258975690437
0.0834874663726131
0.0784233076279823
0.0818313562936358
0.0730767350036346
0.112435080503301
0.155266198391609
0.142073426350301
0.0775336369046841
0.0779229298623535
0.070147735304161
0.0581038537066193
0.0715004787858868
0.0697197817478947
0.120762453906348
0.0941407098552868
0.125743930238111
0.143543523070081
0.11579648727321
0.122539923582574
0.149913887589569
0.128360432483281
0.104629466203822
0.120107032349916
0.0606959126545053
0.0733036178306075
0.0697950824679194
0.0867926632460977
0.139522749606816
0.0706991405893899
0.10669217498486
0.15645100180113
0.0972233438836706
0.112521233799499
0.1688962395911
0.107321351303481
0.0749206561319546
0.0617662297873856
0.0580318022110706
0.0733393218855618
0.0684582400796703
0.0670037827438323
0.0658682026767452
0.0645021280535339
0.0657916376645517
0.0605840060768227
0.113747466691279
0.0800374063807945
0.0696904168763985
0.136932763526922
0.0805183706073182
0.0776041393868506
0.0646147810003122
0.0720387997472253
0.0693365057285805
0.0857458294154565
0.122415519294
0.0998504377910293
0.0658423427431424
0.0751763309240088
0.0674120232509473
0.133259757685367
0.105959672548875
0.120593730008034
0.262705342721435
0.155160626755485
0.109734639853528
0.0722566146631869
0.1404434931046
0.128994354896105
0.0618639571058228
0.094468821945142
0.0683636113449544
0.0646573909642466
0.0832217352603771
0.0653208389302142
0.0801672776234284
0.0596076701299138
0.0717172378445398
0.0696500506749747
0.0884731492257989
0.0639446623295992
0.0842103801202795
0.0718676819906691
0.0581572537481616
0.121827528723621
0.0955139725117016
0.0574752037603773
0.0686778135380136
0.09242036238659
0.0800571103812663
0.0740345292153588
0.0727524042167943
0.0629408686119892
0.0641811755823885
0.0611253199281802
0.0637282442428315
0.0830599506386109
0.0771160571445812
0.0743254933902209
0.0750145856952568
0.0759680737287061
0.0554785303450622
0.0725244667143179
0.0759296434960268
0.0865568346413927
0.152110412091116
0.0599553235789682
0.0910405299451699
0.0977101763572889
0.0694594341997419
0.105456642700075
0.1478191689447
0.172849098652203
0.180225026201851
0.0891846297919725
0.0743059811683464
0.175847153860823
0.191635218342775
0.134320691727921
0.0743876532981805
0.093387309825657
0.0603566702664318
0.0768027266402873
0.0812461142001213
0.084101758527789
0.0981409341641945
0.0895469608885922
0.109466558486655
0.0961766978296135
0.0846589119016416
0.102272295830279
0.111165185862896
0.0810486768316822
0.0737097109066811
0.0852211608798863
0.0670836374543539
0.0610086716585758
0.0819767275545537
0.0684393126488185
0.0716115607396858
0.0732883716172258
0.0718448914894466
0.0715963244534806
0.0770894355698455
0.0623321031644549
0.0810694657859259
0.0955951519017788
0.0680377947764324
0.0977405980856252
0.0735134118160168
0.0672610417234649
0.0669676320240721
0.0638888599047129
0.0804807457244579
0.0613811361842823
0.0651843096824257
0.0713045950544237
0.0762966416716694
0.0782030847588262
0.0976018489036549
0.0848068760440988
0.0907494208119503
0.0617698131698863
0.0618734994186238
0.0846195398392904
0.152248390644411
0.0976590921026013
0.0887235792064706
0.0989431057145155
0.119832024790716
0.166190304259227
0.0892822380694397
0.104374534796062
0.0694511948742962
0.0674177096597725
0.0861868657595226
0.0935357895934817
0.10995170701904
0.0889597210048118
0.115917090718261
0.0897004865160844
0.105011921304354
0.114192971268818
0.0831170280049537
0.147031427608611
0.129705447438111
0.0803070104882805
0.143561902789673
0.0987786444352757
0.115700080645078
0.112682377330715
0.0888837773705258
0.115840554795697
0.137867372428074
0.0887756491741282
0.0906097975370488
0.118945485981085
0.10983506340141
0.11706303779628
0.126438321961378
0.0632670841081919
0.07979514045332
0.0593965978697049
0.0873467491454702
0.0667917228609605
0.104800734856291
0.0664062568401702
0.0638117800095585
0.0866054355361234
0.0678505259971563
0.0674052469782784
0.0695364660995454
0.0676128009538006
0.0625487919132096
0.0685824531038699
0.0679639577296911
0.0671523832859702
0.0636802160493191
0.0647070701494658
0.0629399642175035
0.0591832679889219
0.074848972501003
0.0701734463313489
0.0741403728244878
0.0653560469102617
0.103610359537362
0.0996582932844789
0.139118648320816
0.113760894269668
0.0694964951384338
0.069054888236732
0.0717055762273345
0.0612801237346885
0.088136563688375
0.124491267551983
0.0807399092903765
0.0701162960873374
0.12222419588997
0.136087978402715
0.115195156510348
0.160508416439223
0.138638431511104
0.0850065677840961
0.0616710172241073
0.0586115091657167
0.07962020921508
0.0669269882980214
0.0775095111132338
0.110842407808042
0.0624780491189118
0.0696416144464103
0.0790976863130401
0.0713575163423886
0.0610979176755959
0.071465714269046
0.0626604920768905
0.0605069601745594
0.0726062718066526
0.0821901467545829
0.0825563014029341
0.100357322315408
0.0959475088236856
0.0620095108194927
0.0925926557186419
0.134379349791061
0.17227408344863
0.0883629773857377
0.137649649966355
0.0684544495520849
0.15292999420916
0.0709975336654163
0.0884142815914429
0.0763776022397
0.0733863169461569
0.0858461914820328
0.0947736140165244
0.0736049363451794
0.130004756646099
0.0723369976199452
0.0760804816749521
0.0839386690381567
0.0680830011547864
0.0613671318442226
0.0815036807938309
0.0718139882392571
0.0689905112673729
0.0867261732801485
0.138796594030058
0.178306249907982
0.127575675008469
0.0953276592159893
0.0683078186168756
0.0844506206488279
0.084290687465282
0.0741185691560602
0.069573613898475
0.066839609793565
0.0783893114717305
0.0633472147378784
0.0656797829106897
0.102465783985182
0.0809342692377941
0.0694922475824925
0.0620866968942876
0.0633891940922821
0.090681888427143
0.0630641901287124
0.0886734429647392
0.0748973921723992
0.0805709616199196
0.0568570191565998
0.0674257513329699
0.0698028126748116
0.0663856755942891
0.0809001330123465
0.0880870867032197
0.0966820303457574
0.11503445593164
0.0680710655859122
0.0596070670075328
0.0720403103000821
0.065229187751827
0.0642250196254613
0.0672639882583166
0.06091185645351
0.0607669078608809
0.0733498969740761
0.0901611404434283
0.0717127470065015
0.0651131904783135
0.112298957066499
0.0765271793015297
0.0804973092863068
0.0649202646279624
0.0676474343490647
0.0919555954709883
0.0929412886273933
0.0745653833403326
0.0796324480241496
0.065434261241853
0.0710281307691873
0.073618464323648
0.0715192066960261
0.142072432145399
0.114876724805989
0.0999337462120811
0.0736291867574828
0.0633501033785365
0.0591809994581451
0.0624333878130849
0.0709073307713278
0.0720497892211218
0.0741620224670779
0.100164310856935
0.0614132754122036
0.0998442673335483
0.104305403796479
0.21345452920334
0.110849801419647
0.0778119924446211
0.0658282592590661
0.0551266500213465
0.0658204775830967
0.0704561105944883
0.0812424596110487
0.060390670685027
0.107019706769025
0.147068631308056
0.0880074374732123
0.0680006964511359
0.0693279015059678
0.0894529674417278
0.0834307344788162
0.0838751453378336
0.105901783181276
0.203523054653541
0.096513206755832
0.0932947665900048
0.107006521987087
0.097848815323803
0.059840904018043
0.0577288354075908
0.101356521643984
0.0654713352532523
0.0706851062641635
0.0677062338766462
0.0595058840622112
0.079201031644548
0.0785766940708598
0.0544496380676159
0.0648831870438903
0.0726376351105488
0.070306580270058
0.0594092228263248
0.0718673328648485
0.071953569484408
0.0628763040846459
0.0684044059453096
0.0591232462966934
0.0562535486795864
0.0642360673243448
0.0652734396268992
0.0707147623874154
0.107609735739366
0.0665275164055418
0.0710018095459794
0.10405459711305
0.0953116746694493
0.0888894914566706
0.152252546658423
0.0650772839882528
0.0732530771435137
0.0888946592167276
0.0745556731575188
0.122171219009007
0.0798701476314719
0.151466747605001
0.0796872343521414
0.0778875890322959
0.0615603043251975
0.082748474171228
0.0820308799939204
0.0705655774636089
0.0623027049568505
