0.17
0.132557209736229
0.0860785867368844
0.130924992894897
0.119797092269861
0.239766226609242
0.223437339461585
0.173095574434851
0.13781834772103
0.137626050982387
0.198982772635919
0.070201606889403
0.0894991008287682
0.215915769204885
0.073292192741605
0.0981213363284788
0.144755152712229
0.167809422789341
0.206616583068049
0.224307843723362
0.261175532888114
0.0619858606750235
0.106800225692086
0.0990284374788017
0.121051674245971
0.200137038728694
0.0980890046919499
0.0800436962593963
0.229091530057746
0.137618397081374
0.154712693266644
0.106223253077672
0.126174896765887
0.157291906233236
0.194078042459927
0.108026801788663
0.0928899626245687
0.23923406458294
0.196774050681854
0.159766627924018
0.135341914697761
0.0658110700883263
0.106306908908538
0.0592231885028731
0.154945401939072
0.114653427565932
0.129859090945131
0.0730688714143245
0.235363541689277
0.12697410329258
0.111238785497974
0.236006479833573
0.10201708116853
0.0848041845621768
0.128926232472054
0.161515735334903
0.117887353248864
0.145775348991391
0.22347512627653
0.203830270312707
0.167925003703875
0.112646507567863
0.103137643739597
0.0634390722737899
0.258813757776287
0.0979291822667871
0.210851446537905
0.145802221749433
0.238807998798981
0.198027324225806
0.0683439785373729
0.152547143443905
0.145905686169856
0.147639361279386
0.12522385160643
0.162508299578796
0.142252184296079
0.0898193938606145
0.122424320051404
0.10696719973026
0.121820006573933
0.104900184064485
0.0623591494128566
0.0959826224866039
0.13543705953256
0.127037789840365
0.122325408254689
0.125330086077415
0.186405850128429
0.130840246952013
0.11863622068569
0.0951586290599104
0.109288769118537
0.0942498568539577
0.116852461806664
0.0781068606259979
0.141719932916355
0.131934565468492
0.103974545184367
0.102399326713651
0.166320143884429
0.0801248424460857
0.125891201923997
0.148360528323606
0.110001299679138
0.136781501335721
0.0950398177869367
0.168215022999438
0.0788715578649433
0.131115409392918
0.149590002814362
0.172347757135208
0.0968543777019422
0.126922963094449
0.182416778928552
0.0873173788655788
0.107869855620811
0.109989312656168
0.154226210079027
0.160683657785196
0.116894624797652
0.159592534365421
0.10551198177513
0.114328123922737
0.118691282158628
0.182286005024474
0.148137526967
0.146994371670104
0.0691732859021614
0.0754135399932826
0.190772553023194
0.127891158642884
0.0805061520954269
0.107066069792368
0.15868316965703
0.0959042731184884
0.101251539579935
0.118870293352435
0.0940327021437117
0.115728391035202
0.14911556329993
0.211657059055962
0.108278346915639
0.103633498171882
0.133970187264259
0.167730734519857
0.101009828257457
0.122026108620209
0.185426956440879
0.125502047591421
0.0864345654417756
0.0920330425836833
0.143246737138246
0.141751142131843
0.120123720995357
0.100735326872546
0.174978562562823
0.123540122476728
0.0736135813801786
0.110511736337826
0.178619070973416
0.120100618071391
0.116171880193729
0.210227842141827
0.144421597635374
0.112093529831914
0.0869900174685211
0.0712570313740601
0.0931456258023492
0.193535906898589
0.145364527186226
0.163348706188029
0.0577601195349316
0.116801741156512
0.134323235253233
0.107264660126772
0.126757326248947
0.135668621312866
0.115370882287563
0.0735062006433142
0.0644934105204917
0.0990400484905696
0.0698802803437845
0.100054303969785
0.0728382998371264
0.160674270101724
0.188393691627594
0.110830785305235
0.152760846118644
0.112344475784886
0.121850346212854
0.160600909830669
0.0892609324194809
0.0616661934727219
0.122025707702047
0.170825342237364
0.106218362571088
0.125814646576883
0.0615649242036643
0.113117602925248
0.215040703625549
0.201799291730134
0.295767412427862
0.2344145184854
0.0772413160408011
0.0937991857537471
0.153699762913464
0.109589278890233
0.158465259085369
0.0764090565669719
0.122011372351676
0.118773441576069
0.175813209773909
0.108209820132364
0.2637678677572
0.111230706486904
0.0835066171616965
0.109239320132127
0.15111288387704
0.127508055866046
0.123749796261089
0.158529190989046
0.200656343551659
0.0621713961017756
0.131798916938259
0.112251853478525
0.0803280646646967
0.231835404722519
0.093447910389871
0.135813667941207
0.177533802793738
0.162724417671711
0.23201486834224
0.132383705597145
0.0988000802698804
0.129130893351351
0.115843280895818
0.116451676456185
0.137808928209895
0.239365663786636
0.134396928178126
0.180431858357698
0.217492370593437
0.110633891949564
0.102479247728521
0.0693436987194246
0.0773642596656594
0.180281065788298
0.17592052435844
0.221181004566447
0.113916288217892
0.135160448622445
0.156306399271451
0.091992545389825
0.163553800792027
0.139575881273201
0.228757678940693
0.169881547176957
0.0582480332455319
0.218091533051148
0.126098680799339
0.188011576107673
0.18040576285813
0.0736147396819923
0.120240952567793
0.116173085512452
0.123956006012325
0.147427921879573
0.109060575378222
0.0895579638022183
0.0938110236461804
0.125891513562911
0.0896674134374323
0.0690649423023458
0.0993263861042478
0.0960392534036006
0.210708811167108
0.116469908877716
0.105898213110032
0.0937407696440789
0.147716663199485
0.154276002742774
0.213708999006539
0.152486829244594
0.143427999513888
0.094074890875619
0.0829962217718031
0.235615753221324
0.136897133051346
0.12785405861064
0.109789895499324
0.182087944088764
0.157600835271805
0.179077412053063
0.110410280134693
0.15369890699344
0.14260020177797
0.215639992755014
0.157462569948397
0.0933554994669458
0.161841449419132
0.126806086416658
0.104967652219141
0.176189530064329
0.139390006818633
0.0779128645026444
0.245323379471355
0.0956376669014934
0.122510312930307
0.120704729717161
0.0589839735912895
0.0750563719014373
0.187714969904883
0.0772650802316436
0.284919876935028
0.145192125084001
0.14593155217295
0.192481850623698
0.128750986613958
0.10371794330956
0.108751939653957
0.138949838690729
0.0951040091643877
0.102978228922406
0.0818548615197254
0.132926591906527
0.0746408662382722
0.117147670986616
0.103647229808976
0.194572455685614
0.193508952778849
0.0979145157422592
0.190636937891425
0.0782317141315147
0.130089730652129
0.135020594924344
0.153349903360904
0.129744347219267
0.154446781526209
0.205342733125219
0.228980311390108
0.128200001361467
0.132485824845097
0.0975768859906982
0.24020140816837
0.131623663929738
0.0715530901652461
0.0776866384117355
0.153478692821213
0.151238810075874
0.23124432395374
0.10218198733549
0.109140509126984
0.149969776658582
0.168125264266315
0.0994504532002974
0.123716293386597
0.0890332792419134
0.111873574634349
0.1886589791332
0.17068576089047
0.0902409340827551
0.10790520163847
0.121059757301701
0.114007173652191
0.140176451209727
0.0702279506447832
0.135041252457942
0.128205062073656
0.102241273284376
0.151472174503036
0.0747000177790266
0.147806249681316
0.193436428157696
0.074922329443634
0.0860192041528487
0.114651441790456
0.231267980707792
0.225034034004732
0.0804183336957193
0.0935966865898708
0.11994466113294
0.114811727089368
0.112471593131216
0.157094084179106
0.0873990911455323
0.105448116531687
0.158574755466373
0.117969676493046
0.0940853531520577
0.062594754169524
0.0859982601256481
0.0998288443936813
0.153324170360292
0.0917076572419552
0.130746941261567
0.135458893943345
0.120252083318484
0.228468364259355
0.103296362552941
0.169718141996564
0.138083358907867
0.186777603623972
0.0980684882664646
0.141988044236391
0.190042749720577
0.118786996785564
0.0797104443901666
0.116644359708339
0.153980254307321
0.138637862066722
0.0912977734029215
0.109516662361608
0.137032898380911
0.211564713698292
0.147555815301459
0.0824131799252615
0.104132838655265
0.124637584404824
0.0933530685373097
0.153274908145025
0.0953733948049602
0.134459290256799
0.105706592222441
0.0733391961374174
0.228104999262495
0.114704650301328
0.106737819027364
0.0990957735275284
0.12517349428052
0.113764407306072
0.106463860996814
0.126564056447777
0.119003800203117
0.120953452367771
0.182382686244973
0.11487763921404
0.125199349712789
0.136671586321028
0.108117505533823
0.104398510304872
0.089410773002927
0.181039433986068
0.1309843147632
0.107170503723002
0.149634637508702
0.0905792592897875
0.151507606027055
0.1261824656618
0.136509258871953
0.20754685466807
0.245453060344972
0.159748655384318
0.117758514214536
0.0958218055187818
0.119606941273925
0.110344358097128
0.0874689181680614
0.0838887005396846
0.123666567250418
0.149492767476891
0.140299673677874
0.107657180933676
0.106350275128358
0.0846873829075914
0.115725449967451
0.167397265548994
0.149146344216352
0.188881782790322
0.130978713478732
0.19841596890214
0.148653604978633
0.143756543223637
0.123605299220875
0.109533892269347
0.0877097831245555
0.0920550119549824
0.150760770914195
0.101550269165592
0.0722845806202487
0.106631513736797
0.0881825737377544
0.129688123675156
0.121788436015746
0.124293370267566
0.136475659203806
0.197915909777191
0.148502303807314
0.127732311496098
0.182855509292219
0.194746259440805
0.0751478958216253
0.0876400696277018
0.156248301291798
0.26335879858538
0.0689024212481448
0.0906084927445187
0.10560291774609
0.0838785072822152
0.0726888532150567
0.07223276861448
0.082407703936408
0.128060712210807
0.121752084122045
0.134593435346319
0.136317995991611
0.133329489826487
0.0950135538268179
0.113318528965843
0.136941503804137
0.0984036175429303
0.168489040671522
0.110592331675203
0.127413232911876
0.191419233212988
0.107867591123093
0.115049780402182
0.27047516961468
0.0808138835414136
0.0956026126159337
0.0707097386579984
0.188622230445607
0.0667793836522911
0.131672072352115
0.097509114253309
0.223102954189622
0.180261297466422
0.192416773776786
0.11848198257609
0.134862708641365
0.219022148759449
0.13130073172678
0.168749055995985
0.104870473006332
0.183791053467995
0.171598524391203
0.269391453631562
0.138322622057437
0.0959833328605911
0.138432717239822
0.105282209931304
0.135874871730597
0.132962667162043
0.101502123309635
0.0935618615528769
0.111964657269551
0.120708863343161
0.0657719069942763
0.10123508579441
0.120098039548875
0.0829034717113588
0.138477886681043
0.0980415616345765
0.170104164223089
0.136525457141314
0.210819195836059
0.144937877276169
0.273342833826577
0.110433920987824
0.0668082007755658
0.097212070244155
0.155161771541582
0.081408320437584
0.0823812057468508
0.0934041471522516
0.087983850728157
0.194257856142629
0.105562077058995
0.080056170284429
0.10460767608111
0.118093187187627
0.116019829551778
0.0875579371084375
0.152006487880525
0.0838329715667352
0.278540237862992
0.0870605323105678
0.237529542431606
0.0814703048828842
0.304378868312076
0.229769535886583
0.119540663476215
0.110688617653892
0.0847838042946554
0.188648242659159
0.0983152069913914
0.162917763472254
0.105184513337042
0.144123304793744
0.202627959377745
0.0963760485628625
0.176131656366218
0.180073111676633
0.131513843152767
0.0778917158302183
0.132960838427153
0.0607937164769891
0.0567893304280383
0.122830665908077
0.10844947643023
0.116319758055182
0.141198003143182
0.104183942774611
0.0693732830501107
0.107306491461855
0.10970330100005
0.191095125199449
0.122705630203105
0.109159499537238
0.196682650942576
0.1095774789449
0.126347045986102
0.0757709711102396
0.123271072867835
0.133406793149452
0.106817372128334
0.0795816099503017
0.0754203632571551
0.165482884900347
0.0830978184150062
0.0961441366445408
0.117830955524006
0.23135575425024
0.220493033487895
0.116682607827161
0.115068239894539
0.0920122827937544
0.12352478478226
0.0957978719120616
0.117828765143029
0.106996066301023
0.11669631134892
0.161592335934297
0.0634326269307671
0.062841141787633
0.0700119224826015
0.137332307893729
0.0770245950957349
0.0939604816894112
0.151485963913639
0.0981420483302778
0.160581860510682
0.196418402196722
0.141059629234841
0.155255299939136
0.0986846080815785
0.136821695707876
0.143484893035598
0.114139880515033
0.0947127468616766
0.138599093635641
0.106510005614678
0.193844814815642
0.137631773374121
0.13533187874972
0.165438333207663
0.115983516543586
0.0817969340856129
0.0900188009380697
0.0761468477555398
0.102658461022481
0.112844789021512
0.168045576616897
0.16468911909486
0.0579942357280111
0.0972791430590695
0.110271308424486
0.0853330659300616
0.126944466996023
0.147511729852408
0.0717201738510305
0.0976230253769921
0.142715386101762
0.084845673753252
0.137402005787491
0.12671424764211
0.089020464611731
0.190011293749547
0.17509242502203
0.104721254737439
0.0863955886817013
0.0679820973630344
0.126602381137359
0.0993793551004853
0.107671344923771
0.187618394611854
0.065340193809655
0.0706140993701566
0.0965000040465627
0.0787130412409659
0.129924704141729
0.104329887462392
0.129180450979573
0.111434977782384
0.0699754222969304
0.0837679174998949
0.100720401181241
0.0830708601216456
0.0642937719424379
0.110007885140897
0.149177003163436
0.133112918450548
0.107144973633853
0.0986430268957037
0.103806801364272
0.0887085854044005
0.142919101550309
0.072368140254674
0.163532408301616
0.136915903461073
0.0779211466753742
0.0908851529730232
0.110159751892554
0.182464111008957
0.13435866568844
0.107071630985164
0.125043512975812
0.110369465429166
0.125141482198375
0.114947192638599
0.08838300029317
0.117110525418365
0.192702488890926
0.35078240644653
0.0971285629037477
0.0688829381159962
0.0738563085324593
0.08816695587529
0.109198901041914
0.104886346684272
0.198265113262043
0.09108058394022
0.140833013594162
0.0775489151771803
0.11890156463669
0.126331026504886
0.175799681341065
0.136224973484527
0.0821097165284777
0.11182634479561
0.136705032201156
0.130223339568029
0.153977662794812
0.20914073726292
0.12572199296007
0.109812050493177
0.0691913060644778
0.136325147467448
0.12493983232225
0.166019782341199
0.119552275327932
0.121952845731662
0.255183981251058
0.124335653351142
0.151810741056108
0.122847310111439
0.0810910049451446
0.10790401558125
0.132866317068713
0.111385497940605
0.165822973817661
0.225306841292298
0.120415712901502
0.134537111865536
0.143617539214751
0.104744417558723
0.0975114056705679
0.190663563519709
0.142071254308976
0.098144609487756
0.0977842751589763
0.133496385466105
0.0859122653327583
0.111942750052736
0.0840670875347941
0.117220718575581
0.237925293894957
0.173509439255475
0.161789455731695
0.107701810713365
0.0730354915815966
0.112605008877249
0.0889606818927973
0.162792366016846
0.102724257436526
0.119800547439584
0.085060743624867
0.171372604007623
0.103538098043889
0.0943533022881211
0.0785751434513433
0.0885702188237542
0.152320403041052
0.141406572568215
0.182877562226234
0.108359904507824
0.11072056088328
0.221939364023711
0.116327124762526
0.0878561047762533
0.0964058300089407
0.131614093941611
0.116073194690085
0.181323276939154
0.154694450723226
0.118827857697647
0.14682782285395
0.119323095328063
0.0966707914398937
0.10137949234306
0.239188443314334
0.123383694484844
0.210852431001093
0.212499559946472
0.13496919421595
0.189210318516788
0.210554749823875
0.210610800092398
0.136285425455497
0.11713192286682
0.177597691880076
0.233845973830685
0.181079610506637
0.0761536362079681
0.0987550481534701
0.134608817825415
0.122071009403319
0.0681352368893758
0.118935826767997
0.09380701127251
0.0810584130132989
0.187709761494677
0.090336728821801
0.207668505134216
0.157900415801198
0.148523724536223
0.118673773017302
0.102122036269209
0.174375016592898
0.0770285885368613
0.149068723060388
0.130486845099471
0.106048104629544
0.107014027245514
0.108237181552167
0.0634973079805905
0.180830876042676
0.0812228695992786
0.113092510801759
0.140997800691724
0.166321678217864
0.0905984954489931
0.216640947123337
0.218066074523833
0.0877394869929335
0.125063621194683
0.0786579081428865
0.100087553437512
0.282402314120877
0.243136283035151
0.121367647919908
0.0956193374900913
0.0867299211402222
0.129867517017427
0.175724885844763
0.122014169238683
0.198032125858851
0.181086322840903
0.162619480054864
0.197357605473073
0.140788662981259
0.099017984864343
0.135589398069182
0.139911585853233
0.131289174117264
0.0734365090877391
0.0939658483952352
0.0722291861752234
0.0765376851223364
0.101873694856395
0.106556238489389
0.0833893032522143
0.0905814833863178
0.113170083868968
0.108697979981087
0.131197591547346
0.0736165269611748
0.0953902666898429
0.0747099928135882
0.0991656124018567
0.0835285775239213
0.0899112601776084
0.106384364727346
0.0979594182011393
0.0632996815679128
0.127562625045782
0.100167299616652
0.154758478077825
0.179874946293063
0.082449878170645
0.135749983420514
0.0918704336174135
0.184140191490296
0.165831548400042
0.108556022461841
0.195044237574624
0.088592997786944
0.126334256135594
0.102365756607239
0.135572246573512
0.113646611356391
0.107144205530148
0.123583457323793
0.131973559984018
0.143577250214991
0.0955891384176397
0.136462468387534
0.116487084564798
0.297178115413528
0.104229518903816
0.204477119085049
0.103871095428557
0.187435815372227
0.241651510760645
0.144448611617588
0.0933769321056317
0.120299798748464
0.141249793724426
0.179101387570969
0.117686273035454
0.142171297213974
0.0866975490108687
0.170106714986523
0.116219715840911
0.12112440564634
0.122196924384397
0.06861327260918
0.151763543386381
0.113309676397975
0.118015347698729
0.103084817990515
0.116196803618215
0.0820676261278277
0.18091384639488
0.109082936438573
0.0868873464936506
0.292880119737616
0.0765304824625207
0.151051740699409
0.126734460942846
0.115979691685027
0.0766823772783764
0.196660225143955
0.175957361868458
0.138469158311062
0.151565991955901
0.108970702087894
0.116348046362139
0.101495205417299
0.231228850739283
0.165509415729446
0.131616589718806
0.149863620044795
0.0623156688815041
0.116914840616182
0.185252887589859
0.0756909521370766
0.184264978715068
0.197027385493234
0.119030797819358
0.0820988423034322
0.142160258930427
0.102953808855384
0.108441316100177
0.115085402792216
0.0850133028597642
0.0725521727203246
0.128634466159881
0.241964398998783
0.180392246043774
0.107554574205476
0.123300780991241
0.119413384974846
0.15491269074189
0.19383388934965
0.0605020383474671
0.203620722491512
0.14536799800906
0.204805562422127
0.0984342957901283
0.158619660034495
0.109021996216975
0.145108634488906
0.0885267406133692
0.072778930738002
0.158041329695732
0.207254706099884
0.199523613305919
0.145839503645225
0.137389357281402
0.148038479328526
0.22877737044923
0.132620632503545
0.099419301187626
0.117455060186992
0.090557575506249
0.060265577507848
0.197124056361993
0.162670241204216
0.0992763385460481
0.216671841928108
0.0861724918632039
0.112090790214656
0.101196143495826
0.145160946568621
0.131345756553215
0.236954402075334
0.231648425505351
0.110079785569152
0.147982542456515
0.0827148320903146
0.200459821965725
0.073166725860786
0.11833576730916
0.0920918285672634
0.120289331163414
0.125155514386255
0.0734465110034066
0.19288106531028
0.0997753829271096
0.103391789921576
0.170395009979233
0.183220741553526
0.132478211133301
0.102787708654964
0.176327100294696
0.114573680139235
0.113375789210318
0.128197587049414
0.0898624163481125
0.0822608743680424
0.0921447116881916
0.1029075519347
0.102155005341437
0.255593589490969
0.215161317103948
0.119765783184758
0.093892554053791
0.102842817420777
0.0891031884296941
0.136891833160311
0.215424208518932
0.158987817895243
0.151307478851459
0.122857103728919
0.10810511963786
0.147972686663112
0.178541724838762
0.143212915443159
0.127816812963089
0.175959012590052
0.16591324812334
0.0864672635968338
0.0895029615729719
0.0983429743632617
0.120085827538851
0.152300851621332
0.123275154591266
0.119922527095774
0.135846201768415
0.103355646869833
0.103155485917563
0.1507860488878
0.0971652739060747
0.0970527143192965
0.107581749181214
0.0972114771905437
0.0771251716223133
0.0692368549159014
0.0916310768059134
0.107995090740331
0.172550274627667
0.120714670216844
0.103303035992087
0.13534620513919
0.158117422270401
0.161413157824514
0.148964336827084
0.110031137910551
0.195110492027935
0.133629568537746
0.262004631882074
0.106476503664749
0.235938378788846
0.176879772713877
0.280802050565644
0.242928840913565
0.198199384851589
0.156277896231786
0.122993483096573
0.0881857185423872
0.127793771290023
0.110902931934853
0.118475040055953
0.165117940131125
0.106998810893217
0.129596257204205
0.134448038246384
0.15892714340006
0.150477748975016
0.111601389288157
0.0684894044304234
0.122526638649071
0.0921068400186724
0.110259472236876
0.0931035044044134
0.112005625823079
0.100208901206731
0.129226449784911
0.120560624504892
0.095756479104134
0.193858554266249
0.0642862664645388
0.0851566910440714
0.159382550175938
0.147645992076699
0.088132062233792
0.0577060980461364
0.172882685425704
0.149419186456782
0.162716534428711
0.136216249286093
0.105391962553835
0.0930078733698614
0.138235562444424
0.0928608692996538
0.102209878012331
0.208625418124589
0.0879533007674922
0.215323396624168
0.184973736656765
0.103738466275036
0.160432717260462
0.196126224562418
0.0772732713667122
0.158891139395595
0.203160064758254
0.181232476532235
0.106390055311068
0.144420510388937
0.0998236060854192
0.321478898473972
0.241487985345198
0.116116806872912
0.20193376640205
0.101652748318647
0.119557983078709
0.0994197332503979
0.105131270541533
0.125514363057968
0.179719269704531
0.0776198405185922
0.152135220626915
0.176770028789404
0.0966148286342356
0.127632961701177
0.116090203776918
0.139996725376677
0.0875342950073542
0.0786089970497608
0.10813693301734
0.122564207566098
0.136412599797657
0.0903730857974326
0.124239131443611
0.119092949157013
0.163893500621224
0.0907260314863458
0.122478950088232
0.087493377411442
0.0872045202182828
0.108437553372532
0.1178651491713
0.108132155274309
0.1357925116529
0.170008360919143
0.228400978358888
0.233150307518743
0.13671903088712
0.159165276916473
0.130029577758961
0.2593125768762
0.183004309696519
0.148864413903522
0.0835372038602497
0.127165491700135
0.106605958989674
0.0609678788508883
0.132279072968275
0.0798146896779668
0.0998118837399362
0.154537264985153
0.0630993988323044
0.0739388468294461
0.105759008062224
0.0913990459079533
0.0810709755195293
0.207617131145165
0.140452495717961
0.146354998127822
0.113954975910409
0.17158771622541
0.211304282654658
0.128148325898387
0.103430109269045
0.10016095495833
0.0997148955060653
0.143975027590582
0.105866541910308
0.17309266639517
0.115468761501724
0.105470400100338
0.239308453279808
0.134791952819398
0.151524939075028
0.114211421355496
0.0712183861168659
0.0730834541834623
0.0802038742269714
0.111450659116236
0.135284459212224
0.158975128862517
0.103750214822835
0.141607392297227
0.134061686765427
0.0980139433327455
0.126376704534801
0.100622033523707
0.105028840800146
0.148641892692664
0.161140132631969
0.153391111090997
0.119578776359383
0.0919958454464541
0.0921179873702309
0.079658939700371
0.0796161855959241
0.0878242512069479
0.195496928957446
0.246250460408178
0.246586580886077
0.180021565318881
0.296350531746823
0.126546749154236
0.211349109484338
0.0902174638248304
0.13820409134631
0.14512366478259
0.222582272052705
0.132530800161857
0.0860699472855598
0.161343731791999
0.174724959172179
0.126740465421162
0.084318389782719
0.201685801804619
0.16263664442476
0.172516718421534
0.14932869066459
0.1959213771383
0.132475562638793
0.149218968048894
0.0700551647211893
0.0997000398369447
0.123417112633847
0.153908054529207
0.148799399111326
0.125562042289174
0.144001495681411
0.135973910550069
0.222022757168791
0.114890736562626
0.0701289671445829
0.0758095071244239
0.0805322321567962
0.204602906850078
0.0933681564555322
0.185214968390704
0.275687456815105
0.227547098873242
0.0990532527793144
0.0978137165581787
0.0913087984192727
0.131794854379144
0.1428984386714
0.112367928734363
0.142102731640046
0.107502608760488
0.173156680102059
0.160023021375943
0.116138192168948
0.132267421626892
0.100403177231944
0.0923438717947133
0.221371940239529
0.108076025505972
0.123140182809995
0.0804825420835306
0.111348594294018
0.108111401566373
0.173516004975389
0.100980338836973
0.141323762489552
0.08549382483713
0.148160904321806
0.100329049234607
0.0911606568063822
0.10991508847535
0.106011776406202
0.0750182764679226
0.195842483237641
0.14354743724848
0.0883997550521235
0.1199493981136
0.116384861004843
0.128227357725195
0.117406098162975
0.112257365589544
0.104817240985309
0.0704486508818038
0.0813481810727495
0.156095089544654
0.119162470276153
0.0872107555793157
0.113692878806582
0.103218616713407
0.190887987824492
0.114195707332446
0.244448414387361
0.101318720515265
0.183663335284867
0.100495422047598
0.088097458916398
0.187991674528315
0.126520041638699
0.16250332191207
0.140904558213485
0.109350286379653
0.182902705158098
0.173491186227901
0.0895700496416979
0.102322380786892
0.128759935051543
0.0738004939563309
0.193494716458143
0.0980816164206971
0.103515518670177
0.0690918966419325
0.128005747409785
0.0822116166390624
0.188117418184028
0.0788444807866674
0.176638830972438
0.126106955679871
0.160569386337805
0.154335399076983
0.103495912807723
0.109347951220217
0.129102628508929
0.214101041659233
0.174787056751548
0.121549230042167
0.157285555710144
0.083919565297485
0.130048577973119
0.139816150530011
0.171000890038818
0.089611265726482
0.244539632929973
0.0673024415468975
0.113293429549067
0.165027268790482
0.147640318719961
0.0846249717900279
0.185703284787234
0.123053954495904
0.0943959068062231
0.151869400068838
0.110413824521481
0.138641639720602
0.0832772024728226
0.139502723083113
0.140562772005336
0.0742934536337309
0.120161240280631
0.110328194243926
0.0693924304004244
0.0927895879086028
0.0806710280056266
0.172299787313775
0.0602483352957817
0.154212129188417
0.187457424997068
0.144041202562139
0.11388083316232
0.16032230930349
0.137857346709146
0.102492580454444
0.105288210225567
0.133397751512805
0.105586759900227
0.111986156361751
0.160114040987048
0.0730004453811028
0.130518213705004
0.0623421312526417
0.123140401784621
0.086456810835999
0.0999208207684965
0.0859435383023164
0.126573805217042
0.213899279547006
0.0830678157194134
0.128449279825807
0.19083487513615
0.260648776514391
0.131080840143551
0.191579603590587
0.11362593526028
0.156805596514782
0.10651320860604
0.122238200995457
0.127306079049821
0.130133497024658
0.152674063565706
0.17940147426541
0.148518050780001
0.0832920530652637
0.120423270968279
0.121587822263054
0.169750419020625
0.119219788275715
0.124089101344003
0.125530523707179
0.114957659432114
0.14464756038899
0.103733818678148
0.129740596304516
0.0918561084267185
0.0774587141530052
0.0685742224968881
0.0874435777013333
0.123638813525404
0.106910332251777
0.143860570308775
0.135754923861344
0.121472961986956
0.0964790280499506
0.0753994286152801
0.250017019137132
0.159066925317674
0.155920819460581
0.113267378064624
0.119524141632943
0.133477839630087
0.191382097299331
0.160205157559254
0.214840538088412
0.0845671020578814
0.179238653352626
0.112693004124776
0.0885031286591497
0.0751043749156352
0.121915459147909
0.142548380821477
0.0713274327280436
0.0977678445509075
0.138849939375357
0.135312180083764
0.161992326406532
0.209342669294533
0.137318627119708
0.16832088102831
0.151595867275911
0.141294843168408
0.187737021690856
0.100128541418261
0.100011057519434
0.122699654456275
0.10142990311158
0.0870028240366256
0.142974978248393
0.200278229596126
0.0721924281780636
0.143813067683187
0.0678999500698936
0.081454955202777
0.0798556226285733
0.0605379965937205
0.0748751925425363
0.0842052279343793
0.148854770585221
0.134387392917269
0.127345320965575
0.161888617734758
0.105053915111606
0.145817780306602
0.127794603846279
0.213788929322577
0.158352799159995
0.217407548518905
0.11311018197689
0.212919384918905
0.147123339361769
0.139357681812141
0.124147875179684
0.183538298016059
0.100552701506337
0.0920749472920226
0.253770911856265
0.279418449660137
0.2140470000458
0.124663973585785
0.133552514993557
0.143435234640971
0.13123074092306
0.183065922071694
0.124946494187024
0.137209508016757
0.157023932812833
0.105322704277098
0.165158917632994
0.197616392092041
0.1772190963601
0.125799450701986
0.105009569648238
0.144992445482029
0.10597991021068
0.15420781837022
0.171137621493024
0.181659409373117
0.102510088693201
0.0820693214302949
0.123252607431679
0.10249767981766
0.0735036069185944
0.0878654327252437
0.0929217903469542
0.0983551211454485
0.15563000835364
0.125976865386339
0.112162451299626
0.0796009871687833
0.0748572726779291
0.0872951438019948
0.0838235625324257
0.113604787118953
0.0845639230230195
0.0891719104548734
0.142956302923612
0.0971729484163744
0.0765277565147705
0.0760330008485589
0.1895583139464
0.114257660336162
0.135043703966125
0.153793036844368
0.0927039253381917
0.114125283611161
0.107854390107724
0.110485095018449
0.115981694584719
0.0900327220603188
0.0979567287405981
0.106600201579354
0.113506862760808
0.235346660122627
0.120325835276954
0.0901948369569796
0.0881949763905755
0.112168208686502
0.0802151212216646
0.12580236975867
0.0917951517969062
0.168592938640964
0.180688951088327
0.105938670296411
0.187646897157743
0.176283318606415
0.0899835381076264
0.158650885685649
0.129980063787971
0.0947754772018328
0.122798077590857
0.121050365711004
0.136835205967181
0.220899809723973
0.1284472857827
0.177419836765573
0.117139608239666
0.126067237017448
0.150972819005701
0.0876599462541818
0.180442724466297
0.077980564165327
0.325808057086492
0.0977744188996649
0.132846125831905
0.149281068053109
0.120814533194001
0.147167016842367
0.14913500842296
0.103934489143753
0.164454406919124
0.222657681615963
0.169447781507997
0.158386947724018
0.137331421099949
0.0930361849973325
0.125828467279475
0.127717230824524
0.0668826735650416
0.0857056479074144
0.161540732151663
0.126951134815575
0.118110099024787
0.0903445984652002
0.115547323690545
0.117784703033091
0.0747555083316782
0.128074076192491
0.187502506100468
0.170227865275106
0.216928910193244
0.18608828849242
0.165988335532052
0.192666932965414
0.0684914010338152
0.13059458775527
0.148261021794442
0.0917966468772691
0.117959878242633
0.181773901295463
0.195707887308135
0.171223467329066
0.0850491385211632
0.15431437736294
0.192765325311883
0.108489987895724
0.0841038670303484
0.0904701860184709
0.185866390179914
0.104589986666357
0.0775678497092654
0.105927419532812
0.166670946937218
0.200742993302901
0.147562789774618
0.215268368288404
0.0638021407604275
0.125844281639096
0.100741335265308
0.101356225397806
0.129587212776427
0.101802584872352
0.193030134645446
0.114559243105075
0.153388821122224
0.265365218624022
0.145765561452753
0.120355536007537
0.133996010035253
0.140442452900923
0.133920911319353
0.103854058629882
0.167993000363793
0.112128595845322
0.0999383275769281
0.106566296562557
0.106964702811392
0.123355999190045
0.15037287897116
0.131896665523021
0.144995709830463
0.169256052547641
0.140231881634668
0.23116777626463
0.140691276600237
0.131109510386716
0.105821472239543
0.106365197989168
0.12327731244072
0.142202952264726
0.115452111835297
0.117050638037675
0.0780909573083242
0.217949548413787
0.0793669401451951
0.108891535881062
0.112050136216065
0.155062471409276
0.135065839262673
0.249287977375632
0.125267753198876
0.173565524307566
0.0970332799030394
0.117041168620891
0.074589814087859
0.123057034238569
0.10838737730268
0.230245378376481
0.125200334573111
0.0985218346346174
0.144967968259274
0.130452163137429
0.156170432668602
0.0792704108635497
0.0898887580485402
0.091782720128362
0.0733773690614943
0.253645336506458
0.166164811454675
0.0719185726292206
0.107744882839007
0.0809688579783384
0.120148632638565
0.0780557634576451
0.113672590107994
0.155628545384585
0.106631885668136
0.0964150911557513
0.142069914092978
0.181705124192856
0.150072617618425
0.0958531399880292
0.0668057481982451
0.156471229840611
0.0670760235934915
0.113710617795816
0.0812693055549637
0.148904654900692
0.103896548683807
0.18148518927221
0.201426018357363
0.128009242395612
0.164348445693859
0.231825171361944
0.146435512905958
0.152964432885479
0.0786937433693863
0.108040012975691
0.148089598186574
0.172815040841124
0.15833710680341
0.0912724568541701
0.156236834745868
0.126189051335606
0.135498867056289
0.132785493771177
0.0899588194596068
0.123399094595623
0.108525581267751
0.201541145078595
0.293189126718312
0.0730266841522881
0.10640318835581
0.136356735575493
0.130339967003346
0.119214316326998
0.108860167182756
0.103321377459721
0.116729867993863
0.0731743947807277
0.0930053272414946
0.0983621466815477
0.187255182488253
0.142044206496148
0.132369270733631
0.0869132339040144
0.177347439213477
0.102250167888375
0.13141057829466
0.099159644399617
0.107612707290308
0.0872676956070734
0.0886005175043402
0.156717754270014
0.10237694646848
0.219591509530048
0.10184435926596
0.151887967677484
0.0649054382298052
0.141272446498774
0.105675173298678
0.10541855568368
0.0725180766384691
0.188587157991406
0.179324928752201
0.106984060263655
0.140538898178426
0.154539406029495
0.100238441072359
0.087962587621012
0.115678122849143
0.0855200134975783
0.108218579546786
0.0754760640298919
0.114727451315906
0.0773138471011094
0.159196162634324
0.0936288810153254
0.126383090478043
0.158663600414118
0.168763471134917
0.206768519704243
0.0798647823221485
0.101196481049138
0.0872736005675781
0.103248525713327
0.0561227981476074
0.195906638118162
0.161803027256545
0.0947609325123376
0.193851800312906
0.16805406245391
0.118937155799739
0.0914339183733625
0.0812791038893702
0.0915314497276812
0.113160221204599
0.122537256226729
0.203652948837726
0.0855659717833888
0.143210928486582
0.10541995632286
0.102612473250468
0.131428909662374
0.104494086139442
0.193022303102778
0.219217943866793
0.235522337616591
0.301798106697503
0.230134441221111
0.117412358581999
0.107865363781673
0.153702783192414
0.104612963825653
0.134783006705422
0.175731267636855
0.229207324275968
0.1847487425307
0.107439004669578
0.0716446219027307
0.100603290029037
0.104469282632364
0.140590575759992
0.150997509620792
0.10664179696287
0.0877692067196116
0.158484495133359
0.103260888464128
0.110007287830856
0.093484858714499
0.0785104668375555
0.107977184489744
0.196084978321215
0.242994013382568
0.134737084117096
0.16306153023501
0.0889127619986586
0.144877521747271
0.127550206991375
0.216716687413196
0.17252954129411
0.107413946684099
0.0922218557977173
0.159465111468742
0.120762470530111
0.131247476158679
0.110410209329012
0.089576490918937
0.113441579532671
0.0958580285791487
0.0889684884623671
0.136415235679573
0.10083302656241
0.106970538259073
0.11708969041357
0.205441182015993
0.133283164839361
0.119978945378966
0.108899773195727
0.131990765638065
0.14256487955636
0.159120813871548
0.195190863213054
0.261743988775883
0.150996680643256
0.08554987315223
0.0841295223395211
0.135031098728542
0.18764421652004
0.182763133566657
0.150836962566318
0.152972149717915
0.0672473653060738
0.0977489669403378
0.104903597296826
0.294126753755925
0.337858266491416
0.0944831651951537
0.08101378723897
0.200823292882378
0.0921387908632786
0.0945029220645314
0.139535690573514
0.161941544605291
0.113083972340126
0.108555532437164
0.134700292181089
0.199715212528669
0.0707037648559635
0.148193259590023
0.105432861793768
0.186439727082015
0.134310617814767
0.0970833274460373
0.0725983585417295
0.108282374263016
0.0890742362910517
0.222622339144522
0.0716257273985089
0.143296687256134
0.0985166383528216
0.114600194811598
0.111356253108472
0.131362451049202
0.0643223942540424
0.160792722981802
0.268512185382758
0.0918760353827129
0.121381943214154
0.0665840947313274
0.0788039655507389
0.119632206250909
0.109201930399156
0.0743058927491094
0.184101867254986
0.198989261200821
0.12950650597828
0.129849504941102
0.139940955649659
0.112776232192785
0.103936286755121
0.199870040990534
0.208393886875561
0.0986907119599348
0.0819736404065179
0.158074437251656
0.0815689551311681
0.137695611734218
0.135415429271694
0.208075761153455
0.133985327156908
0.101353239045393
0.126589904471558
0.0759160888401057
0.121824671787084
0.239714711779777
0.0770907316539698
0.114868785463438
0.139755839254803
0.0926686783777555
0.0777778895544817
0.178870159095405
0.137399523111357
0.0892925515446603
0.17490125780994
0.108760056563793
0.122118697809239
0.092066602455565
0.161730690759765
0.222171296263649
0.0910566271244374
0.0833347150808948
0.127167304596287
0.142611869379638
0.105286014524168
0.102049072694911
0.117061944764886
0.12895037743569
0.08531511771455
0.108359195120533
0.102338492737272
0.207890175426871
0.0879709862527687
0.0949271087059744
0.079319864549251
0.103529446788505
0.120573869915155
0.150088066587405
0.100628959639922
0.159484104029586
0.090954357675044
0.0747872110637336
0.141857882625469
0.121517491761083
0.104190563314908
0.180544156841882
0.168431359649238
0.189581228347171
0.113000030098696
0.0824576762041221
0.065796747587617
0.120657055504264
0.0914237165903328
0.180253120565597
0.143221124383298
0.151409764859608
0.108261125339731
0.0870213109459511
0.0847873339689518
0.0871149510650435
0.191075875434443
0.117808923609689
0.0889337913281986
0.120409105363011
0.141007846772323
0.194835893526249
0.183489840760021
0.147985486072964
0.154681406269179
0.0617397842618715
0.173334653238656
0.0756512954019391
0.112389281271555
0.196776901399677
0.074848500829914
0.0809361172550823
0.0924853839900414
0.0742291236976737
0.0823402937434606
0.0825596621267058
0.164074308290665
0.0900646722132476
0.29829175229982
0.186234534375018
0.2112000143738
0.0781634814270788
0.12731383301486
0.0728264164085694
0.0980162776706614
0.148392236426468
0.101561105903927
0.0999799907255092
0.130358907235806
0.253872835720238
0.156959974737326
0.209228955756644
0.0898237415942718
0.11765216643232
0.0990300521367828
0.13162640597226
0.120310261900059
0.137266151668037
0.0845649351002504
0.163643450677977
