0.17
0.101384044284009
0.165116867578851
0.18818234192536
0.214780670989108
0.140215620270315
0.0913637560404891
0.139429289773301
0.109217623772342
0.169308346761608
0.12367661718953
0.115850784446726
0.120953103637113
0.149446186301272
0.133696615546922
0.172588260571962
0.13610865649023
0.110066057273998
0.159550757556855
0.258075832801657
0.147697768964075
0.238085639021569
0.147567442750964
0.205042924369796
0.150551076681009
0.237021811714051
0.144326944201034
0.158099727228108
0.13894129495967
0.0928049764290581
0.166247744713016
0.179849495005514
0.144271131013375
0.132953296987317
0.233141885487842
0.149898792319545
0.144526828580969
0.167267002057587
0.136534323899593
0.106226458163289
0.142703620964545
0.12052569270974
0.10461126176622
0.17944975859423
0.206554211711584
0.216309212465157
0.190113098903456
0.132376575238019
0.121220409540761
0.145308758927363
0.208800830770687
0.202145660114866
0.0576627963062912
0.191812659953609
0.137115090734517
0.113162336689922
0.248266618740629
0.177833856537735
0.170818774546185
0.111351080002093
0.166280719198982
0.153347555822354
0.157342884573123
0.143331634432728
0.11767785348226
0.228079626999663
0.151740787756654
0.16098969244111
0.114848968242081
0.13852717870066
0.211014043768846
0.198659675528081
0.141126227332227
0.144409284785493
0.172121472177
0.168794829244412
0.110488066631427
0.135834088698665
0.161249421648026
0.165156819111742
0.092356235556463
0.101188284152744
0.202370256991642
0.196535748071061
0.178481618510394
0.111227618664575
0.15014308428147
0.17350357591441
0.13847689589847
0.121440000887635
0.144761675488427
0.135246877405116
0.163260849302789
0.125788782178789
0.188184393516774
0.140944939945353
0.117275703754802
0.129807132276188
0.157508647424829
0.184201196041391
0.148034570399137
0.137275478914929
0.169273072009348
0.180419841922423
0.146032431623625
0.129936504372982
0.166015674050442
0.151031831787228
0.125250729826212
0.208259981536015
0.231108164595641
0.1723983953522
0.135847318229363
0.117987202270386
0.197838413588647
0.196209686865612
0.177152172883861
0.137176979516531
0.116704842561425
0.141182092996911
0.118614452348352
0.194426223731789
0.135357472551361
0.186975133857636
0.120584386857637
0.221701797520203
0.161097394053639
0.123717540502087
0.163212934166688
0.179576473103235
0.211516004568092
0.0812006861400112
0.166479539997633
0.124353525666841
0.117181781647482
0.126714165538783
0.144033595551817
0.164663062753422
0.180042030455384
0.161072630664179
0.149899137613402
0.0931001636649826
0.138071085507726
0.185251055065963
0.131199453212943
0.135702138147434
0.22397348370178
0.161872954253705
0.0914472458023528
0.15656591022734
0.126856656508733
0.142621037278092
0.132600428787677
0.177013578784395
0.0984952619895671
0.107796022686093
0.17130527991868
0.14351145805091
0.155542926926526
0.225428506081754
0.148057044018065
0.120556155128212
0.130501871393789
0.15474873679608
0.160859764620392
0.181684369834441
0.107851698383241
0.191392334404729
0.08476928890887
0.139209002731514
0.122966901577031
0.165666815452364
0.13551410374157
0.104597743486647
0.0814143807980572
0.159092832920504
0.0923875417318379
0.13491836752916
0.101547411063109
0.207477542176588
0.143018010081129
0.107718951617854
0.131933444872907
0.111123222686187
0.0707276987934956
0.161791061005932
0.114819951842551
0.158217548514815
0.201033065934511
0.185394357541322
0.187314154889128
0.0984229232801497
0.153936615541903
0.162353050097459
0.208405916444434
0.13324428666184
0.156479625136823
0.136734055374142
0.12235836785811
0.182614100954628
0.183299784207369
0.138776266196907
0.175893136318433
0.174384368416952
0.151366190762725
0.107495406979277
0.1364003050377
0.104473089352156
0.134317735949803
0.151487325160434
0.11225198769579
0.162464911646745
0.0992281944202416
0.135246510212756
0.130371497817931
0.155998077588074
0.127910847543786
0.0750112006619706
0.121634798812711
0.167218630778566
0.146184979259704
0.206100619424071
0.164109169516799
0.153647303413716
0.145973355486512
0.14692367802502
0.132211913461266
0.161095615099307
0.14222736365215
0.15008289612635
0.155619273535845
0.125285176542473
0.192038179008038
0.163203827972719
0.101527850049526
0.202394632376826
0.124123343870214
0.128779508816059
0.188581764138366
0.191819338254389
0.114002750004913
0.191382409392786
0.160654021858387
0.152148464450567
0.116711877223946
0.113305612197725
0.132098645089462
0.146989043477523
0.0651099028232763
0.109589628752126
0.151991162931101
0.161258268877301
0.155041293059875
0.12159572730566
0.130464737882473
0.177895373749923
0.153036545094013
0.189574218465054
0.171060321315879
0.189801675626677
0.191486755237497
0.108499140912979
0.169215868195704
0.173220925296384
0.159134231389584
0.131876168698765
0.131793218069963
0.198306432121527
0.147696362751172
0.169315219640903
0.156834409297369
0.160788271259593
0.14206885898945
0.137772882554426
0.17015192997423
0.119654028315965
0.136012356479494
0.224135247315089
0.162572994330855
0.170565334300899
0.135423665615131
0.11731336791488
0.162764248692984
0.179835699385493
0.205185453444364
0.150926954255978
0.16329682702684
0.168047653960481
0.119192444032582
0.193022888868427
0.0920303758583081
0.173016221703134
0.111602799331442
0.145367020712257
0.18460116759033
0.108477977485447
0.113553651822324
0.142446056112932
0.140701200018237
0.203274301021467
0.154074053816709
0.165829029628047
0.173760871717113
0.104913902168075
0.0882539679221521
0.0969238897662954
0.182443299802833
0.0818721789097109
0.170085614049507
0.153781009761691
0.107073892347501
0.11063383130829
0.190524076660903
0.128837682937885
0.172961744772556
0.16027380103776
0.162535308334248
0.121269580397845
0.153449101694878
0.199761981753013
0.170154166954157
0.093853015635785
0.162754585584265
0.0923405338073744
0.1139517600143
0.191682458238078
0.122544021092582
0.179716918209203
0.154150056888424
0.171714377518516
0.214044866720184
0.199707637422361
0.182602570263286
0.14407089770194
0.124439916089327
0.100480669445854
0.0990920110594939
0.136882699164492
0.161957730351097
0.155076227172325
0.142349466707246
0.148590610018415
0.111800066207403
0.128767036613715
0.194079359460118
0.15513864500435
0.118220711204809
0.165373813480798
0.147801208430499
0.0920516329791021
0.112898221844491
0.127510168929562
0.111754579364487
0.186322997708884
0.156126347764229
0.123737972752918
0.187264086840656
0.118437568681842
0.100713963563164
0.157092881536697
0.199365699912739
0.132485422749894
0.118851827659529
0.165494734102788
0.152654136603396
0.181218731443876
0.147963146534455
0.148473373887114
0.176649445161705
0.187152236487761
0.128877368929768
0.12678461558074
0.100722904960406
0.158289407146797
0.119954259493845
0.181650544602793
0.140886521095264
0.154254021332497
0.190710773873292
0.0720683092041803
0.116679810691228
0.125099576715014
0.138452043797295
0.164636607751087
0.145309726813488
0.116972773213315
0.144491834823413
0.118662497214761
0.123256590518775
0.119764928067629
0.159439154688252
0.182967213678596
0.127505959664469
0.126574736101484
0.172858172244199
0.156368758264173
0.16076727307471
0.122862428114893
0.124111649941518
0.129196895568422
0.191267449627153
0.151735330896469
0.149339947051966
0.108722910723581
0.138264580360145
0.135323400475158
0.1587348584847
0.08192093874961
0.181451480393008
0.170673439007034
0.17618067042003
0.124301480381828
0.181168134312574
0.136509787750423
0.162523169561127
0.0921003890125717
0.15082178443326
0.178371639536592
0.171159183732686
0.192380414581881
0.234272012647569
0.195512600643623
0.141715021214634
0.139844686418179
0.15526217638701
0.177101145645105
0.131208491923433
0.13926112033888
0.114768625269776
0.121514943133421
0.117673205981683
0.248979804211144
0.195419164829434
0.140351851510316
0.137151176176885
0.141273520374057
0.203287449518846
0.167142599360802
0.190542761551007
0.210707929014426
0.164020480157591
0.154056809285357
0.112915472853021
0.105037406819189
0.103330945040337
0.110987826368656
0.137907074598827
0.0964629371173574
0.147995404352599
0.109648470922078
0.14616903926953
0.145069113644202
0.0829934358927572
0.198453844843845
0.161479369884112
0.136859602188478
0.128423161908028
0.096873235393443
0.182428589212642
0.12279825677059
0.131961027504822
0.139295594927973
0.116280235153758
0.191964281656999
0.119753757957485
0.120272730390629
0.153613261109697
0.139935377024035
0.254364764203968
0.230146046680018
0.187847016491
0.167066135017451
0.162204132423346
0.118615382348814
0.133853539247309
0.198425217168922
0.183302811279113
0.204156391313727
0.12789325357382
0.136156776353267
0.177306906637684
0.152564893963995
0.17471451736898
0.121579129159936
0.210672376459788
0.160242020357814
0.148836268715633
0.122310773997392
0.139794512802626
0.151981874564707
0.155250683742677
0.177733163871013
0.121605219322072
0.13481218981017
0.126341806428617
0.176104228266553
0.177218635345464
0.136626820547631
0.116228125366543
0.17124185514259
0.162780315388427
0.147971267975896
0.164789889016736
0.132213304647477
0.104294184164576
0.148794256282729
0.120973677329899
0.138361681256792
0.0880829905454878
0.147577249414958
0.152929258990877
0.123474389783725
0.123877782457982
0.192895700007294
0.102253902687066
0.220403465809864
0.0856132951242813
0.193320193718664
0.26205376930391
0.197380912276316
0.163607191488849
0.0862202944522864
0.0963297158934289
0.163408868889456
0.112581367990215
0.080550843293347
0.0760941533987753
0.187094213771294
0.105544282542987
0.106797688817589
0.102917381965855
0.142544542176124
0.120197927397232
0.138118472955143
0.136584660745854
0.204762186736897
0.161404342316958
0.116208231201224
0.166404449370211
0.127794696108476
0.131928557736498
0.116859938131331
0.157017852454182
0.117143035486294
0.129990206841498
0.145177369448499
0.140399874637734
0.18161691531335
0.157455036978044
0.0843108629794744
0.202018090310854
0.167722679816087
0.128433572922072
0.116782492970813
0.0699767855204037
0.12087814360908
0.206203844517686
0.112314777114554
0.144507383728913
0.166563925733608
0.123002940063307
0.108143101809402
0.147017051354909
0.126603242791689
0.108283996582314
0.117418148998556
0.106250375071176
0.177305162022059
0.187804152090847
0.112066384893094
0.20846413309784
0.14836916193979
0.165266735053704
0.167168086616214
0.169910075102625
0.121922952071712
0.142829269109712
0.102589897399605
0.138478890280458
0.0880462056155393
0.14337768647374
0.161511678057451
0.111527260028787
0.147072143703468
0.163338701147762
0.178308671447385
0.20225179639789
0.169733908693275
0.15466080081942
0.117163007281864
0.14948651111442
0.172432414982374
0.0976673195541493
0.199386352908819
0.194354049061127
0.179223952446566
0.130166036439284
0.133528642752359
0.154550553493165
0.151294690142674
0.160922392360864
0.158979004064245
0.0883200140550193
0.123135159214668
0.122889394676995
0.171163595479223
0.182546423407496
0.116203610920548
0.101843966264752
0.113608350144053
0.186919631508488
0.240150264776619
0.152502577644221
0.117945285168576
0.10683341392895
0.175144471713801
0.128896897857443
0.132642825897554
0.132930220454711
0.137167339889914
0.117107684695239
0.116810327986067
0.0809142625750043
0.112204121612039
0.144232557766044
0.151067570171517
0.104507746333645
0.16796426505128
0.112491575932235
0.146367667654868
0.155195712975035
0.180887752888679
0.159282527242538
0.138190151037662
0.137248582586679
0.150603251008718
0.181652995715017
0.110844507347175
0.0986147233821436
0.200671865505693
0.182911734920843
0.0987231943019301
0.147150800822517
0.203061091682143
0.129449429202924
0.167461952700861
0.126633994069378
0.137106835734566
0.197755690963022
0.143888328461265
0.132694488344421
0.200469746680831
0.186913035365093
0.221930500772154
0.14408195224702
0.11667134281252
0.124437126564792
0.185656668668761
0.139635092791237
0.170177837528023
0.165188284835885
0.110827828334855
0.168490333851368
0.172517644044219
0.116328362260516
0.155596161950751
0.142185996175598
0.182700090883997
0.160162157362478
0.105770001318794
0.159384353115791
0.150991359867657
0.145009447237014
0.154940094624686
0.0902445834403734
0.136723349613038
0.137078857855355
0.186311348341063
0.131169230308372
0.169538745477969
0.151041317731829
0.138789837290076
0.112120541652897
0.112528514251314
0.141198706071245
0.149190663780611
0.161070712965442
0.117287194688798
0.146225404477246
0.0899189546875795
0.154877120915285
0.195647804578561
0.129304004506636
0.105780267624644
0.143521669394423
0.135987038313129
0.145471386419147
0.16691691301314
0.13203014735938
0.102172775147186
0.155092430972558
0.149791993128504
0.129187377005192
0.181757176033191
0.134345568032977
0.223882748858667
0.12743562487774
0.18222912570747
0.0918576598157134
0.0997391825080577
0.144834708306106
0.186379954168437
0.133886416786329
0.160532594311292
0.111178351760246
0.178771934570357
0.125251124692337
0.17605761742782
0.118254715656699
0.173972674374765
0.10205652040138
0.0993553304330341
0.148353253009058
0.175180144917322
0.122210690558123
0.148657897044604
0.17828725241495
0.144377430333576
0.101279890342597
0.120978664787399
0.0928329994324894
0.141942152629598
0.172599942458075
0.184126158021506
0.131563772088123
0.153930877972789
0.107228957798056
0.167394915557131
0.128193196193824
0.174680700939888
0.16429471374116
0.15860459498921
0.209221483246699
0.162324605827879
0.138548162126337
0.155699564186391
0.136094094305142
0.124649791594284
0.133023598205438
0.126124575033909
0.149938923744475
0.152306856850062
0.187098672726859
0.127126577873084
0.180389882367184
0.173399958344982
0.142218218931482
0.159572481098068
0.105242732479403
0.152559696319884
0.147570048040599
0.171560399691198
0.192857647383361
0.130319728225133
0.116952819668669
0.0992304775366701
0.163960638991052
0.20202119969375
0.108980001810283
0.10046510135774
0.121370099740637
0.127490103929774
0.186747653161471
0.169551573788825
0.245721089685587
0.175994422141008
0.0975327547437575
0.147806771912137
0.131782556289505
0.159762554902455
0.151175051365198
0.141000747396171
0.088000339785652
0.0854440382326629
0.0750421936940017
0.145765402815366
0.116819217839569
0.159721811513027
0.0903119130650662
0.202734384257184
0.0843942357825536
0.141520179267388
0.163068366586724
0.133073988860762
0.151700898316913
0.126150507555136
0.0736290201263674
0.124239364536338
0.178262212815247
0.102136121914689
0.123169366438917
0.111184860663214
0.0969161135136739
0.1536505181925
0.222840055701739
0.177912746532154
0.13956038387569
0.142058253806973
0.116862739250776
0.141486714832879
0.163051892633852
0.206971115196284
0.124664174107362
0.187589561404472
0.138931278917375
0.1930714326841
0.156854404496726
0.129762797030469
0.133341288601664
0.124446149259613
0.172264333236065
0.179978140733573
0.141869477630639
0.174609382921732
0.11222139448926
0.129209253483862
0.163594706324609
0.123161741381368
0.115547707730883
0.175886820620167
0.139995730192159
0.166808856313338
0.141251538382936
0.19129071074809
0.195109684629823
0.145514012350425
0.196661751129182
0.137644915036503
0.100823288481196
0.162824927039965
0.132105283464716
0.186606342153423
0.176501978011779
0.125376434034561
0.106379879487194
0.175806003716999
0.1652580631785
0.140449502973551
0.222945193017658
0.108396665067085
0.170361305891609
0.17674297984882
0.168523017852611
0.0779038943776687
0.143402744297844
0.110220719775267
0.167380938450607
0.176321239398007
0.177423134794885
0.214085356824892
0.136649324590315
0.130060893567948
0.233506853711295
0.184718329750118
0.128161653146237
0.162952917399562
0.178900259830194
0.201476881088067
0.134253429872632
0.121789921382954
0.140630143751578
0.153228031939432
0.152475125298039
0.137098189977955
0.157302547800913
0.190364909394791
0.113661930611857
0.0846325273217365
0.11557077981743
0.115767175415272
0.113798830689514
0.128598038424092
0.127655923711341
0.112564082505001
0.188638102036316
0.191036384583008
0.117667517567651
0.113550340199386
0.147888785562966
0.130391650687919
0.120029895674203
0.206353582622606
0.170547995551532
0.139679610996491
0.127604594994863
0.15885685940621
0.0853843810905438
0.189986903779791
0.129672912061616
0.176473746718555
0.174939700467443
0.186553030586841
0.220965766616085
0.110621889823547
0.205597600457944
0.205696145428114
0.151888803571797
0.160043334458877
0.121328862480684
0.11262527820354
0.0999959292858881
0.0964739680352523
0.162423617236398
0.0830150717790671
0.163867906214455
0.137456216737932
0.134275089958481
0.141054273297884
0.12241774991797
0.189216260760255
0.226403150664326
0.176296686021882
0.15938847128364
0.145843736228702
0.15486258524726
0.176043661572471
0.174556797098967
0.196460014081654
0.161042036402789
0.160028999819348
0.159668382500237
0.161658096493517
0.128928718252399
0.092357879530654
0.104400337032396
0.130097638325863
0.133729590425279
0.18860386499436
0.12345788748797
0.138091585477796
0.155043263660627
0.22369146810754
0.139644744127591
0.157292614470692
0.212259629810337
0.130521332578514
0.132809561282084
0.183771637509821
0.151115167289141
0.108765194825971
0.146930571846373
0.159772260189984
0.094639830875261
0.161194364233081
0.118820478747087
0.132712220979577
0.177545547484528
0.131738999775856
0.106609285450453
0.185195905653445
0.120949040439579
0.113305418259965
0.0845788370850219
0.113207587485576
0.100111911124707
0.136812856386309
0.151644902000632
0.221167696277246
0.180593286424879
0.190247071268576
0.154795629728297
0.103689148244603
0.199497286637442
0.127470599484156
0.105408475847471
0.132710615911387
0.224923442501931
0.161107344751576
0.200092518904542
0.183092652907242
0.166772350767522
0.146603976768803
0.179678857647325
0.14612184211771
0.164466276259518
0.102305146421101
0.131544116074839
0.174388374790893
0.187305863570817
0.116418209072687
0.134184974410237
0.183614561165824
0.20116034450196
0.217159864736111
0.089331869024052
0.199149178032101
0.112361346945125
0.0755987467550878
0.181934691924264
0.131145999910575
0.154643259128943
0.106367756851023
0.17627321548218
0.143054736868109
0.0783182462765433
0.132653852299393
0.194822948043386
0.130241187369921
0.16308733062655
0.147122513562943
0.173921614014104
0.131098345604388
0.146456231413125
0.0722950755713311
0.145529961370824
0.121956713824202
0.153615411024262
0.116714406818439
0.196301150703403
0.119172435482898
0.108612800753226
0.115194177825099
0.132597351020078
0.134138388535532
0.198649987475821
0.0934073488701591
0.118032127076213
0.15927200127774
0.117609050399196
0.11966095792411
0.147330192040881
0.137760120483156
0.158673885114577
0.126198283909
0.110265316331024
0.198038090539008
0.161847244371362
0.162979056178692
0.184594082788521
0.175897443186764
0.144269261747273
0.165373561915738
0.146901667194204
0.21160795526127
0.136998215229116
0.107582710356743
0.148562833440646
0.170697700574189
0.115100524522268
0.12501341779875
0.16383722076067
0.196226113280226
0.146136623331507
0.106316673688571
0.193002122212605
0.238142724555108
0.193262928684455
0.163449945592461
0.100920229590853
0.103038742455619
0.111346821821236
0.131898661076925
0.145543866839038
0.113966365418773
0.139108522178301
0.201538256046998
0.168734333256587
0.119266229646739
0.21272910706313
0.136214983387108
0.191610357860952
0.235274348795507
0.203667979914954
0.0992545341216331
0.184504303720183
0.156526998084187
0.162425186033387
0.113030568702914
0.147203569951062
0.0839070664188361
0.123110947152592
0.202791383719195
0.143495201763089
0.0695426564345095
0.144579702229724
0.198863526035444
0.145721339786909
0.270785249334472
0.121229066632373
0.198869102554715
0.169805576966433
0.115751022767545
0.149246143897824
0.160997383004824
0.209520394571624
0.136152948807262
0.131143972908918
0.206373401976413
0.120546101952458
0.159683520276564
0.0973682842454391
0.107806032320414
0.154073598964387
0.234443763151944
0.114913622828335
0.175085603786501
0.116215473022911
0.218804179537128
0.0934182844857564
0.159754944285003
0.193598217203294
0.112838110340498
0.144572620982269
0.143446021973328
0.177116699346672
0.126337451515383
0.133033121366943
0.214414853707231
0.126499146413113
0.222768405105676
0.109113326307307
0.128482457817672
0.092543072725185
0.189795842027748
0.151774405522698
0.137994702858319
0.0993808170770975
0.160857102330157
0.218707566663618
0.192284559319435
0.15819666285297
0.16521340942096
0.127221019183511
0.167210902350693
0.132750708228831
0.177475412834458
0.138627924999166
0.165417889974475
0.146555022325298
0.136692988770069
0.17913200692878
0.167388012509994
0.15718526006759
0.158718472099882
0.119058477271151
0.127363252694437
0.171087059726456
0.170641903787985
0.154779697059081
0.11780413506796
0.161883452700876
0.195728215309133
0.123950846962179
0.129562264206656
0.133499555799279
0.152790154332606
0.148347284756879
0.13435709951033
0.170146401901573
0.162096510272834
0.125792129316703
0.170981403301858
0.243904960574594
0.11908788541991
0.169350891425768
0.147190091790395
0.0817036698919515
0.115425301289605
0.182962023865026
0.121770938273672
0.136202024736814
0.12547524814176
0.143857227050247
0.129939658705616
0.145316011410109
0.127794467102569
0.195392778482322
0.15867636818468
0.1382333094093
0.126274944179944
0.133507569898101
0.141851932398682
0.178650229944808
0.184437983150888
0.149267896670523
0.139278283502739
0.134954443830053
0.155635656458924
0.128303623953042
0.178945052631085
0.0579431875370146
0.127809388419523
0.174966393264844
0.0829045824570264
0.153670445800632
0.148326421726796
0.10238995844079
0.175203279314777
0.125133658857354
0.170553349113576
0.187370774806828
0.154602438816595
0.0868837690603045
0.129924723751447
0.117313208749343
0.112163232157765
0.179215241312174
0.179752961071592
0.122529088478966
0.123027206800096
0.0954024710240792
0.11329248317486
0.129437155909236
0.197901610954681
0.143149231670044
0.17589218906653
0.117600706491121
0.131530216347831
0.129771738858149
0.127364469835943
0.139118810243119
0.0797464936214468
0.143573769559807
0.222694697547958
0.144363194149073
0.182094586597015
0.165882185408703
0.202281185237121
0.134748796609795
0.14076788232461
0.153507663800574
0.143636743207464
0.106587163980405
0.11698911759533
0.151131317745888
0.181377220222261
0.1315379845988
0.162975386219182
0.194855170205271
0.146364875190347
0.13076585460953
0.102381812477734
0.187868892226164
0.172524109705069
0.115345290574394
0.130209516085883
0.180684195390107
0.129081628248105
0.109635758713591
0.20373832447818
0.166726703490203
0.180345248097316
0.164849803608953
0.151645507792564
0.122117142222078
0.171159735994191
0.204619423021979
0.11926338276623
0.174564296381147
0.189089869257175
0.189090876571099
0.0882612343702548
0.136703975298332
0.164781727728402
0.134659119600971
0.0985964197587004
0.100981919483698
0.154758144888842
0.188610808912081
0.148244710833445
0.1864839621637
0.1810610937849
0.177035411266225
0.147177394998986
0.127615068002184
0.15218886470607
0.124280656997085
0.139047730230941
0.177993148329627
0.183537269453931
0.17755114083426
0.129073843390312
0.151302543612621
0.134443804187914
0.113945419113257
0.159849358535025
0.135109807564339
0.132684851735037
0.0878225175618536
0.143296530820775
0.144601999106435
0.149455521025722
0.130895608686153
0.164844543364949
0.115316672003454
0.196795182761745
0.169374940385975
0.188484016639981
0.0883800845838643
0.130634382435096
0.141024025058787
0.128084790199301
0.126528798374203
0.171214575283313
0.144779816237682
0.0976237782175026
0.148019135518403
0.130730443305436
0.139717894369372
0.131524026991438
0.134667451169457
0.196434900632878
0.122850811909066
0.142159059408452
0.192544424786563
0.151519088959338
0.201220654416641
0.159269931655012
0.216696359942878
0.160714695493805
0.190751889958537
0.106046726355578
0.115220188739978
0.123257333463205
0.139766160055397
0.146321702608349
0.0918457054084795
0.16183820810401
0.150197530027795
0.159280871479288
0.195002842243736
0.203555420890151
0.143810227587186
0.187891047584703
0.112186637115852
0.16337880362808
0.114711026841971
0.120868900509143
0.149872233196387
0.161261113942316
0.119692008568301
0.131594719662239
0.177933525755177
0.0840974246506422
0.129038882162972
0.128092634242974
0.155417597943477
0.155772387224724
0.147686982263934
0.171668885834166
0.144134808100097
0.0858964767883654
0.0890428092873127
0.122467145529605
0.165774422604458
0.141098424849237
0.193087562234556
0.131774144342695
0.132040469073943
0.138941119902392
0.139274493247106
0.16277787641083
0.0979138656044973
0.131814146805711
0.152558493104544
0.0621275986796934
0.106697136706158
0.0783638387340103
0.137311831852882
0.0905863296579208
0.158270381210045
0.175032236172838
0.119878335125476
0.187981350526165
0.148933281118889
0.128222341096062
0.173958114536338
0.173249895651418
0.104557847548337
0.152362115743633
0.181651103138261
0.13474468137157
0.131655608063431
0.158410555936129
0.128533838847163
0.0872642124984637
0.203386888499442
0.0962730796079118
0.183728498403244
0.122273021150803
0.136301650341124
0.207653406206622
0.172665065985873
0.197717252764413
0.12148367248252
0.102680195481816
0.153488903205312
0.141424607311093
0.118133147751846
0.173134705818884
0.13426961408273
0.129441673220478
0.117672582963188
0.108352197044162
0.185476242731509
0.26461320830904
0.120178762033136
0.111001831215517
0.126944028427444
0.207342604606771
0.125705660672376
0.115856165085699
0.177057073839964
0.156306454965153
0.175061126707271
0.197350584023564
0.0986874415049675
0.158473465613593
0.114613973282877
0.122370451250525
0.144335439443997
0.114076211504124
0.139531560692601
0.208574508168896
0.192956203403984
0.167186274362381
0.186246795783762
0.167096913635379
0.133640368826924
0.202919796324655
0.159582627310489
0.112783594237248
0.144440734641538
0.17294847354064
0.156886096703948
0.153904933090032
0.126128111546667
0.155590869889566
0.149315251176673
0.122146062454037
0.221373942468967
0.0914531161021561
0.212477871902114
0.206233169769407
0.205420188054965
0.152840782589054
0.124507758233797
0.128984264274172
0.110012892034098
0.116436243621586
0.192362197925336
0.112900470664172
0.116946924592477
0.199887105781864
0.143359870758698
0.156353043937094
0.146534186491018
0.180121347906414
0.138124902795236
0.231624648947627
0.0918357150110844
0.163921281111666
0.136967041748339
0.119292694109315
0.231002520879807
0.129690263018006
0.141168783665158
0.151677305869051
0.100011903378857
0.139852671713121
0.118844907140813
0.128475515764644
0.105375580414968
0.17208605663801
0.126431606580464
0.165117733029145
0.100503343704368
0.114858257644847
0.116710216244848
0.206418014437565
0.139695480211484
0.239446122531383
0.209746370804487
0.124055868550285
0.108514003600888
0.182358721953527
0.165519641740852
0.108820491366941
0.138162178742108
0.106655587582568
0.110537798575841
0.112156582286467
0.140475694329848
0.184882452725861
0.136858372737581
0.129779778935353
0.20947403217372
0.171748095719467
0.129967654540007
0.0901335541197306
0.12328452771862
0.153474929239233
0.213903997143484
0.19591527213077
0.124563844682286
0.145531436822347
0.109211268237079
0.135998072150134
0.141132368234824
0.179829775947523
0.155167230247061
0.144388757539287
0.192367143347463
0.130743251898923
0.234400687520797
0.148805056127995
0.13005853913099
0.15253815993299
0.193820545277566
0.0868080666155885
0.156709461464573
0.152305269781307
0.207100694080149
0.209882147493418
0.0997383057349845
0.178820734656876
0.150694804464848
0.180498078527404
0.109911377049896
0.158493629515766
0.127927265445719
0.13671124803361
0.151134209483778
0.112331260132393
0.0896619825134173
0.154649751035595
0.151213437883288
0.209358509389204
0.108109167692683
0.158377376903709
0.183540302367913
0.14393201250516
0.186942504925993
0.138294201903657
0.140490987224274
0.131640084537344
0.152658952106821
0.140627403927273
0.107025236280047
0.181406697840952
0.188259667716746
0.128137517781464
0.134357061183149
0.118114761093788
0.137437617355745
0.155779009957616
0.142233700265633
0.0911231647154183
0.124973423426756
0.132916342795523
0.166179488264547
0.147858262622556
0.116882857379814
0.104195853727449
0.0889424565756106
0.123241468820898
0.15689490061764
0.126503022440308
0.212473374430447
0.168687544530847
0.165310124588176
0.16136760467781
0.192836705379025
0.202033280520091
0.152185368610057
0.231161830635749
0.17241852817026
0.180591116494427
0.1013283081328
0.164801891112314
0.0816630050451074
0.154043914335419
0.144722364544313
0.212069609148617
0.148556096271882
0.148021157468801
0.184788873234014
0.153245088218084
0.155584193494971
0.165841310520284
0.156753062440831
0.140681895078974
0.20558936940805
0.174802498147987
0.178588482006096
0.189476597651697
0.216901157785663
0.161785773664228
0.112804714667812
0.147077445089311
0.153853683950742
0.13752583651345
0.0940984418299857
0.122747874816302
0.122104678801536
0.122115466168086
0.195253715018319
0.131353433407725
0.159552157131844
0.124309133685456
0.159177195428166
0.158550965290689
0.171307967788199
0.161455780237983
0.189813077023397
0.144236327452666
0.0852652886579924
0.151025384437904
0.149699820348434
0.135799925313603
0.228788901239379
0.118649375910936
0.107773075946456
0.140069355560533
0.200769309417409
0.134845640441672
0.163131976129911
0.157147772476397
0.163119151806155
0.161606828513295
0.161219288116628
0.142032394145077
0.171865015993604
0.190165696331076
0.114181756698388
0.095388810101976
0.147246394019888
0.134392688391743
0.128213396030219
0.176063377123464
0.19636369123359
0.114846562206543
0.203331409677221
0.130252503238468
0.0865772971379779
0.156146109385851
0.132773133314633
0.160191480986831
0.170771533967509
0.131127854377063
0.137392434533279
0.108663952288359
0.172331794335957
0.139953007156508
0.132893982818051
0.0847381792030512
0.195054972294543
0.177254696192705
0.157781031248634
0.115076393257622
0.132825176849264
0.160205534730397
0.155634679394805
0.147464573904136
0.108697569984426
0.133830753941232
0.188023313472425
0.127148805055828
0.181440947451352
0.105815615313578
0.179083923811593
0.159463204956151
0.182730913974865
0.211290272728681
0.133070379255317
0.136706622428125
0.107305760995733
0.10089163268958
0.151280661195273
0.104513547042349
0.174086801436855
0.116086011472858
0.171136798647777
0.125087814870737
0.158145350765524
0.192714203168006
0.126187718709839
0.107804930786677
0.126134749417807
0.132398703678572
0.184099883567089
0.166031594246233
0.149279526165438
0.140137254166362
0.137575824985626
0.147190266455231
0.124246856588511
0.21503781330446
0.152775086737986
0.174333666208164
0.103262601450368
0.133280927206763
0.167883512237904
0.155179267027937
0.160860735577527
0.156578260279931
0.159339755259334
0.154627315184243
0.188921590098857
0.185954416886265
0.171441153886301
0.207299525443455
0.154823596300006
0.0875832106143916
0.126829062768675
0.210469274698727
0.139294526384397
0.14559671562896
0.117928136788534
0.146926249268733
0.150279252177821
0.151356888517282
0.121199064308455
0.206696783786663
0.10535617510003
0.164592302318414
0.112360452847615
0.156088507179881
0.158526788330296
0.101118409016716
0.153396703087282
0.117487205466226
0.140451863058284
0.163383000918679
0.138118157412662
0.0922247658365585
0.243075870165063
0.211832637487044
0.127547524689111
0.194036569176777
0.206713855035215
0.188715880298855
0.156344958472412
0.111681095464018
0.158489711722255
0.109631549149303
0.106897577832653
0.116084208856796
0.163048879400549
0.143083686452054
0.122538639972724
0.194136869852599
0.170776214265035
0.183105079441194
0.211434503122385
0.161784099821921
0.149776103079136
0.173324825055637
0.155086756190686
0.127504334779468
0.187207158589105
0.127189157035571
0.112417957103975
0.176452046769576
0.156437165846954
0.136091936890005
0.152256591011788
0.167124157988255
0.163326351042221
0.148180692314091
0.125022941927453
0.135514712938409
0.180244487602221
0.116382415381489
0.128268445967527
0.108644100320783
0.118154416450866
0.134275887281948
0.142919588374395
0.209343771259903
0.142851778103378
0.171239602419021
0.18051677495359
0.235174719017768
0.16812557502461
0.212347532552139
0.172501004328119
0.190718359480361
0.114882123895677
0.193128398415772
0.210068736566066
0.142474214168911
0.140246360240714
0.184977333302451
0.176928691902466
0.112627371233271
0.126825039883779
0.136695203041599
0.137496939516817
0.191769794769924
0.132913225642821
0.115747001492412
0.161341097788638
0.139052855232532
0.182785090646555
0.167507319888713
0.200594879237601
0.197192790960598
0.155627556622239
0.13834995036216
0.118784111350305
0.15991484480627
0.124409874944093
0.105697351461026
0.193439728905839
0.158779382703629
0.128403297218136
0.208092397985308
0.129222634217317
0.0943163803991583
0.208862953726219
0.187714675328881
0.189591332759768
0.174256688814175
0.187821351693878
0.104541199577679
0.174158017944382
0.162231122272685
0.083830120720607
0.170028429803857
0.158440587002383
0.185818741525149
0.159116917788048
0.0769186787350954
0.147404165185112
0.170179503645851
0.149711648205282
0.150877083460809
0.120131664487238
0.169602125277168
0.1449376961988
0.158005353944483
0.174455548117827
0.11851633707282
0.165628907800516
0.190015843335076
0.151119148313611
0.209664035260099
0.254920993114685
0.175045083762191
0.158940458959385
0.120443839435049
0.155664632594325
0.117695647215133
0.119170506336074
0.163082735963329
0.189764400633639
0.21302506924112
0.221882807355296
0.140548305862095
0.221466358289697
0.145616847810112
0.154472557044502
0.17480129425241
0.141484733229731
0.195319524872691
0.150715480405509
0.15735933774952
0.195946590725966
0.148868007569982
0.145241270901861
0.158903080522377
0.12020866309124
0.194780890649967
0.153595781867089
0.0739262313448138
0.19434345921341
0.112476199088875
0.124128115724673
0.135783272678398
0.12274588133716
0.19889883195901
0.193178759490402
0.129219999959442
0.124656501182194
0.144314193751954
0.181812631133081
0.202520140470453
0.109937800850089
0.208870821219713
0.16122031231484
0.148396867196094
0.165762441981773
0.145723661933552
0.141496256621319
0.127116380430767
0.100456569524937
0.187097471775788
0.143684044413623
0.138289929811199
0.189086915388586
0.201339956032499
0.188504290568519
0.234309135869004
0.181227479766078
0.10602589248212
0.134324969950662
0.206688748937101
0.131238069986865
0.206025529837674
0.182397942483795
0.167034791584702
0.200168290856146
0.163398187606442
0.172002104727691
0.115817479362628
0.152717871754855
0.102492806182439
0.144923230544811
0.108657382053549
0.0952107286677546
0.130710002434071
0.102412709618123
0.165645669458014
0.0857136332937088
0.142903740977884
0.163925960219192
0.14226613759446
0.171569484788534
0.173547197102944
0.156285086573261
0.197860916592678
0.12601750428044
0.149664891581721
0.130154753540656
0.174497002977901
0.179783950015467
0.160842267582252
0.217784970304192
0.132398233549887
0.109664683017043
0.0948375845004022
0.152271282138062
0.0989804216111465
0.140603278915578
0.182049729721933
0.125383035224694
0.161968875513851
0.112468697380515
0.209557306975931
0.191396994492605
0.139687937882796
0.18059512137623
0.131775904583603
0.177452456684208
0.113991364948625
0.172242412771867
0.127484618790244
0.164887299171816
0.139784717779606
0.168529420431768
0.15414295790431
0.120914565484626
0.108728289454144
0.101374279207576
0.145473012303155
0.20863659165058
0.130565912062884
0.146769539714347
0.194827539181006
0.172883455962491
0.117196628310997
0.172042467253261
0.121361916600962
0.153751534952578
0.151609989691394
0.187663229429521
0.14446864067959
0.139769420009397
0.133309843023932
0.163263614400817
0.204049236464336
0.184421905421393
0.18105106406808
0.19164738354752
0.188978452513034
0.0930047500219885
0.170375152506598
0.138618105792728
0.122133304497195
0.104255116643252
0.146991193761964
0.151941865001414
0.140338451056779
0.16017888032028
0.152275846608217
0.129683750444957
0.133600042190421
0.148427280859906
0.17509965574907
0.102919020538555
0.137166706976828
0.152385974663174
0.122827906296663
0.128004662890447
0.109902559817591
0.102011363372019
0.236844845299164
0.179215535952541
0.183779353117344
0.141781287418218
0.136571527035576
0.138445532089243
0.192578975106136
0.149742988983684
0.192949334671649
0.152181861089072
0.0998782616989312
0.179035077683754
0.194247276866922
0.126342559745933
0.133615918046462
0.149710416132112
0.178107274716972
0.103867262388162
0.120499436557482
0.167694315755072
0.119566869619274
0.148143803744095
0.225773014310007
0.165922017169697
0.141310266798572
0.206017385460121
0.143508101769119
0.112356645509791
0.12917480176731
0.131192605426358
0.07584571488978
0.177553156762502
0.126347256123817
0.150105217653807
0.175760866624531
0.114622535612633
0.197249816512696
0.130596173047991
0.146699031527419
0.128265285267646
0.201377704989694
0.154994952861511
0.137922291587034
0.114686095474199
0.134966844263236
0.17686979650709
0.20546738579719
0.107018065978226
0.159354207912978
0.101685434591621
0.204135323239806
0.193145441537694
0.228227611267337
0.185181971341468
0.174593909173475
0.187741683560241
0.104431415373411
0.164544854074601
0.146360214306324
0.157231236391741
