0.17
0.106316169671519
0.101986996058106
0.0814588176691873
0.0907513172583859
0.0662400713510826
0.0641147709293146
0.0696006565556794
0.0828775764259227
0.0768333568351911
0.0919006109688111
0.0945396617052703
0.0863942161650734
0.0871697337797954
0.0662144575868958
0.097695518780531
0.0908673137539416
0.10511343225219
0.0826659991305576
0.0675789175908332
0.093176786986736
0.0715595685855031
0.0668771146200659
0.0708187051553424
0.0858997197492986
0.0815725918558929
0.0732607432853905
0.102327651760276
0.0691578632269374
0.06331393239365
0.111691294798583
0.0912271487281649
0.085261844877261
0.0861233279590013
0.0785036290055213
0.0934237783096176
0.0678982644958212
0.0698840153973547
0.0886527937051934
0.0633263830878525
0.0897648164679982
0.0814330651228542
0.0808535408761418
0.0825456948014373
0.0831528184768358
0.124186815341079
0.0600960002286175
0.068586068318494
0.0988994018901317
0.0773586711642253
0.113550799728258
0.0958074537537
0.0794211176099722
0.0999031859445839
0.0864285918300248
0.0812190874679356
0.0962210931863738
0.0638848437574795
0.0768456041087563
0.0785587885891603
0.10638937346798
0.113136909652066
0.0681998959498976
0.142124757944927
0.0951205781465804
0.0815025778572187
0.0804274976369474
0.0964789564723909
0.0694781530796113
0.0976986475784729
0.0704442572744966
0.0872330158109717
0.0875574505234441
0.0842774482756442
0.0908105856504952
0.0683534503218174
0.0900245930746381
0.0834936133498063
0.083666045899532
0.101912456379436
0.074843165054862
0.0689799610052007
0.0811453620275259
0.076692773985305
0.109487433890128
0.0822574961531669
0.0823528018355974
0.0845146318620653
0.0735635779698391
0.089213560435082
0.0920181102277949
0.0809181063555296
0.100106872538767
0.0731507582631845
0.105844999790603
0.103008555998745
0.0716264138027105
0.096629854969802
0.0926570519544143
0.0766218266113823
0.0686958400128531
0.072790096639535
0.0920962385886848
0.0950459988475579
0.0862515902606683
0.0786454151298155
0.0657447446579364
0.108443919310977
0.0712383058868985
0.0877240263753236
0.108812945347969
0.0821187403255156
0.076400012534891
0.0758892336715555
0.08266595009945
0.0842678181914194
0.0865446835776527
0.0796906530209126
0.0955641647480794
0.0793458506719424
0.0711273890107245
0.067883562748539
0.0714543548127702
0.097412348894811
0.0831237987910082
0.0921546176929226
0.0747263948488247
0.0723290364403776
0.082250179862695
0.0805950454471842
0.0911245235681196
0.06527135590582
0.0883513818185932
0.068186128209549
0.0789711683572128
0.0996158931026365
0.0839914073641094
0.089766275836544
0.0884906974418567
0.05909580171643
0.0750804243819953
0.0736070579913668
0.0616808341599287
0.0875277097231813
0.0871011393002362
0.0744240428410158
0.088570704637745
0.0739922992755386
0.060922109218502
0.106530176728439
0.0818507793828367
0.0730673246535201
0.0869507432512784
0.0744059742127639
0.0803124634538156
0.0743577623086654
0.0860737004442458
0.0706089408001937
0.0755494696144994
0.0666657521406557
0.0862324781845676
0.0629544338811188
0.10497852311123
0.0614659422700675
0.0746045789722629
0.0821412734819917
0.0649198084110362
0.072929211759387
0.0827044811036775
0.066211021987035
0.0849309520600496
0.0635904451186966
0.0617348482828872
0.0732936159640287
0.0639531322347592
0.0823757743823596
0.104834736487821
0.061710880305436
0.0868485519032845
0.0661897199704627
0.0677990659837984
0.0657607797459977
0.0752682205143977
0.0864734559191194
0.0895478616242581
0.0760455599588607
0.083490561380115
0.0666859912048423
0.0741946617501725
0.0705247489965959
0.0767700431632149
0.0716884051768992
0.0709711797109515
0.0691313922962532
0.0595079216151951
0.0771099195201184
0.0746672367398642
0.0866952658989542
0.067896190543108
0.0847774535399212
0.0628082758535361
0.0769756106035413
0.0789096708073974
0.101133558756608
0.0826911204448652
0.0687575806199721
0.0838412357330783
0.0905818587179425
0.119375514441713
0.0877741422668251
0.0951096716568769
0.0619952068030887
0.0659437800608218
0.0833427282204845
0.100082510837973
0.0579273092301877
0.0810731404340903
0.0758338578920779
0.0856450461799756
0.0965264455495008
0.0739660180774418
0.0857654021497951
0.0783133443726471
0.0565747850776522
0.0974865804455424
0.120942977541868
0.0785126880694338
0.0937112004018822
0.0860242365664358
0.0861503970226327
0.0825918194864352
0.0849928543893093
0.0674078612673915
0.0745363363108033
0.0698312929818024
0.0625789577462239
0.0936355997122275
0.0820405891217406
0.121212418675189
0.101324230254658
0.0831522341812307
0.084555273607077
0.0868948207999648
0.0704749234099389
0.0751299282317856
0.0897354090859858
0.0588435586552814
0.0794319715776728
0.0825458918498475
0.106094145853912
0.0861562951553178
0.0704578947524282
0.0874105307943171
0.0788792725444155
0.0871936870620423
0.0811162550840729
0.105325291597977
0.0939853119383616
0.0816971780069225
0.064731740997274
0.088808687204541
0.126377851722147
0.0867023845360517
0.0942405910761306
0.0732217026786776
0.0855268104819183
0.080116041710768
0.0877357594407252
0.104838355967704
0.0657018898812932
0.0943903229600743
0.0756827631403726
0.0886578406684844
0.0633329367335734
0.0831992033033455
0.0890656218391526
0.0697236233294753
0.0821620267111815
0.0587271540349521
0.080474010984037
0.08491598911119
0.0631203766890072
0.0806062842005698
0.0827828334738312
0.0838925254735344
0.0862263500642943
0.0681174143653348
0.0861821752327676
0.0773777405834608
0.0763932084168908
0.0971939543818102
0.0587253661016591
0.0749725434398057
0.0958560520759124
0.0715033739880093
0.0758296915636435
0.0868368001613821
0.0962626340757144
0.0875098587616062
0.0833001076731366
0.0884456158285708
0.0853120560589508
0.0828470655694271
0.058833200722747
0.0938341315817266
0.0736182410624714
0.0940959925743886
0.096450463378831
0.0649374569409171
0.0851104304179736
0.0785843031333826
0.0853112075156746
0.088431669833905
0.0993519930360055
0.0979110623092846
0.11609659421523
0.0664258472178355
0.0851256760015419
0.0798851638539716
0.0643767964435422
0.0709698554209884
0.0846985631710993
0.0902645755382256
0.0907462000429765
0.0791141953242445
0.0930608010368014
0.0946686073772047
0.0847167671739784
0.105584129401873
0.0816740511816026
0.0645847305890279
0.0719086260440499
0.0743443303793608
0.0826092020254116
0.0630897968905043
0.0906171603291767
0.0981716038841991
0.0682670603691493
0.0550500029602591
0.0766246203539832
0.0708282381051158
0.0938197998145269
0.0787993481160284
0.0600004080704862
0.0910538692327509
0.0742260033824734
0.0821449546459524
0.0615067735228977
0.0845384513624494
0.0584207346183454
0.0532220218651338
0.0817803221600803
0.0993239911330464
0.0772806806873177
0.0775361063180264
0.105528695824082
0.111134248748452
0.0719766527780461
0.0771790962716414
0.0857970667523113
0.082990278707377
0.0798280819801867
0.0807763189806555
0.0939079534979928
0.110508370042148
0.0783435854664738
0.096067719963703
0.0823386496827023
0.0863375849877059
0.0890988288902353
0.0938234607901704
0.0800633769279165
0.0957519567913429
0.080257791581219
0.0748998916745965
0.0801837081597616
0.0830826805611055
0.0657514610937729
0.0881105003970069
0.0750813424482775
0.103352492817097
0.090672105185368
0.0674284606712865
0.0682093616414411
0.0548132161917847
0.0882822107547265
0.0780351077727292
0.0773432727189579
0.0820760106408832
0.0716728663106514
0.0808661636350819
0.0739509141819896
0.102284673239766
0.0905566684577752
0.0860354615130299
0.0706166284450193
0.0800960065470797
0.0770823701297568
0.0850917882787613
0.0642272735596749
0.0565359695550089
0.0936581983405112
0.0754382095686077
0.0952815305864208
0.0877094400202365
0.0586383125944494
0.110221453811128
0.0908258142778244
0.0926799670962414
0.0859481182681931
0.0895068249943254
0.0899140705462961
0.0659528174974262
0.0727212145661691
0.0884089320431324
0.0853455823018995
0.0847998038225098
0.095009165532417
0.0909477508178223
0.0852493246986561
0.0640903699340683
0.130371597538531
0.0656329036126266
0.103592307106982
0.0678662238623386
0.0752140418776617
0.0719562662578878
0.0747587806268449
0.0921444339987927
0.0804278733230514
0.0692927508373651
0.108283338719208
0.0865165621915515
0.0836133955980145
0.0768824221598934
0.0819019288601339
0.0944680282942353
0.115045894156886
0.0576223515781138
0.0853259848880679
0.0949486422235296
0.0833238920337858
0.103243042539845
0.0609724210928137
0.0860484036318789
0.0806350325098524
0.0932236632017707
0.0977687311766551
0.0818325510073996
0.0700560682736301
0.0640304148378039
0.0740219709742367
0.0779693715303221
0.0791256682567385
0.0905781046807908
0.0783268963619093
0.0803355648514212
0.0605812788116492
0.11071992977208
0.0838461684572049
0.0763237424770985
0.0701531059711783
0.0557464336045461
0.0831282648856184
0.0631849022370154
0.0940812146636423
0.0803320571921615
0.0802108854149342
0.0777748215429784
0.0984766798472538
0.0815202107748658
0.0870845160635526
0.0807544883383338
0.0828321307025683
0.0591154458353573
0.0781252264282161
0.0730159576090983
0.0775347348389274
0.0688174980337223
0.0723002585204073
0.0721412581272687
0.0960628225773152
0.0705283415376912
0.0874944876097394
0.0765011530488607
0.0713411401660621
0.0633165263556601
0.0570590473296203
0.09945696429762
0.0752815394903828
0.0863754900928449
0.0975557020994217
0.0639093314168229
0.0699921651125774
0.100117585327826
0.0827139858183951
0.0788648463341233
0.0930173516007614
0.0874927343849707
0.077702267897352
0.0868622316458326
0.0635985262920675
0.0804046123323208
0.0716152347670136
0.0709818523011721
0.080967920848863
0.104075477546575
0.0754638778263818
0.0628917783799548
0.0702165814550773
0.0742124693520459
0.0751391838733324
0.0748636317828767
0.0821414085212335
0.0989192484332592
0.0908408015298526
0.0879607345722754
0.0801460553131349
0.060529970032722
0.0900602440035748
0.058013956837643
0.0922460390865067
0.0771814328733708
0.0909798763436419
0.11532771098635
0.0937112555088426
0.0708914165778893
0.0683783065529493
0.0690895169241087
0.0842135770774347
0.0684288741700937
0.0876226420359846
0.0931428944671663
0.0721432936210947
0.112182300121238
0.072213495325171
0.0830988436794959
0.0727010993911095
0.095344800942507
0.0683606431658494
0.125141915907517
0.103697840260025
0.076588970406274
0.080344454679815
0.0756925404538764
0.0848384678838518
0.0764308242553736
0.0861138888362021
0.0664125344975725
0.0888710455549849
0.114655053783515
0.0726978667992818
0.0981877307162031
0.071537728722443
0.0875342703372073
0.0735789011057449
0.0769970996963517
0.086446743581696
0.0782211730541219
0.0598656338550355
0.058318123688303
0.0640576831470593
0.102268011674085
0.0591707068678976
0.0831409525264215
0.0824499097654767
0.057256515678606
0.0707752208675801
0.0879990949313249
0.0648229666870723
0.112530145732648
0.0785278788013157
0.0722526188181703
0.092633439720159
0.100280523270489
0.0863017435439836
0.11359948528306
0.0911231574288956
0.0694093649646613
0.0683770884925883
0.0959255316702263
0.0907762247884569
0.0874591058636256
0.0864122659735846
0.0966877834444911
0.0921272377026739
0.114292576039554
0.0945864003088061
0.0980825522617097
0.098072625819279
0.0967296987851671
0.0815593130757756
0.0819072558915006
0.0836884022883823
0.0803904834289789
0.0817461334241994
0.0725875468496567
0.0643657864652614
0.104118142017792
0.0836091654295465
0.0831493302513843
0.0680100210620949
0.0863458196725028
0.0975683698057527
0.0877995291339944
0.0721095392170317
0.101101141448594
0.106419180630651
0.0810316202970273
0.114101411512791
0.0773353977063499
0.0686583488982587
0.0889760493581923
0.078151885045104
0.0948114186305465
0.096988953328614
0.0918674407536575
0.0864198581686528
0.0836476579909703
0.0782846804576384
0.0867826802079154
0.0629785261210348
0.061035689566868
0.0893799005317442
0.0800410880425246
0.0962625894517435
0.0704626744249653
0.0797975428194479
0.0922072396716572
0.0864394550070973
0.122794497050731
0.0765778527724041
0.066307072465004
0.0734036426689595
0.0809375039489137
0.0674024587349964
0.075506241222867
0.0808843665901761
0.0796120847870106
0.105713186056659
0.0858827933068608
0.0685856332132733
0.0855586084338978
0.0829524513321397
0.109656369598688
0.0597769553009777
0.116751418458246
0.0797723353467155
0.071577071587762
0.0662700196246212
0.0783427503302399
0.113241873642181
0.10317983133423
0.0846585770148624
0.0862213431114955
0.0948748924992354
0.107102110629109
0.0669608241451914
0.0687722571777785
0.0885878600670218
0.063990741055896
0.07235491657089
0.0732357487220095
0.0764654767151772
0.0993603543684383
0.104808366744444
0.0626806708522117
0.087577303869705
0.0992590557513412
0.0642646762107209
0.0853521950383572
0.0812179447655162
0.0902589139436545
0.0661177308324906
0.0760396076601754
0.0910812688402235
0.0994590006168828
0.068218532482061
0.0862636945323028
0.0630909481411721
0.0775728348028005
0.0814157524787999
0.0818721173499587
0.0834256634229099
0.0916024645327724
0.0988005571143565
0.0634668163742668
0.065695232978773
0.0664477336617656
0.0926903356326102
0.0893240089234786
0.078927923315387
0.0618670460062635
0.0773491714746052
0.070208584057497
0.0984925393397456
0.0767732176120864
0.0841826008246397
0.0695370986785099
0.0843770979361429
0.0722406982648967
0.0895781920566803
0.08198803102119
0.0754619351002351
0.0802281412186539
0.0816681572119334
0.0562843015587221
0.0654598294267871
0.0856288672467903
0.0943289172310427
0.105438763195019
0.0576394484511308
0.0967770799285701
0.0857923070828583
0.0721326591474391
0.102877829004686
0.0786355827089631
0.0783328979868483
0.0716616780157817
0.108883628928336
0.0781582092646572
0.0927348840683841
0.0598888911964119
0.06725256790966
0.0871223085871838
0.0784222797005529
0.0952052240697215
0.0860070882079046
0.0840982920293915
0.088121783741079
0.089235174011397
0.0635020986267829
0.0596931418798634
0.0880966837990902
0.0679090802125609
0.0939437397869766
0.0615133093244823
0.0803501256490397
0.0780805489120723
0.0786523733842877
0.0883358840165904
0.0897025180607001
0.105878378646223
0.0802716044558556
0.0821796199159935
0.115568017638753
0.064004022162756
0.0880754692204385
0.102829787404455
0.0686394033774169
0.114860526363342
0.0851381241222904
0.110379456823581
0.0874433966650646
0.0691557339440059
0.0795299574137112
0.0644599752422505
0.0689599534453123
0.0919787966919634
0.0815350814818785
0.0892604814880455
0.0716505095264203
0.0742930330060602
0.0850889421374132
0.0754708617998797
0.0864636533521701
0.104332741302381
0.0924896288497851
0.10001022796419
0.065541062591157
0.0593921816533605
0.104612746985128
0.07393309372126
0.0823891959186552
0.0582581951137557
0.123609726111172
0.100101612533442
0.0676529105411943
0.106856936448073
0.143370613480694
0.100083062618121
0.100941057106723
0.0699534038767566
0.0819460828497376
0.0801785404636556
0.0749046804812504
0.0705906765279273
0.0909563280975395
0.078294703672118
0.0634215820709677
0.088376329982866
0.107714919004075
0.0803745486810247
0.0752401237120341
0.0921565089380434
0.070930365069126
0.0764679258744947
0.10379892242231
0.0676358066187006
0.0630477400151899
0.0702658427093802
0.0820025009487322
0.0760278710543102
0.0732953310046321
0.0749165856619724
0.0883391778994594
0.0712883346634955
0.100460447216971
0.062788353161794
0.0802563547984971
0.0709595124566783
0.0878704696326342
0.0896262573216842
0.0743877825184389
0.062956828836312
0.0871928150842741
0.111725662667891
0.0961064409749654
0.0772342635485561
0.097310378801726
0.106413895511409
0.0942840059506541
0.10403059105684
0.0891432087106411
0.0894088496221429
0.0688253859941366
0.0700773293567774
0.0896873530947446
0.0868671285240855
0.102224342174908
0.0873370837862855
0.0789618888842175
0.0768261863722957
0.0824125427046543
0.0790770932706133
0.0923139238503296
0.105821647114982
0.115532724045509
0.0805262198036545
0.0669203679760223
0.109957164451681
0.0783546215488417
0.0706624874207607
0.0751943011350947
0.0691454001868046
0.0668938416164643
0.0699131324865049
0.0729142299879118
0.0683131751225287
0.0950120464680389
0.0787096076332541
0.0839058410907761
0.097389999911333
0.0637179658692579
0.11403491604236
0.0838031663558724
0.0816327033467612
0.0603279948836239
0.0869534522174733
0.0895778298943933
0.0898242253298028
0.0613559727678855
0.0634696423268053
0.0825630186907061
0.0881777213523129
0.0799682132325372
0.0719299494089876
0.0752099103666364
0.0831537799589368
0.0597663790701725
0.086897924781926
0.0677265777080134
0.0791524927674555
0.0829363312187553
0.080307382561067
0.083504765704782
0.0650888652842463
0.109922048365557
0.0744728483830787
0.0630968743451834
0.0904775197952582
0.112441324120476
0.0652943514922657
0.0638012565451869
0.0652262906547268
0.0878141838504443
0.0887124330013175
0.0670073000462522
0.0722997135483108
0.078266005025733
0.0875168296633883
0.0852444732040397
0.0571052226229957
0.0838089532338917
0.0803543910422296
0.0741694589732006
0.0882014010146231
0.0719571462157611
0.0942455222486826
0.0817465603272386
0.0912550762189776
0.0896608299230414
0.0976888837426468
0.0847838566947427
0.103318017124532
0.0784775915682477
0.115670419146973
0.0833679376230624
0.0748799304229699
0.0908438066396547
0.0916746429084575
0.0828404903819434
0.0778526131615659
0.10290441407817
0.0926037978295252
0.0874149221547419
0.0870150604472119
0.084130968135998
0.105252775220268
0.0738372656522259
0.0741011324097347
0.107357618525706
0.086688991268008
0.107832436682553
0.0840567682314473
0.100380124380658
0.0866573185778878
0.0962399922975638
0.0664279543331502
0.0784526792998317
0.0940912000311262
0.0752491841532069
0.0885501326410122
0.0920220880144981
0.0740190112655895
0.115356579044187
0.0859451721412942
0.0950169972854943
0.0783442114246312
0.065976946205572
0.0681581440216438
0.0898896707241574
0.0609137037301134
0.0839213576760565
0.0758953279699581
0.0976679596827592
0.108434314349273
0.0811040874274735
0.0730850755868334
0.110720143981908
0.0699277466502925
0.0672313576892457
0.0955767280890589
0.0652654509234633
0.0829718802774014
0.0631730714942252
0.0937273101768844
0.0858606217841122
0.0853062913073418
0.0852499707872493
0.0760531241897064
0.0781386690577587
0.0744837461420807
0.0723072961158059
0.112718787219179
0.0932817835683031
0.0917613203468879
0.0716648360561214
0.0891624638040316
0.0784106969938232
0.0710543440197212
0.0850510200004602
0.076161582247976
0.110480842750492
0.0757159947916302
0.0699976207697706
0.083818204741105
0.0727707676949497
0.0954388491577041
0.0783042758042131
0.104088406667739
0.0866318114873091
0.0896893903481435
0.0670938405755412
0.0784125041315532
0.0782418100219547
0.0903977680595384
0.0745420507254052
0.0728487548552179
0.0665557234086487
0.0726197443422096
0.0782974769924208
0.0700814474362558
0.0709448818987783
0.100217363102433
0.102925504709138
0.0770042550147724
0.0894193684621578
0.120647868097399
0.0862180753811171
0.0719441434048838
0.0779980097970611
0.0874221095996938
0.0690485621958974
0.0727256540185215
0.103169326150818
0.0864021866232792
0.07772930399912
0.0990194556614344
0.0963766149449205
0.0741033782197895
0.0831708157124439
0.0599425492091607
0.0949777809294198
0.0798915661486019
0.080845903378411
0.0782024782655409
0.0588473536600009
0.0864677714332773
0.0881600187921883
0.0973822274606676
0.0844703270191219
0.0873083871479236
0.0705875079829102
0.0809156175548798
0.0834717003257116
0.0896351515590999
0.0859978167747752
0.0897290501872324
0.0844622467649691
0.0744240202593275
0.0809540190984492
0.107538628006693
0.0909086538395944
0.0874327139073679
0.0825107024610409
0.0941505651737657
0.0912088625323864
0.0782438233125825
0.0879680166237101
0.0946520854620703
0.0578707634807458
0.0810959156230597
0.0634017889023753
0.0831105827957311
0.0950258127626956
0.0892423660301685
0.0676604100901388
0.130387997294871
0.0697746994752435
0.12177768159066
0.0716182719112902
0.087335896009225
0.0614814121531407
0.0819953881839384
0.0773446560631592
0.0772857071782622
0.0944661345418465
0.0961137665055476
0.0933058331910153
0.0916111597403518
0.138235399175611
0.0675992995582079
0.0635917935209338
0.0684933436746363
0.0892088603218454
0.0860219731450674
0.0665661931937294
0.099798605407055
0.0764836030722622
0.064908452032244
0.0988776118830762
0.0771590328072129
0.0784770234823312
0.103339068392841
0.0764048644121022
0.0731273430315069
0.104765832722096
0.084786582029926
0.0702439494261063
0.074951768381816
0.0823618745026466
0.0908908951477636
0.110313265299413
0.101631000719827
0.0850866458351897
0.0806636849033717
0.101419430437227
0.105562578846265
0.0942159174309663
0.0842713821710299
0.118455622189961
0.0872345175452621
0.0765155855043666
0.0868354895352924
0.0949977943939333
0.0796342098724138
0.101825048680549
0.0619568581018487
0.0560786218690767
0.120722817926995
0.0680480147461611
0.0747505386972967
0.0787984926524196
0.0760539018552632
0.0762249928716244
0.0898757040578066
0.0822677608333062
0.0804076059479124
0.0727197542635229
0.122829789630016
0.105365718794537
0.0979781615543534
0.10146311342385
0.0724928245521534
0.07274475694726
0.102558620745344
0.0707002751777299
0.12323655990557
0.0984727936187281
0.109389945692228
0.0741722179446491
0.0884513312034049
0.0828208835478651
0.114335903339326
0.0915471729078819
0.0766086137206039
0.086479505673948
0.0920143416405522
0.0931547507811596
0.077175101802246
0.105878450150472
0.0795452588201694
0.0784218568429522
0.068413787747486
0.0888314662371447
0.131746815095524
0.0945045417828141
0.105762710504274
0.113089705726313
0.104562938168504
0.104632294624269
0.0727434585741491
0.0757685264222419
0.103673964656428
0.0886241695989137
0.0650992274334525
0.12001915937621
0.101655151012037
0.0836080405632522
0.064483293567071
0.0852089302482136
0.0778977831476525
0.0970996020271275
0.116532408823286
0.0948833134462908
0.0721728524141895
0.0789912887647855
0.0593399838554037
0.102305522818136
0.0902593979514307
0.082258089891933
0.0832493358083593
0.0768226617530141
0.0837566933664792
0.0855668854608197
0.0899826480549999
0.0863311819722338
0.101660316897019
0.0585214932632653
0.068782517645821
0.0939620750892666
0.100580100503132
0.0652955949977867
0.0683544313211064
0.0744022440377248
0.102401471521906
0.100868871982034
0.101002926868262
0.0930199831958623
0.0654455994491267
0.10242229717453
0.085442230795849
0.0712459973428524
0.0735032848344498
0.0981022785900725
0.0737939196602671
0.0551662945842691
0.0760597633643395
0.0862743687272578
0.0795284036986001
0.0752021469089882
0.0565112488575106
0.0613865756394375
0.0705008117961807
0.0943427856197611
0.0693420131126329
0.0686694372686915
0.110966061457604
0.0832208850391607
0.0704986380040604
0.0888437338422314
0.0681429221062645
0.0930818936113732
0.0831798905822863
0.0970840479815318
0.0745902937084069
0.065688958517508
0.102359802717742
0.062000414980853
0.0681827686847703
0.0665385517195307
0.0681688497145523
0.0810855030437882
0.0829494392936719
0.0586892951689257
0.0693413076545567
0.0842912928042345
0.0926993066703566
0.0811450616734976
0.0717079863922637
0.0870233665639498
0.0757007689099788
0.102449055908005
0.0924160602982542
0.102063152565654
0.0775791011758045
0.0658866865108341
0.0571534660400109
0.0708299977107189
0.0922521752383782
0.0651539370316793
0.0908683026652333
0.097351156922978
0.0956501672589505
0.084344130533155
0.0871685673128673
0.0901861836698482
0.0797091864794749
0.0828463421182132
0.0631251747887474
0.0894018614512806
0.0713208303994798
0.100646553737799
0.0661163720647011
0.0797276272682711
0.0918411685308146
0.0845035326799682
0.115538965379951
0.0865081812014408
0.111134778348768
0.100281738591113
0.0722041338243053
0.061838488892351
0.0827501383642059
0.0658778243105484
0.0811470504733599
0.0708582384425917
0.0711405848287377
0.0985943649547411
0.0893377201161483
0.0932747074513545
0.0692771771738726
0.0778507063582812
0.0941547271879305
0.0670056003107337
0.0714949545223214
0.0851870056955948
0.0856714002351469
0.091002586010371
0.0879036858425095
0.0815736563045421
0.0760979438682273
0.0756233716928998
0.106942879884041
0.0733461669949967
0.0660871489751
0.0884972165708823
0.0712338266571271
0.0969318870730949
0.0667249537425754
0.0826746148119901
0.0757772549833745
0.0840692017983454
0.0830803723996931
0.0845729139681308
0.0708624962774212
0.0889950202418106
0.0695556355996427
0.0994207156194769
0.0714478405273456
0.0603761658078347
0.0815309068987027
0.0856959866312924
0.0753238870519476
0.084274581449751
0.0700738773924948
0.0651537213555337
0.0883144525299061
0.079802989346413
0.0609237869034061
0.0837081436692363
0.098819922359767
0.0814785244293099
0.0797320681074789
0.063159731924922
0.0809563014304644
0.0741869659734652
0.112451610456118
0.0627574606903163
0.101169207649641
0.0668272016074239
0.080944484439485
0.0767060722288407
0.086091660522102
0.078850134361868
0.0713187193029443
0.0960083122077994
0.0652762146112846
0.0623330773250163
0.0891985618988817
0.0673212037639691
0.0821474992234947
0.0901378074908095
0.0884184475632185
0.0703450441510219
0.0577565404894943
0.0757888454693563
0.0909566499513995
0.0969831226264218
0.0807170880177905
0.0759400674170723
0.0679881841077524
0.0679924794106593
0.0753702952707134
0.0922583479659013
0.0704360001197881
0.0717710883839347
0.0806047412222435
0.0767054997843411
0.10117127425845
0.0935223726724406
0.0725715633728551
0.0737072549323083
0.0913074479992238
0.0770061223621815
0.078640161469841
0.0914126896480256
0.0719504738493246
0.0721333060834655
0.118615708793004
0.0983455808072586
0.0857849042632082
0.0672816179435925
0.0828910477881178
0.0722500149121052
0.0773542351713272
0.0988934252804467
0.101832576839206
0.0580791475600224
0.07408645922577
0.0747055277285041
0.0991072238002014
0.0977183287831122
0.0807157729947781
0.0783494611776775
0.0875545994567878
0.109716553687422
0.0858196274298339
0.0890346799523083
0.112598155033839
0.0723691830399417
0.0671768208960103
0.0673563492583294
0.0998379237204805
0.090564030002436
0.110833976630268
0.0704296557099619
0.0950602534058459
0.0718274925809413
0.0771764979419123
0.0701189365558407
0.10184438709056
0.072488406345629
0.092440150331522
0.0728798072302093
0.0591128086817188
0.115406513831691
0.0929681369433585
0.0706271620465347
0.0762634563520476
0.0636958164421831
0.0822387942251408
0.116383918957261
0.104709014110946
0.089496333722288
0.0691849991923712
0.0700315475274457
0.0691840388004944
0.106991172543417
0.0812879199740441
0.0727952041723074
0.0704312829319673
0.0611899106480455
0.0912345219257212
0.0974284219277168
0.0799549539600641
0.077888009227955
0.0720495474604514
0.073619242320254
0.0805546920267035
0.105004762655115
0.0958606146698185
0.126036612582919
0.102499132587649
0.0783978577763681
0.0782371870785602
0.0650649328535842
0.103123866077185
0.0843430055650578
0.0936031052870845
0.0772682094598569
0.0697346506634129
0.0837448388671096
0.0875397333782856
0.0921867204418417
0.0909707091699202
0.0909399072096381
0.0786608059531615
0.0899721035911634
0.0651387675487915
0.0909508362796655
0.0854231822135131
0.0978523803009052
0.0913938251916175
0.0981208860498379
0.0882341049828533
0.103387063775809
0.0772601038602817
0.0937135680274865
0.135858039820248
0.0771435485705581
0.0997849594096721
0.0779468543316675
0.0845526624854513
0.0700655871951295
0.10828392810943
0.0707300259540517
0.0878628098870202
0.0756129374754264
0.09532850479613
0.0696629696364755
0.0930026096774366
0.084552903347652
0.0947279900326757
0.0959919922666916
0.067623452475291
0.095748845883776
0.0861101380354185
0.0797539163239734
0.0867753327674966
0.0673236300202508
0.0891713219819307
0.0832635689441768
0.0769699549776702
0.0921356089455623
0.0895072422256144
0.104030363538288
0.0784685268470995
0.078068484195461
0.0844462747984097
0.0796809438349551
0.0902799662727464
0.101511489055296
0.0740146039231757
0.0742196877807109
0.0766112598746471
0.0831256315854393
0.0778079759909458
0.0691673394563682
0.0910751024164381
0.0753967653616963
0.0646889259947213
0.0641912882277873
0.109631304801689
0.0718390211005989
0.0773874704625234
0.0722532558757445
0.0635112850643792
0.0955497346519901
0.0743982192747636
0.069329120375348
0.0959680195435526
0.0775104789473532
0.0792791588013519
0.0687914596333448
0.0768271293179285
0.0955766714152245
0.100702063889069
0.104750206436789
0.0744927028236101
0.0964417371956227
0.0967621399097256
0.0759936398008206
0.0720760900228709
0.0716706531939568
0.0648684488593966
0.118974967148818
0.0733299978296633
0.0798458376824223
0.110911400954054
0.0933582985138904
0.0679112499870361
0.103595403007051
0.103451450201073
0.089651319014656
0.0859368242193581
0.0837969152747998
0.0774733297556629
0.0675822369230237
0.0661416328281577
0.0702914884740049
0.0889335282861996
0.0870774946336667
0.0785978371957586
0.106823580440603
0.0851551329625256
0.0901088600692811
0.098765901232504
0.0982384443642128
0.100213101242321
0.0699043642416805
0.0851988774406244
0.0784457294514921
0.0882825278144949
0.097754233631811
0.0673626149505592
0.0755540349955179
0.0691879249450336
0.0895891738872859
0.111144831602596
0.0730889864133
0.0629261791420975
0.0811817054071281
0.079714127957514
0.07987801906581
0.102088858500642
0.0802704352043139
0.0877329209129739
0.107821980419717
0.0797590979345708
0.0782383169557916
0.0724009720748279
0.0869493515145755
0.0638156413539583
0.0748973715983287
0.076856814075092
0.0837490316463382
0.0841292549775564
0.060846173937168
0.0721530356662002
0.076346123600133
0.101399578676569
0.0932446924950681
0.0916673771273003
0.0767506217505254
0.0853261813130334
0.0719090234666435
0.0750101481964266
0.0655521991524001
0.0667512309289575
0.0727825636666267
0.0784077001872538
0.10319816859938
0.0825256374058079
0.0746417024177815
0.0698893184248763
0.0943940075459789
0.113349461739483
0.0944605365403477
0.116632358099449
0.0819119026262683
0.0867926669345638
0.0561472739768193
0.0665933873747355
0.0742034551143379
0.0888790714173168
0.0732142823514475
0.115786443902482
0.0855109499502033
0.0740319845579345
0.0925902037079556
0.0957678405965447
0.0891676356474227
0.0889261999068874
0.0741437214490838
0.0847010877635311
0.0878581888786272
0.0904021463187387
0.0818663435927373
0.0765478312676293
0.118520266727034
0.0711547304007526
0.0718362976272203
0.0627711670017515
0.0793617742183241
0.0657057592596374
0.0750308127964129
0.0689025462615711
0.0696020261802602
0.084278565818901
0.0815126244397008
0.0591402783644297
0.0825879307823447
0.0785132080860477
0.0896824208038573
0.068089269246561
0.0908199205450551
0.0890614389361648
0.0787340582723746
0.103478427513893
0.113402290247542
0.0806203149026158
0.10503489980393
0.0751043742575077
0.0850225621598701
0.090292967562065
0.0706584523213962
0.0730550571288315
0.0751244174331498
0.0948670900784905
0.113604383359421
0.0947622964292866
0.0821217942516089
0.0957282936696243
0.122130717274136
0.105569384642726
0.0789210682590854
0.0862696406727483
0.101578651902389
0.088771542338564
0.0735074248721553
0.0624715982423458
0.0654816255933518
0.0998019410327308
0.0977597106870949
0.0977581595330002
0.0886371359072997
0.0609005682800976
0.0767616883719615
0.0895369038062947
0.0795470634187639
0.0967597143419599
0.0914508311331442
0.103745642331992
0.10732786120081
0.0744607452259178
0.10226282898286
0.0605048682522937
0.0815169769117178
0.0650721486493488
0.0658262054329984
0.0923421584352114
0.0628020660848801
0.0700598229666214
0.122278068671644
0.0686087104199756
0.114298264919813
0.0771660696750405
0.0726191409481344
0.0826103543504238
0.0638571779368901
0.110899952912392
0.0686236478587534
0.0819193014531756
0.107381433811916
0.0913288153256168
0.084921329035485
0.0682585393861012
0.0585328255164624
0.0987517151134824
0.0746146191828819
0.106311205317381
0.099074960144075
0.0721904287443256
0.108891818760445
0.0975175587052239
0.110191580986121
0.100735590697209
0.105379012046907
0.11673487341915
0.0744652274976324
0.0942373216138023
0.0668127175948688
0.0804285419634543
0.0896767954262843
0.0682650154323807
0.0679393908162801
0.0826044891663977
0.0886980780515565
0.0872166884780785
0.0952179300166582
0.07351383208947
0.0871295357335844
0.085653338335905
0.10672904098872
0.081824144794782
0.0926129707895278
0.104005966206762
0.0733796497370016
0.0618912770918721
0.085097900264034
0.0889873209088835
0.101520295890533
0.0638829062139047
0.0850502810339776
0.0733375031121245
0.101084848563634
0.109380657966934
0.0715936258737141
0.0780764690142
0.0719362642062866
0.0917271096258907
0.0819605183327567
0.0789219326527963
0.0843268818506648
0.0681914977821237
0.0982544940824746
0.0901618081492471
0.0685715905521607
0.0956644581004178
0.104494906887787
0.094674707003363
0.0827954638926611
0.0717175849651363
0.0966229670588066
0.0711744633074376
0.0896256042261789
0.0589476089074976
0.0598730956237366
0.120383379815086
0.0725574970166492
0.0841568466519163
0.0692353745218253
0.069466595582551
0.0693079036032663
0.0824283592177518
0.0854013198613254
0.0893581445805766
0.0752811493011752
0.0863180142779548
0.0814683677340204
0.0824057640223314
0.0853079866341563
0.0983531653406446
0.0772871244263039
0.0709533730659338
0.0933742503890903
0.0685229693309453
0.0817887265175354
0.0751434612731462
0.0802565838901777
0.0739394312946433
0.0787472125737024
0.101616722446785
0.0764490161812862
0.0859348848957717
0.0650485202324131
0.0995234852343815
0.10975424909855
0.0720259852231256
0.0926316324941344
0.0685535909039046
0.0701885606521511
0.0865107544269553
0.0742821009040603
0.0869284128045532
0.10375790486888
0.101605481843107
0.0754139430903487
0.10559484710459
0.111334477396862
0.108024775062499
0.0882210987306543
0.101809495460141
0.0810682514866129
0.110350886087332
0.0789326161329744
0.0776700284182148
0.100177697624817
0.0735827709513557
0.0889917028739164
0.0873531377893577
0.0599796511649001
0.0596986247370643
0.0605112004003906
0.108387323971938
0.0863290269408604
0.0988274420632491
0.10670940041343
0.097069344108845
0.0865339912023353
0.064911189319756
0.0979979472029717
0.0859879814418685
0.0843011299037568
0.082047652841186
0.0713061493347989
0.0723397920684644
0.0961434251427061
0.108206573591791
0.0625188540995149
0.0948312153631796
0.105685789809136
0.0815631519994136
0.072444210923855
0.087798136813096
0.120822736074171
0.0909019135976447
0.0743139929634425
0.103029319303563
0.0865000443980743
0.0811310202233898
0.0872346826723382
0.122214525466219
0.109510901548287
0.0730711802881849
0.0825097126551383
0.0978274323184173
0.0828019300036502
0.0941754179173077
0.0727744013625957
0.0752125689566963
0.0742020390366913
0.0937369388669847
0.0806183228082189
0.0782619371165267
0.0812377412995949
0.101021393969738
0.0817757393820721
0.0655662862163239
0.0806778714961578
0.0713511931505533
0.105980662726285
0.103181319861966
0.0846164734924763
0.103360625894797
0.0967140553786791
0.0840164787999515
0.0674952378193014
0.10632533317488
0.0695237237310605
0.0936241676450866
0.0680542787933439
0.0922246090204079
0.0730142979959244
0.0617787483805402
0.071306189116741
0.0932625421560744
0.0793907217592474
0.0718698419829124
0.0945294028995578
0.0821793593184507
0.0787724368559255
0.0642561055159046
0.0865226224515997
0.0904111998525848
0.0786335624416016
0.0592521599900789
0.104147772584855
0.0900987806111252
0.118096043154539
0.0753929184327118
0.0773523334882807
0.101509411692302
0.091779833402681
0.0728036551722604
0.0669705248464969
0.0726087653989517
0.0850561367929715
0.0610956150195379
0.0913003461689301
0.0704979204262228
0.0687060143047248
0.0662041003338296
0.0993820536608016
0.0841287792199519
0.0811422914223902
0.0612151450634244
0.0794147220353836
0.107588815980984
0.0991121457779774
0.0707064065976909
0.068757850759531
0.114179151896704
0.0588208247464778
0.0569529012928945
0.0745214365665175
0.0676508928981761
0.11242955420633
0.0805468398669778
0.0863673721702537
0.0710407862953738
0.0775740854243058
0.0685037677760755
0.0629868848063745
0.0961224484363067
0.0838216299694393
0.0724797111132524
0.0903086591349267
0.0759436729925641
0.0830673584301403
0.0751748436246328
0.111785089671716
0.0984779139159146
0.0673740124262704
0.0878749548010481
0.116266440604883
0.0849388151923719
0.063343607815502
0.108056447569861
0.0943596653038243
0.103653394275956
0.0718212093341416
0.100482665047924
0.0535847550432373
0.0856243643315142
0.0693184932482064
0.0618649310447736
0.0640748909189109
0.0888199315894164
0.0924745845661443
0.0937657258576017
0.116470372924015
0.074193703069649
0.0725267939281044
0.0847098371602921
0.0727717990456947
0.0968314069658486
0.0598288452485353
0.0964888543486917
0.0869598479697835
0.06189694675687
0.0881176112306478
0.0753667083147673
0.0788904258082961
0.0762019065785128
0.0919149481037583
0.0778725519774494
0.090959187825028
0.0656142088342267
0.0757384499279108
0.074388089811701
0.077211642216421
0.0938292372660059
0.0681059579008846
0.0716725112621251
0.0784356644128597
0.0703157418997664
0.0820972820256642
0.0954956551677526
0.0594887824933223
0.0796989785279374
0.0780431473076478
0.0898780548628739
0.0800281105615525
0.0795703448580707
0.100546399803867
0.123532882015966
0.127965905904606
0.0826379280654655
0.0694228304943273
0.071964504885501
0.132833321803778
0.0868326182104027
0.0688574459429008
0.0563992047119284
0.0720161270481368
0.0856785337000814
0.0847751759846051
0.0862890486644686
0.0802320311907404
0.0712657039729706
0.0601881604293642
0.0931548362979786
0.063636528338183
0.0806453258043006
0.0779998378578905
0.0746825525623121
0.0789278586722893
0.0852266494524716
0.100346728619195
0.0555244383756094
0.0736929112066693
0.0851741317682815
0.0835732567555261
0.0745411719546527
0.0678656414801569
0.0925936516682588
0.0947393166651408
0.110519826777307
0.0745794733854162
0.0744271615906389
0.0920048044815327
0.085400918725722
0.0696838487785442
0.0683740823186443
0.107396603956081
0.0721473426886846
0.0799877911130283
0.0692039187786734
0.0688133263590358
0.109118619084889
0.0720234093584089
0.073682518566328
0.0897691997070084
0.0670696066288715
0.104563375057071
0.0782116132334272
0.0790912519457657
0.090138366649765
0.0964439706919543
0.0934039458791253
0.0922418927950032
0.0775309909474868
0.0612904466466261
0.109616071201331
0.0838609696789322
0.0793756869058197
0.0898342766246829
0.0975902662202587
0.0864787107647815
0.0899666997860587
0.0607746945719442
0.0873044066158876
0.0737585948438858
0.0682215559868655
0.092738957403783
0.0595316627249884
0.0822569002515087
0.0746311870599092
0.0627548252571195
0.0817524537790353
0.0883776797916359
0.0824236672711575
0.0640705700547381
0.074350844943716
0.0903800023089841
0.0715204186158574
0.102780386427538
0.0882652994334121
0.0996546191912462
0.0890374961391474
0.0690523641271832
0.0817718046851437
0.085628241772151
0.0874436800680235
0.0757968322479056
0.0876421637611651
0.0631681443237199
0.0848917527604472
0.07010647307465
0.0946107077671925
0.07881076528496
0.0621731989812502
0.0869632241351843
0.0917779332652117
