1.42
1.04632561483911
1.01598653499133
1.05564994102178
1.50996909797177
1.35029326872807
2.22158551304188
1.18845758433453
1.08441411916717
1.03604012188491
1.01255696678508
1.69685184622336
1.08349398951878
1.011492770006
1.29869567115754
1.01004798417704
1.00450106485135
1.01149633489013
1.01095625152919
1.0224124000631
1.11018795661082
1.00374888987452
1.02764013915402
1.05029203142344
1.01314405737406
1.27090696494144
1.01508740755222
1.10043422874938
1.0049183087901
1.01630477553353
1.10258708636461
1.32814235623174
1.99374257052398
1.38139321837222
1.02831620389522
1.14952186494918
1.21534126830066
1.73307085390472
1.37609260986269
1.12026492992753
1.13876256764247
1.65345144775945
1.20129561646374
1.23127591298602
1.90998973441487
1.7244959904713
1.26113844274445
1.5478861661821
1.10711484343605
1.16685560196977
1.1665196505098
1.11099201454288
1.64068812116318
1.53833580269696
1.65311034531812
1.07104090105751
1.83262793142154
1.59194240917614
1.34401974605848
1.24836137534191
1.21764334870522
1.37335686693609
1.08762777424023
1.58438323688022
1.36334777673979
1.22625367937728
1.09403302391182
1.21679115892616
1.48220478565828
1.24260167311549
1.53251032848972
1.59888495215277
1.3197364032522
1.4756504564049
1.14927712234186
1.63160087406273
1.893704153238
1.53709354440356
1.64384763141053
1.29478262606556
1.01400785979487
1.43033727454464
1.06211838816489
1.58579302207804
1.4669711320809
1.72838786663282
1.65126685856282
1.17485078962398
1.23083147117707
1.10297678253352
1.31811542157457
1.45726819791917
1.29116296772049
1.14837934669581
1.25923797491689
1.04909174125194
1.46542742607723
1.46998572744387
1.17254505799289
1.48743393984053
1.41542337173548
1.35570750766147
1.79687467660982
1.68123162846108
1.6118971350304
1.21774553057893
1.44987133408539
1.75042335516265
1.70685079699119
1.86644187629765
1.28338185312749
1.47681134406736
1.42142050580938
1.72014471570875
1.27723671738727
1.16155448418612
1.84348397143019
1.66965144139143
1.89309842903699
1.49649021279694
1.15237359825455
1.26097124984337
1.14169416532475
1.38269176501746
1.47463473771407
1.50789344814879
1.16736407355206
1.30142281396397
1.56819230750829
1.07533892451462
1.37053278747342
1.2231909820889
1.12998380803253
1.30380948081432
1.37903754202306
2.23354193660625
1.30690803222197
1.2617736624111
1.48204763762941
2.02667819081069
1.82828358137895
1.58629904883258
1.43585752332555
1.24772176212591
1.62690386240078
1.18076464875682
1.64059334643542
1.45392549054114
1.74971510091145
1.26248754401677
1.92106710079878
1.87507858334554
1.66637938840886
1.84054787725954
1.83005945007248
1.34589407470505
1.28618506317913
1.49822323573243
1.8527561814855
1.50162195638454
1.26276967538548
1.55074407851125
1.30531259503336
1.0398325062449
1.03011437165156
1.02060522878149
1.20441125404396
1.0763016483954
1.20380015212152
1.38579911978302
1.07290003347242
1.18210664979412
1.27478902432737
1.58269067298699
1.04988870978625
1.30346016481143
1.36713964631701
1.08005717561968
1.26318450452976
1.60641167877662
1.42949883606412
1.45284281465694
1.10034047738089
1.08285203738854
1.43592653296302
1.55877113258652
1.04031271432946
1.00116782047292
1.00939130959901
1.07588101306379
1.04085512211991
1.10705550018814
1.78053034536017
1.16077788380959
1.00343964464916
1.09217403636068
1.61946186652027
1.17880692674146
1.57760740990083
1.06896432061527
1.40212745113574
1.07655813358829
1.39554100167247
1.02002244750959
1.30086817745314
1.15386506439121
1.1493558924034
1.30576932140986
1.08474591016539
1.3816957732832
1.69133954446413
1.63001729924427
1.35303910762083
1.38108659205233
1.51086962594751
1.81383171117383
1.37356574853445
1.78291800928525
1.81653826178479
1.56197284007758
1.31541519359101
1.1585520274944
1.39402678341023
1.44418416471957
1.64344961750344
1.40916499684599
1.58733219278343
1.76664608944404
1.34827601610476
1.20658534586668
1.48343340805822
1.96633508953971
1.66707810112352
1.28456326670566
1.15846113677133
1.29745704682893
1.08303108476174
1.64054624117666
1.51037504111709
2.20921864134747
1.45426233850124
1.70758809964203
1.93158095880091
1.41096254016835
1.57052868291042
1.38294705763973
1.67320787645777
1.24578004254759
1.83069748898122
1.51698029577194
1.50166251605753
1.48647155521853
1.48398477858936
1.35605249453607
1.65905932799703
1.49544899570611
1.6499438517452
1.60816568661919
1.55241572170868
1.9876314802363
1.8233261595832
1.13570287652022
1.15926210759906
1.37666803793814
1.44149004478971
1.52860991753776
1.37599233686183
1.36552570296235
1.71726286866352
1.79261127809286
1.72430636426996
1.5668681503781
1.89726522960352
2.29518663032851
1.27824279553488
1.33614182334634
1.67663610291864
1.67803181871702
1.89303472713358
1.71651077682197
1.27147851588061
1.38785653575512
1.50064292239781
1.30931780162577
1.12943241073429
1.6467333453423
1.19550789118189
1.76630815590361
2.11340672102286
1.57064092583285
1.96700029763307
1.4819420647786
1.60176705907787
1.68739773406447
1.40454741343443
1.64774989155446
2.04917448689109
1.82907654600356
1.69840744994443
1.946994848934
1.79057582470625
1.42634884925831
1.67772666478506
1.40555947504437
1.92916586282482
1.69797446897636
1.37083718253501
1.64852669179926
1.34314282213598
1.54713400108107
1.28951745964944
1.56111055923498
1.78747857451301
1.87168285687508
1.69677267755208
1.23370020616561
1.80717266478592
1.27684556244655
1.05915512780078
1.33376756810332
1.72725412612272
1.37566474587021
1.67463462629987
1.75226501095647
1.27840616638168
1.17870873777722
1.11376051732157
1.0504660876703
1.2024191484761
1.83815756409668
1.42760542167626
1.1284333140761
1.2114864620776
1.45061916225634
1.85309664740553
1.10116870896689
1.24198308949832
1.25829843790895
1.64152732625736
1.49306134507241
1.61515327535449
1.46911812390991
1.07916232748778
1.47775966842696
1.24641463763256
1.27742534146302
1.2249266624916
1.55991218982879
1.02951378606345
1.34102875074715
2.08321825719257
1.67598753767695
1.46857922479739
1.63623659135947
1.45442607057936
1.3880660485535
1.81662167090705
1.40666074320638
1.88322212422081
1.41457898189827
1.65763295936245
2.07696127034512
1.64744092028097
1.80339738792905
1.65537676792229
1.77673132357047
1.90626698521303
1.21309532210357
1.57257750710348
1.37018921440079
1.52496686751489
1.99121481049881
1.82804217014783
1.44218327385431
1.55367712327661
1.40456732022607
1.3059403820446
1.55687905543731
1.3706173253333
1.47295401584105
2.09515004828387
1.66183481291395
1.86512899315383
1.61237910689959
1.43929841373175
1.16427008432343
1.65519929916201
1.41793933847934
1.37844861135672
1.898487796936
1.33590968919615
1.50792844671664
1.565405365988
1.98887333497588
1.39298416784034
1.74031234241273
2.04690913492491
1.86210314817407
1.30530151041918
1.37385014850422
1.1260715690437
1.35985906947728
2.32397999897147
1.15372033132951
1.19895342337454
1.42141258717696
1.29581198263612
1.62768002231245
1.15088208262723
1.16904472583112
1.10524996924802
1.2530571355722
1.07677910016098
1.55682506121735
1.31578302521499
1.30349864288989
1.149291570224
1.91534747832125
1.54949721087477
1.84959532517241
1.57733630755116
1.97609502505153
1.21772545048265
1.51494938676863
1.28009289648293
1.3466277892558
2.10347674881008
1.98056240039311
1.51919669088267
1.46591547685454
1.71283393055516
1.68459094960442
1.19375936625575
1.56018557806753
2.21145403047283
1.69125313499427
1.50779574639621
1.37788066729595
1.37473762089158
1.09062045213222
1.36866415702205
2.13252879905879
1.30583126637337
1.69440528097058
2.03907983220933
1.97831114923174
1.44451890785872
1.7631648400003
1.38079923941231
1.41554867714564
1.22122568121264
1.44568453582907
1.51380723001569
1.64629083256194
1.23552254083419
1.18505488610046
1.12898685214161
1.0272673529241
1.04309332860606
1.9324115290215
1.46581525875187
1.1170236301707
1.49884616655011
1.96987278112688
1.42535238156363
1.41714666648292
1.66774897536127
2.32621400533906
1.97312184323873
1.28445119968771
1.34637696705106
2.10960110311564
1.3603369277654
1.44366156386514
1.71182901561842
1.17802061646792
1.07966537106031
1.21300235814798
1.45000881011852
1.15920795383462
1.56440770186116
1.9530763531435
1.90651497623846
1.82347827412606
1.03741959817
1.1498148916993
1.27214649968435
1.08594988161147
1.86148618724606
1.65629670968258
1.32086169007651
1.4124900381966
1.3420820549676
1.85801519060616
1.62641657970603
1.22002178049869
2.17130573246655
1.68887838886578
1.5860837897755
1.5606407497473
1.52772945538685
1.13528118225486
1.67856339227143
1.60790432837058
1.42676833998538
1.43320889114641
1.70572359260123
1.75826831329175
1.71696443656787
1.04733636124314
1.57131798063372
1.70066668992282
1.42682362836381
1.51268627760138
1.15573307898175
1.1561468849323
1.90137221256119
1.45844368448978
1.77807598950198
1.42100023506845
1.3320447218991
1.38250492163798
1.18655883625101
1.26623750524076
1.44341026008342
1.77974866884308
1.28959871769729
1.3322865999973
1.43932898241749
1.59018746972275
1.59761348570036
1.56818623340463
1.38769515070622
1.07891931364677
1.67072516740904
1.66162517878062
1.52352642194579
1.7351882859923
1.98911633133108
1.23082123528277
1.57087646583126
1.51403038729065
1.93088965030265
1.58282645461286
1.70201887749545
1.80621666446214
1.80065076310677
1.85994464793414
1.64920407010774
2.14549985032056
1.34670167821662
1.74057885145004
1.28834018667871
1.68852358921556
1.53502574513786
1.39961165036705
1.92872029014579
1.50512629564724
1.521466695225
1.84920675935036
1.78518622153513
1.60060920266257
1.32806758023524
1.50085614904256
1.24025064890198
1.87839950368145
1.1875687356974
2.03293334268774
1.53806154744176
1.80181171573875
1.43370024002821
1.38306013658043
1.87741701056806
1.16936022581537
1.51430243778678
1.07329199910734
2.05590436206219
1.34751232679549
1.23525350134853
1.10487983603881
1.17198304860261
1.49489717499688
1.35140796768132
1.46489531176072
1.75408680851545
1.25309218727088
1.38405603370109
2.0351362711836
1.69259031698204
1.27184825275767
1.28762166827612
1.41201298398781
1.87038130349769
1.43111309821737
1.68411171014752
1.26350486111361
1.36632593356988
1.3884533959008
1.35093417800048
1.74960752075774
1.5811800736825
1.5576155874079
1.59120548489456
1.25653230792322
1.73664857104048
1.40996352932117
2.10598086870286
1.72787986613161
1.59541684174942
1.3831905685889
1.60721690581794
1.87462596047806
1.73426409288566
1.28320554241401
1.92680288797907
1.35480722374569
1.68603087284714
1.78115976206866
1.11062290947339
1.1268452709885
1.29061063371337
1.37629770202434
1.08526714276696
1.34616772375633
1.72550021241121
1.16455131777563
1.29202067804581
1.24708278314525
1.10522421769226
1.05539974141419
1.5618803355068
1.00602334323238
1.191634083959
1.47247195500263
1.98101388965032
1.39019775206957
1.20200429216676
1.34544333230857
1.02572394566881
1.20062881729407
1.31955487013307
1.51957181005263
1.15242396651808
1.32113270108556
1.06969826359269
1.12917524103903
1.20587510052202
1.68741811400442
1.04774058328555
1.27106703741267
1.27195077635217
1.40401643086826
1.02859699681363
1.56277221380534
1.72677405822712
1.09033838040102
1.17373703214949
2.11590082102691
1.2685703573221
1.38675002425175
1.387830586312
1.387612138862
1.4574582890137
1.11085702875942
1.45261702396031
1.66404787550715
1.35357022232103
1.82898294333183
1.45869307433506
1.99930286311623
1.82080187364955
1.34317028204204
2.12997123769868
1.63403229591018
1.76070516923291
1.84876201064022
1.31728921303782
1.58339784095407
1.41010682314802
1.23703716587324
1.03393375674414
1.39603965769597
1.63179000545273
1.12976877377087
1.28589819799545
1.19314853061022
1.10168107104137
1.85920421684322
1.04662866807247
1.31252521470856
1.56882567482974
1.07174306351642
1.48350781997314
1.37453894181799
1.24144490297452
1.4322222712884
1.82021579257808
1.9132741511931
1.89202326157621
1.28717298282454
1.36853128823382
1.33107303868621
1.290484239691
1.12354308947533
1.88358561665981
1.8407026090646
1.21822368809574
1.35927820487817
1.02255328856698
1.16008326239814
1.26134617513831
1.18142566568251
2.07915017490397
1.88512866269813
1.46156650036288
1.87245950432292
1.42100419812927
2.08484458959033
1.72271268903874
1.33470235944009
2.02319539916801
1.69077681745379
2.00137595338698
2.11930026339838
1.27844390805397
1.0430277499521
1.5207187816997
1.07945760805465
1.52654077852344
1.08797225231196
1.28556752057075
1.28520104416463
1.26424162666785
1.08511884296485
2.42273218698775
1.24912379849772
1.79123928255323
1.41184280912429
1.96676109199839
1.88749199158971
1.57408406113453
1.55411789363911
1.22622989884554
1.94284090274898
1.15487388146108
1.17993354432677
1.28368848724212
1.63294905926255
1.81268611477183
1.26371685880469
1.22334740886101
1.31042853861466
1.38738036398001
1.51312644977585
1.84258304691105
1.69833353396385
1.66187218267495
1.60345186069852
1.4189141649854
1.74493454975526
1.63225488620897
1.51480917566942
1.90643655889444
1.34838893427574
1.80064645105585
1.21987023911393
1.49685296219337
1.54750513441075
1.52254709031353
1.4467308921062
1.36956494808627
1.57606304572879
1.81080713073543
1.26389657290024
1.40747264880122
1.36899992337711
1.59998306894204
1.21867412442732
1.27514808954211
1.37306003442668
1.1803116558995
1.1777061029712
1.65310365968398
2.3202706314193
1.65681014086696
1.83715066830784
1.22603359864822
1.72137791243343
1.23178586944404
1.07998155909574
1.72082658043829
1.20814314259023
1.28317814200645
1.15279560650411
1.31759556282357
1.70274945539666
1.23435447358359
2.24979178778848
1.81315138438218
1.03460990386602
1.38956674450799
1.27756533401733
1.45524611245313
1.77732446485009
1.60637455876105
1.92310929364148
1.58111401737334
1.37830836186302
1.0213142676552
1.46095948787217
1.5508167182709
1.76527691590635
1.08717677310768
1.39190564486927
1.31559146141295
1.54949614444986
1.60463398213247
1.59431269932012
1.59703511859602
1.3026718862946
1.49645429298373
1.2216412657798
1.22550666369657
1.21803650254666
1.10689836698399
1.17863656310196
1.25412002515828
1.5355352315719
1.42073893289379
1.35678245487767
1.51145430336507
1.34060498857765
1.31845670226069
1.48427889145226
1.70363098543138
1.72203134022068
1.8032710497937
1.36895179634368
1.37840454424546
1.6243355128882
1.28731226219737
1.16352131411475
1.80201566134462
1.52804675868966
1.23404248911926
1.04390158076182
1.14432306942477
1.32133333720294
1.74714390517693
1.99889689039108
1.63067707724863
1.31840703843968
1.67414352463803
2.0991474631141
1.12515595613689
1.41462921525096
1.43242336643624
1.22113946145161
1.2143454726293
1.77758937315332
1.29633270035064
1.07736033767478
1.23653504323176
1.2569475475867
2.34002256443544
1.43827382539903
1.73858635711892
1.82122573075525
1.58504057354683
1.26269394934652
1.54365141108681
1.31538501808507
1.54904871173282
1.42992027843256
1.29899779272178
1.41797067666459
1.090308954288
1.08039324468302
1.06522708610299
1.1336621636427
1.18443868667619
1.14878422781207
2.05106109759064
1.31498405711451
1.773625696277
1.21949704183288
1.61053249149393
1.62326305336944
1.53607792638142
1.58231751071647
1.24274613299266
1.45526759649424
1.25346651724826
1.61476470379943
1.32356542502181
1.27874549265783
1.60305779705909
1.74475700596212
1.63867355271845
2.12000558522595
1.33808484338096
1.66110255148231
1.18931074835665
1.56825894934483
1.53699987859505
1.28089427751606
1.97525089610799
1.55292238286153
1.18760036853784
1.79095732497971
1.5005400641567
1.28021368803661
1.2045694866709
1.3209818153794
1.20360979483415
1.06091071216905
1.55392197354212
1.49603403310701
1.42700183821143
1.32045174725773
1.33428125680322
1.80962167501272
1.50437410298567
1.27039039185655
1.80193533046265
1.61487622015105
1.22190930502687
1.85803115016727
1.79056988338014
2.11953088322794
1.66877136551084
1.43050541669653
2.06327056016332
1.78797356122232
1.71245412353867
1.38176871494182
1.27702212064657
1.70365672124547
1.03527811113613
1.602325952952
1.62323350403487
1.33341425302978
1.87668591831181
1.9381043007405
1.87443611870696
1.59606361680088
1.28310953869918
1.61353300317217
2.02112209171567
1.67055490977183
1.76726236313825
1.91326084445836
1.68388309485346
1.75427139249236
1.51498678756926
1.74577369716441
1.48901675027788
1.3234353556582
1.88396186873468
1.50631718861383
1.5187078955401
1.38295142976755
1.31380323670147
1.34557603914654
2.35975905741833
2.10513626493016
1.90897125654805
1.85025722677406
1.5965601380154
2.00981509768133
1.94961675089838
1.57846011955598
1.25933235057669
1.91391912249243
1.7201085434881
2.00905022675537
1.65940178202948
1.77886436903683
2.12267048763592
1.37257392380845
1.46003108462366
1.16817415955981
1.23399516357213
1.45461953086491
1.91991009843901
1.46754589130424
1.14044847970524
1.53775344097752
1.44373649666785
1.34391576319684
1.08132100859126
1.73384043891983
1.48489692831654
1.86414522022053
1.63482459972249
1.59619638517664
1.3124578234307
1.34784737794341
1.37113687890896
1.70943718917685
1.92853303080209
1.85526637815898
1.33688398751416
1.2717481694517
1.06593288722463
1.37762656726103
1.42596421048822
1.20090158790547
1.36777162571906
1.68415021167957
1.46864282156869
1.63127250712481
1.46756461256904
1.71584113640979
1.77717398780067
2.10071560848795
1.50198178910748
1.42439954611226
1.720469659254
1.62146027586779
1.59809229135358
1.77831587522286
1.7908709528356
1.49410445754806
1.3066978891124
1.67125176835103
1.6605480815409
1.55301174697336
1.56689810248842
1.74561158235236
1.80019922149397
1.49894068762566
1.51181172159146
1.33144077306395
1.68449642883225
1.2396705566111
1.19732853385002
1.5397980960936
1.57453764353087
1.22729261437951
1.12496428961804
1.55761281761567
1.39330666683285
1.65923228350153
1.30990493653791
1.81062662187768
1.68159180974104
1.21171081305627
1.87820722807574
1.68088765460729
1.45054611776678
1.81350932468861
1.19417489097971
1.74613543445794
1.23257916848018
1.8272278842663
1.35731492884215
1.35111574414509
1.36483898262765
1.17299042699283
1.12772994035135
1.46108541366758
1.33613015243368
1.36928591570678
1.17995703109198
1.11229988335605
1.45073454774186
1.06155679003453
1.69927552360981
1.14519896857102
1.97945856129871
1.10164939807116
1.64088286008921
1.11444563496081
1.30474722334804
1.12188113651809
1.63530439779426
1.24013308290555
1.63612923185448
1.41530887615081
1.86958421749852
1.80597550713711
1.9714040208295
1.52659870376913
1.45689587873319
1.37465554167496
2.02824134711204
1.90579513432141
1.18526398655569
1.33856036656293
1.53494255601345
1.59812667863624
1.77947710561722
2.21620130544222
1.33766467447716
1.81073728923803
1.52734159965344
1.29894222955579
1.53208331682469
1.67445659366642
1.52024494639784
1.54509309560623
1.99317431547431
1.61708587668215
1.98553003467246
1.66047064810225
1.67760890152195
1.17913980786232
1.05887468051784
1.29804193011438
1.44082906771193
1.68310282119721
1.84562217518006
1.34394153787247
1.57120517822013
1.32304361642445
1.65257836208149
1.79231755269958
2.24928596334196
1.92462964085405
1.51500282161251
1.36173055334208
1.73966303119306
1.61144957355219
1.79137796154343
1.82479381840699
1.98273619857712
1.37281429077324
1.48321443593439
1.73322407966361
1.94926574593685
1.9877815030637
1.66527395781643
1.135082412357
1.76009216390179
1.37132534216381
2.06541481783967
1.57583710979395
1.12976505664591
1.8592863514132
1.13536758389445
1.08842708885017
1.06115218621196
1.07728630942358
1.69593544638194
1.31919669659361
1.56230018806963
1.28141328066791
1.21456491069148
1.37705299752516
1.71436788254321
1.04631318370549
1.0515772107176
1.02296076618771
1.24965188121146
1.03730482848098
1.2177470628965
1.3196591047377
1.24636315246643
1.25354152751336
1.36200624878594
1.76077390177123
1.18893931125504
1.32037388298537
1.255320018599
1.40464996553152
1.01843127598434
1.01854155482095
1.55593505099963
1.85321668143298
1.48790494131391
1.44838653661294
1.34439595396343
1.32797939015454
1.44330404293225
1.69482378777147
1.4778857666441
1.75730403828354
1.52011655029932
2.05140795130162
1.61118463703128
1.39316121065941
1.31130837011451
1.12804272901646
1.22815239712607
1.31215683947505
1.47083237646991
1.0289283109026
1.44501417018265
1.43925565908095
1.08215033896013
2.00841954514743
1.32105155755535
1.27330525723275
1.35713382382378
1.61054185584927
1.57207145823588
1.25884131748032
1.42125149650674
1.25188988968536
1.39017188164939
1.75649824229004
1.61336053500811
1.0359603110634
1.11588329114008
1.75332576261628
1.19411395041892
1.2968501574055
1.16192843084669
1.58928956507846
1.15820365998304
1.0343153833181
1.12026235839674
1.22301514123115
1.07233152931127
1.18478532196164
1.31688189610396
1.24485560971855
1.7120088596493
1.33857479903519
1.36250881879386
1.608535483143
1.72794996033432
1.7273886340718
1.37699801546728
1.17224605869945
1.4469616772273
1.83736084206099
1.52261158598468
1.55704637505731
1.7281175818868
1.56090965185956
1.41310380328844
1.33996436782655
1.16875208086507
1.34318741650945
1.90413457131837
1.54855013442461
1.26848659573318
1.21561650068396
1.3887216756907
1.25072850124092
1.56750489122171
1.8994818394473
1.74231597007594
1.64340023521529
1.72709963295733
1.76919785798421
1.68669714250123
1.71760024235943
1.30170953425133
1.64604618424188
1.70103888520659
1.79144683962467
1.82386285829608
1.56022590366942
1.60262044770658
1.60948230716055
1.23350082920699
1.53658894452811
1.88765648980414
2.02713150511816
1.72087854667326
1.4395113282827
1.28985355767207
1.18001299808799
1.25947300411596
1.43583151635472
1.98645824628956
1.73979735719047
1.29492438831527
2.1029921349226
1.33352106091907
1.73766624784198
1.75265986178446
1.42342797697336
1.58822029554151
1.31840949485869
1.61017115110504
1.4871999347007
1.6875958118038
1.49575005482735
1.41663278109611
1.67372835867076
2.18702509470125
1.61751894870107
1.91245567477251
1.50487991984402
1.38479426459109
1.24544202495462
1.28256913761364
1.20484028086222
1.07620646295993
1.20853612470795
1.25866038314833
1.35781043020058
1.30256896415956
1.40403807397493
1.46192947605066
1.65087220592964
1.55710002149002
1.39751551958391
1.56436407824832
2.12973086734027
1.15391811242459
1.10718713072199
1.13455094599925
1.10174522722642
1.60511284189013
1.56157542768502
1.61155176951877
1.62875503855695
1.92553628233025
2.02663874152349
1.8443173572055
1.54478316892513
1.24513197681503
1.63957415053166
1.4092889421904
1.89990346458159
1.32223901941002
1.52825618361731
2.10540087740901
1.21809025076671
1.31402342977191
1.54047543896206
1.79982427741896
1.36130349418618
1.28561490300066
1.68994838289289
1.26107301621291
1.71910534547905
1.35716165024317
1.58938505538733
1.66236508247452
1.19703838894431
1.69677278819438
1.22817358670845
1.58538238136151
1.77806458194465
1.71295452790648
1.32432106891599
1.72690319527259
1.58969893550973
1.79985407838035
1.74140980666012
1.57208897111155
1.4222004618429
1.51052328620024
1.49119574330961
1.61494321855582
1.31867375374863
1.42315096634497
2.10851418319904
1.68160848670171
1.78818112328754
1.27911652608301
1.63111674051581
1.61589802558795
1.92708853012717
1.8268458651565
1.39507715492605
1.2402287626704
1.44980996872137
1.86224932656157
1.92228309984345
1.95317372731115
1.56161453574562
1.77219887158619
1.51059185536757
1.43375451423719
1.85633864030796
1.35719140931282
1.11265272338817
1.72485275740303
1.42631914310346
1.74633604797215
1.36222947355013
1.19391884942146
1.61006643160467
1.74152327987811
1.2637682199019
1.38435453543524
1.3634601043645
1.47591799290977
1.21961997837338
1.4861837539108
1.22101886308624
1.11153787175033
1.31344759992956
1.07293048421278
1.77586818367229
1.45886296239538
1.41109280763804
1.89335548359915
1.87750820655134
1.26682376844357
1.48377195298765
1.52940509658313
1.54758457209155
1.20351892824897
1.35575803742557
1.89373780267319
1.82830281093712
1.50506916098766
1.83401429386115
1.68991376859601
1.62597336817513
1.26532761177731
1.64091978052726
1.25788345121138
2.02552263841078
1.78128268948221
1.81633683549725
1.22375522241074
1.23128384898199
1.78019010307281
1.35950376614524
2.01637763410384
1.4945368987939
2.12291213823113
1.15403192424778
1.67685880979416
1.18818835230244
1.59950604898408
1.12901702148793
1.47133206296927
1.3907904718408
1.52650573216379
1.78141790974856
1.95881015138744
1.70591456252615
1.58803271156057
1.10519930273783
1.16059707212103
1.30590842770518
1.1260194442181
1.59149850196127
1.79324078048089
2.18937266175247
1.79603132944733
1.696160895156
1.38922193796822
2.05147482104126
1.33963844955196
1.33635434845087
1.89213402414875
1.25773781124513
1.63383405661902
1.70228826576025
1.91046070374811
1.35765840397955
1.17194578693418
1.31537327711244
1.2531019652733
1.58830521117736
1.6587933061078
1.85991732052949
2.00222635473813
1.30783934965034
1.43824236608232
1.32825688819847
1.25585252701189
1.60479041182391
1.99085779376398
2.02522726168652
1.74561188523229
1.58227781829702
1.26705023042326
1.88307937436245
1.42488730005851
1.13975242323603
1.23294823965698
1.28730287624675
1.03996268555521
1.2129984569912
1.12713150786037
1.25288477767785
1.0289851103443
1.23581728956201
1.75513203484164
2.03340813047831
1.45870964220389
1.64511842222169
1.04005369942766
1.49781175907811
1.0158480957052
1.04882056228153
1.22349088441913
1.1412270068649
1.38021977975101
1.04272695479871
1.67196363178173
1.39115962196639
2.05545341342344
1.71289656357984
2.09103352678949
1.34322524641758
1.35454252509139
1.7117330488473
1.074205527233
1.4319639265035
1.65034081856366
1.75972558768838
1.95557798036254
1.43065686593636
1.11464497030928
1.87136965792889
1.54780671238934
2.14105359632907
1.45825649521145
1.62083721486184
1.29296930431369
1.26215546974001
1.72334210755359
1.43579097196101
1.35229153607211
1.30170468043356
1.70547516097899
1.2975873740883
1.63360996707277
1.70187880906153
1.66772242292766
1.74978557567701
1.81008316198477
1.2998042534323
1.55885287195836
1.26590527546755
1.65352114900552
1.63308521279604
1.43087991957556
2.00671635049482
1.50883685908981
1.34284604619627
1.91219593332447
1.94236681538159
1.38376530368359
1.36718401080408
1.69072043881569
1.34636606895558
1.3046798111078
1.05918608742154
1.48391161581188
1.42988709911273
1.27799325446428
1.10996363457219
1.35750583432515
1.1689891274742
1.61767409149742
1.30305649594059
1.50972910053899
1.32468157305994
1.83269914999624
1.27186204463305
1.76406622010844
1.35701877476873
1.74564450395608
1.24631147207476
1.47041769626805
2.00419741451483
1.7121067611682
1.77438759698362
1.56669094622391
2.1149912192159
1.25800881380893
1.8471144566808
1.53183990740596
1.30573693325969
1.49592441584966
2.09083369809144
1.60238538171616
1.53388539478934
1.19652017711758
1.77278202846435
1.62210558347314
1.18689732899998
1.18041301375372
1.03901930801881
1.29362988143198
1.54277572261895
1.84700255472403
1.34082317730015
1.39896671735535
2.01156897001209
1.49905138654504
1.83816397222175
1.42417248983993
1.35744912317919
1.10643536833
1.11389153088641
1.55057528290601
1.80498521756171
2.16385208704291
2.05758247608163
2.00555189198921
1.85783350704812
1.39033551446145
1.45564449058294
1.08967796451152
1.47956309151398
1.51369857542992
1.78357367034845
1.3057039413759
1.37987398959397
1.72974730388695
1.55510634950787
1.63505558924913
1.05044343317117
1.14024657878507
1.04167307025076
1.35508548673285
1.30191391161521
1.18494136918362
2.19402480614006
1.4882251473818
1.45056374285282
2.04381479981238
1.40359267993583
1.66167869657219
1.24605620103069
1.25190112192199
1.50534246503522
1.99231259392039
1.8394556869151
1.31738817905322
1.95917331771794
1.40591577210887
1.09230800945977
1.23552139787648
1.2756778769329
2.09832378707008
1.58578132721539
1.31720854406437
1.19956582208174
1.53863069415033
1.58198013754525
1.65659726014198
1.33114342780947
1.0741811781684
1.0835455820564
1.18489519743849
1.195111994814
1.1374067672238
1.69391042746948
1.83086028261059
1.34705331215697
1.01495712152357
1.70267620153932
1.84349262624306
1.61794362144263
2.09206212264921
1.24824895947168
1.46832704989325
1.62674110528909
1.61532352620397
2.00985238032213
1.54822022764577
1.46939532940403
1.58813216116351
1.558362874136
1.29197606207594
1.57444569536038
1.26434528292649
1.41589658906536
1.63026050057415
1.2820170720865
1.38228688672308
1.21328009817676
1.37082172418255
1.27095826071023
1.52753643604052
1.78023685284948
1.25492821991452
1.09977127492801
1.20430335318202
1.15370608798811
1.91025485416339
1.5365991935667
1.56092650082292
1.50787423329353
1.28540607133828
1.36240289199046
1.71345237235822
1.2640055668043
1.64658946227036
1.55927366120813
1.41224173017634
1.81564615345749
1.37556735281896
2.3303257149099
1.37570004962785
1.46140371288652
1.63814043784185
1.49795812287779
1.26312435593855
1.57302115871046
1.77174784633447
1.26769525471955
1.20404207714121
1.29768396667041
1.48763760459598
1.37173337105044
1.11002968342966
1.25618834147948
1.51508678936445
1.68319459317317
1.26059419028557
1.0963631364843
1.28814436542899
1.33316730410349
1.0400231164215
1.43293326717891
1.61930852354711
1.35543970309799
1.17604401941269
1.10155003292978
2.12875985905663
1.56665108912179
1.13859358728941
1.2438486555201
1.55548559208726
1.22057466735671
1.26269092975259
1.2286528598266
1.20996907671641
1.12075084818673
1.0681921741985
1.27630275024264
1.57037527713562
1.12765122233339
1.21001639406558
1.42893350892786
1.24267965720845
1.71819905836582
1.18356526802915
1.37105058775843
1.2257648796855
1.36809125673168
1.19758100271452
1.48559952296919
1.12744753094716
1.03006873659714
1.92473950036008
1.26193876211462
1.48431384273764
1.99692319011471
1.46535290534381
1.59386495325843
1.10204215360582
1.73560334305202
1.50022423672258
1.49777421972412
1.27587213440112
1.27564507972134
1.06599385514221
2.29638716760671
1.77807614911041
1.32360345430904
1.48205411852583
1.58725793126209
1.55244866935158
1.695751110272
1.14984249439562
1.19810551143515
1.23355958021585
1.17962128362901
1.02421398865339
1.02972433180246
1.55745248866438
1.37798918921895
1.40684134489298
1.59209123152221
1.17922876381265
1.27359416854525
1.39946227052722
1.20414999997728
1.47155310710893
1.15503680536081
1.55522257755963
1.82653652182871
1.98822497723821
1.52495803524724
1.05061387420421
1.35794146694934
1.81320260590614
1.44747847444755
1.10211317816716
1.27678663604284
1.34453404501729
1.57323676732011
1.64103932002482
2.23426830397642
1.69659900651099
1.54663085969072
2.18406725009074
1.16693960877431
1.51144987101803
1.44191956459672
1.66637354866284
1.20493470123452
1.79366470302863
1.91392598753309
1.35065663620154
1.70200986299179
1.7260266008722
1.5599842440533
1.91439548553595
1.76545742827721
1.20893104853572
1.7932429107914
1.27327350132686
1.26673629509208
1.72888513599348
1.45473328396361
1.23596051818049
1.07177773659471
1.04008172625853
1.64206616725495
1.33425797701775
1.51350870683089
1.95728801265978
1.29447242608999
1.32790375403064
1.54198366125511
1.36738972051515
1.74986929882
1.52596198732599
1.09807652636688
1.78574594275152
2.01117411969582
1.63548667653155
1.50518405942301
2.36391414702002
1.83615254732699
1.24612772697045
1.68275231687557
1.33896609203051
1.03587914015529
1.20607893813852
1.00225450606954
1.49180402214325
1.08858366962468
1.01468167729016
1.04350002660072
1.05863976642199
1.10206035515613
1.24083340474366
1.52812239967189
1.36244563434822
1.90169503401076
1.12963112845939
1.5709076558942
2.2759623582396
1.68489543566457
1.21037666195186
1.94617576010316
1.1326101175329
1.24167108555343
2.18615883309593
1.48847326715471
1.57805014039885
1.30294667375091
1.5903096117634
1.72800144017963
1.47610553913376
1.82364212911491
1.07906718528783
1.45472514621645
1.30632870769366
1.90624224980741
1.68268092444745
1.34815231515242
1.78254399372813
1.52837058672911
1.44677964281338
1.99674029655017
1.4081103190377
1.68110890241043
1.81603855864768
1.66429753296544
1.4099348254851
1.43459099293399
1.2240482804905
1.35353023071572
2.11352041918014
1.50779303169568
1.76744330674371
1.10927240739487
1.49221485266554
1.35550079173969
1.06827156341744
1.12447141958696
1.07515449929126
1.27282223724142
1.26529867231079
1.09729801390694
1.43502670165646
1.30126362628572
1.53810806149266
1.67070795512819
1.24212778440742
1.52740500649537
1.79384582120035
1.63012947721782
2.00221201882577
2.14619447589062
1.29037288050464
1.39736084593006
1.24327795849819
1.48587182054743
1.80840599214818
1.31561598909932
1.14404184933124
1.51614300809365
1.54242276603818
1.2248268310113
1.47041383298027
1.04316132410722
1.07311193694519
1.12581352498979
1.2329221753083
1.73934945883686
1.34929204372771
1.37720915918948
1.31742623291109
1.17417826758676
2.01851986279417
2.09719566567201
2.36653636216269
1.1555834369879
1.58973533059342
1.79200418935738
1.40064644861087
1.76373001188608
1.38835878947664
1.11859414914332
1.86122357791597
1.5420929549772
1.92245375211808
1.9855270871742
1.81940006228046
1.28614667632178
1.53549209761196
1.38404085021115
1.51221626982113
1.78655054381174
1.86051306262498
1.92169986726908
1.36827464848231
1.64605455778665
1.46228008739206
1.74485688508494
1.08520649097582
1.15382075220753
1.30821419948197
2.17953822238119
1.47416786576966
1.77572811013074
1.59888347237407
1.66741120160356
1.34588154367251
1.62087704482463
1.78263758950379
1.51207574718566
1.54790864708624
1.38929607672535
1.453352164876
1.73747479810753
1.32031509410652
1.24863150975056
1.45917791700183
1.10034632717915
1.24245111690962
1.55562185961302
1.44305234691243
1.97904025754551
1.75277890367915
1.31547899295264
2.17671746729005
1.42146213139322
1.36176644372227
1.70708186255843
1.93232116348704
1.33587234097106
1.87666215654884
1.34286594875953
1.41350145579031
1.1335792364943
1.07105609600867
1.55616014634656
1.69049700412176
1.41109494814218
1.45870965336845
1.52225812926307
1.51437769298322
1.04065359268558
1.39966877095198
1.27938554874868
1.4505451850945
1.7237763976104
1.42762736605965
1.62321004801633
1.3048584799319
1.50893922499861
1.32062638574904
1.61344209805731
1.23939476808393
1.54976677559164
1.30744439119521
1.59614134878456
2.212300257879
1.60446631014894
1.19330675664133
1.67955572492054
1.04605374307429
1.0564838504436
1.51527431371481
1.32094617674047
1.59164286562554
1.38315670967865
1.43892111057361
1.4204848768426
1.8944725169672
1.40958745708382
1.34862369221314
1.31368367620417
1.20309846713407
1.91993758481528
1.30125516289135
1.23554836877928
1.34807117785856
1.54177415810794
1.26057801729363
1.31227062479763
1.2781965322229
1.29631700615382
1.20789676777922
1.39590991603572
1.13030608547655
1.13922094088537
1.36380649626209
1.38936287362487
1.50040000733012
2.22289294680457
1.36815711625014
1.69833170745368
1.9924877882556
1.51286656835842
1.34480793372336
1.4850189102138
1.23348125867794
1.31769372346949
1.08799204126112
1.52800540112283
2.07073417065868
1.58272478291282
1.86383036678577
1.48125211035702
1.24552831714518
1.20309148738155
1.47599347035791
1.19951947276127
1.56247471500198
1.4040821204141
1.47967083165265
1.62401893111129
2.02758383672905
