2.1
2.40456666169982
2.49895739844038
2.29123764027973
2.49362144501598
2.38649261318269
2.49981848653094
2.49976198730537
2.46210190490974
2.49802455865009
2.49940109639487
2.49877063716848
2.49892493563105
2.18707832286339
2.49636284741715
2.49221316616776
2.4263755409213
2.35613661111498
2.15458108301215
2.30147302225366
2.3691626879358
2.26625256624836
2.18198870046785
2.47570988840461
2.45840693356298
2.49416326073985
2.49980644487812
2.4911836961498
2.3046221521895
2.4733988271717
2.43483379685244
2.49847758426806
2.48850353681162
2.47613508559226
2.34609406182728
2.20061287227582
2.38259929529285
2.24122325523654
2.41776763335383
2.18514233773887
2.39536109436449
2.43660457206516
2.48559163614024
2.17873291675815
2.47298438734748
1.88410414626248
2.39636355151416
2.46904342623437
2.08795048342328
2.4108304961219
2.27279289212923
2.47963669638844
2.47872543775712
2.12486591776901
2.35358443603906
2.43575271640558
2.18979055576275
2.28308364900357
2.06568914911697
2.28918641898173
2.20376459683231
2.14346200256507
2.33117574708645
2.30906127600069
2.32198430057017
2.22381907045051
1.95215697465691
2.18019505167219
2.46084380557822
1.95830404841296
2.24314217027661
2.1935480602408
2.36922038578544
2.31709773924775
2.35708344064147
2.47730980975654
2.44057879221914
2.34410746762465
2.30949845692118
2.45356849179656
2.20309286104876
2.32528265957145
2.09478288707769
1.6521334437269
2.04359994194414
2.39668938521596
1.80108417821872
2.42172541174767
2.39824754809954
2.16801756667705
2.30479277351585
2.13014286103721
2.44775514547273
2.31893873432385
2.38619963231627
2.09565304440128
2.31209498896535
2.42180699124713
2.25594702690021
2.22040986751143
1.96789590419224
2.30834947895127
1.77083820773928
2.34664498087924
2.38738271800202
2.16663121568161
2.1075245615168
2.28731692654477
2.17765089566876
2.1964272446814
2.49344023689147
2.25139283287669
2.08288550714609
2.03153689717221
2.33370721946401
2.22694225798183
2.25941537738773
2.19327640933063
2.27501966139393
2.11366634589818
1.97891842859591
2.3951532892526
2.00012902145684
1.84593852888524
2.17243046152385
2.38922365671978
2.0299751068364
2.21597726023613
2.29367506384836
2.36900748273755
2.34809909396057
2.15258935110858
2.16307726598587
2.31357198968514
1.913204883234
2.26130024631017
2.37242385947653
2.05979302855178
2.12040390923517
2.16470125241815
2.19029076172896
2.09885576385923
2.13052741560346
2.09539277224994
2.39919493778138
2.41080086161265
2.32373099395486
2.16267627393418
2.13891935605874
2.21609308721994
2.43627573701393
2.4089449545844
2.48858664061827
2.2878309591586
2.12058622217437
2.14251725806686
2.311320801305
2.05717428097475
2.34364865273505
2.4789323418907
1.89997805709157
2.09494424190543
2.45968844939519
2.44300968096868
2.12616818255608
1.85995217975359
2.3627203282475
2.32837848526422
2.29591683206363
2.12542316432799
2.40294931965028
2.38194504705061
2.43844300220002
2.15077410710514
2.32777013856172
2.26070329074807
2.46972897742291
2.48859016991781
2.48404190934427
2.32482360088172
2.48881548294904
2.47524524173571
2.4596939539098
2.46182905582215
2.45358300724485
2.49248713741666
2.31437796496902
2.49402473456135
2.2360010439148
2.4994006381318
2.46447135676974
2.3775356622278
2.20685349110057
2.49993924564534
2.49811645117624
2.4818639201185
2.43291891937805
2.43718672295846
2.39489022323305
2.47682454504227
2.47623850283441
2.37195730349733
2.49804456045752
1.96485548143743
2.06304059247532
2.46084248202846
2.26719351286844
2.38079244834157
2.37035798892666
1.82687455436608
2.40030442234353
2.33146977934387
2.37484925266279
2.32454463881989
2.09081441892418
2.04836404485822
2.38681086225991
2.24746091547351
2.3481876653222
2.43885384591037
2.38433907200859
2.38549072604867
2.32274950212574
2.31272438925416
2.22385856752799
2.14183922974424
2.29565636888832
2.41297646357002
2.36184164284534
2.27986975259432
2.02619231679988
2.3497827597051
2.115886213549
2.20333305778796
2.28143601610825
2.26397780155096
2.19708926229913
2.10339692770863
2.34703994451363
2.08424876089117
1.9642272985459
1.97086989648211
2.3280773483506
2.39771424086894
2.29079336245657
2.01809307360535
2.36762740019247
2.03888595027395
2.21031116863173
2.32572412178556
2.25325765841427
2.23894963877428
2.44589308002958
2.32893489646364
2.21349289944248
2.271922080408
2.24891320111048
2.28053500514003
2.35956884955981
2.31476568382017
2.22513325435954
2.17928171152757
2.46568896388868
2.40576364661135
2.28885637531569
2.34431989401128
2.45135626555982
2.38980659134407
2.167866722899
2.40951602163033
2.33969567607093
2.06385233324188
2.4298196717287
2.38144546311736
2.43388335342361
2.20798102023163
2.37392076164496
2.27557308678195
2.0705282336399
2.30182828139022
2.25502136275947
1.66566897491227
2.06320406443594
2.32601401713429
2.3157096491048
1.91603278738142
2.1882707702816
2.35048692242285
1.96929049844133
2.45789924566598
2.2835211356107
2.47216636314335
2.26065212607188
1.94126002677345
2.30474125426725
2.00588557656962
2.40690252540166
1.81182514947832
2.14180667237016
2.27401663076205
2.16058392567084
2.00757857508164
2.14148793787524
1.71291277055177
2.22357535538859
2.18345543827533
2.44205739524719
2.20271630318012
2.26574792508139
2.21457771954408
2.42272437091374
2.33684054007526
1.76871065662324
2.18732710646318
2.12405786949353
2.30758146243553
1.65695218270228
2.29028454451759
2.43595049004271
2.38167691501902
2.28944243691144
1.72022513624689
1.93751149555207
2.43240985928577
2.27728156118397
2.11902402202128
2.48625505683608
2.34703220792551
2.09868546615855
2.46068118978598
2.33468351088182
2.42643095053909
2.11300859672012
2.27003821386092
2.40332173920542
2.31608013888209
2.05334334495703
2.36946685151453
2.31916816317515
2.435416078539
2.4368558165815
2.36308961343228
2.39976717355441
1.97677073654121
2.37555347680779
2.31662172695091
2.18599944278993
2.35379689881195
2.2284795145146
1.68906580327459
2.23985266317028
1.87917470757436
2.26187638493644
2.16461561218437
2.07780255450256
2.19509775920016
2.27480616957325
2.06360542827172
1.74792307971396
1.69898129029341
2.10044651153648
1.93727686341269
2.15021435600244
2.21888011405096
2.08996557649217
2.38811394153286
1.74578019162077
2.16435866100817
2.4466247230434
2.42478383246164
2.32976372484229
2.01180314999258
2.1862960872697
2.10594959769626
2.18045883591625
2.25261078399754
2.18695149677611
1.79010009603834
2.35703085021732
1.69222748351505
1.95858824684649
2.37841376831854
1.96055853432614
2.03989645675334
2.31235509993316
2.01435304092074
2.24095271634686
2.32682521711208
2.41938363926757
2.28684698543711
2.19723058430265
2.24790731925818
2.0247849563201
2.3595507258025
2.3536552985414
2.37797647221869
2.33798138628858
2.38058418463517
2.41978406834526
2.03089782455693
2.316983157165
2.40598723971213
2.33390935923906
2.05434779145019
2.20675108262178
2.46653535695828
2.49269481466847
2.49239413762479
2.45023292455505
2.00293590947717
2.06176291145009
2.12889015553389
2.44038505130325
2.38148639168523
2.21804210383191
2.33158848279007
2.46492277417083
2.19343928299522
2.07393675962651
1.78519600759377
2.30199902820604
2.14583122610488
2.12949721838801
1.8393154260345
2.23289628229465
2.32070026025459
2.45630139807671
2.28096050257619
2.12477691123739
2.17185390265746
2.30287196840048
2.00866754626098
2.48373448047896
2.40116047155116
2.00794747621727
2.15504264959703
2.2908067283542
2.43710958321404
2.40576501821681
2.03240340513998
2.30190967252819
2.45036759148509
2.32840975909239
2.1616847766837
2.2101689558762
2.4518506311511
2.16373483822448
2.36005278174976
2.15903924371136
2.21172076669926
2.36191394979653
2.25815949828198
2.052615454003
2.26968131282076
2.33127659235366
2.48526209258757
2.14081720878439
2.41354446376891
2.15687547805977
2.35952302764895
2.21674278640715
2.49055437759425
2.16833925946815
2.41323499573812
2.00457128355777
2.23706182677149
2.06231025268223
2.41106241406448
2.27186539186458
2.44689165987881
2.02822602218654
2.39077494190064
2.3976459868733
2.22039284317623
2.11439283448732
2.24996955497778
2.48826093195665
2.38945103940185
2.29792866740974
2.26733001363597
2.48876521709682
2.43721659484156
2.33801462535636
2.34964731429651
2.09115963221524
2.47207978273037
2.48030095872713
2.49674576086723
2.4866526028244
2.42713918487686
2.29380009071484
2.37743814688805
2.41854767720842
2.46879016384112
2.13964598268284
2.47090828628603
2.42575648336119
2.37126199250358
2.38754308484105
2.16953305095678
2.2220674523158
2.10797177215993
2.04734878832051
2.09800220679521
1.77878639632487
2.12473844350198
1.77126774054885
1.87797856069401
2.40608003722945
2.24102215877851
2.44003222837727
2.17295001042499
2.27400040952733
2.33967084553914
2.41351662361356
2.45077830271032
2.38089556292028
2.26059348151469
2.11285853790744
1.89479175284181
2.24227336333976
2.23211967433502
2.3554348749477
2.28674096101642
2.37264498451217
2.4912612225046
2.01637173323694
2.31625284489663
2.29258029290972
2.18354698401393
2.32249462000044
2.42622085858291
2.18579225498019
2.35076237481133
1.95250862899032
2.25431775560439
2.33230032301023
2.13145342919341
2.40751835193877
2.34390158443085
2.12027104487428
2.41728488553274
2.39959243278045
2.41517534306179
2.33034375555204
2.1160771223988
2.09713973988602
1.87771842819595
2.24322881644455
2.29817483816898
2.01142279515163
2.32624076517581
2.30958984798013
2.23320297094191
2.14745922121757
2.32827474656039
1.76457045357166
1.78051390661922
2.05041704757056
2.46745826102778
2.38087220055823
2.47924618064073
2.34582185957958
2.3781483848939
2.42046106500114
1.80918323930854
2.3307192862124
1.49080897685593
2.2002306792212
2.4009883756015
2.23651202380675
2.31137190655886
2.31945740225598
2.43951749696943
2.10136221628457
2.3515558132279
2.02753662989282
2.39111613294051
2.38864218225143
2.20106920841017
2.15599758188916
2.19413315953227
1.46016109670932
2.0667719636698
2.02102252053232
2.28481385123621
1.82211701598522
2.13669594201354
2.22708377350403
2.18162215297643
2.26017266573688
2.24183308788223
2.36683189027486
2.2942063899361
2.28224258866687
1.9546502526182
2.39822747175834
2.2934714945491
2.28596568669823
1.94406203250097
1.67971535437499
2.13815034744115
2.35214098447048
2.22522705963158
2.40725859236135
2.13905208620587
2.25874580773376
2.32140663433601
2.3001140414808
2.16627817419212
1.91073626814145
2.14763871317627
2.34770067702677
2.37750377323169
2.00098745356323
1.78144510799151
2.06396776419515
2.20583450896282
2.34521766714592
2.26033790041228
1.61298391270298
2.30402661044148
2.06359478832176
2.24127186271466
1.91943749289867
2.33437927416437
2.25375423562929
2.39557201945843
2.38800411358036
2.28492010339882
2.27015775870227
2.42866057998084
2.37494630325401
2.11890965858814
2.2863260775653
2.3738798580004
2.45915897415552
2.36635856885147
2.33090311328134
2.33139979423539
2.33265809836166
2.41068151142098
2.46658492530882
1.90444883301229
1.38023290249014
2.19376890117162
2.46953161801756
2.20586043447594
2.32381816698304
2.21028997279183
2.48410335079386
2.47681771591587
1.91423418898166
2.398575692178
2.48348122039439
1.88057698931685
2.35041768830073
2.44931393203456
2.34929490632006
2.07613614464833
2.42448279852629
2.3562120307019
1.81795648048187
2.29236436333747
2.2792862077979
2.08401902532154
2.25268053708937
2.34105650859316
2.19520318260711
2.14697103881253
1.92389327141122
2.28227057968137
2.20556906595908
2.07570538313954
2.39582476904338
1.98369762226426
2.1086966208634
2.39713452298843
2.29311861709158
2.2782253423348
2.42106203525166
2.34614291652522
2.34469983620168
2.20856461713236
2.3443619042531
2.25853141412541
2.08811450593239
1.95854655775358
2.3381497238581
2.30475556219952
2.3463825641723
2.08491154993441
2.08193287055458
2.2537793825185
2.30383588247138
2.38767931929122
2.39017927820217
2.30689773192751
2.43138487614231
2.41500953760996
2.3583017233086
2.39735481155475
2.46427497838309
2.49277528126808
2.15346283510382
2.16683687395335
2.40934070113336
2.37085407302819
2.27061398687292
2.22484088714553
2.25835719091125
2.1822082867657
2.42129636281955
2.38378829491572
2.13509337809646
2.3464604561668
1.80543602449574
2.34332603766605
2.33470902198677
2.00611263388682
2.2091059704226
2.07714301293607
2.36436851238895
2.1675553753869
2.23056980334642
2.23860393757707
2.23155625187967
2.49095805903925
2.41422396854285
2.19917642693411
2.45230345435133
2.4238076140503
2.4951037314768
2.25854042394773
2.42892431808408
2.28828982086366
2.26385967343991
2.1650096190893
2.34190037927306
1.76125279928457
2.31348298360134
2.14416866340437
2.46363044821647
2.40927989718487
2.35033358021723
2.30459379798295
2.18097396242823
2.13773604005023
2.39012457747168
2.20666574649547
2.25139713031335
1.80327915170334
2.27076232224709
2.22057257369549
2.00999900373311
2.05692896082224
2.28275817313319
2.05468095308523
1.78959705858124
2.40401294075583
2.33062232146154
2.08516029937617
2.18739023163983
2.17977938216659
2.17770442439907
2.10377187674294
2.33599732688686
2.38006624677789
2.40423147566356
2.43535907561605
2.40058428794218
2.07445240943302
1.93556334824247
2.08265610637951
2.19145395631643
2.40506577886644
2.24418246024137
2.43292184240764
2.30628615832686
2.32613613561265
2.00038624030173
2.02413993613853
2.25411529947138
2.36897765976595
2.37795215160462
2.3412620270786
2.42686647510482
2.39430442817416
2.33210446744095
2.42822775658025
2.33489975223248
2.45120782148353
2.01351188459126
2.45878451638896
2.29363749893471
2.38926617092049
2.02905177108402
2.2810253288557
1.86154576626613
2.15899117892735
2.39087424491876
2.46517869223293
1.97960451165081
2.36572570406023
2.19994989146037
2.11128845936989
2.13004336390076
2.44883539879293
2.47747684666624
2.32256294504775
2.43842569631969
2.4970000031892
2.23890520187807
2.28703473270559
2.00587218605047
2.15782817251557
2.33641116707958
2.016996266793
2.40724076893404
2.12061348132583
2.2454504527454
2.22749743761135
2.0848472643478
1.93954609324371
2.40380223634182
2.48383387571277
2.27147936737285
2.35034691179957
1.49010872489158
2.0638816449804
2.32147120326226
2.09336835960535
2.38289415512768
1.86436650179785
2.34153992893133
2.39864071464715
1.88699761726027
2.34411075455595
2.28735298516233
2.31639777120449
2.23167109637425
1.96962031374826
2.07570728290439
2.44806214065862
2.19572718580171
2.1665907285381
2.15891859614957
2.23483622892553
2.28775259118504
2.31584695504815
2.42625793765155
2.43436729440731
1.98929812939838
2.1167595186756
2.44861131721739
2.44168993380575
2.07510862931294
2.26000447459415
2.32840721385174
2.3495654457887
2.27931205191501
2.34892404344953
2.24428511942294
2.31686341848932
2.4379380525863
1.96726172356279
2.40487719896273
2.19753019299903
2.31856336478874
2.39425000549522
1.99470959248513
2.31519672601551
2.44195551819945
2.47120624508212
2.26768182834166
2.29623192719376
2.23806641413625
2.43775605493865
2.31539710286018
2.449869750869
1.75334636442592
2.019482598989
2.16279109496486
2.38797133810307
2.34731263380671
1.82381377671881
2.15019898302695
2.11434212172851
1.93532269206724
2.19153340298057
2.13907374822454
2.14720595973091
2.29417588907085
2.14024603901703
2.46224452908035
1.73496523142451
2.30034977305881
2.23839855147072
2.11462432585954
2.18505304753365
2.37049233994455
1.91909994016412
2.12346160686516
2.16642418011596
2.40724302689653
1.97583162322061
1.9491349204187
2.28652312992002
2.11049831540733
1.74617076937887
2.35855396924271
2.00719660018627
1.93327722768215
2.30300710292591
2.11394834909677
2.07160826017827
2.45083204131183
2.21887790707871
2.21510613266871
2.01955658654173
1.94547345017317
2.08821952002651
2.08384791380426
2.06551524255949
2.29601543618305
2.3296469691071
2.37513850973006
2.3333934017186
1.98747025386914
1.96993132277156
2.35231526381104
2.02195592682662
2.43098278341387
2.12382257830068
2.34182574806501
2.26317050641212
2.43547264912389
1.83667554878612
2.31195409112216
2.44737009575021
2.48273134064788
2.3276403604931
2.25513975299346
2.45780899692576
2.38919401467602
2.10802879274445
2.21591673908432
2.17531446021721
2.2206950497497
1.86543349693856
2.0554311785826
2.21548865293771
2.09157021260497
2.02320055256879
2.16439309561267
2.1075515187447
2.40557576903584
2.09743300439565
2.30608096947255
2.31755720129047
1.83669393401608
2.42870205789108
2.26448817303697
2.49212426457438
1.59230727192703
2.34886106126175
2.45749732623574
2.4206349985471
2.38597679263785
2.43737889283434
2.44946876333003
2.36548979690182
2.46681087768571
2.42447438962312
2.22375885603816
1.92661597549461
1.38559568914247
2.44615259348252
2.31262984549662
2.41112457971706
2.20208560088701
1.98279941009029
1.88720295908865
2.22085701414587
2.30904936137181
2.36486446582836
2.26907423985309
2.34100048376023
1.87123872150651
2.27596227773642
2.24997619819301
2.46560037138218
1.99212013282098
2.08404128636595
2.15752571437919
1.87002780289284
2.245240494701
2.2237785001509
2.30412749253176
2.07424240841056
1.99245393514784
1.97334060518119
2.25269613176769
2.45657300376445
1.92206838872158
1.80093825583313
2.27906385099718
2.14792201528392
2.27749255962696
2.24610149462272
2.3354342333813
2.23708107453004
2.21693547367269
1.83726238773971
2.32229997561851
2.26934239268319
1.88207268734726
2.42748726696676
2.28938977608593
2.22492914942588
2.343444824581
2.19874041057842
2.05383273284112
2.30667582586817
2.47313555880029
1.48169631764221
2.41278006045473
2.20407589293078
2.26153429320582
2.17274107109121
2.18113875572407
2.11180659742977
2.27393774496318
2.17897726518774
2.39700062892526
1.75555494238504
2.17843048364165
2.37349153245035
2.3875534214314
2.46396034441261
2.46930242416743
2.32484388036939
2.19199426825347
2.20277581082574
2.16119729801981
2.1596149043764
2.10704293548065
2.26512017706615
2.25399777206742
2.28276484284213
2.31384835310053
2.29107366340185
2.37340935337772
2.25941961653004
1.79837992912286
1.88217481541519
2.2286976193115
1.99035286099813
2.21433677948639
2.38729551613701
2.31323133020999
2.30500034618302
2.32762838687064
2.33132117172075
2.30207829149352
2.27280830317531
2.21841013632491
2.37145484582847
2.44851558092699
1.7622685044994
2.3123798046738
2.23203462939701
2.07016669016379
2.37157475452938
2.03199114271609
1.97993159563137
2.16467935513638
2.33417432524203
1.9246061693181
1.55513667682303
2.26731760567117
2.05821350672144
2.20240367544885
2.23056096502847
2.18051393624822
2.3788725679758
2.30439699899538
1.97617789213225
2.42570007362916
1.3510068174611
2.26790594225692
2.12970478317285
2.03640838251004
2.11966550176894
2.03443656484676
2.13012110964846
2.11836745743179
2.40527474886092
2.21484886788571
2.32662800334754
1.93639726852279
2.08306701767617
2.18118603832648
2.13140471311141
2.23008995877791
1.68055816028993
1.98269576588198
2.31455102579582
2.11570500147073
2.19460281294725
2.14026720642541
2.29278897953438
2.08465392732446
2.30681942192708
2.0505660648325
1.87195526387652
2.23858580753377
2.28138739808193
2.34310575730682
2.07290216179094
2.31021180533098
2.38505153815673
2.10824954232365
2.41205666898763
2.16439134381238
2.33587688328937
2.22263791544725
2.30120242470107
2.27437419349544
2.22057801339738
2.15157257231361
2.20647288376087
2.1247336412691
2.27697390762901
1.59949625703493
2.05632877689989
2.16658248376905
2.21192282002133
2.45670124510443
2.17999489983956
2.36406047483942
2.45426601604191
2.28292736393432
1.80791569742923
2.48268713964033
1.69327894109632
2.01142612044161
2.41696961667999
2.22179858294815
2.27821538936819
2.48279752525577
2.08965374091418
2.05358744888111
2.13973711596696
2.19262299233613
2.47817631470502
2.37642746213601
2.45365186451799
2.43373503171486
2.29782682034435
2.35775529133213
2.03911455171005
2.20878061481939
2.37855817078134
2.0334089482711
2.45450950879408
2.32402438785381
2.26361684887626
2.39292443574505
2.27536704059615
2.1230188122585
2.07582041703454
2.24220903729508
2.30450334184106
2.04371976922488
2.08330666650305
1.96145627235098
1.81342511763859
2.02872027792643
2.20275296793505
2.16937809898833
2.34137465047319
2.288600597442
2.39676658472448
2.25017029508799
1.94287000015586
2.44228704320568
2.33140959457655
2.21297191883103
2.34217235410828
2.20210970278829
2.29456628983158
1.90441280113177
2.26294179689254
1.96897430272442
2.202202883336
2.36719437688836
2.44962961983387
2.29333416707667
2.43583006359268
2.47894395671842
2.28405613104001
2.43439149779284
2.32648690906898
2.10945741363313
2.41911549405646
1.8593854028596
2.28732044844469
2.13778567574015
2.49674276563664
2.45405550199015
2.19107065827234
2.45227006990697
2.33693134417632
2.21202001849456
2.34917889271867
2.37247517430891
1.75995186261756
2.13447196917716
2.35305828569303
2.21308520618788
2.22573441378858
2.36321500418486
2.3073141944303
2.230871703043
2.32261959712553
2.33503801224822
2.18780633433153
2.14529193762096
2.2606898626543
2.38798331815262
2.45495599494617
2.3718075841891
2.20419238274721
2.20144814250687
2.06233968855137
2.28802076261272
2.33757323116905
2.27184589419773
2.28967367893887
1.69153893421681
2.34993983556062
2.33361653310107
2.07756858277175
2.24250078912418
1.7789552394095
2.17836561273553
2.27349102031748
1.73424768951761
2.00265244105577
2.23488954973485
1.7304775156547
2.27392593903289
2.08681257921625
1.81557014905154
1.80152355752481
1.70316724479377
2.37977227740842
2.10995856720524
1.8987502511899
2.2034374219945
2.14429067223717
2.38173887082143
2.2354715417454
2.44087286851413
2.43242065722815
2.14987685715919
2.39772157688193
2.16013545968373
2.3727966805789
2.33790313163498
2.29737629008566
2.16813465550389
2.15044326223933
2.08415513585424
1.331989965699
2.15982394120381
2.0557433490024
2.24228158463267
1.72256553355774
2.02171036586041
2.23969346313774
2.04675552932451
1.96804711606594
2.30883551980405
2.27275668268692
2.38953141472877
2.26908548778333
2.16968044623189
2.25895297325689
2.35962607430215
2.45299556234208
2.08325674264139
2.31831218353438
2.29139831238559
2.4770572698807
2.05659216523577
2.39931708366387
1.7251679833511
2.2584566114967
2.11944006027253
2.32973724140563
2.28675039269073
2.43426045897152
2.33890559557691
2.17974194102313
2.33355711068264
2.46629599263576
2.27758604856304
2.21395141225794
2.40415696265957
2.12240581016233
2.13258276522574
2.31348547884451
2.1406456508268
2.33700797194203
2.45116607902505
1.80915402141625
2.19104996369687
1.97680410868138
2.02081344588516
1.73637692145419
2.14768569102379
2.06216504955755
2.40471255146246
2.27317203031591
2.27057842970699
2.40139773235232
2.25033407646391
2.19511962926691
2.0133620913255
2.29876797613847
2.26079772260887
2.27359767960279
2.4417747422968
2.11335001717742
2.36856384134073
2.36454249726415
2.28533595105344
2.45882005382632
1.65665931320451
2.14046486597157
2.16192080659413
1.82387457901257
2.14768938001984
1.79376724033872
2.26483785248629
2.35680922055597
2.09916769992641
2.23559111022562
2.22146380855311
1.98386488517531
2.38552605492069
2.09079590964088
2.38755103701912
2.40387196985728
2.10180966820965
2.30588047061605
2.34625018182428
2.26058147612492
2.07297909487197
2.26513781311628
2.2402018248143
2.19952355347965
2.07699331824694
2.2380901227107
2.32828127724421
2.10092093214648
2.10268189742249
2.21371046625986
2.37966665664858
2.36883152092063
2.16900516542348
2.27833798178621
1.93882321636787
2.26148795324871
2.18535072242161
2.34462875642157
2.16624318364385
1.87732785227182
2.22769683151443
1.88265196547146
1.84256776788873
1.0691079462455
2.39162244017214
2.43386580522296
1.94764808740595
1.57101079143176
2.13019783712181
2.26163663364407
2.47874544007897
2.36239096234703
2.20707904792024
2.21309690649775
2.37113453696578
2.43006351169358
2.26042738732116
2.1266725941563
2.34743054244745
2.03670616096632
2.22724773560324
2.27669244855977
1.97080795954981
2.33805284660725
1.82559996689147
2.47049402433207
2.42070572994638
2.19943487996556
2.15271137266661
2.37213646203735
2.04944542752254
2.30659655374231
2.26990992379279
2.27955316009997
2.15219211226505
2.00297900308586
2.22645553375091
2.03221602355321
2.25348098594105
2.29632412998516
2.44124993784874
2.39058093377628
2.18204876589127
2.48675592827069
2.12898530239753
1.92803010885468
2.02346084831061
2.41416673010862
2.35312234835081
2.07155886395853
2.24497504475843
2.2883462222026
2.1983770264914
2.40707548573843
2.27004663608669
2.48264083181145
2.49289625415287
2.43856182803187
2.0878259208012
1.99081548861424
2.03292684289361
2.32455544454002
2.17241368386688
2.12557045668565
2.1192587661634
2.3631835203674
2.33359638754266
2.1433058180571
2.44384158090816
2.35952727462027
2.01038812616434
2.42289178803622
2.14576617495686
2.36709036982005
2.41226268251762
2.40595451810592
1.98549764210705
1.69593851888085
2.19349099732058
2.20126792175763
2.21478368568124
2.35614228401598
2.36887486705602
2.26805432299992
2.30286272110314
2.35974646752524
1.92282663300728
1.91721227586842
1.90519783691933
2.15350712327599
2.42726632903895
2.0848520779225
2.40054668276336
1.94981499091246
2.4929860737028
2.48758044885106
1.89246290555303
2.34287929886344
1.4214167169019
2.1459406782064
2.11577934116118
2.43692528752741
2.18484167279144
2.48886316460455
1.84670490950526
2.26627926618313
2.10107061298623
2.38343729579793
2.48232573102281
2.02343207680864
2.392922074355
2.31455935130889
2.1056870993313
2.30730106660081
2.11494334846794
2.35031306019904
1.98817125958259
2.04712518606224
2.13399660293358
2.34293894829546
2.24489049907282
2.19733205968922
2.09266661357983
2.24024822670812
2.07475685865723
2.42302018936303
2.03806144279903
1.99482690892629
2.24423977845356
1.91054382746132
2.34190539193493
2.02031269659153
1.95599085557294
2.25055511763884
2.26507687870583
1.90922140314544
2.08160818509181
1.86076314770998
1.97284754873641
2.29588165630197
2.46180167999599
2.12819348836892
2.44682858885527
1.8171379759382
2.27435590206863
1.95002830968567
2.39442397859808
2.35148286242043
2.34453188998372
2.00846407291985
2.43939440922222
1.84779407380304
2.22037345389937
2.31646914241985
1.92416731769915
1.99264839696747
2.19363065191472
1.92853998217951
1.95696543189776
1.98381312504245
2.43005619361637
2.41138719461181
2.14269514989256
2.23316789159895
2.31479731566798
2.27645187411438
2.41786563851133
2.4468930086464
2.43063215862593
2.32543273931506
2.25212713813127
1.94466769561507
2.05357154343323
2.40947386201518
2.19101908041428
2.2796037943127
1.96322996676445
2.09657995590244
1.20162013432262
2.35382247317046
2.15670944418036
2.3712870479438
1.94804153226018
2.19701172383035
2.18669888264106
2.45100483044494
2.19728929849741
2.24102505186239
2.15965302520556
2.29778964238772
2.24885061017678
2.41545211129282
2.18347234274234
2.44384086279365
2.01238747289027
2.4172342209338
2.32028548458331
2.40450960465554
2.3524924044965
1.89631016470576
2.19034247350346
2.0208071413054
2.365727830769
2.02608654435012
2.38403424541537
2.26540005054202
2.37991595851144
2.17007973565061
2.12456663369879
2.23882425982976
2.11190391814846
2.17665902102031
1.92844999023177
2.2732655951134
2.10375425836304
2.17098036186453
2.15833663468511
2.36903235648419
2.27997025237264
1.85532904565081
2.24518526762876
2.16673225704483
2.20786779375999
2.41761764141112
2.31046030796552
2.20251924774214
2.37484527215813
2.3341284282445
2.42187854229609
2.28025889584357
2.19903687202553
2.28385016166892
1.97314780319491
2.39026902441897
1.78331317577853
1.78491773414688
2.07224489046086
1.72607618553688
2.25075376756551
2.2824998282838
2.17103219021276
2.00838615276339
2.23032324023922
2.19958971513387
2.38914769291601
2.38646376979199
2.45096679198867
2.49619721913895
2.4718431008358
2.28309786271907
2.33517297419379
2.43499404795012
2.4315832466738
2.25162530505097
2.34278376234668
2.33547534644106
2.37426946151612
2.44626424348558
2.36985616297907
2.38113893864954
2.25235649775267
2.44926732005169
2.44687941456084
2.4478668950858
2.20854071379426
2.366016395044
2.2989818762843
2.4454925886951
2.23088082837539
1.9786871315886
2.35949504528089
2.37428897558422
2.23975546146898
2.40749888755423
1.62433925030853
2.06569846518785
2.103076941387
2.20026502103524
2.13912123061252
2.07401106242359
2.03755380676384
2.1623547827664
2.37118131384189
2.24569561574727
2.06393335948383
2.09700446064086
2.3905694314584
2.38415518851459
1.78741046643622
1.96064133961558
2.07477168075805
1.92440519960201
2.26020647662406
2.21079576455686
2.33422567003828
2.26665998116484
2.18693686950968
2.31506454752914
2.17275814037778
2.33926811340877
2.07278635656248
2.35983949354935
2.31004577739479
2.30572209433672
2.2241745097995
2.14934510421541
2.06620718838272
1.80397958376132
2.20599703571121
2.1154749393558
2.21898330206252
1.91132771147062
2.35689049631728
2.2689250880361
2.2555586595567
2.36254463649035
2.36126406965733
1.99099369751404
2.48569696042437
2.47076990324053
2.4547995475651
2.32939077328034
2.47470938424211
2.44019742501354
2.30302391077884
2.10854010085186
2.42602656488339
2.37247604118171
2.34285816189422
2.45511082901376
2.42874988833756
2.20253131860574
2.47368079197487
2.42910128099547
2.18482967956335
2.35600628168367
1.82556336651137
2.33583980804904
2.1847262385572
2.26093071611024
2.41659912668785
2.4823977741597
2.3328147969373
2.42132251115282
2.4436128400627
2.36260091575884
2.28812659013847
2.37901130737523
1.99093298033946
2.39709496897362
2.47471363287552
1.99846229082577
2.34567758374237
2.26627429847127
2.17758716279531
2.11308132619833
2.2873845814135
2.46857636892232
2.2652282368574
2.24346233478564
2.17180759369981
2.1610244504261
2.35541507192247
2.12426358972145
2.37774210183857
2.44134534029914
2.27905200248493
2.37547562373153
2.2498656244427
2.24623621237888
2.37464764812809
1.8772083307963
2.16277206018154
2.03887947450773
2.07372908494126
1.85229840649991
2.36439260947762
2.13716997204784
2.10743258393454
1.82473516509032
2.06939764662508
2.25994037510905
2.29819363706157
2.38095951219363
2.41757224515845
2.03400292253706
2.33134682565055
2.4427089389429
1.91241795116731
2.43777111328151
2.34146102325046
2.40257090786779
2.25397320443492
2.49278704481044
2.45026247928932
2.46308062795533
2.40892843777298
2.41693201007982
2.43920224199034
2.19213138185461
2.33254687769166
2.3615954604517
2.49449327795961
2.46310754257864
2.42336146391244
1.91158562321264
2.16117528611163
2.48044307126953
2.29710817853338
2.3747867252805
2.08266490241066
2.36672033626199
2.45085987478752
1.92931255840178
2.15827733561357
2.4182263037669
2.16767918235373
2.20337547531703
2.01045653606679
2.23958048155051
2.29667995278286
1.76830905648947
2.25476713740717
2.00246352565225
2.24190942893233
2.22516724007271
2.39741659955569
2.27908060724083
2.17081218044609
2.46552134204781
2.11339069863939
2.38466517837595
2.37448703034135
2.46229824971616
2.372995247581
2.16099745753747
2.48269190138615
2.15404278830489
2.46941425525625
2.31896622932208
2.32675856622744
2.48080383932623
2.21023292061905
2.28656883447042
2.17455418163116
2.31118300247763
2.3966821931853
2.34880549831204
2.20980423426733
1.94559081013155
1.99233509583054
2.16711201413537
2.40724052075224
2.29540904601489
2.2648451506546
2.30595104862946
2.47616833843749
2.43612764446368
2.47854876177297
1.72007748988436
1.76586974844007
2.42920581848614
2.27555741880832
2.4965283311268
2.47117099260149
2.40806956034669
2.34276743576038
2.4988580567979
2.47559247094732
2.41687908742143
2.23511427260035
2.27851359153019
2.3052757500429
2.20766173119435
2.45347361200385
2.26182217897007
2.43092116560601
2.25165243684266
2.20336901289595
2.32955550987377
2.25691093932468
1.97759364778828
2.22791010283558
2.20538419806311
1.99139810428303
2.43590918768755
2.35455335468999
2.36245437467176
2.36079159316138
2.36710542321172
2.28570062976263
2.42131419408186
2.36426537993669
2.44044869697745
2.22310629539683
2.27382350148419
2.30135871053822
2.33162027048332
2.32594190287845
1.9548807224736
1.96126599891978
2.12353988997777
2.26445893005184
2.20329073630664
2.34334798352236
2.32463757983804
2.21070490822034
2.14894332181425
2.39720129659678
2.12909616807425
2.15676513485703
2.28944602791194
1.97557878794327
2.09258794983739
1.86092330600518
1.89211122601805
2.41456524423189
2.26607911721914
1.85481270287655
1.94709730690328
2.06648761559329
2.4512547015963
2.27082156077414
2.04764424215241
2.28398791511689
2.33498638909507
2.10597703139529
2.34834613104617
2.2547027568858
2.44133147215646
2.46113069896712
2.42826448023507
2.44670544339262
2.3284267544442
2.36935413515223
1.53179239292538
2.12387055647898
2.36035857423072
2.35577316991045
2.23239312182452
2.18754846601534
2.28369396546235
2.25742779322654
2.41065199733931
1.88714012999778
2.30280717744968
2.3043724523743
1.91385526135877
2.18826676294754
2.2292880787366
2.31079999386079
2.0960675414604
2.31620921138586
2.26303455581199
2.45401630350727
2.36407801536187
2.29508939499728
2.36778776649795
2.38958366914752
2.06640627330521
2.26018371605239
2.12466564866455
2.30790938380292
2.15219834590214
2.06540681365008
1.7800277878548
2.21953545197197
1.79612538676044
2.35149398869428
2.18439599627426
2.44435584706353
2.30172250269555
2.12889736702216
2.34557328481459
2.39194152845712
2.1900250225648
2.20647005248816
2.30782572088478
2.25372093813876
2.32371595509072
2.39826037535451
1.62842544690963
2.04445360753008
2.16458834973296
2.31810235556516
2.06663164345791
2.2437341687058
1.66174664277258
2.18541861612132
2.03122053102372
2.12565567916516
2.31776711505091
2.43215220799761
2.25906396661423
2.36657523198762
2.46553232366366
2.34780991180364
2.38902315843009
2.21708217599882
2.36036689178057
2.26552366226744
2.38593121669242
2.2504320159176
2.08458622216755
2.44944658978392
2.3417019174524
2.21831053216947
1.96229347390424
2.04834267114077
2.45370223846949
1.57839668788251
2.43557171467845
1.99940248785881
2.34401914697569
1.94086003735796
2.37908781915142
1.83568459850191
2.25326231918398
2.31075726736909
2.09123962705313
1.88913765413151
2.19770693119996
2.19049768462091
2.3084730005659
2.44674007312761
2.40797283105866
2.31228933660267
2.38207467077704
2.09758459872809
2.24044724221265
2.46665638757616
2.39341251308749
2.0275931095982
2.48983683327356
2.38499851138976
2.42010621951147
2.45589652195635
2.22643471498321
1.59916524580861
1.97471913370129
2.27968629315769
2.28945741512306
2.30757487324148
2.34765670885757
2.38523424592711
2.3799992086827
2.28575951692744
2.20365009947814
1.96599566104653
2.30858191429971
2.42479297287983
2.34787040181119
1.74601321779989
2.27076390196611
2.47713741450966
2.15269263674963
2.27548638825002
1.9209268516043
2.11952062567499
2.28841330346544
2.19104873415463
2.25807280112083
2.22268772221586
2.30856682061998
2.31850677456459
2.23138800386062
2.18356298266002
2.19304806970557
2.34736801156661
2.40322631669986
2.10966088942378
2.28176375579084
1.5049646997942
2.22070692499631
2.23589025285881
2.44421673189698
2.14092857917383
2.26620599435913
2.30600029402195
2.44774513472967
2.45135221998842
1.93861051849568
2.41583741073531
2.26325119991815
2.24430219178052
2.26457565177989
2.40800235588665
