2.268
2.47984841310945
2.49985384637685
2.49928717723675
2.47959293059675
2.49806674476184
2.49458369482597
2.4539438486944
2.47934338102249
2.49928781976475
2.48529771871926
2.45481707355693
1.78802726871563
2.40138872726608
2.25518927601556
2.43906136258941
1.89306047135593
1.41108304292498
2.04879028314974
2.41504224386464
2.489324367018
2.2482758229565
2.44431136723211
2.45315499500037
2.49826060283773
2.40408910259606
2.45175222335297
2.49190501310946
2.4999972478189
2.49993393017385
2.49797015385144
2.48920404301057
1.63368517044882
2.20666358260936
1.58183282779153
2.39875816260149
2.2578123397995
1.04692005739193
1.00672819561634
2.43471124967785
1.81770425748379
2.21010068083552
1.21478245526886
1.9624843256075
2.33542222109953
2.14417783861859
2.30636454277218
1.62722924936141
1.81443387080643
1.58782744047387
1.75668125966187
1.81100550045993
2.43309221295559
2.0014556109951
1.47375656664322
2.39395414660258
2.17046486847627
2.30906918227066
1.96422482570595
1.52567841452103
1.79401759297645
2.25829139910858
1.90878302432303
1.95025938540946
2.32222623648603
2.44568728288115
1.96797809535156
2.27537445128562
1.85448693764665
1.75786842799575
1.91201935894212
1.81651546060541
2.37966565563362
2.2601653423971
1.8970337611065
2.08695111824528
2.19864992023355
1.99851975125075
2.23188019452463
1.42192848338414
2.08113905332778
1.32834906913819
2.19574599135684
2.09116870279164
1.73575417663365
2.30092747778075
2.30199930638444
2.46485413887625
2.37687360350865
1.21483031901368
1.36671272575078
1.83705474732556
2.08021034978548
2.27052663729865
1.49106369393283
2.37333799665051
1.42591143155794
1.92912458721859
1.80461336753047
2.36803579175962
2.49765142797716
2.24830772508194
2.39219933741218
2.14830168425991
2.02874077928399
1.9753505919206
2.10284043155742
1.5105844791622
2.32259949976964
2.04798834372928
2.22201516604338
2.24470147307633
2.05747840413021
2.08130405762564
1.74062021296405
2.14117777256911
2.00252813294069
2.00730658927994
2.39756018569931
2.1675541114765
2.35045509712338
2.14882636194848
2.10006530561673
2.42763640436604
2.19656543586932
2.02859166291181
1.62589060470039
2.03335492221985
2.49211682400615
2.42624783409601
2.17148449401009
2.35947554399616
2.48331644386307
2.36511863055405
1.55141490887692
2.33542283295144
1.91254212513031
1.62896484126663
2.4864772130796
2.21554121797897
1.40183640946243
2.40041844904671
1.75076093626889
1.99952284570531
2.15364372314101
2.26894723808434
1.60183835902884
2.19167411295406
2.1577146232324
2.26801614227335
1.96513212696846
2.15264833349285
2.36610380210182
1.85393930389134
2.47368706268655
2.18343481915045
2.08525992431563
1.84425156953338
1.8306361646424
2.24578264430143
1.67788051410147
1.20473920432434
2.43979577073501
2.48881284237856
2.33260680458896
2.38733864777499
2.30553033043916
1.9012980759784
1.51338592814227
2.48209238805061
2.49758522083752
2.26126275098732
2.28500612711619
2.09658336284596
2.43451198852697
1.96807022611314
1.88697203662485
1.89619934122338
1.09434042633256
1.02469453132837
1.38954264447645
2.35826589669647
1.18202003629424
2.47381464103351
2.47963368410195
2.4870708532566
2.46701965010736
2.47678896794009
2.13205754658453
1.77457788008142
1.54332034491084
2.49733047623163
2.43957419729008
2.05966595145406
2.49462699232471
2.49630837681034
1.59298428026086
1.12722580309644
1.88723130366657
2.4567324426009
2.48715864079665
2.37931637297463
1.95807737483638
2.1628776922598
2.32511386408725
2.4452345225994
2.05736417256502
2.0608366049098
2.32782082825076
1.69777189221402
1.3512929371107
2.08105587291633
1.89659955862177
1.59060557144441
1.32557803881368
1.48297321827893
1.8785761931243
1.66940329895305
1.90265684503508
2.32603719555194
2.07493456219236
2.36910087318977
1.89521256293958
2.09811613246373
2.14752594544954
2.30261757150594
2.23494345160686
2.43324293079944
2.34202103231403
1.99406479121008
2.241677099938
1.69283798022737
1.55995383362716
2.28560769176336
2.43712883524143
2.05405625270788
1.73021613856479
2.14698804474139
1.71464404171411
1.9418415670365
2.13157278113959
2.26087763879232
1.9245848605073
2.43308465429793
2.36949231367406
1.65591545896483
2.14160487916781
2.14454921412136
2.01571459799642
1.62315383208933
2.47214476562185
1.35727027898024
2.21663049201049
2.32195334531034
2.30078166913496
2.31914078238969
1.29353410037393
2.02367571476141
2.03714311883548
2.31831179882226
2.0864920687069
2.28371431368232
1.15067038045481
2.34990274725517
2.48760555324461
1.63431080295334
2.19136664727874
2.2622088310335
1.70693671337422
2.06743307518571
1.67493267651935
2.22530591559257
1.88740928247448
2.1359196172624
2.14398896210285
2.16474280771176
2.33061606043004
2.31920495927577
2.16946121129185
2.07132899805698
2.34434827110578
1.76263755829409
2.24396886364696
1.68498751664578
1.87475885005474
2.34481295815655
1.87355340747083
1.97732305280618
2.3189828974656
1.9113468945411
1.88598880983831
1.84598192891002
2.1320765718362
2.40166852270524
2.01500232607854
1.89100762437137
1.68952274418129
1.49468694027521
2.26226867869678
1.71483182902852
2.29814860526942
2.09025705870204
2.01298558361674
1.65196356098256
1.44154182113337
2.10244104448619
2.12129877768102
2.13499377659373
2.18069361268539
2.34771140332521
2.20109172049156
1.49496293136502
2.09268004598018
1.5058489056337
2.07072995987021
2.33564124842056
2.09180244947591
2.25297026134562
2.45270885615389
2.45462164840122
1.47596749584262
2.32609286989565
2.08859536582929
1.87103856063579
2.39510605488839
1.503036650056
2.35203434642562
2.12263785360186
2.23047802114532
2.48879582721572
2.06290704313965
1.79786847667705
1.76743321357118
2.17120515463375
2.44131848935569
2.32209986399132
1.95579158313568
2.06229788821382
2.00966676586646
2.0398189111545
2.30320245107835
2.00669325668106
2.34452341306704
2.39667286932698
2.21873508650479
1.79674330608043
2.08111123036155
1.56579162608681
1.5839847833859
1.60231200198882
2.350419944971
1.80444099051586
2.21854636612132
2.13950057818178
1.56680505743921
1.89407813955045
2.21169847671758
1.93577425104474
1.61076214092092
1.85359518799142
2.03347056997473
1.77000857076282
1.69441488035513
2.3575799515241
1.90095329692492
2.22391358271381
2.16201868488276
1.7993663780457
1.891567519109
1.80592608100092
2.06470129609134
2.07260154059891
1.55973957803524
2.27742648763383
2.08910773021083
2.10322184564878
1.96424699857992
2.27527181021642
1.8609021171654
2.27581108555624
2.20879724142701
1.81583273253555
2.35458041225965
2.04124590695098
1.99552024301084
2.32526092595647
2.08989584006697
2.10816268708455
2.20902122764308
1.29204659047776
2.20139746556123
2.14984478173029
1.0521734356811
1.60352824288067
1.48832293726459
2.4369878323652
2.03542831662875
2.09530236894977
2.194592155972
1.24026054537857
1.99396577361067
1.24893641467181
1.28366235924261
1.78170158735068
2.38862394419284
2.01344964578024
2.45811830793886
1.8258292911354
1.69685189103714
2.33723116541421
1.33537787006837
2.41904703527216
2.33089022070336
2.49324836086341
1.84520645369108
2.4028658564346
1.24217914556861
1.97182495370413
2.37868966201779
1.84472148392723
1.92770401535326
1.54046369310339
2.40019452839387
2.27490244423629
2.37997871925279
1.57814676742319
2.02750110204174
2.26644330603316
2.34424528043216
1.53156052671916
1.69168060806811
1.90551261617744
2.11369596195325
2.10489274536859
2.20002648360978
2.12107648252259
1.9537046652467
2.48865486496577
1.91626494416232
2.35055166332871
1.60308967424064
2.38269200298575
2.20275344650258
2.29989022418614
1.93230765058316
1.1348236872086
2.09219774896205
2.30143356528824
2.14661199823054
2.3828179162696
2.38088926684473
2.36216995438608
2.07920992930385
2.43630864382406
1.63244217744167
2.47107855442803
1.01835347838152
1.87440797661471
2.41720015246242
2.24879817638021
2.49187773043503
2.18911575432024
2.36667469772427
2.45510252860731
2.26025691284985
2.39156158690432
2.25483111988495
1.56113184319562
2.17091687818213
2.03112505426468
1.47975161488725
2.43862403722976
2.28755184534428
1.69677572356146
2.10178906301829
2.41224877507925
1.28160126582902
1.91774823429125
2.4132425085523
2.47060925214194
2.48727553044967
2.47758290374237
1.55905122007226
1.73287340280696
2.43962652779906
2.49501282479707
2.20569188874012
2.28175638570841
2.26173170090474
1.70232058732247
2.19190663796922
2.42727360406287
2.42402906919668
2.24812787658477
2.36276245023659
1.90142564636456
1.63567023361367
1.56554623098317
1.87373329372321
2.27203817736971
2.45710305677292
2.33312260313405
2.24272523167967
2.14399851934956
2.12058702288103
2.02379407185721
1.87023626161162
2.04252227797656
1.92410865408257
2.27749360988443
2.062137723147
2.24649513016551
2.41969084203885
1.84210859175094
2.32546818238191
2.16254643019108
2.13054488328867
1.9579655911883
2.15145931810167
2.05904539837744
2.24384777674042
2.38872781161639
2.01132313876171
2.33306228804294
2.42230772270496
2.40991587058508
2.41283692691767
2.42462958699229
2.14233943753788
2.3595778719646
2.05756452419247
2.37645774682523
2.1747456227319
1.25151754401716
1.81478039906695
2.20265663530186
2.10202658855337
1.7071784298211
1.93692435180359
2.24426956233846
2.12328070052475
2.17007107278602
2.1268675998589
2.13599639947431
1.20763436616172
1.89352795921785
2.16442102680037
2.25626816765998
1.53700234924424
2.48068949917228
2.01520811657581
2.27670920503836
1.52259790574376
1.27987571836419
1.87425631177408
2.38038990129367
2.30029236820487
2.24536382351013
1.82030840572917
1.89234576477498
2.34548322180137
1.88535463560834
1.20792299731119
2.42547584396286
2.05015303789688
2.01645346218367
2.3078110642353
1.76467311345138
2.28653824088064
2.42312532232964
2.05137479423157
1.70441912164807
1.92769669147584
2.40297773410419
2.3089250055046
1.44848976227723
2.44797089397856
1.70453732777517
2.06433124696154
1.73150939929412
1.69407329756654
1.4550818523949
2.25317584097143
2.19998340370984
1.8805149238395
1.86180250236775
2.29702775945622
2.37619462254969
1.39554955051535
1.84872134049262
1.76679163955983
2.03941377052011
2.10492459738692
2.07220514087647
1.97242471266359
1.63931110139847
1.68891939687443
2.21690019720587
1.47496947517461
2.26371092026814
2.4403421286337
1.87698434603122
2.18171917998456
2.01186796460423
2.43680457301632
1.63200375511855
1.37675362748003
1.99649001332601
2.3552120064411
1.59967275625485
2.13347397336445
2.21127141300057
2.08681215176311
2.45040083445125
2.21122921647791
1.88649121797231
1.88748747001625
2.46685259123242
2.07253604730942
1.24463223263357
1.78951991166405
2.39555486329315
1.37562455119987
1.97349921147075
2.23136116976668
2.23468748073009
2.17496081009633
1.07166994320443
2.04631366699925
1.81151836004192
1.5353689683477
2.39257171190092
1.59809647545271
2.16228355069171
1.81189150884473
2.45766116146748
2.42248102626295
1.58896398734866
1.26383334854037
2.29578652069366
2.48848288727637
2.4784000443985
1.72144397180357
2.04027493291866
1.12395526750228
1.22930683863323
2.00518288319924
2.47930393595589
2.49135337947139
2.07707127910044
2.48285606133637
2.44548410594422
1.25273492348493
1.79346298486078
2.33454935070341
2.42856807168273
2.39551038937347
1.57738813414069
2.09568563225743
1.99943803939763
1.91528898895263
2.18513384107905
2.2610595829545
1.88669541263247
2.23039827604247
2.02256519504072
1.90500297681443
2.02825134007848
2.04087515065538
2.18454002060729
1.73802397969894
2.00433585600268
1.92471583260488
1.85774440003464
2.3166692496129
2.05033532252986
1.71391444708487
1.92075151448592
2.23754316389122
1.59620978403444
2.34335163665957
2.28256462703943
2.18540458412965
2.08168765142817
2.19170324034184
1.77601536049771
2.03658168373823
2.2664516207382
2.0289634732681
1.45691558006963
2.39475251414127
2.43591098718915
2.32674676386676
1.42987459460604
2.42898422221387
2.36691364390192
1.97884815077775
1.07526898701101
1.70841679194562
2.44155976241951
1.83794202479559
1.38463351609882
2.38609834457515
2.10888235392035
2.47199456103392
2.11056457184492
1.38425154214115
2.20518716344557
2.2928865784327
1.43118971732096
1.45304744085531
1.97211508883432
1.97262831014614
1.53901291378245
1.64345737882765
2.20020755051769
2.03343363627039
2.21008456481664
1.91750373034915
2.41978798768171
2.32408057622999
1.64394631798799
2.19693296376248
2.37203389619237
2.06221782817667
1.50054927763452
2.00530241610204
1.0063837411208
1.54541996087847
2.15761842550417
2.40174283185342
1.40246254144154
1.26339500198262
2.44603880198782
1.90994993849702
1.77539396419163
1.75762455070421
2.16824960489523
2.10979400713737
1.97967338442386
2.07470888304939
2.29448012937873
2.07110901007643
1.63119027763234
2.32464202425778
1.87020158380408
2.3261871222458
2.36942816108888
1.54040150087207
1.91443394612184
1.83792208374956
2.40770787142161
2.05032550523097
2.10264165517801
2.3706961874476
2.10289041913934
2.12163610002072
2.06966311878842
1.99317447933805
2.23115952866723
2.2707438041346
1.65902179663526
1.9955812439181
2.2428925734518
2.22314544738626
2.2850919415464
2.46562744299953
2.0374838720322
1.46137779033486
2.16911334891577
1.69353849455086
2.13347631723684
1.39725305429733
2.08135862753885
2.21476475408983
2.41279227776661
2.12696960368617
2.46064350149201
2.40541514647893
2.19137107470178
2.35382066033697
2.3462592844125
1.4110208918594
1.54586510303454
2.23572940379906
1.90116289623669
2.35178380783162
2.33211605786746
2.43133408748383
2.19542865324261
2.2454533902869
1.97491519281468
2.06812184163964
2.24869105126407
1.64706112524238
2.33831945909028
2.03863119598208
2.41777790683099
2.19946758578847
2.17945596211773
1.5226658062087
1.12248270184771
2.30301223316492
2.40223426741258
2.07457273010534
1.63895372707872
1.56199931879989
1.57931208331957
2.4709440388063
2.06583203800128
2.46085773922628
2.41909216987257
2.32585512453864
2.13309820270851
2.38446379254156
1.34195631770551
1.90631775744672
2.45750080559469
1.54510221276347
2.44241973483744
2.05949440035808
1.64002815039436
2.23933764269071
2.40573571918963
2.20810529744482
2.12470462402442
2.45871481370023
1.546654119663
1.40080894734075
2.0305283170939
2.21219445569812
1.5811414271763
2.43084985354928
2.33207484003
1.98777530016552
2.12037869494598
1.31510583562726
1.03417754872433
2.01396777154383
2.3570901079099
1.37561990055825
2.06975449880996
1.46269498039931
2.02069258041766
1.19206645000481
2.0924915015215
1.67542818098132
2.47260713848633
2.1981230107658
2.11481476474891
2.26486189071826
2.13955392089003
1.91102453238838
2.07916675429257
2.43982180727003
2.28852859441847
2.33076264974474
2.42764599291378
2.32202191108829
1.98283791445937
2.328802139948
2.16148198626991
2.33449684536334
2.20555831412022
2.2400189180877
2.42508137079001
1.61281736289825
1.41376732384361
1.66330947001136
2.33848569049729
2.01441793388357
1.90498100334353
2.36251311487026
2.27427148897077
2.43853989853292
2.09060196260076
2.2380217394988
2.1247714915281
2.06510596647285
1.78239136735055
2.45225308506799
2.35560563172551
1.91040474572398
1.96810364384636
2.02363414040514
1.96354337602164
1.67944420856216
1.36119833271808
1.63618815176852
2.21631135282755
2.06078658061335
1.58998631228886
1.99371515323402
1.40247582262788
2.2890046634245
1.70107646355514
2.09782843918089
1.63565510608548
2.30505631753483
2.20072475708241
1.73023341117649
1.9019812424975
1.8973336820231
1.52582462146053
2.30846469552773
1.83944387547757
2.28332780012052
2.01240991431732
2.34029050897896
1.36661512915492
1.70008076678914
1.99755424562416
2.22883719242864
1.76220708921518
1.17645894150246
1.25613686642056
2.41848974218513
2.21413814601054
2.03946415633416
2.25440018197451
2.24986674658999
1.55048355689176
2.29938025462564
2.47843845568485
2.42976756560536
2.10398349916652
1.99758221010594
1.96763171784511
1.83055778000985
2.11193040648431
2.15827886917154
2.10866229074369
1.70526072329097
1.93762688996649
2.07221729380572
2.31717422541676
2.41177128763546
1.69610231905057
1.41612662269048
1.80746972734361
2.34476686083075
2.21060182745422
1.74502670596671
2.32914125398805
2.06705333145557
1.95605255383995
2.37972599816087
1.54188413915147
2.2360707506558
1.89490323782226
2.14420308425349
1.88893421491893
2.18098424704837
2.29465378519627
2.36780918709602
2.15045214157586
2.31441473917335
1.88089867483817
1.24455835498718
2.24787317393601
1.98951297573157
2.19115907337111
1.5304003084817
1.9491329414707
2.22943701247536
2.26182335091128
2.45797479243841
2.1108612182232
2.34416236370736
2.25764930298675
2.06069572153772
2.39218656308105
2.4679467916586
1.48113365367125
2.15280464674293
2.03991805607523
1.97370777259856
1.4827123525268
2.10393827082765
2.02751964290094
2.00456702008469
2.11293774607529
2.23834506968936
1.9066853703124
2.00471654436219
2.2370532721792
1.98479052380908
2.29908750358921
2.14376955741262
2.3329294582722
2.09880155618028
2.3480204210786
1.89936739196497
2.09782066057278
1.97135895974985
2.19594119694171
2.25883370097087
1.9602095227987
2.33951179681238
1.95821804313157
1.55518906297554
2.31023322144253
2.19257443276651
2.15099457129809
2.19620662747435
1.80368492891276
1.33144265732812
1.57030573971453
2.24757980909123
2.20898863313384
1.92032579923949
1.54293366895995
2.14427413135791
1.23619725207069
2.37113554661437
1.86540925854133
1.83712961617124
2.17489685278399
1.63580959238386
1.95349432941105
2.13843345648875
2.18952892134245
1.8191352223444
1.98082761138232
2.33556598556018
2.28863737102434
2.39029115447589
2.24797571500405
2.45394069488278
2.04256447730177
1.33474715221335
1.84651167976678
2.16579708680987
2.34801069740317
1.61172562540946
2.36364683959162
2.38154974669744
2.41510300386477
1.59694621268239
2.48990789151595
1.63156335502387
1.96804548303381
1.35699468822131
2.34043100609862
1.87502835224698
1.18919632489851
1.90771566287087
2.41650928462591
2.10401964164615
1.94552914352782
2.14298751161683
2.35246835400313
2.2151314137567
1.33529261770034
2.41250203129834
2.25252577805834
2.13095297367189
2.20586066498538
1.93255586529255
2.23042650901228
2.47206264836878
2.0794162279117
2.35732148210675
2.14418137826741
2.45634251208744
1.28000216790398
2.36937350952622
2.08358342758589
2.01234989699549
2.41417956914598
2.39736003346203
2.30617361910999
2.36808831583528
2.10395810161551
2.06613041725579
2.2272129603948
2.27993321713663
2.01004981092945
2.36332777654425
2.23218089776331
2.19517877176091
1.94671220324372
2.14649511272867
2.47841499988072
2.23612482570599
2.03074127162668
2.29664589197036
1.90140218110791
2.27594323944867
1.7128592494284
1.15740835564186
1.9245640430327
2.35532731481634
2.01801223727479
1.66226045461801
2.37061552703878
1.95333971147353
2.08219225027435
2.44122824155599
2.44315701528601
2.28058212548214
2.08922140505788
2.2509630178061
2.32590051092372
1.9432038651905
2.14359941949776
2.15969247834923
1.53494655072419
1.69581924862986
2.14019263806292
2.31027273857809
1.44402011880245
1.8992884783742
1.68965194879296
2.15571186702121
1.89836378145445
2.25305232765199
2.08768898555124
1.93929362786279
2.27492578792941
2.25046136466758
2.21920208507285
1.9926785131293
2.07674791635119
1.85484566859818
2.29317412765762
2.37514634291104
1.8580279105068
2.02843435442406
2.29766484907124
2.11961119069795
2.06499898150497
2.20804938010807
1.8217586155672
1.62236778635898
2.11804580635591
1.58954427542095
2.04474453187431
2.31723736625672
2.18127136933525
2.37709572815567
1.88394947097155
2.32379638179605
2.3523152994546
2.27934867798583
1.39280996206551
1.582414942857
1.9295979517089
2.35141390224453
2.3748658903569
2.46446092375649
2.2811213482845
2.44239396861631
1.77461208258596
2.26305955299629
2.47188709295094
2.35786403445206
1.27546761536323
2.2246921612835
1.40019234645918
2.32366903279084
2.23964308321407
2.32405689975375
2.18022254049538
1.93574725923933
2.35704009234116
2.04427395058722
1.76021908983221
1.62000295988059
2.27343736407343
1.83755807467634
2.17758947611068
1.63286528604562
2.11668601280609
1.85976781718045
2.05970917188825
1.92978363463728
1.98800635126249
2.28756415307659
2.12348811898343
2.18831789820034
2.39905778484004
2.31447315626802
2.4156230047706
2.40287878256203
2.34203263268421
1.64595603265268
2.20845173380616
1.27462725998298
2.36589117016675
2.11292141396424
1.66490375616922
2.07949930839938
2.13136408600231
1.36106387952004
1.65916960476244
2.36560011756213
1.71088767449571
2.05588669344909
2.39470828975748
1.53405768285096
2.05013862263202
1.72528597349263
2.27749364395106
1.54613806085328
2.25221120563222
2.32618596095478
2.22830459543971
2.41670341956371
2.46912294477196
2.38464729064628
2.45188795155081
2.45500863033473
2.16147933082759
2.4102576497863
1.73986279349443
2.00560497489713
2.25372000266587
1.72408712719197
2.37365994306426
2.09088057872185
2.43512309937971
2.45765909860635
2.18118167076947
2.39470072412904
2.17045603077163
1.90553614795478
2.12105243575478
2.26489901980567
1.95195794629529
2.09906982342042
2.47607691537025
1.53491975774826
1.6641988467456
1.72521766591939
2.29757620204705
2.13910642380642
2.30955440483988
2.34965009336187
2.46777450728607
1.76718611941413
2.21464772224081
1.90136430684092
1.91165255773791
2.02864178421049
2.07418632418037
1.90053949197181
1.92401522444708
1.72939859559047
2.28169234192269
2.41054982671451
2.16449395596077
2.25050630903363
2.19408787058857
1.45873661092103
1.77485122776954
2.25364838922245
2.14653466721123
2.34922450749158
2.31196732694546
2.09353006025642
1.65003334592743
2.17970118642265
2.12059079354311
2.17737932384586
2.19969187383301
2.39035305495973
1.97355511318898
1.85521778707874
1.96783048515921
2.44987443756002
2.17541362734153
2.37271086747658
1.9636427108204
1.94946421483173
1.77135242027766
2.23504937991179
2.23947086679987
1.92486997466465
2.10533687269266
2.24277192439506
1.88137964407786
2.15511354563805
2.02543153283003
1.90453129102822
2.17389366040945
1.82110437165268
2.28420305555644
1.49448613999111
2.43059109163735
2.10462269312566
1.57514974377295
2.1094611379443
1.62397025949461
2.06307063946637
2.2423008816882
2.07664292393295
2.11495556926274
1.95590819356788
1.84332910835311
1.62130296068978
2.36393049704818
1.83609643909658
2.06317124122676
1.96922087699464
1.59910077044798
1.88034413609251
2.00443551226377
2.00041837739353
2.02887119152639
2.05397739949864
2.11541862519893
2.3598711338025
1.70283921798507
1.50507985594369
1.17134988090574
2.41512071346513
2.31166049172988
2.12384475380555
2.38277735826977
2.13483822843556
2.18552123515241
2.0392447863273
1.33721554154904
2.30918630497178
2.43504150507845
2.23269060933428
2.07348946609227
1.97831320587374
1.83234659405422
2.20220388682078
1.94773643213404
2.34115329939135
2.2926591123059
2.15952030589627
2.18424206017693
2.3668846924664
1.5995264294261
2.34147834906346
2.0389291546155
1.74379145902506
2.32045613635159
2.26835713190515
2.1614364522029
2.02172634613956
1.91854590820922
2.06538614477661
1.91140688826283
1.89490507816097
2.43141825287344
2.05668022662709
1.87982682699021
1.88244111591338
1.8694477095229
2.23051587131359
2.02504777066684
2.2748856373557
2.08793772046499
2.04682800359528
1.9539373361396
1.46705196311792
2.38767277388065
1.85834837768891
2.38737544272365
1.50165217964478
2.30003086588839
2.15849442934192
1.85323342810765
2.27193430570984
2.09718526205599
2.28596662527916
2.27237826460617
2.37613546953827
2.04315786610831
2.19417153452285
2.00743665316967
2.3485131675176
2.2643490585881
1.71563699951562
2.30465347449452
1.87270569320022
1.94853559062649
1.84114967368937
1.24210339234811
2.40582042969537
1.739531074526
2.28530507391013
2.32903386368237
2.48558848871605
2.48571231478873
1.52760576769026
2.24640784162096
1.34828866713323
2.06477943884846
2.27547024851912
2.33206462236038
2.45958891943016
1.40492224897654
2.20953094153444
2.38619435723878
1.40732247690636
2.41904317877764
1.60253630270873
2.21164069711527
2.11446263839954
1.96229232517576
2.25033223914418
2.42747356040395
2.47563609809102
2.30149109644286
2.16344379696116
2.45090660780284
1.31140646658977
2.47475232131831
2.09930790317685
1.74474728693889
1.71533559077037
2.17078379164513
1.84156344738867
1.7561698768648
1.63391566354146
1.94809194784779
1.87195177752205
2.27781378921799
2.36403085599424
2.22783416581504
2.12646851574634
2.4832560701287
2.32478211620433
1.9989217890591
1.96409349957451
1.83093799718959
2.40490332706717
2.12608378745069
2.41654537715869
2.28159425267942
2.37732634393607
2.13252759971636
1.55873649267168
1.85395842948683
2.18805087432948
2.27282623980433
2.32763843658828
2.38261195008957
2.33727033467454
2.24974602795238
2.43596857489252
2.29817678725356
1.74360884023957
1.48921521865268
2.03381612177795
2.04469243332774
2.27937754801225
2.40069251823632
2.00396040087563
1.19483531585204
2.15561289997263
2.19527149238734
1.69932482750368
2.24816174018977
2.06899381057874
2.15707439957831
2.33920127226712
2.02886104230688
2.26893342580452
1.79242871689518
2.07456243931232
2.01659315782451
2.06013353134152
2.10181844907876
2.14573217148445
2.47302399869718
1.79668881917536
2.23341461270477
1.21338279336778
1.82622462265627
2.32347849309523
1.55675568474634
1.87919534292929
2.31657785777688
2.26977909394829
1.69153497276322
1.12603596608215
2.15083477067441
1.06692570654516
1.54118147465801
1.86359035676866
1.36334603213836
1.74663932281936
1.95756311485469
1.68637215952065
2.20016286618596
1.97442381604323
2.1496178657504
1.99140643369692
2.14662492674759
2.08870379801759
1.83800373961906
1.77708311892952
2.12042716494988
2.39854034788501
2.08191236225402
2.4011908531968
1.71936431604221
1.38733446453468
1.88605722806435
2.41578696887671
2.12115823922763
2.10999428711283
1.96495075371228
2.13495271146465
2.17337359019051
2.33639531608968
1.60104835993611
1.97750345364635
1.58379207274396
2.29381524928627
1.3418844573708
2.34557852807266
2.20627971698909
1.32819131754979
2.21166595440394
1.4182699404983
1.67698128447
2.3972154774651
2.10200573369732
1.7686810453513
1.2857619038506
2.38700893090836
2.42460764371116
2.41173697485376
2.37729957054394
1.97527794497184
1.8807716382755
2.18904596198121
2.12708449495025
1.81132538783839
2.00180903060322
1.7389312896889
2.37032691854696
2.05687777384265
2.08222189897565
1.69410405272248
1.83416892578493
1.84825427778706
2.28276638342328
2.11595508923012
1.77512606471095
1.98465381855676
1.56976034340021
2.07360566340703
2.39230810821371
2.01586266003282
1.57624178061282
1.67337796146877
2.30245188846488
1.97447662988681
1.935513059658
1.3000083026935
1.24550399673966
2.01032385064179
1.89173823215114
1.82705031882455
1.50393319504252
1.79355510243575
2.31223946680366
1.44560451991028
2.47791025161472
2.06488753597982
2.20682071341652
1.41426851584816
1.41019820133022
1.95262743298813
2.15414196802687
1.77169075636171
2.33218672878124
1.9927654720635
1.95642588019173
2.10787470452102
1.21846256405596
2.06562638900394
2.31828732055803
1.56855077127809
2.17262303418729
2.29468458381404
1.82184008954703
2.18701942266749
1.7969469881142
2.38736862871218
2.2115956847636
2.05858421034748
2.03815381258423
1.93616718067285
1.98074190407559
2.09052013613674
2.25420728931953
2.31420519606811
2.19279265661037
2.31632402438209
1.3167072317665
2.21896615951536
1.52377640966499
1.87096679457003
2.19402540664476
2.20991771306668
2.49368636216527
1.46767003068607
2.38732464245521
2.43666395442988
2.34665380981835
2.09613665785558
2.36903626501073
2.29193951874312
2.23102873153248
2.17819608471136
1.97433904861219
2.26100622633181
1.76790088737564
1.67116307470001
1.92273934664823
2.00831124445655
1.78604954521207
2.34719463277579
1.93616517827051
2.32277858275543
1.80819429066139
1.7766484416779
2.47047116749601
2.13732788324954
2.38109040169829
1.94325253853474
1.75415320462097
2.30622343718749
2.3557898017217
2.32572070355719
1.96599511077159
1.94513599383871
2.49713225595515
2.42522886976687
2.47593686141489
2.44923201172631
1.88885316605675
2.30344712250808
2.2572402889564
2.25626010024667
2.49240145301856
2.46687367131673
2.13257648864177
1.6285039243396
2.44330081630584
1.97157450726393
2.26275833904704
2.43200365140797
2.24173583049557
2.09578280909085
1.96124846915541
1.71394662128269
1.70184990853822
2.29671434100067
2.22805014478651
1.64379266683861
1.92127307771933
2.25725954216308
2.12958631294561
2.17416050946102
1.63032916687299
2.4760380520255
2.42440746560706
2.39307222061525
2.07665437914758
1.60812321529338
1.98216404801775
2.23718008481961
1.51994022798275
2.34287218629583
2.44112067226581
2.2890626523993
2.06033001515681
2.17727218636575
2.21621569873535
2.20107295956417
1.8010719346322
2.24162344559137
1.76408320790858
1.59316405329192
2.45692670496182
2.18018543293061
1.95552236878734
1.87977442152477
1.97558428479059
1.91604827961806
1.76914977003774
2.21943371985761
2.0009661419995
1.87088833663519
1.90534826848155
2.41854910923325
1.58510910859745
2.07593673607504
2.00496434097596
2.14707140918652
2.45460498647649
2.4627803018879
2.32415140710247
2.21014338131421
2.26472893573562
2.46444930414313
2.43586077154277
2.23402499586488
1.40753734394371
1.11958900264651
2.11942003804372
2.43509246923215
2.19457066316909
2.46984493576816
2.17598423251229
2.28291034492748
1.66144603966709
2.06174114561052
1.6540240378438
2.48598827891807
2.47945428400371
2.37373674516557
2.38719460934003
2.43273264287915
1.6407531707884
2.23506839278891
2.18489329459011
2.41568004982447
1.29802889261042
1.40392022579898
1.76522164422598
1.30973259701477
2.25538344945142
2.18785587938683
1.88451283226586
1.83401363008479
1.20090264110465
1.76576955198179
2.43146273872191
2.38564031048877
2.34022420249849
2.31178372920195
2.4104448596466
1.46951124598901
2.40877502231788
2.34683997899586
2.47287316490656
2.40830642791857
2.11020538217729
1.65888715437407
1.80327621342365
2.35211783584956
2.27089911102602
2.41987000719413
2.1816932235588
1.98056553235044
2.07068655362784
2.35375531236599
2.26891267113524
1.9719995902271
1.68167691083706
2.39284131771078
1.6930621652203
2.49195919210739
2.40435605565735
2.37541899265422
1.72274602886711
2.01989248692849
1.40826348012508
1.6371612143118
2.23237040345889
2.26990108696604
2.47070042051452
1.52651862254371
1.9424792155583
2.20749832583738
2.22111846604644
2.19851812725938
1.68575643697432
2.25115749011118
2.07836205928681
2.10964231657045
2.36631534905584
2.13726550346515
2.14693261256598
1.8245554233735
1.8071498817379
2.09891655710634
2.3907816663099
2.41554013911912
2.23357317497586
2.15913029405958
2.08325839753547
1.99830244860932
2.33335017294445
1.8750357409186
2.00227699182632
2.35099151096031
2.01347000066517
1.94990316775676
2.17755505538163
1.80601756037397
2.2048059924594
1.76762115097087
2.00684762943678
2.26772485742599
2.33996212705106
2.32056239971721
2.15810925866767
2.06488125694003
1.70575028350464
2.38380189801486
2.26022184659392
1.84621388906237
1.76682331286843
2.35331614083868
1.62824786758784
2.43148174387576
2.05019609512467
2.04771617544054
2.45227553094827
2.20164553880657
1.79382202499871
1.65823764625104
2.14100964787112
1.33256026988991
1.53915056423838
1.69623672400426
1.82712391199073
2.31602989140224
1.88167800307198
2.43244406748578
2.06433367292343
2.32169361071169
1.79580398648634
1.82062891623525
2.31668510369078
2.49292316435268
2.46728349363933
2.27889351765209
2.47667957660898
2.415410834485
2.49496027137024
2.46083826045908
2.41543593844408
2.14425356441318
2.1799754802828
2.22715908728166
2.23508972451605
1.89613193126861
2.48068875813242
2.47102694497299
2.0987456459807
2.47706508809443
2.47518525416704
2.19809704480227
2.44656494382146
1.74005049806924
2.00941845396593
2.38634559316726
2.16239642746673
1.97311820419783
2.22469986612987
2.43510951668002
2.44742665774034
1.59417475081827
2.33408765391866
2.35747502819662
2.42997122182948
2.05341972182128
2.28507217975834
1.72555189484023
1.714682452227
2.29624196093857
2.15724663046009
2.29148025603641
2.08341314897347
1.87131103076838
2.22638230260944
2.1962745518162
1.88035336497652
1.56617793369006
1.6378335228417
2.19826870586773
1.86709980649055
2.32184694060372
2.36666186306191
2.46947243819588
1.71717917396936
2.06817599148545
2.36359080379225
2.29328493035136
2.26376496242384
2.42305815317619
1.10613510801214
1.49445104606099
2.26475739545311
2.14401869347044
1.74082422518815
2.03401680566181
2.28431864030973
1.97046864495767
2.47198449289462
2.1756539188588
1.83558743022807
2.36638709580935
1.82890001340376
1.92459452758422
1.91928730445202
2.47638919554776
1.99524480708428
1.70701408732035
2.06983484367896
1.30584711815205
1.81713754690491
2.33721533600148
1.96350641235749
2.09797537020805
2.2587094848854
2.07738670098219
2.10756019596297
2.3166943290345
1.43912182036831
2.43537230209673
2.35919761171648
1.95083624425661
1.80881216861857
2.19723840426545
1.57224638116021
2.28379828634239
1.88508641563812
1.79100144496544
2.29825002428635
2.14376911411152
1.92662124183049
1.97183762098993
2.38676450511469
2.257727130667
2.2597485592715
2.13708791238068
2.29754557287836
1.90263561956086
2.23374511050127
2.05305955240966
1.98855758451561
1.87665958554026
2.27325060607131
1.66537450148996
2.05720236091952
2.36837517238827
2.29733852819349
2.48103452362098
2.22954321236904
2.25147247983645
1.83640071391288
1.29542787210989
2.2657349841597
2.32568703678318
2.26760402720253
1.96446201115167
2.37605614897781
2.44085946255064
1.58175924199224
1.9688353087655
2.16551900651275
1.8142401363908
2.18582894162336
2.17453980042052
2.1648932522621
2.22436916314452
2.4273814815931
2.16106452630209
2.28312654323966
2.3845701085077
2.24120299715878
1.97118857828197
2.40928572726496
2.39195017025914
1.81968821492928
1.9071791378762
2.17869896843133
1.87139051028372
1.53454359372345
2.18269990201716
1.93968005754057
2.08070316474013
1.04155245905953
1.64401156285375
1.71140907980018
2.26676588398442
2.37384580660342
2.00507908171731
2.41437044463355
2.30629280026703
2.37049406416056
2.19556264471577
2.16724668543701
1.90904823405209
2.21794750929313
2.30121248167208
2.06187534505286
2.4544596484108
2.17086484709528
2.37170153369197
2.24767313822271
2.32039058978132
2.38016834934737
1.43906595711391
1.675965475504
1.78167880314561
1.88422382003288
2.42292905122433
1.44071289078286
1.69645005649384
2.32137802925119
2.09669287440972
2.32069212949921
1.19781572723321
2.18698690860511
2.02765280661866
1.93321679043631
2.28370695369995
1.61513310479021
2.33265990787462
1.88797499887532
2.11921889880322
1.83236212245051
1.1191597540751
2.25072228425146
1.69211973276137
1.7826622731284
1.97106112470893
2.04331657624276
2.32676060264737
2.37800548916493
1.55400989676534
2.22142938420189
2.31290728189201
2.30545598017755
2.39719920781249
2.42533820653856
1.65929748511286
2.37164756163736
2.2188913016699
2.34208932794219
2.38585329424483
1.98534299524746
1.72129363238944
1.99874581360782
2.44870103413635
2.33313633179
2.11790651465123
1.9566010537834
2.38076940908221
2.17908874237891
2.32437600038384
2.18264081426619
1.82131075186217
2.14956150643303
2.24102294220362
2.14015704075699
1.28232519976506
2.39780267603666
2.19137036412268
2.31709862431989
2.06851792572978
