2.4999
2.49552583879893
2.49996442296461
2.24637570927334
2.48876693917987
2.49925928834636
2.49891266923159
1.89290636906661
1.71244521157999
1.49277537851344
2.49824310973755
2.49925464272183
1.64133223645649
2.45759348267676
2.41366446121195
2.49109878425796
2.49912905454389
2.49988474199353
2.4996447559372
2.48549661298252
2.34021198427035
1.00023294857723
1.11619973843648
1.00216985549357
1.05668197453023
1.01941814978325
2.12783168199747
1.80243823499724
2.44519136646395
2.45808493960182
2.49142486112222
2.20770798406614
2.43018761279734
1.5693402095016
2.15660080887705
1.58624879655411
1.43897462215898
1.087937622279
2.00455505586016
2.43403394349543
1.08459354886317
1.03128061595809
1.46637565792697
1.27031590653
1.81985646858365
2.46704289658263
1.27175924131282
1.27215829659952
1.83663677214396
2.07634717885677
1.93542515420193
2.47698060917381
2.44509066134696
2.37324143692896
2.47268838240565
1.14702314573709
2.07881114446537
2.40278297289609
1.17190264730158
2.49086796906003
1.95468455925858
2.34771204884339
2.48395892032709
1.80700190843058
2.0854208406736
2.26183393639801
2.36215694862942
2.19214516527778
1.80057046931675
1.63444023731712
2.28621623888963
1.46445783854145
2.36233825714936
1.83618993089219
2.20520687541565
2.49796699838454
2.37873241282898
1.94933080112308
2.46690841145346
2.3009407966062
1.03260223329871
1.05599970392594
2.36643069382053
2.09285736884533
1.84943689736708
2.0058376973381
2.22760568462207
2.16121458595307
1.71565084548469
2.38643200523027
1.91608854469526
1.61481508440896
2.31285962377091
1.31754942364811
2.47754136706644
2.43442627945451
1.80230710566746
1.97806520806375
2.00349333924383
2.44584456676648
1.72011475710696
1.33960466011884
2.32716472057183
1.8435012370947
1.10587463344958
1.51872083709826
1.74084004290593
2.04565726695633
2.21293858022364
1.88417202363089
1.74319104021509
2.20475806840448
2.35885443638653
1.9501191423369
1.90842968967827
2.02312174524904
1.95728653969713
2.4481160915323
1.48730266881069
1.56540402610956
2.32016022716832
2.13381537716718
2.04493856985495
1.92172237581346
2.06436411036283
2.32700424686566
2.22956096181289
2.21169492601051
1.81057376869752
2.15980233590455
1.6515853352879
1.63580695349923
1.47594206324493
1.62977488725245
1.33468719216003
2.38209816412666
1.48006933692999
2.03814292436476
2.20518994560959
1.63128258184715
2.44046306424703
1.88735963511803
1.77341685266924
2.03442776190221
2.31163854532352
1.73284458670464
2.34322054933599
2.07481096714374
2.3284559800081
2.1414400447046
2.43734919934665
1.64701564812709
1.2852082588948
1.67958098315292
2.31152681425022
2.21026849856986
1.99288569595145
1.43105193758365
2.08142148645724
1.4152088331571
2.08404375880426
1.92560649491118
1.85861998912443
1.22539040473103
2.2573259283897
1.46641168207561
2.07153936165181
1.73511923287927
2.09296647803617
1.50428239291725
1.61097845530218
2.48941728172878
2.24007220328571
2.48521786622367
2.42153387909304
2.3393833942282
1.22473526683897
1.1817473324586
2.45486207335619
2.43876197393819
1.13045288051685
2.31959045596553
2.47089287725839
1.16395526750069
1.79269577476148
2.46454785471
2.31886605503914
1.24231435817741
1.1144466338947
1.89606101774094
1.93769806786446
2.44582180318636
2.49699566183584
2.35495263276248
1.98395343081092
2.45275660973992
1.14867106322341
1.87308582753906
2.45441165708867
2.46021042814119
2.49624346412413
2.46979487545063
1.16737830770369
2.16782747003429
2.45312537192742
2.2205525913086
1.52818742986815
1.37870193837209
2.49271684143064
1.95640382036188
2.36867855015994
2.04988361876636
1.52922065730935
1.5120369452873
2.08029777482173
1.74990731190488
1.96117163838221
1.8220257208672
2.26309137440611
2.34462084575412
1.65672949296396
1.30091193687622
1.93120179796023
2.4009155243288
1.99928250185811
1.66699468685148
2.21533620010168
2.0654826189711
1.65572207120538
2.16404059425079
2.06422699998846
1.81324627960942
2.3596023794671
2.34354867665593
2.33148295378907
2.29570709323232
2.37945112373104
1.61635074838964
1.71322330219694
1.48530138605253
2.2456014684095
1.74630659367863
1.91362351926038
2.15191195411672
2.09409910616294
1.40357768356915
1.17823434729353
1.18145529484297
2.17542193712492
2.2577408299392
1.7237696910441
2.35072090275975
2.39949011675754
1.75465021521023
2.19184981126638
2.40687569132773
2.44642883249081
2.11330625281718
1.90304311343282
2.15207423481023
2.14798323243452
2.25589473954976
1.73958468955016
2.14743864067418
1.32194913803467
1.84901379720984
2.38256361164392
1.95401155274393
2.29849900018489
2.05885099087009
1.65590400288073
2.16674477826645
1.64511908307642
1.85009186494912
1.80500803319841
2.04101939718624
2.05810173823183
2.00057752289656
2.04229618963951
2.28954197523556
2.30363013499046
2.21739593635402
2.01476886800593
1.75716599244903
2.22463710267531
2.45742896942073
2.11720064536282
1.42064474521144
2.09728682386232
2.23388154181924
1.89547524537419
1.49343974992801
1.51337490296367
1.57628837044155
2.04724710988697
1.20517706192271
1.85386188823182
2.18345407882631
2.32245599923483
2.16038398726764
1.9912367925203
2.06541266838449
2.01440113357666
1.829662870451
2.20539966288216
1.63398894155277
1.88373047125312
1.80654269856829
2.13904901865087
1.86883946406024
2.43014770397457
2.4043350011503
2.14025367595247
2.03250721804933
2.02739924844573
2.39547965776224
2.14923505584954
2.05925317194529
1.75957839149882
2.12915337134701
1.72725434094067
2.36639350252338
2.43382798372274
2.36906373175428
2.33803203996309
1.69309718763206
1.88696431212144
2.40215226195227
2.46837545633491
2.23098259101671
2.44830819671077
2.00100516481151
1.8833439032887
2.15647040116085
1.82702101599725
2.45232703703109
2.21557477476184
2.26767176749058
1.9645891580404
1.4259993116071
1.85200854141492
2.24679519496393
2.37454455192729
1.57503475363689
1.86335333183689
1.19197441368301
1.62028167505786
1.84341092521293
1.66309068138926
1.29112369158856
1.94493999744728
2.06058195218991
1.29990656448844
1.86833670069778
1.70820483716403
2.30250495994593
2.02682121051506
1.76387753432235
1.76473401877925
2.37302964950334
2.00593803662234
2.31146204458887
1.70633401455029
2.15092353098726
1.91662378787935
1.94013683129031
1.4022370614001
1.79653109431676
1.52465487008479
2.18538261200062
2.34146981628487
1.8871776965886
1.39517308370742
2.23664448046367
2.12725910496948
1.40316564278591
1.45656241787606
1.64955988200185
1.76254610232046
1.80611622944689
2.09812206835067
1.78510897507601
2.14360114227106
2.05925658528377
1.9097131199777
2.17062382516732
1.83556956749724
2.04581512761937
2.22376976816631
1.65643450066016
1.82332985016356
2.1656064355542
1.83810853580556
2.33286805277644
1.70867985454384
1.81023815970677
1.95772020488865
2.12482522374669
2.30366451008835
1.43253335897818
2.01891903126214
2.35481251565024
2.33698459030689
1.34129606127982
2.37923504627135
1.13537402444081
2.40101717248128
2.15552878637662
2.41296578892612
1.67093073168299
1.40476466416569
2.24501152558914
1.1117574577478
2.41381600832525
2.09686180104975
2.3916651962642
2.27982141429862
2.28349074380705
2.33514316925814
2.15024079747255
1.82465017831893
2.26598292453416
1.964309883427
2.0971214449345
1.12808159975508
2.14132272751157
1.89326796651015
2.3926375383471
1.76771723234311
2.21069329426141
2.37207158982085
2.46357649999784
2.39494973646464
1.55945963834907
1.86366156668954
1.77428922346207
1.56371946822004
2.19837316634534
1.81649719454213
1.96296959036037
1.99103697250292
1.32838260454993
2.20373480857809
2.03806446504664
1.6216991780707
1.69954636812759
2.19806666878877
2.35375485591926
2.16700697213965
1.86729362605128
1.37080329942905
1.8076204761908
2.12975005279009
1.48200999000246
1.61424906739477
1.09386831646377
2.06555435722931
2.42316971738988
1.19096442010914
1.4080834766306
2.31090970770439
2.29741607676567
2.39184427867095
1.74976652516705
2.14518654168572
2.22660285966167
2.17437478085634
2.22588212769385
1.48945611430616
2.27644330618781
1.43013607074403
1.51309298726785
2.02459889648484
1.3909383015233
1.0665943462757
2.32764259643317
2.4507611957137
2.43991482677537
2.48440552957279
2.46990021731153
1.88549679466803
2.00322190065614
2.47479969994683
2.24348261805604
1.65113709847633
2.48980730431535
2.47859444462743
2.28254102675949
1.49085686929247
1.58781992929376
2.35767914581002
1.03996276900718
1.26799082172505
1.0801257406023
1.50484424133191
1.44807830543216
2.15856204697552
1.94493482892318
2.13248604237446
2.17100727199972
1.91848314574096
1.65445321189273
1.59808263881939
1.95284418393231
2.23382335818216
1.70121731175891
2.08258768971839
1.58399070841836
2.14028834241431
2.39850332741477
2.39462898177201
2.04954896207068
2.323150821634
1.71790509925214
2.38342786917923
2.19673742227559
2.28079953018156
2.1225660384217
2.02282767727193
1.42529430431028
1.91329943954312
2.10490726333721
2.40346193649518
2.2985155619099
2.27378199230449
1.48716494426005
1.37108879102681
2.33377964273257
2.0950601452345
1.65921961899797
1.8896007693771
1.37589667521778
2.34630107005527
2.19216225556839
2.40178264939312
1.48313783464115
2.17555546886663
1.60578370245302
2.07051825126856
1.91544577382475
2.27294617939699
1.85398451075915
2.19818043916209
1.69191247330124
1.88821380851715
1.61938736947568
1.59822689779099
2.03294130141787
1.87155638629234
1.54480344783941
2.15292158345294
1.6221939178832
2.29750351480321
2.4306734226437
2.1571702824986
2.27198781453669
2.13215551858869
2.18609313865094
1.77204648093126
1.7232639395135
2.2521037492241
2.3258934059587
2.38682762504641
2.11275814895184
1.47346594969452
2.34931747869102
1.76763629867811
2.2968037028213
2.21175124096788
1.78907565663578
1.81554685589913
2.20150964704889
2.39646970723369
2.07013230191285
1.7866910293626
1.05850915327768
1.35669044372911
2.21512794975136
1.14309637921986
1.39896860128009
1.19058270860819
2.27466775036926
2.24415139666936
1.47145699962783
2.17999234550238
1.75315054773628
1.63119969120351
1.83933741124553
2.25763649823783
1.23326291917925
1.5088490287025
1.72634560302506
1.93076468152253
1.82221193580931
1.58385718987205
1.94820849790543
1.80586818504107
1.88748882775382
1.54843116678637
1.80394476131064
1.36594516888769
1.88820788486596
1.98607175437272
1.58964712994819
1.5013429446043
2.18881152867176
1.48639119501668
2.1873045467414
1.86096835666512
2.2748096303137
2.09721769134799
2.1786972566067
2.36376363781948
1.14838501141995
2.31885746337542
1.72761432872068
2.26124206452934
2.39372621726979
1.80249529939182
1.31397325606236
1.16738670720942
2.39824847884199
1.96862692631406
2.17350293154216
2.26497052204018
2.28014148953193
1.32150343728529
1.81714912053685
1.54808596762788
2.34829693758854
1.41528370750892
2.02814499759757
1.10605192438422
1.51011684143991
2.31012848825694
1.33345080495111
1.4475457872956
2.28102920096704
2.4764591678025
2.21696885151291
1.96139688945539
2.36554276571604
2.3691653502984
1.55888522964613
2.28240620819074
2.42591134805298
1.92624585484092
2.20148262838065
1.57257455122065
2.38517254316842
1.9671313150754
1.22676067943061
1.81596924584206
1.25521602530611
2.23506062893651
2.39574118882102
2.12633420752649
2.26396475301557
1.49659082302909
1.78237226575608
1.68171912099508
1.8621007360583
1.49846389544255
2.28116514295218
2.08724443047051
2.08587454763142
2.1570001914518
1.99485823964015
2.12807277442959
1.92371560225007
1.60527094820165
2.29012710522894
1.76441802454914
2.33439251578496
1.27222055948854
1.54650894707923
1.94763613458742
1.35086638752773
1.21360818018526
1.76220036863571
1.69496100556678
1.83757175618411
2.26388551999402
1.90007093666947
1.9239946256654
1.98051958989484
1.03364658039521
2.48621997758186
2.42812118816339
1.98059250596402
1.26691653989661
1.25983241727193
1.94691489456628
2.06376718266672
1.35135913069206
1.95227903814939
2.2909413255401
2.13883339586883
2.47404554744781
1.59293970349876
2.18771571811882
1.56491633693645
2.47130543330022
2.08878622362673
1.42210214007357
1.79021185616387
2.17571125785252
2.4141464185278
2.05217582008467
1.39367263020908
1.566298205778
2.154877897314
1.57759782669406
1.8695717991264
2.04515834721957
1.54531814260382
1.97110572935705
2.33834787061264
2.20901355485393
1.8260435179327
1.96921014860881
2.00012187368075
1.45123185648676
2.0910861802234
1.12312914256386
1.51324747818361
1.47057401146716
2.05885104322215
2.19190934808723
2.2864720618054
1.05689051459139
2.48097719712268
2.28765127971667
2.26154205651349
2.4109779227644
1.53264252753006
1.62825915603413
2.02264984396798
1.95108399586563
2.25693984937023
1.6340931218616
2.43316396787722
1.92734558389768
1.95847291322499
1.40953307134986
1.76643763662804
1.79606118511326
1.6824429119428
1.3322139829044
1.88709298401114
2.24893764560091
2.21797727511441
2.17419452005665
2.10727569218193
2.44785683444798
2.07291359021233
2.14522382346456
1.78614374271426
2.18449766657487
1.69730198687899
1.46828860409666
2.32488601657161
1.78066125054911
1.73020651460022
2.11500847044525
1.42308421824995
1.90386141316348
2.00106905722792
2.38049542836104
2.41807903729241
2.30875489399961
2.03415566800809
2.40397023158661
1.82696793902541
1.80701820928969
1.61800180027408
2.16356803244553
2.41640099121772
2.36477467225329
2.27600285353573
1.67963027381807
2.23718724250574
2.29767762677313
2.02475187922543
1.85796332120167
2.06330852938406
2.40473671597254
1.76058123149424
1.76119137578787
2.12616966275387
2.35608820957076
2.3010325466485
2.19206111439755
1.53552413176675
2.23669947066151
2.4352167725839
1.24778445745266
1.78058687573362
2.24684353965865
2.28101556155895
2.29173713450917
2.47660793361839
2.4689353861753
2.47176271309244
2.27902245122197
2.29635769566017
2.22535681098394
2.12604585433332
1.42381105377981
1.42349329975741
1.85287854306838
2.42629903190511
1.94503941983157
2.40070516555055
1.8726178308972
2.34027365340589
2.07233178196298
1.81114559662761
1.08388703962854
1.8679661647154
1.7277030505428
2.16217670309359
1.92324107108881
2.13873075513334
1.15456653156285
1.94463616902954
2.45764258873422
1.86387818098298
2.42065707101064
1.60593351974948
2.14820761802775
1.48657892255937
1.93367710236403
1.22354099580734
1.98992555330208
1.84651923099045
2.33129405542724
2.30877451257786
2.27933847492094
2.24019097648339
1.17155776595553
2.35120027962897
1.80229798369083
1.32062733210583
1.96047398151696
1.46919202752197
2.23765487725418
2.29496927861386
2.11611213071596
1.78260875270745
2.06621038365194
2.16318738527968
2.24538783257933
2.17526510472373
1.88525329937554
2.36364359569293
2.26717511874234
2.0401310893556
2.45954658924869
2.49873270102411
2.40212135849012
1.39957330483203
2.08885447110449
2.42343213971055
2.33910530336055
1.91870879712419
2.10816284783707
2.12461034468154
1.98732897449968
1.86412489915171
2.13996930631782
1.79867103976233
2.20042963145057
2.2308049242551
2.22411386440428
1.94955825881932
2.31874631676359
1.16362215557208
2.13627868570699
1.99994995941313
1.4375860168077
2.25223641237959
1.4940997377259
2.12130166839142
1.95008833306165
1.70856093519044
2.26091968506164
1.28655859567826
1.67701251783953
1.47079257394842
1.93059419729083
2.04328677906376
2.29265558167599
1.84997763409383
1.89777138230649
1.8647885573937
1.16210589621569
2.21577669537236
2.10393755436791
1.47532966451192
2.13408176587868
1.62003267299459
2.00228728829628
1.84483128839545
1.45537510461689
1.36362999825552
1.62262204935928
1.98441024170623
1.76980818290999
2.3032450744862
1.56422713706543
2.05464479097027
1.14670878587214
1.20959077273725
1.87004841688646
1.21503183164758
1.99189348257159
1.82543485449686
2.25871537691648
1.76511801927526
1.25340014173629
1.4468976266543
2.33279417115083
2.22466121308439
1.55048927307869
2.25052790604622
1.80865823681282
1.6582050996106
2.45660651129745
2.23392790829665
2.03677567761496
2.01406479884216
1.83696551097962
2.11097266966901
1.76292044463823
2.37499674805314
1.55022488071467
1.91555331953515
1.3188399041959
2.20473051109838
2.11581480157266
2.21149407620268
1.9902876123118
2.45840672471873
2.32943783045973
2.11274609619465
2.19030468370893
2.1121328015886
2.15383423647316
1.7915075032348
1.99741975315561
2.00171641444713
2.07828799485731
2.13915730467271
1.95555896655412
1.73036118760354
2.35313816545953
2.28787665649085
2.10771196531425
2.21332448573363
2.40721100999266
1.91520856563706
2.26669539933903
2.16227438201736
2.2903030842815
1.7744447076914
1.38169310664559
2.42400178491769
2.0693859319567
2.27926359682331
1.30583324959807
1.93797723669598
1.22445522784786
2.05162712812003
1.78142361661944
1.62475233150591
2.38858752990729
1.20372806191335
2.06340249008705
1.33397881540576
2.20342027442746
1.72763604613086
2.19663600159645
2.44897874588885
1.85018818368288
1.82700333323185
1.63070856608433
1.9332454471825
2.32124251188327
1.47489107506491
2.11816904644741
1.98308356906357
1.97227498968428
2.12001371410209
2.0024966014346
1.78279134148424
1.7942394185064
2.08717223447061
1.34624964923629
2.13421675908866
1.7821405482332
1.9428645356517
1.45751411018329
2.2418326419681
1.265224044008
1.24810305534246
1.71882799444005
2.02119660019698
1.87070669022713
1.46133231720329
1.85417134334456
2.1503253885513
1.57899388352432
1.72279569268349
1.67852273076154
1.95862653115235
2.36463979647886
2.38892459351909
2.196487182246
2.05650723578932
2.28721124399582
2.0861821046661
1.92333579083731
1.518643502041
1.19675979655386
1.71706995018385
2.02892921836898
1.73106433478879
2.23117499643074
2.17566143821201
2.01349118545193
1.96706549282627
2.10482256384733
2.28614077971897
2.00670273542927
2.19300229295363
2.29567972252211
1.22881450936072
1.56592465891001
2.17563095729572
2.46717597799431
2.10634551824472
2.14216350583153
2.01933664349729
1.66728444409351
2.2781208078513
1.9824589148818
1.63736661088607
1.97039307871491
2.29410064641924
1.60730442227075
2.37157291457531
1.761475011106
1.93972541862967
2.03697422336061
1.22904482151914
2.47292983586459
1.57114408254852
2.02398672824427
1.80927982281479
1.9559335861577
2.45167284331648
1.16282496240129
1.67339799590015
2.33351797144469
2.33957052050486
1.3969613218209
2.04349444361002
1.08850026839538
2.42093005760923
2.2922173600049
2.27548137679041
2.02516964204313
2.46778131127347
2.12871767724008
1.5360627303793
1.70343820393008
1.66846884266135
2.3286175298791
1.9767680010622
2.12106990881248
2.23282883537156
1.97629938461162
2.11281074492801
1.35904457141948
1.83080287219016
2.39682655091334
2.02775111105424
2.02497596784864
2.35672742316359
2.31472600933188
2.1109330914973
2.41563825589991
1.51721155655195
2.38312699840771
2.31932088037391
1.91712460090862
1.75798239401033
2.35499801365037
1.31825412454124
1.94912185324662
1.9683530158495
1.51664587623089
1.61331289834139
1.83604868791202
1.98053811247238
1.4898258705857
1.83627222339825
1.16103637089187
2.02249100944651
1.96355874866764
2.3977806746283
2.23077410381315
1.11337279285932
1.58964676568748
1.71332835087374
2.00435132431329
2.276356577554
2.41672971814266
1.82542657920032
2.33294301226105
2.13536382219895
1.94634007546783
1.81156788823418
2.01027121886361
1.99412183910772
2.27774323344798
2.31128352067789
2.37367053459128
1.96100343137265
1.99206764457456
1.52023852415328
1.37706689960228
2.21876941359953
2.16085296421038
2.28716507339213
2.34531296239196
2.06644978663574
1.91487157660285
2.23872439223766
1.8168043909792
1.27074765263922
1.03669937036288
1.26403375184229
1.99953219497852
2.33537608805984
1.89283362039942
2.16065413582411
1.89603883830242
1.64038331580994
1.0738953630016
2.20751832400604
2.17702848771797
1.58225707757247
2.27285640639687
1.42067157147253
2.48178804189643
2.43596697546891
1.45205772597603
2.11715888713968
2.35447226662374
2.21852759539719
2.36272895294132
1.65554743304377
1.55889737983422
2.14998210654921
2.29608451053129
2.06210030005295
2.34964690913468
1.57955817889125
2.10955920905002
2.21383871782485
1.46415129296115
2.21211629926834
1.28350557230725
2.0548131944021
2.00122226025424
2.20119276495765
2.03089926464314
2.32709374102901
2.40699522186737
1.44722425969606
1.88093241196851
1.47903282368442
1.09327594195906
2.16251036356831
2.20846865407354
1.31833856873393
2.2875463754471
1.84402832691206
1.81692664383779
1.59476933960466
2.17790319508044
1.87623528963133
2.22877443266829
1.65552710034441
1.85298595871065
2.43994963465046
1.92515071773115
2.30444708843389
1.68825212984976
1.15883171938019
1.18913981507412
1.19267983926879
1.12008363478319
2.31976143357568
1.86991261352033
1.99898286733004
1.20072355687395
1.33505522961832
2.17864603961199
1.95246456793461
2.0977523431088
1.63247562430304
1.47967185000564
1.3929478793491
2.45859689589128
1.37054074812406
1.83048081556953
1.58397001240961
1.9077098066857
2.23797549552398
1.95479024118979
2.12712597595643
2.38321040993915
2.43514033454545
2.25435431552826
2.26977133546438
1.31542743655115
2.29559289150784
2.30609687316055
2.42932770205267
2.05816011707733
1.23252690789573
1.51997168075332
1.17116337048556
1.82897432197106
2.41607339700044
1.56190333008307
2.42894319951162
1.98317825279903
2.35053264974019
2.44750468847877
2.10998584103069
2.09270174076797
1.79662933163761
2.32005796262243
2.19320533213038
1.97210819268029
1.8961713524642
1.86646751004017
2.19213017052243
1.6288795238634
2.22777186643886
1.8189506048154
2.28848444246313
2.03126130458039
2.28024032875319
2.34728754918953
2.16370009882622
1.96145103324569
1.43411162345076
1.62875596845547
1.90858917580741
1.54667618044108
2.30717116683369
1.93396721616709
2.40322752096901
1.81827967864003
2.18918163065257
2.26319067396734
1.56765254335602
2.03639357750751
2.24055745757997
1.93337094232706
2.3754864188464
1.99255117478595
1.93716967795835
1.62009530704649
2.30560928020652
1.98956898407964
2.19053576981713
1.71948486241159
2.03501608766997
2.3363720959628
1.751940489141
2.29599994720817
1.9246317319256
1.84142141709618
1.48973646214756
2.08075397245148
2.31020392077964
1.60743080951885
1.18862597965996
2.03878155376802
2.17032607695277
2.15881903522772
1.6493207703783
2.31017438840501
2.15836925033371
1.31853981399413
1.87831603558506
2.04698233611765
2.46007158857908
1.83335890505528
2.0923680848949
2.46032181000671
1.07757618005861
2.01797049757746
2.03349597332839
1.71441339754389
1.99876223575074
1.64654508865152
2.45003664824289
1.96508314264953
2.21401861108757
1.67734140532853
2.11488149111268
2.11287417145269
1.83078257247019
1.62112318336964
2.01687579243197
2.37444872277834
2.35117606135892
2.48488477143436
1.47742052453845
2.18749432005028
1.7612655397033
1.99699189176788
1.98056473520902
1.06576687678271
1.79370345896521
2.01221360112255
2.2200179088894
2.21548528490386
1.189278683348
2.18413375691713
1.85656025096274
1.83006941356773
1.88661998364689
1.77628207705515
1.22587609801116
1.62211023665397
2.12545180846694
2.01688562000579
2.07132519493825
2.4547529869945
1.41126531370703
1.78293914642076
2.42135697416371
2.41697625482659
1.93849411237519
2.46224425868322
2.15613845843424
1.64729437782792
2.08031963176905
1.63209143732889
2.10128444613532
1.77248741471047
1.33486840474838
2.23310322876704
2.03799927212751
2.30137503316681
2.06465000575733
1.15398393055433
2.00205296336936
2.37466860250685
1.56766896048561
2.08708200036462
2.08789727006924
1.92244476716763
2.13364553877722
2.00575365974808
1.98535915232748
1.96831633192744
1.75254172583342
1.84058603343684
2.04400890700003
1.83426330036907
2.05988209463363
2.06048512543228
1.70974544922435
2.05890946218942
1.66988362587438
2.19208131917079
1.99019995910666
1.7994843231715
1.58683940411952
2.35828332607413
2.24475478158265
1.83137476280226
2.22675927806703
2.30380232404225
1.87001010122797
2.07987938013669
2.31539856300963
2.00593545549354
2.46677256207246
2.19487229297239
1.57047162093016
2.33116922334081
1.13438748701565
2.40223250245779
2.36089691995354
2.07655313885828
1.47841642258706
2.25276404571366
1.54144455709257
2.16483334970449
1.23901701800394
1.39224416564967
2.17415987196036
1.95795063112389
2.25282023814769
2.13563732513947
1.60232248244177
2.13399801838744
1.89179545499101
2.03290769046803
2.29063382357117
2.38711269697482
2.41374081048461
1.2747042535469
2.42634128170736
1.89488898379007
2.37443814256479
2.01484304456115
2.37630622822226
2.09528596560241
2.22544325702099
1.40276005947282
1.60073500296141
1.21542380065753
1.74582840562351
1.73929575122558
1.87512595451062
2.39563474591487
2.26924763091904
2.37496344385987
2.12331644670146
1.59191707705616
2.17418772508999
1.56131431917368
1.65348180306146
1.3177343691512
2.39692674569473
2.32745774183323
1.82019179426202
2.28324888932465
2.03964553003288
2.39382332158319
2.02965111604413
1.86558260574138
2.46133155451765
2.47222871195608
1.7905921784743
1.99843774164052
2.40193051252324
1.80095900942171
1.73701372454695
1.929971591881
1.89949184948299
1.85241201307687
2.11099395169139
1.70512647785242
2.32388835811272
1.95109533438983
1.77584679009336
2.08377052625958
2.25730678552135
2.39897925588234
1.35415555882833
2.44432727470476
2.44767020338554
2.33518235206265
1.68877300575361
1.9287542957338
2.38590988075627
1.21794463886689
2.33597657909413
1.90514278256517
2.48555645227788
2.0717828039131
1.25948536605193
1.38897703455484
1.34125024337904
2.31136029371281
1.09486080432118
1.37093276025145
1.89778038153438
2.42891808862861
1.81199937572317
1.9005292933006
2.34773270570938
2.33463416694041
2.0816268744232
2.4242453508612
1.74772875574098
1.49895636663423
1.8884350177468
2.33502520383218
1.69315748722559
1.47289873091677
1.42434627993011
2.42683747805927
1.9825494945866
2.25776881066084
1.45009806933756
1.91882499655224
1.94198982317894
1.4709104453274
2.08124066059893
1.56126777583526
1.86096601021352
1.53421521388014
2.43808950204527
1.36482202530649
1.71909276333372
1.96968002693651
2.05819021010714
2.16294876673492
1.70511468797521
2.2087785969607
2.20187634270667
2.42978333692956
1.5566462491274
2.23189939347747
2.29886387926416
1.8390043333385
2.31563701198082
1.91385072424818
2.17051206326563
1.42859319293496
1.54264348634715
2.07852842350092
2.12655165738918
1.69142591604877
1.75651328151646
1.23971324385064
1.70570984309591
2.41782241401931
2.4340997157469
2.37994135952049
1.54894384211243
1.44428440453436
1.3684673812261
2.29655363624088
1.71511925968141
1.06068126415364
1.98131767740997
1.75574282408205
1.97826636085535
1.9079410035514
1.63519712151252
2.38349962411254
1.7042934854314
1.44619690573428
1.53847336319785
1.84192455651473
1.98675729423682
1.95561177519163
1.64624305270735
1.62951042943074
1.90691957705226
2.34147650921669
2.32984539546459
2.24289440628071
2.34128656914647
1.51804621472445
1.95135609778007
2.35163504028217
1.59457953598402
2.07052705612733
2.31104699884063
1.85473402878187
2.43803251070235
1.81039643341498
2.39337382379685
2.11715101438647
1.69408991147768
2.37462645553742
1.4755935613216
2.04733350607606
2.05148834439383
2.05825475317844
2.26257660417297
2.47571507130243
1.54132815772492
1.5649835682274
1.71808593921421
1.86860251973103
1.8508661302602
1.83892860656173
2.03085260229674
1.8683911162829
2.19474827369
2.47810833018512
2.15426218468615
2.22104546601318
1.59913094419537
1.87560793724699
1.80612730611388
1.24248611468824
2.43802252098775
2.43372134720169
1.30939508598455
2.31617072343716
2.44338063891827
2.43674308522355
2.20371687232238
2.36629835830227
1.98151440295506
2.33444981141336
1.90189062037906
2.20821358434093
2.18452037272073
1.77575122917378
2.26803133581584
1.54580855369078
1.62753126119893
2.18558879851473
2.02386160970703
1.55588524525492
1.34298775536727
1.99026305208731
1.46257402661588
2.28052409079803
1.03629728649687
2.45222785608514
2.07594630445742
1.84560454014406
2.27979087443663
1.8915444379202
2.27473577309269
2.3325109195563
2.17448036698847
2.37928477249058
2.22081355529549
1.30784092574513
1.97733842564705
1.85855933229585
2.31659838918146
1.40751089112106
1.45113134768479
1.18135104528841
1.40147504903557
2.12012879044536
2.48661660742934
1.09441072635867
2.32746357849987
1.72242289843413
2.38667652840389
1.84948659595182
2.08271553391569
1.87080535007809
1.7334209329879
2.36767582272999
2.23619206379854
1.92800366574497
1.76420238050568
1.26071943269468
1.75162433315667
2.14860671489943
1.15042571469058
1.55212555651573
1.80199157447651
1.47848552844882
1.65546979489313
2.42699452005482
2.14308869301144
1.35852891506807
2.31517068727565
1.49940095595908
2.31268970332566
2.32955151877731
1.20720677689383
1.98801799607388
1.68190981071223
1.74907755153005
2.12567323025696
1.83514247245075
2.0771698389882
2.07823271271232
2.40061430579436
1.87752520741449
1.98171711384699
1.6922999400686
1.9323994665656
2.11541880355388
1.21842723765503
2.38518055932943
1.95434906287825
1.73615178852074
1.70398766149646
1.18653582714804
2.31487584178162
2.03186545901939
1.59075735944681
2.45113970642799
1.24551513470495
1.87340479657908
1.43069543593621
2.06038259324243
2.18223205784091
2.23963674578055
2.01798202579451
2.17943125696489
1.62862920671745
2.31912606753744
1.38883844398243
1.80692417625053
2.24489620383787
1.89513272528629
1.26353116302844
1.35303289369502
2.20856997189313
2.45368717206007
2.2106107164712
1.69057876923193
2.02923393594529
2.26519542884783
2.48825443770915
1.92562300732092
1.96493894268085
1.14130235503116
1.9523064998583
2.06031819279186
1.94848956031711
1.7933500700855
1.84785176380565
1.97099544413899
2.03011381696603
1.19899364493197
2.34777472739256
1.38960833664614
1.55478258182505
1.55878202468516
2.49274734011182
2.00756809941538
2.30375403697948
1.77125511890894
1.96988874264192
1.56649638179908
2.29832633343856
2.43563327082436
2.31195034646858
2.34402837335341
2.42062057860521
2.17673436795148
1.26508014745226
1.52210742431815
1.6721272707751
2.17157553041068
2.13339936392011
1.73339061435054
2.26864909444384
1.75351503659103
2.14005906199971
2.13242740385957
2.07796873138645
2.2649407441583
1.25831448206372
1.15745655180965
1.95942528806548
1.78254999475069
1.43330295185275
1.07642729650125
1.66302075057915
1.68821364116797
1.40203987875229
1.87272836674081
2.05789882263292
2.28178315708149
1.4513077965048
1.91904614483354
2.336379348728
1.64829235341003
1.25809483986251
2.35353391302891
2.09619569350159
1.73021517348722
1.93919331186834
1.29057417213209
1.34127915255772
2.47749766593662
2.30521283638599
1.68537496876231
2.33733077375167
2.43803248807201
1.80166071691414
2.38856021349083
1.67849876238905
2.20886449948661
2.14819153684778
2.13578303183077
2.28865856131423
2.08631760396027
2.40453712354676
1.80239772127214
2.15353475826373
1.9755842277622
1.73989148073362
2.17341374447378
2.14357688102828
2.34351452821134
2.32042538240614
1.87833265013446
2.45800827504652
1.84082370602734
2.33819685474038
1.75549104080422
2.18062451142567
1.11859603729935
1.06622468962585
1.22102257404778
1.07721131465805
1.76691490400169
1.38876886262548
2.05828793048954
1.61770540307106
1.65186767533259
2.08670316536021
1.55139289217453
2.49540637168298
1.21154040200158
1.70152877160869
2.03994855777646
2.39055933885071
2.20376737208451
1.89074270768018
1.51832213172189
2.26863185844891
2.25952152359194
1.5954829745545
1.28629579976479
2.31667684002994
2.48760159348196
2.26198133254624
1.62842808605894
1.04127277952764
1.11176123215983
1.33636603152099
2.06934266225363
2.00298395134926
2.15064343632767
2.32555080802712
2.15457936122007
1.25340627810017
2.1962581193039
2.4436671177144
2.25384036311251
1.30553289327688
1.16327851812291
2.04756880573882
1.68586207446227
1.81868443245501
1.99069123154701
2.3230776713733
2.12617659984933
2.21220016520472
2.19362448874367
1.50023024258776
1.82658757271807
1.94470568843196
1.95401984340823
1.51414176309053
2.23387143477997
1.63328325924406
1.91996540549706
2.40452592746358
1.42659483762871
1.632686555187
2.27926405744226
2.03906224466122
2.39087998462423
1.4878144688212
2.08788587047994
1.54400250536582
2.32939208609316
1.94612653136325
1.93773878366351
1.81550509345878
1.92085961460008
2.18795100818975
1.88061315556294
2.0320427733323
1.8444373333229
2.14789230472815
2.32353816437409
2.17320309064185
1.15894653441663
1.87838060833271
1.35830226373179
1.70155587155346
2.04916554777022
1.86817690314987
1.48414523123131
2.04409065445989
1.30106936331358
2.11624526301057
2.20144702660945
2.16467823736227
2.08669009700489
2.0755513297499
1.91897671413007
1.58385564064034
2.18196278895776
2.15836049858082
1.06569311069567
1.32683333080504
1.19678692259244
1.94184652962182
2.111038134911
2.35769312359823
2.40388775491946
2.3720095140705
2.12869202777733
1.94255445373963
1.45333573036078
1.68459207832332
2.4341395524367
2.43781294766557
2.17040071228115
2.12237121432382
1.76900291822545
2.42478970290617
1.91407467320019
1.15704490917592
1.59538862224133
1.64284328173463
2.21103478222767
2.05993374781358
2.29674478567848
2.33446889931587
2.14862304267889
2.28629917166179
2.20635338117939
2.03377370046099
1.56314619407843
1.76267865636037
1.72681654377635
2.3318092901741
1.82244018185872
2.14166632972601
1.73303879737371
1.93114721922545
2.07039709166356
2.02181943918681
1.94717821925222
1.94669491017736
1.95428619235333
1.15603092990627
1.79006444271246
1.82563848869121
2.1012776551671
1.88425360852272
2.25787319505123
1.88737227987816
2.0241725869126
1.64439139331054
2.16995030577828
2.25765142626513
2.38575634039841
1.75613807451219
1.84124057435278
1.7927899643944
1.94328467836341
1.63999024463141
1.83431555575211
1.86017706680715
2.45417849093661
2.11089302334181
2.02872695470777
2.33071000019594
1.82653977537727
2.2643216030212
2.38529595587773
2.42181728618671
1.46595792198071
2.16914402911668
2.10186589740765
1.95888279178678
2.18529813698455
1.86912017828354
2.11397349166859
2.29344362045041
1.1575555055285
2.3186774175727
2.23475715382957
1.30576246092947
1.50397589265267
2.49027948472654
2.12147099331172
2.36197218265046
2.26722767057363
1.19127974637798
2.47434322366233
2.30276709623596
1.86829691084089
2.242567392609
2.27049235667022
1.65113051849747
2.02216229808299
2.04376850650617
1.54490720886336
1.53925548935063
1.67492222023015
1.74592198364055
1.99749566189775
1.8392139493317
2.47621723570335
2.39052352425576
1.702226843955
2.3524137808789
1.10607753213968
2.22146236942866
1.97559011818061
1.26710619546191
1.0713340486699
2.14357458815588
1.50518642520852
1.96259872727961
1.07607065712488
1.54539745801633
1.33986542123741
1.4814578220044
2.0704093634412
2.24700501033167
1.94888619590708
2.13276498663477
1.99833174817325
1.95113354535492
2.39158557846609
1.1182591289465
2.15413321089865
1.66130507975986
1.72921221412551
1.60437918666941
2.45214772997219
2.45126042663328
1.90500586885775
2.24776804797724
1.57180663741216
2.29804224271048
2.15393489009579
1.46301235731252
2.08174977967235
2.06276832591121
1.84727572088658
1.59072999668079
1.76603419522588
2.27348717421578
1.84815771157397
2.10941859404177
2.33938490577143
1.5450781082997
2.0220101853788
1.32606926535086
2.40584910029888
1.54394511643295
1.25790990940908
1.94362374293377
1.72794704887225
2.38134927614728
2.1111992925892
1.65026004078476
1.91487946302503
