2.4999
2.49965053460875
2.4228798076988
2.48492190605003
2.49976034994005
2.49965659709215
2.3576748448399
2.07898795069631
2.4760859261093
2.28830926820551
2.44775690195061
2.49297944616386
2.49830446807356
2.44991770540712
2.49960164163854
2.4998856228626
1.96736664387915
2.47426194102292
2.31014801665229
2.46783314059896
2.4999339745528
2.49988959681842
2.49762383568252
2.4999413455163
2.49803063925523
2.35696415301427
1.65955394067259
2.34165324008491
1.02363144547017
2.45601005707321
2.28649824430158
2.44046029500625
2.00833849299681
2.33111885180398
2.38280116630466
1.8820631917421
2.40467088441041
2.38290852217815
2.48948258906944
2.4859506655208
2.36710972481138
2.39320083798632
1.5557185481332
2.39900784463651
2.42989762819733
1.37310238470755
2.38670648719492
2.06429082231875
2.26280736658285
2.44739801035023
2.10948591571418
2.43724819634738
2.49201560066811
2.4966677886757
2.39821673453061
2.48702417165537
2.36835104365052
2.47637976525371
2.47717053210743
2.01715985183865
2.41489275568533
1.91493288617699
2.29923232754902
2.47519855495347
1.64354432952772
2.38338038608405
2.48763762962076
2.41325990989276
2.31274593063422
1.94306066527971
2.45659409133936
2.16565419712073
1.38592232926049
2.39739585190566
1.78477451178234
1.90695926855014
2.18566949024601
2.20695531982368
2.02997200183151
2.1959644031989
2.37106676158919
2.11552900366148
2.46029541830698
2.0007147872438
2.40932423996143
1.61741457594967
1.30042932732184
2.27627200436511
2.2250333130834
1.7561544583607
2.46107077423238
2.26759084166161
1.11353327877634
2.38019248827011
2.31668838545884
2.0429939718311
2.28282579922079
1.86189005079369
1.35368050927157
2.44765358773361
1.4995691493654
2.43332539331339
2.43296113588522
2.43504085274294
2.42213330051129
2.24682884868366
2.20600491448691
2.31156883173324
1.86979694037919
2.40522445476837
2.25659225882608
2.16163780095
1.86815306577435
1.79897108011854
1.69732400517557
2.16950286141897
2.11830267290629
2.284132220898
1.97237465570441
2.31046800984746
2.08387735991745
1.35050269596138
1.82566460834108
1.35284838619221
2.0005562257637
1.78102786849409
2.0837986394139
2.29698966869209
1.99442761468757
2.30048426296148
2.27575761063236
1.48448731252976
1.08556131079614
1.58922661910456
1.53538061094782
2.16934120823977
2.05115097923046
2.33677801066561
2.44219966014394
2.29491673545419
1.85527445632451
2.38451446069797
2.33011835640976
2.24266923037635
2.28940131737037
1.55162912497068
2.2858474902105
2.28145735723439
2.44741710195827
2.26010146819632
2.3453509842031
2.01365265907286
2.28296428418582
1.93378824715281
1.65044706719294
2.35140890085425
1.96315937235612
2.11940243579025
2.10326371577347
2.29873664577389
2.42087466551988
2.47728457886368
2.47344392112714
1.03710385364026
2.27745760389789
2.41324388215866
2.18152695091377
2.43624826355369
1.46939783330749
2.0721813820545
1.31594577380224
2.39582674520654
2.46015580557003
2.27527626101568
1.97516858797321
2.40446790993015
2.47296139344186
1.5754645108157
2.45316976014209
2.36572010336221
2.31105708804233
1.8358133889809
2.49220902285601
2.40828015941222
2.45773244977432
2.49750227755781
2.49750799555236
2.32737225311982
2.00093617458848
2.13793063703332
2.49997931611908
2.49883211599561
2.44034064635665
2.49640644066455
2.34661670889158
2.36388726377679
2.46112711746002
2.49173931131659
2.47890471866529
2.39136964789618
2.36191882099365
2.3980841704689
2.21021117411546
2.29791289710815
2.469808017115
2.45949767411788
1.9762378680773
2.40505219342153
1.46830548011002
1.80235803909965
2.10342491547252
2.02309452128885
1.97688932684593
2.10347424502861
2.03416554935345
2.19076019581843
2.33472788536941
2.34479908430089
1.94200397937591
2.35253960457455
2.44183696451275
1.91897565712346
2.11029905459081
2.24675173587712
1.56319121831417
2.31155519892301
2.37437107065761
1.96556295180856
2.13491262664425
1.71354214327879
2.0965210364821
2.2735303951303
2.42230837150159
2.05258912420494
2.48102644487571
2.36908161631246
1.25878728087754
2.40343811133804
1.87150380626248
2.15985549183706
1.86543750011756
2.14206919948288
2.03808801337396
2.17228219499758
2.3607769017749
1.52395430368948
1.46630705826412
2.07782226007589
2.16406258769165
2.11973092911915
2.4920255542409
2.47151956428807
2.26924464447003
1.92371398811341
2.39050014652834
1.98993419307487
2.19365641671051
2.39888247451798
1.7031315772946
1.57371587997016
2.28256117485847
2.03848673630529
2.40527939163295
1.94756059710338
2.2845011192693
2.24054924576837
2.03849280973124
1.98318553340975
2.24824782246183
2.24391513162474
2.05508209563949
2.45768841424476
1.77985133360868
2.21127652601596
2.39572657987561
2.25673099818825
1.9219471663803
2.31804775901526
1.88174630292049
1.90850696676843
1.92397837963526
1.94696506085641
2.13040370605202
2.08994770698498
2.38565107881347
2.15319988855684
1.86991101006545
2.4389882642977
1.41202648850751
2.41856806939278
2.30093930980175
2.23616076623716
2.19433269505772
2.09523579895053
2.09752578961757
2.05919597032735
1.68670272790844
2.47629808936445
1.90926999721523
2.27828630642745
1.9286352254706
1.81752873130209
1.96819406022052
1.96745365095788
2.07378911542125
1.44259404936727
2.39289207441883
1.72262636377819
1.77209211240395
1.45726132974085
2.4091762915245
2.28947595749938
2.10251858135251
2.22989605484114
1.81223764063986
2.05041373792699
2.35965045553004
2.29621071950741
2.2245224351185
2.46877043251965
1.95549290133459
1.89524659281736
1.26685562418422
1.17723951640118
1.98420192583158
2.1308534967453
1.45126722024548
1.53839942697457
2.43721411897571
1.64769013881217
2.38144479341803
2.16897475430561
2.05245320661595
1.96391216638771
2.04636988027741
2.44868977179637
2.44651041335835
2.45839267209731
2.40048526395564
2.34280949324637
2.39324873095978
2.24147042451536
1.74671147021035
2.06152936062338
2.17572223984341
2.31821740158154
1.9345519833975
2.04009576729576
1.78485421772119
2.04098276153544
2.23689144011355
2.32895850309107
2.38358543984375
2.0668678039735
1.93233635276217
1.97635743226146
2.23044231364977
2.12653936261703
1.83481645452788
2.124968481205
1.94433494265793
2.07137955122762
2.14657182521046
2.35595443775382
2.19702407017609
1.71654511128418
1.93908072157362
2.02183550404558
2.29999483124496
2.11157175937954
1.86096741731404
2.31858607345323
2.20319592039384
2.3506362345286
2.43013570420602
1.98687496715449
2.05547768736945
1.77077719935109
1.67091043738363
1.7394337885926
2.13634058221723
1.90628833694056
1.73655556535962
1.80410091109266
1.96753219581998
2.00196304362182
2.41495095073591
2.27906950562371
1.6289700912192
2.26359452571518
1.63697762145644
2.30444597470723
1.90874899121496
2.32303546095392
1.99302047273222
2.41019423138906
1.81314853708875
2.21126273918223
2.0041277270145
2.41651953646397
2.07494548777618
2.47708292396302
2.26316662886144
1.91529465229587
2.43529930417715
2.39472200380297
2.28324043317189
2.03131755506863
2.28954445546043
2.39491976129781
2.46056480315919
2.06917748320602
2.42312797010423
2.01600729328541
2.44540664684711
2.08270988928817
1.33742295743209
2.2252619124655
2.36267775265638
1.90833808400375
2.17929100026606
2.10358593538839
2.21392096862164
2.45021646961818
2.13309963873681
1.24137142728033
2.34139722870056
2.34399105660704
1.79539672012026
2.11781804160321
2.01098294981659
2.36122549036779
2.48510417141053
1.60789238744962
2.25013717311694
1.83766578197055
2.02427869567691
1.54076013853662
2.44818745202186
2.41831351798245
2.30435725573267
1.6631749465466
2.36534083589912
1.96748249727129
2.29080870616498
2.19729118247432
2.3969261874773
2.32064332346746
2.2888129293242
2.46466860173183
2.42914794395578
2.39332017736861
2.44423908412724
2.04994743253312
2.21159684523656
2.31766629556594
2.48839403555463
2.48323908683797
2.48982214092985
1.95871271900834
2.43250315398798
1.97639101156729
2.31919998791398
2.44146227523274
2.34001957539881
2.37836366150218
2.39118565934496
2.36785726294906
2.15446996378765
2.30790132831574
2.28792152285789
2.22765482413536
1.84026814782605
2.3077129088299
1.4088061435142
2.48487059293507
2.37379711880377
1.46487500928539
2.26269125341473
1.30514841973171
2.44552816377633
2.12451121882304
2.4171037008188
2.20772931131484
2.04626584124813
2.48563749539911
2.10256329602372
2.41234363730075
2.44959419566504
2.22181853055482
1.45498951345557
2.09761560689711
2.25173406591788
2.38761864316606
2.33768191584087
2.39827340997083
2.40045610079395
1.50839999564303
2.30717829328372
2.22574297890002
1.42670300568419
1.77801195012911
2.45694197967287
2.10820063678695
1.97986660554122
2.42494884411563
1.4666957597007
2.32592257192796
1.89415490919431
2.43252732174629
2.12439571488522
2.20303196607093
2.07697970210435
2.45369919809892
2.18782612092832
1.96654795567713
2.29230573985797
2.12743172533503
1.83692301461517
2.08193010555573
1.96009000635385
2.46508592737127
2.11051546054385
2.44166152148949
2.3020217757547
2.26400644926975
1.85408286980681
1.53417299614984
1.02505012099687
2.38698881828861
2.42357023870352
2.19426011272631
2.14098843546325
2.08366516832478
2.22005422773752
1.77698166376028
2.22219079167034
2.30034265700782
1.96210969304388
2.33710126599593
1.82633117456917
2.36334308897911
1.95203304719119
1.93341341000951
2.11228964346936
1.82677618165628
2.12116863114182
2.10073666374719
2.29934429093472
2.4798380859865
2.10536587130218
2.30417886484288
1.88883929679223
2.36953221355162
1.25416690293991
2.05519860373139
2.14238758673537
2.25778075271163
2.21727413750391
2.44003763145884
2.32438167157353
2.24465565905151
2.43467006548611
1.72275554945567
2.22022676492551
1.82326368734765
2.27079179312879
1.59693877700548
1.40363738296915
2.4733213181547
2.07158954105878
2.35961020561111
2.16847212060232
2.43899807820087
2.38341285759067
1.9400694792477
2.28187242304353
2.07711824173574
2.14954623250705
2.41875825579837
2.25113575131139
2.26492754927297
1.59413443900686
1.4987965249
2.14875496496175
2.3587200500135
1.93539180375528
2.07817598172637
2.42823125232123
2.12496055689476
2.00913340020386
2.2591646121172
2.22955951710619
1.32943630834314
2.03427299489536
2.34891821491688
2.36155766404787
2.41232406336976
2.44200705890834
2.1851710708176
1.98963442704712
2.45453125731879
2.03226312186761
2.28564835104031
2.36766142882989
1.83228704351532
1.76738951997471
1.96324357819176
1.81585584702038
1.92819668340533
2.15843646128397
1.70905721318335
2.02694086994884
1.98270203357646
1.92985962082966
2.36115954323272
1.71864660316592
2.09191092936569
2.08994610743555
2.16649004297772
2.02421998092575
2.31228143753791
2.3077547625633
2.40334527207231
1.78854261170789
2.17104626986627
2.46312909006936
2.06825373370815
2.31121782154221
1.62507976658872
2.42592398809926
1.31647550156296
2.16033377426443
2.10691344913516
2.45500805872161
1.92124039295129
2.0973325439834
2.28736111103354
2.37592710487189
2.43951738012931
2.42654638381576
2.30064809228117
2.44481435623698
1.67413315208729
2.2581421873147
2.44120205005657
2.44879419994476
2.37454036886155
2.38363463761998
2.41890233954895
2.08091533799196
2.49163095394966
2.2489234269176
2.09842532131457
2.09011072458736
2.41033687307967
1.99136189146707
1.65867095402328
2.46853103612649
2.04511211014724
2.43568507326472
2.35849195172903
2.23858755658477
2.04802103229982
2.15390285556427
1.88292541459192
2.30615908310856
2.39139760595177
2.30380730484748
2.22978097688493
2.07970453173246
1.76755327318309
2.05614338218434
2.19028708257841
2.1695582868403
2.30980049357022
2.07330058154671
2.4237580730512
1.44437314469527
2.28928191662513
2.44433343894094
1.90519400466426
1.55182502278291
2.23137069640901
1.66403442254656
1.60078320365655
2.47667818334016
2.42830189438596
1.27377765465194
1.27620806519482
2.36179129098238
2.09511571483136
1.55115472778188
2.17156206650848
2.37870456453157
2.12525019292201
1.65597697426555
2.19915671034427
1.89846446901919
2.2013945339835
2.04675213196858
1.90267775994584
2.26628464172468
2.43587159311352
1.88424787645371
1.2021460638647
2.32706284199644
2.2461656560544
1.63256575111631
2.33662055539103
2.09964102808739
2.17973476003331
2.4544493141477
2.25190602042088
2.42886040837665
2.4775235774078
2.33135522364814
2.38909275136704
1.97103851085958
2.06393605618411
2.45457419966236
1.94623177829869
2.31650786127251
2.14306418473536
2.41600308522406
2.44316638024468
1.7456092957522
2.07399643164945
2.42118163721717
2.16836729575348
2.48589670471996
1.04078763502981
2.29378886046323
2.29667344764782
2.09456619603059
2.30445187130683
2.20221093199079
1.93270777934702
1.92902791578117
2.11927311685863
1.84853329125041
1.58033502199833
1.81721393152431
2.41187886243129
2.4049433317824
2.41901459598193
2.10182596884354
1.67259845210377
2.46890492486278
2.45532916511349
2.38337969046776
2.03331941049738
2.04638863860985
1.9251545723432
2.28960094874401
2.35951030499653
2.25602393832498
2.20746011467406
1.96511568576094
1.73772410064997
1.89977647072687
2.13444532060909
1.50478552810636
1.76365643866825
2.36071949925432
1.33753721933738
2.1726192020635
1.41057482752235
2.39972061668868
2.42882486930996
1.84763404818819
2.48693780895582
2.31117766323491
1.97600957207493
2.32118372905696
1.60700285843066
1.93390161875876
1.99737466524847
2.15623685193082
2.42822789370436
2.3538361338358
2.07542574289275
2.40588750647277
1.67606949645243
1.07145795685977
2.04479605014049
2.1746410689409
2.25774844719869
2.29449151347174
1.83313606005134
2.172464936704
2.3088683781411
2.25385489279265
2.26322286200584
2.42593153882907
2.46074541600507
1.79184652856406
2.27536547314698
2.41052550403115
2.07865876763131
1.90485690017724
2.21806028821913
2.32831988090055
2.30360056211858
2.43530075965646
1.25973376161922
2.17268316473135
2.21044974059442
2.44503488706121
2.43923751960203
2.27652703403716
2.38111320203592
2.2361271792679
2.36428326278146
2.29024080338948
1.78557460941126
2.03177735812987
1.54666602199634
2.1220575381251
2.31693057182024
1.79502428160301
1.93707743439338
2.32315873529769
1.54057048372595
1.2510847780806
2.46214602856305
2.42441351118165
2.06494936583643
2.36019574197042
2.25452177244115
2.30143960371908
1.83472178024338
2.45927145710768
2.29870236504187
2.00835213055281
2.35873487963658
2.09001149705498
2.10237026683186
2.0830928532408
2.31461689729964
2.47887434064382
2.44341827101539
2.34071302532894
2.24266250883704
1.97714987985549
1.27754150776842
1.95449008631118
2.01685818183365
1.92064466233758
1.76947979252172
2.2510490687106
2.39790070017037
2.38052255054597
2.16196373942903
1.91189307287172
2.38775946184936
2.0804719009484
1.88216069817142
1.66054826336903
2.35145893592328
1.7682966530334
2.47195359153477
2.49778828270933
2.27716675177385
2.39283756221739
1.75492415793304
2.40167929725453
2.35448858906746
2.34875595490359
2.27528174280733
2.28121710420228
2.34716908458212
2.15012280586801
2.44953316205504
2.42798413295012
2.0562844612995
2.46932553562903
1.85187995535692
1.8052496020001
1.33793215475782
2.18789834293512
1.94918009015428
1.50423032468995
2.16661307172821
2.33514092148787
2.28469731788271
2.01869277405867
1.93291351172431
1.53463549737791
2.09279828773673
2.31318209052465
1.51677156249807
1.92574087403281
2.20784992223096
1.7792707315872
1.91460834533539
1.93233316735951
2.29441653191104
2.32317798959763
2.08728108765391
1.61076901701754
1.69463650927303
1.82157417698589
1.18170761493097
1.6633910512557
2.15495183344376
2.4772775051132
1.86182135957245
1.45153905447879
1.82296810092084
2.25892922263818
2.32651074361781
1.69643459944632
1.58014410749549
2.30195526974551
2.02902236438953
2.41430110540121
2.34663336789093
2.35924735929018
1.5253746101984
1.65545074682473
2.03224757415193
1.87766012254313
1.1806746095362
2.3110618072155
2.37859957633133
1.58054068279978
2.0801641540616
1.77167000964871
2.11541454335117
2.11132819662705
2.34813486066543
2.08302593758676
2.35818652889077
2.24778147774134
1.88846572573783
2.40008939317223
1.8150721273048
1.81004366345035
2.21875720175484
2.26550835016675
2.1624468259317
2.0570068533038
2.35509833933086
2.40338896525574
1.94989774170402
2.00211899164981
1.95220734219012
2.39722092906373
2.14970125308631
2.07703653944611
2.08714977846436
2.00619516416478
2.29197978806554
2.28811845066256
2.12650288521997
2.03725724580161
1.54190651506938
2.31149011647311
2.32961413071276
1.73767062864009
2.32064502717013
2.47402307389521
2.33741062605923
2.38411226388417
2.27680504815129
2.46463309932777
2.4284033560616
2.35211357114427
2.35128761303507
2.47798581327153
1.90187091227735
2.22760865999342
2.28203860473075
2.37960252291791
2.4008951400507
2.15151355018002
2.07173160218975
2.34460415294584
2.46278335994988
2.02421858818596
2.39322587417648
1.77140136036632
2.36538718599559
2.13906556129061
2.37606002479035
2.22686079447048
2.30670386462822
2.45155919596998
2.17197123767536
1.94594619535221
1.7723916120237
1.90605543716346
2.29656029557677
2.0906164169614
2.30969839592761
2.28120986924321
2.36999396787271
2.33794128716998
2.13252282340829
2.3651176319127
2.24813357018417
1.43325996966972
2.04618078612856
1.34565535035395
2.41743711348379
1.80980290527816
2.33503612060566
2.16975464502556
2.15999508947734
2.10315526876394
2.07969071088443
2.31404886913708
1.84507816144289
2.33483919238374
1.88903775641575
1.85497430570173
2.09745746791688
2.28702969824391
2.12890612648812
2.31455661849195
2.28778624514894
2.22118095255529
1.96662445093583
2.10667714502206
2.39733105963974
2.32842144969509
2.03021297603459
2.21383267412328
2.05098086583462
1.62100819110116
2.19896506782152
2.0970128341488
1.77215232718482
1.90089325543862
1.59056215473337
2.32174643354966
1.90783647027886
2.42619834285098
2.24073679929841
2.47522300149188
2.41898651107675
1.65409641198973
1.16883489499071
2.1170142418813
2.08325449054943
1.87831683804814
1.9185965132957
1.89687341846443
2.06902154212903
1.34944295511274
1.97777027528794
2.00750018231109
2.26913684069927
1.87715947159211
2.35373004399182
2.34825280832374
1.7308434185297
2.38449546879405
1.81759218627841
2.37133260207634
1.22233457671828
1.90510720905389
2.47076594252029
2.3847169066438
2.00622053723556
2.1778780025978
2.4633306101031
2.30683353762471
2.1548867774019
2.42982158177914
2.42522618034256
2.39571768135385
2.2987888107913
2.36476922280367
2.29665572144855
1.84813065381208
2.09199683222488
2.34948800905337
2.02327644046031
2.03923215154817
2.35469846044685
2.22738274865298
2.34646180654102
2.3036262008543
2.43691785396076
1.82538449727341
2.3290276414018
1.16066560707887
2.33732765052321
2.11772108422627
2.30238580738034
1.88550466775247
2.22045280091124
1.74004888720518
1.82103346446087
2.24014745763803
2.10247865788832
1.75950299710637
2.09680725063675
1.96216379626833
2.19131690997096
2.1283826195443
2.31601649243303
2.10198055592933
1.57131375031549
1.72381478773562
1.82150959563752
1.98936631433712
1.88124718874661
2.27795634724015
1.48942765096191
1.98703984949944
2.1807460795118
1.76117917834555
1.89128043080801
2.08304585135369
1.54818918752633
2.22615263966781
2.09731512744471
2.44904384321952
1.56033506162324
1.73425568449113
2.37356543596533
1.80104260019744
2.00661679220221
2.01084587952975
2.30145105611129
2.25339358743111
2.00671447381725
1.90086610188545
1.93658671770977
2.18205857285961
2.23599253321251
2.2208411042256
2.31316808584374
2.29795158439757
2.23176951815518
2.17174658046572
2.348543599132
2.3670437816484
2.29921395661131
1.75775519080317
2.12352251439041
2.41907090976607
2.42894037639681
2.05453101761124
1.59176825913788
2.45720198874495
2.06863752226583
2.33279671966405
2.49600073522695
2.42457630376234
2.16350078214945
2.42611586254406
1.89452312778494
2.46451194891284
2.02301962822305
2.38435456851558
2.06939425031111
1.74744597610187
2.37435496220164
1.90419628743899
2.1839922840627
2.48347171347369
2.40490630766382
1.90057973294565
2.41134377426987
2.19811364751918
2.00398847129447
1.91124843005126
2.07439351809694
2.04852066047967
1.83457226053579
1.57952841426867
1.9289042911087
1.99280587075334
2.19569193549422
1.98532719127202
2.43500233834277
2.44936486268112
2.18906739005835
2.37289580184339
2.13743693812037
1.09641664027702
2.02222048418242
1.62825857585844
2.27173540365987
2.32917636501138
2.40427299738237
1.99526773980763
2.18245161782942
2.09285815325324
2.25861354343999
2.46107742381711
2.36226314841619
2.40458468587134
1.90283242237236
1.53273187150283
1.96504927981522
1.56762527105648
2.39065434145904
2.46310057770486
2.24570655561639
2.10476748958422
2.157267441068
1.82865478740751
2.27805505963122
2.48114648511097
2.15337374148484
2.40923581684646
2.4762721947305
2.43798809473838
2.4718549065501
2.31947500624775
2.13340000019631
2.08959774875702
1.69752268233444
2.41255221738001
2.37269845545167
2.25659544632393
1.72360677328402
2.45224337483034
2.14812860728745
2.04233113954052
2.3770617448768
2.1925828123438
2.30629421268335
1.95602979779221
2.17606372007173
2.25857327405427
1.91873700531157
1.84665508803705
1.75182992755773
2.42276965589654
2.04684660109951
2.22546508700269
1.82385654778604
2.09171796559893
2.40631871585031
2.34398347453842
2.14553136134069
2.21917087756771
2.38477882814601
2.08097060152654
1.70680703836872
1.62349412304785
2.06244834011187
2.10148184409735
1.89884342048977
2.4334849433198
2.30819631984143
2.19527121034512
1.94333235191467
2.2878714216338
2.05550976771866
2.21754570471579
2.32212599043969
2.00796485146084
2.14361113390605
1.95286615301296
2.39326920173193
1.8113428185642
2.2969832775202
2.3326445500608
2.32156234628805
2.15779684826845
2.38552194839416
2.20684114615765
2.09366653594892
2.44325869504319
2.48862207835512
2.03124814714512
2.47474160222414
2.26045354050955
1.93470791308643
2.02213119560416
2.16613201061971
2.02727816882282
2.14060467890957
1.78595843162535
2.10145867762291
1.96797890558888
2.17299393266338
2.05067990699026
1.5402244343888
2.35921303182393
2.4128623318055
2.20465414927808
2.18390552870661
2.07875474561201
2.286300877266
1.34343883571049
2.07639201279415
2.35508194136351
1.25008133595787
2.44236619210503
1.43625925704476
2.31088290366565
2.06555900703224
2.34141078957475
2.41578157575723
1.95000336569923
1.69059621400637
2.1854187872421
1.32384706699946
2.43024155346
2.47048437262492
1.77233011846883
1.89798390958807
1.67272335037317
2.23268457913074
1.98857081499435
2.47494488277565
2.47105513727684
2.40278024845775
1.76868476997766
1.97150125649738
2.27397023647344
1.47958608092769
1.75395440044124
1.94808303665718
2.32830645722777
1.29787151271454
1.85250393094654
2.41241725519254
2.01109136139576
2.43237920003229
1.55978953681068
2.40101534200997
2.11975766038802
1.99214670850773
2.17244951933298
2.42328076572168
2.47776900187617
1.41103037473836
2.37823669098638
2.40049069940339
2.26170705968647
2.13654448671984
2.2562967741694
2.0126576782294
2.22075707629136
1.1795271880605
2.08240303055281
2.06322479758376
1.32977153512693
1.96148434574437
1.99574848287697
2.33544646110238
1.62598672544144
2.18847922744647
2.2918893385451
1.8254966141845
2.30172474221515
1.97928109614136
2.28633421868196
2.09834584077003
2.24290536936805
2.34621388094367
1.87920546856463
2.13579252152811
2.45305205688855
1.36461198812571
1.81299736800081
2.28621133476163
2.30063237689714
1.53414616633712
2.3668425303564
2.1347816957942
1.7348795359834
1.74954758329452
2.20195445312166
1.92723599786374
1.99664181471342
1.99300428900268
1.61236872884369
2.33534172425316
2.2410322910347
2.23339593905195
2.3875983819755
2.19965617065052
1.69452983121002
2.07126142965756
2.22590526231484
2.25919460276356
2.38259931834935
2.42278855165126
2.35979838521304
2.44092778910959
2.26352074818409
2.4627092104188
2.28710978982556
2.43376988544025
2.22900301597751
2.3639233863439
2.33740826107052
2.20803981426418
2.29775008666592
2.45272587227582
2.07480764304583
2.2463026840391
1.81977842002372
1.941794035145
2.28278476553506
1.74459279741466
1.92932903610892
2.32105818860248
2.4044182258564
2.20327345591512
2.28527867615997
2.23517075279397
1.66436156443804
2.08177176839562
2.320825907761
1.59434662357068
1.92056601260729
2.37308404321862
2.32875455147769
2.2661624333849
2.21977915787844
1.83762431369812
2.18633026069906
2.29748504829199
2.31934352977632
1.94859188437254
2.07698395170085
2.16679808652638
1.984044684621
2.40511133847908
2.1815719472141
1.72058095486735
2.3920004302418
2.48695877934417
2.1328020006269
1.75382460968547
2.28914363757167
1.87884911694456
2.37493901872598
1.77911420074987
2.20916292581949
2.1938987320466
2.35873286624718
2.321667499838
2.39324697784138
2.28644033764746
1.60901471177542
2.38033261408
2.34190224618146
2.39250787380346
1.95075014911316
2.34486007542142
2.44496894863771
1.50042400458672
1.77086311891427
2.28670469248462
2.18272777816501
2.2154079567931
2.17299405247178
2.46085323784084
2.40275272846995
2.43374214501139
2.04221950558903
1.82204166381333
2.27899685713453
2.1068795128261
2.19585551370244
2.23706580661217
1.80284447287255
2.05779374327348
2.03799465297873
2.36626935527785
2.41061888996686
2.42825724926834
2.49360240622937
2.2933030131746
2.19931873540865
2.26660217533414
2.03581916621548
2.40418198744887
1.37612381954524
1.93117121638452
1.91274463498225
2.22550346081221
2.03586821529116
2.13157469173053
2.02943848706206
2.21343695896375
2.08680625790629
2.49167839132426
2.38052718412089
2.24649764595115
2.27643318836665
2.47170332820055
2.35655538173754
2.26642709365712
2.40189748678934
2.38087827780836
2.01196081918326
2.38415815656803
2.06496181776908
2.12849231014624
1.45760522779277
2.01818249903951
2.12531971380339
2.17926274108498
2.1852241741362
2.27654237514845
1.56638923016654
1.40566803559326
2.19198276481956
1.6691294364759
2.08584533963117
2.11460273689706
2.14481980032675
2.04621212484565
1.71653247833943
2.06041640995731
2.37409254162063
1.88178669540769
2.31242126836746
2.31799550011793
1.49203640796362
1.91381526093417
2.43144686528117
2.45024680605017
1.89382943044779
2.26437848502833
2.40558843902527
2.35086738069618
2.47291097951679
2.2089231364541
1.23849075425674
2.36811543995395
1.86131738782634
2.19213390194609
2.18810828761692
1.66660584563859
2.08960634741066
2.16890912907718
2.41551604925479
2.11148591022822
2.23068216865984
2.3265189564609
1.85418471948723
2.36495399046332
2.18391514352643
1.80481678453603
2.39309993792259
1.89719821353774
2.4434083727759
1.71762910412092
2.42249121543914
1.94039344467058
2.18661683574112
1.92936726727874
2.08646979512272
2.17282935517724
2.01256994027382
1.24370906818296
1.61627198450559
2.10038900203115
2.26782561212222
2.39401452167817
1.75061535489783
2.38360634605249
2.44470745526322
2.19706728031412
1.59469577482935
2.27947442344953
1.94316732715825
2.17931261584735
1.66290957461001
2.29077824006694
2.39653602972217
2.46515055253392
2.44852698950545
2.38378983832567
1.29907808172325
2.19494087621261
2.24273103589526
1.48458739644687
2.20302347234079
1.8675072035044
2.42406793339483
2.0443268124521
2.266501370635
2.23566333701216
2.06239587108944
2.39585088516062
1.50834590653341
2.32173393357454
1.61399649278159
1.51835243637308
1.63674959266887
2.24639219016133
2.31419389027365
2.3893281528746
2.30408714746786
2.14841830196528
2.05330893644779
2.25880981765196
1.90485674921691
1.99243887858226
2.12872710978113
2.40295586583187
2.4524723283716
2.43417766649826
2.47274586592141
2.48773716439372
2.15451390086556
2.40359101650892
2.31681568849101
1.42219949993221
2.37966589696985
1.99074141895141
2.02180165310899
1.72394206147661
2.1485316743321
2.05871095650518
1.75148394085802
2.02891285088756
2.21831002818681
2.20562536453177
2.42970933541354
2.3056648543559
2.45060880414836
1.62989956291059
2.30104582678373
2.32659867804331
2.26029081170196
1.78182531494569
1.07654968297241
1.87796430465469
1.75216035026736
1.9297717091298
2.22316614716797
2.4881667966358
2.4509236888611
1.88409693872431
2.28246789405129
2.45900983127792
2.48968302727393
2.26212614864891
2.4865015721497
2.1813302864124
2.37244597927549
2.0378497606305
2.14183517032649
1.52788017749759
2.32170537844806
2.47652184553428
2.33883294135247
2.05362583070045
2.36735056546996
2.1692320238387
2.25594164911156
2.32853928012416
2.12472028403867
2.30770910014732
1.54301171083831
2.16489639267589
1.95195883834145
2.42704021379393
2.48324183249254
1.21314045732842
2.1308822874463
2.35178463904231
1.74084864842156
2.17085889382863
1.98590373756117
2.02219114077235
2.470696636257
2.446442114116
2.38285468479585
2.36392485166062
2.22474852477078
2.08614948978454
1.03668640594094
2.35294179392061
2.17187554424097
2.40468430586683
2.33725353058262
2.26980534999022
1.83871794961214
2.00914207705295
2.24138963158693
2.13236869082251
1.74185012413646
2.08733767642512
2.38951754209884
2.16569689711346
2.29719223970037
2.43414195927718
2.05592525789933
2.38578427460245
2.41800022718958
2.4470815621253
2.4319965751545
2.43960364035441
1.63925420361754
2.48506798142202
2.27060387045837
2.40658749092359
2.29478072104049
2.46187330047702
2.23048275348165
1.94493785882349
2.05636640499641
2.4895876841776
2.2272604682249
1.5673426512398
2.44230763563698
2.46350822137371
2.18052460618422
2.08444527967569
2.34473821512424
2.13542957754267
2.30779275999993
2.41666820627931
1.39294480436731
1.82204333207517
2.38567077580209
2.48223404099829
2.43713114921205
2.19173943684591
2.47108458418364
2.46795923496534
2.04207546690094
2.1058622155643
2.2387312293865
2.36147162440391
2.47169355457669
2.26897032010684
2.23010984309285
2.42998064456265
1.76108497961272
2.40211648012837
2.2760075755146
2.33722277930127
1.7154888589124
2.42130330458422
2.42675887714542
2.28197514837155
2.49718982990743
2.48471240701831
1.8355657871937
2.30673203330497
2.36421076887335
2.21935488773763
2.26034671482358
1.98658706141384
1.95914281308929
1.99232630673476
2.1475967570296
1.77519017149731
2.43172529350246
1.9873758225235
2.43662317068328
1.98455043703642
2.06094034779869
1.18085457878772
1.90012135089984
2.35079806523597
2.39422615051597
2.00674373504448
1.56878666858065
2.32527821971239
1.07340641627849
2.25173602298174
1.8806312817149
2.42580673876133
2.48033584364464
2.32904734650705
2.27283780534121
1.3879448815219
1.76487030806262
2.47019563749283
2.41317762407622
2.15460094962588
2.41920468472616
2.37832245755172
2.31795865988012
2.33240559031994
2.44946733391572
2.38615970686082
1.92019314320471
2.28693790676022
2.26918765560915
2.20728928520666
2.48362259103312
2.29645143041338
2.06111997989514
1.99860779920788
2.35517154802944
1.65991055228503
1.96201083411274
2.31344724503966
2.17912573186243
2.36018678796019
2.13653704209215
2.02622518333016
1.74474591776446
2.20400482058629
2.25880576012687
1.84260084865863
2.22633503358436
2.31148621557394
2.43156529311416
2.26130309199039
2.29996507578305
2.48889043761854
2.48785075714305
1.25784303174448
2.20244483742014
1.54071598672965
2.23149615083514
2.43053628315047
2.25453426717142
2.49227842341787
2.44946782242912
2.44406453954627
2.48101887342959
1.77398613497575
2.40393325507416
2.0007408035629
1.69312126379639
2.15046582724534
2.29174402317299
2.42751644246195
2.30493823890602
2.26144665727938
1.98290321829652
2.42588933972675
2.43790187287929
2.47391820885665
2.06853332586935
2.43744291007837
2.48083537597947
1.44995858458232
1.12779201733426
2.47204811848146
2.48754069922308
1.98879533484408
2.49851192704456
2.4551865000647
1.85427835760311
2.34986420373332
2.35961300972779
2.44070526391847
2.43097694158058
2.18007674978548
2.15054739213846
2.40770349393921
2.22971067542442
2.43130620811009
2.31444542719315
2.39583156427425
2.13662987686186
1.93536043742102
1.55121317186509
1.66327033955101
1.85379405099864
2.32782848403318
2.22245301686609
2.43890195886511
2.4021170137721
2.37802830378144
1.83217437640682
2.33504781218241
2.41326719858232
2.36197584784031
2.33642142513916
1.93344191773992
1.45597258408037
2.02701317185344
1.91238714019852
2.31137566714131
1.9668820942782
2.18505999593208
1.99869304781346
2.41714198988278
2.0352073959965
1.87442386194738
1.99633652729536
2.29114064996704
2.24930054952501
2.4660148336244
2.12461595563173
2.12868212079897
2.20703060079475
2.02346740799681
2.02707180002123
1.99487426400058
2.02079995632295
2.4843573111377
2.47107497544921
2.03335804159362
1.92723802756711
2.22174610670901
2.27981027453087
2.07325093974581
1.76599637309671
1.80546452127181
2.43098784376859
2.4167712354623
1.39194961788611
2.45111934383807
2.49378991884753
2.16348910048207
2.44880275491662
1.78820889531943
2.28378491157144
2.43942536674457
1.75822923683544
1.89719492529528
2.156516698518
2.1469703741246
2.25214294442536
1.46731605928126
2.49726830386965
2.45985592515565
2.37214482970613
2.22526309063139
2.26922554210607
2.48273213049024
2.09438165346085
2.26853188516702
2.00950491669016
1.74942556708979
2.32394082263366
2.13957365607267
2.30536840471783
2.0109961191039
1.67866208380475
1.38094339691436
1.68917829318569
2.41227107795716
2.46450430304081
2.19521857271893
2.15280079653614
2.08415272788303
2.21588499729232
1.96989874701453
2.0150382607444
1.7272497822844
2.29666453246393
2.01346263895083
2.29912092918871
1.50644104739097
1.59625894347436
1.98087715674648
2.4228116438491
2.27046586584772
2.17617278258322
1.8655017250521
1.97452023409134
2.21502045844004
2.35395644415677
2.15967712575496
2.18638818614805
2.28690907947661
2.17133058576436
2.38332149290969
1.79535542483236
2.33208523579881
2.15226106258112
1.7844786493137
2.23358210828047
1.1248315142707
2.05286458389636
2.31914875429516
2.3445299639001
2.23505497295888
2.02777823656504
2.01612802566565
2.3939393059379
2.0339620270244
2.31652744451925
1.81564007479321
2.21659623088497
2.47669719607017
1.91746492675529
1.59802257247543
1.96530002745511
2.47792676614218
1.21257742937893
1.67063483172345
2.32233881261187
1.32435478324312
1.66760934526303
2.10353337089849
1.49664539837385
2.43488498753783
1.72541135459966
2.25176247846938
2.19626000959914
2.25178921827776
2.41787900918043
2.13194427186445
2.10592654877508
2.0421977861953
1.97023721586027
2.12842270511777
2.38942127313476
2.38070296547298
2.02901972004343
2.35453969317445
2.41679628002853
2.26013497299466
2.06005789100501
2.04971795479464
2.14066807455449
2.36490089813156
2.38526441967596
2.24198214298386
1.78624673270598
1.97884787190824
1.79310366004935
1.51240058735821
2.41385277919086
1.8348298242542
1.95594870596239
2.23226107673197
2.32323550667527
2.35187091937991
2.39230883988174
1.50364936463701
2.25356536105373
1.87321541564858
2.41816032524797
2.45698281990344
2.29253717736465
2.45128986837406
2.00273583333598
2.37046742897977
1.7621658365794
1.99786062119151
1.53450038119221
2.17930700496061
2.08990507016465
1.63995278343453
2.43996208402021
2.15168615878491
2.24588131064297
2.24745212139531
2.28711820648761
2.1571355086638
2.38489730194651
2.40810972776267
2.12110881395936
2.18776182281128
2.34708287944672
2.23579293285232
2.02502914051242
2.17906572996908
2.37149621690219
2.2805753512318
1.66647832863329
1.98844132649314
2.29070541060265
1.91348894080365
2.35384602134185
2.33649824111891
2.18173958526277
2.16476814450599
1.55055437858569
