6.3442111536851
6.17101357923513
6.26318357002178
6.76165926293171
6.85273074910622
6.27414655938762
6.31875896307947
6.77106199462533
8.30929340066319
6.3387525269907
5.71609095509272
7.99344217697826
6.43984984663017
5.5820315635465
5.94077956000475
8.40764055146523
6.28463938677562
8.75957976943784
7.44792388355848
8.79574906436911
8.73869313489693
7.86997996716861
7.09556097105415
7.10452830322974
8.62381810919429
6.25132211072538
7.85712471981115
7.34257125003281
8.58752774895022
6.27668824517056
7.5476420699867
7.26873814734868
8.1197627479107
7.9460615432889
5.55772859147415
8.14091260351772
7.47780675150513
8.6475225747014
6.40194006509711
7.30154509956992
8.3211236117385
6.76923773468098
8.58487800800157
6.09555811161453
7.56134748971493
6.85031711131149
6.48140984214441
6.58491241565517
5.62885237598626
7.97549149613047
7.79160611211128
6.32390512605076
5.78769165485926
5.7882202864726
6.04831705244486
6.97320051715815
6.32874039545946
7.61748546752217
6.83934248244524
7.01346970702633
7.74288056897214
5.85825753907093
8.78992181766032
7.41042523150024
7.60846025882625
8.55715169494157
6.07961626711054
6.32412271194835
6.65009203997306
8.42129266562583
8.10822382530658
6.85034653772601
7.39919443310122
6.09965178655122
6.88080064959027
8.38885525290339
7.62190308191817
5.52653104497594
7.7112869471508
8.51397183985578
7.1971129240439
7.16753822610888
6.82335772676529
8.17482683751038
7.40344455065265
6.15066853549305
6.81252731566815
7.51517868508085
8.31237615668625
7.87894007251113
8.29859716681369
6.23258251001819
7.01209244120596
8.65326874153035
7.03679253518229
6.20529692027054
7.32504004573061
6.954255513587
8.65719128568692
6.81422731371422
7.74083620713778
8.40507664157128
7.73627663307223
6.08623732845408
7.29120390523032
6.0702781036862
6.08020083509643
7.05871901669446
8.3123301751325
6.5481696163554
7.62966295112612
8.50040979892592
6.80505453962857
7.82260376010164
7.42205369902063
8.27994191006161
7.90071326972081
8.21766942694211
6.48750392483443
5.86257316692216
5.98750888878732
5.84401355744674
5.62738422241882
6.28249069094097
5.85236998574266
5.99821102680253
6.30397358665459
7.57042799025972
6.44398806370486
5.87926633485641
5.98011085822486
7.08849788312738
6.4802052982499
7.88807785825055
6.856659602402
5.59199319610284
6.09851464061529
8.53400637485882
6.45374277566877
5.83701063230764
7.30842673803156
6.97173472556893
5.99945943298447
8.49264258476321
7.34905518825884
6.1163376850899
7.5747936660119
5.75602037822591
8.27937149758327
8.57225276770224
6.58037442161861
7.64174851494359
8.54476767538278
6.65654816858118
7.32634024765516
7.2537316589298
6.47570894342679
5.58370812524257
7.35280369721792
8.7976484586024
8.64374348757592
5.84441394857088
7.42460888959266
7.34742564366336
8.75363716798008
6.67135543871794
7.13079288422852
7.93049044648602
8.14132587764986
6.93481220520774
7.66513863080317
6.44503633159587
7.91577179105177
7.01382548603022
7.46717086120041
5.63237357045353
8.41859701922978
6.39413579932568
7.07655997772101
5.61610515544226
7.75904996503385
5.82711164930459
5.86737839499361
7.49200678567581
6.95056302255347
8.23629222068245
8.11605835821812
7.34181143901989
6.9915085629544
7.96081927863055
7.59365373744972
7.69981840389971
8.63673971980202
7.07692138857102
7.49210254962016
8.71630712084684
7.01619933810675
8.49608070558082
8.76248283010859
6.19780162636031
5.96390457888845
5.54960494191949
8.78358442886005
7.80159864576591
8.66954899001411
5.95576201154174
8.49206298410603
7.45430566014649
5.57859355318064
8.33300835431379
7.25912778437692
7.76913914173485
5.73652698203519
8.51758516209615
5.57134864842116
6.71758168696613
6.22423832914002
7.74929509967861
6.08631958967233
7.22205837041623
7.72346254876307
7.30813821199757
7.81218211882639
7.80722291732428
6.74667177601584
8.43709778758542
6.11263344796944
7.82212790557804
6.21894056310339
7.10704662238349
6.15757274086327
8.37316358988127
6.75193501271454
7.26661074931855
6.2140121919173
7.35141865568571
7.90958738466957
6.02611836163438
7.76139620489857
8.79513338472993
5.89511838293023
6.25493400401775
7.88576286163344
7.18738351894111
8.73917108035412
5.51330511345886
6.19685781987345
5.83266763854859
7.46662779433225
5.99860080114548
8.57353633767379
6.79829222144263
5.67668474370205
8.71972293284309
5.5860979682663
7.54390421593877
6.57172891235187
7.09339571932704
8.66903158397449
8.09857732371142
7.37106741817349
7.07520425725551
8.10404700542323
5.56150107654782
7.08282609451141
8.22324215045391
8.68518622166712
7.70353668175135
7.75056654603133
5.96518941448728
7.70822086230418
7.36073382054906
8.6599297038445
7.42819343356374
6.55920531544434
6.66041481571474
7.66766032506326
7.68292933364363
6.05001938837071
8.44566359938427
7.52105958839073
8.62775960970352
7.57724778822409
7.24038181845175
6.7342429049314
7.40543800035939
8.77937522988483
8.08585668822645
7.93006268292775
6.43677459044126
7.06043381830364
6.08792591244155
7.27102624098378
8.62605892223437
8.37510687703199
6.28770721067467
5.85377121925051
5.62118334779228
6.70673406962759
5.55145211021208
5.98823774623576
7.89448906705204
7.88140442639614
7.76722070055722
7.36444757368598
7.19902621235874
8.69839147866991
5.55953785058974
7.11376102131488
8.69335148589857
6.62978442340562
6.07911065895864
6.50453595680395
8.50842924925771
6.05392450043625
8.28115306190989
7.71373557035477
7.70045238855876
6.05458886499324
7.97800347659446
6.89907913528526
5.97178154930289
6.62566234543568
7.61568922349954
7.46608399721894
8.35490050396445
5.71038701148492
8.71346123408607
7.82403406932026
8.30539246735028
5.83829037651523
7.97999003172931
7.39948824866909
6.72505324147017
7.55304815227093
6.83659521520376
8.47268259855825
8.58129747536161
6.17846999457655
7.29156478127337
8.08011893548643
7.88561392020647
7.028821442987
6.26172333870906
8.39709108104737
8.51049915316638
8.25562388426983
8.31811098279778
6.72126191345176
8.78310546202166
8.42019693888021
6.38906084770439
7.75646929630619
8.57683564189386
8.61342535932035
5.98111066295111
8.74443655810181
7.85653419196102
7.7801296789284
7.98172072285766
8.75846050917512
6.08250724513518
7.45315384757731
6.95971764274699
7.39511228021458
8.28814706125555
6.29491356548637
7.69332377179416
7.59220458035351
6.39385974988893
5.66934561995498
8.5383967575594
8.770025093174
8.19131860497232
6.05498121668998
6.2520530672419
6.37662792406807
8.69341918760962
8.06828896888559
7.43404446488553
5.76921815978151
5.88652245064528
7.68885281002573
8.46181974570439
6.59755759974781
6.48203641239416
8.18020901362002
5.79162638534031
6.05982147109559
7.28328230470085
8.49038403436168
7.93149355966726
7.56714243641882
6.07549087951935
6.42232616647145
6.49671956124094
8.5662203614356
7.21854517093649
5.86379266789425
6.80781610445007
7.96848840391872
7.88187720250281
7.95994607123424
5.60824071365288
6.32517433108614
6.6205235544606
7.21039757579015
6.20905732382245
6.86882978914148
7.14268559565371
8.32500593060892
7.66926784696653
7.43378465774655
5.83084624447884
8.37879855762478
7.8178568506749
6.4318164034454
8.50020501187658
6.34653519866553
5.78946027038959
8.68005092505292
6.28411537300966
8.27568301111336
8.66973938939697
7.37547971766042
7.71474579505736
7.86865932621589
6.61167507155504
7.06512879667945
5.5931490331587
7.55321788560629
8.34207757054696
8.42851917453567
6.47757972706057
7.99588099652909
7.03441894303335
8.04727418970387
7.65873956038465
7.17105313175139
8.14547227442759
7.73997799751025
7.25567184682772
7.89264169967567
5.52384098168078
5.90603874033502
7.19391774297732
5.83028245006086
8.09200122858325
5.72813486938863
6.46948030099952
6.3119004174779
5.78792382927091
8.686046059379
6.74626540670561
8.09397163275293
7.51877736347248
8.51243361722926
8.41256696906739
7.15519528550247
8.39980141164384
8.61634368962217
7.77748405952878
8.13922025408907
5.92637452777813
7.40127750394857
8.02165745289797
8.54796115281849
6.32256594403482
7.24263993043573
5.50252479215602
6.29524558045682
6.49296608485911
6.9920693788892
7.30606427432597
6.90937900805921
6.44443978142688
5.93066436982937
7.85411573695814
6.17420284148422
8.77298093378684
6.72059340911687
6.1885740921089
7.37473679162902
7.0309228857926
8.7193946992778
8.54599797002054
6.73405043903706
8.21705675381133
8.09057581540886
6.28730811360628
8.68176139487906
7.64670249968254
7.60572711194278
8.72084546400737
6.41059599677513
7.53355078423948
8.24811509788142
6.59079033349143
7.47488836619178
6.40022795156072
5.82233387971351
8.63047344606532
6.96825760142931
5.6217381370641
7.44269271561267
7.94767275065392
7.77893767162983
7.79599137409658
8.62763092497176
7.91837063709879
7.74756145025564
6.30092876079159
6.41212386348088
7.37617400201884
6.76441318632108
8.60801468175775
5.64892942001154
7.51227227170056
8.3208700562231
8.17383954877531
7.2738047946606
8.63423354088496
8.78328760011505
7.63356157352723
8.28461581742961
5.59612395308757
5.99169512377961
5.60437835110522
6.71788178302023
6.9716088849227
6.05959999521152
8.54822900039967
5.75848257945784
6.34417113872751
7.5184814463716
5.57363318981583
6.02626108793455
8.42049504465072
8.58535480247686
7.13644304967691
5.89717104892184
8.45568086583779
8.63570227945306
7.03854012783122
6.66794734574765
7.97957274038362
8.1741531752461
8.25470113794309
5.96749407049902
7.09805796414404
7.06897777622587
7.10737058760282
6.81356627797064
8.03223782018646
8.75515704126835
5.54219413331477
7.2696558026379
8.00186775400614
6.26788158987809
6.04204691364628
8.6346132601454
7.4668996046902
7.11339388106978
8.6986887924889
7.79839106526226
7.22489890468406
8.24730656928374
5.72824986209578
7.56132736145796
7.60257773181729
6.64409662602925
8.27283043641971
8.43165314224428
7.75005106547162
6.11737317392454
6.10804784493665
7.27555739670589
5.74688710240481
8.42807327191183
6.7628068602501
7.1881563709977
8.34523207180025
7.1793815926901
7.93930751566465
6.78111319609113
8.46443031324169
8.33883906365472
6.13073729936482
8.45272449182062
6.66878735174584
6.17576297206396
6.0293090569053
8.13100044341769
8.33324198788083
6.06935509332592
7.63806257966024
7.71808873649815
6.38106278716797
7.75387897061217
8.0053093222407
6.65063132539727
7.97623706101747
8.07648563623162
6.57400876120922
7.52017117695411
5.97021922119638
5.59450019061133
8.71659616001484
6.6387813752239
6.79507722337166
6.07099467544288
6.72370904369781
6.98546171412317
6.33465429885332
6.91899394582825
6.62760907524564
7.77655598489652
6.61574967327773
7.77523308438126
8.30922021177714
6.84277152344262
7.25980371187235
7.22956978069
7.20313282940544
8.59480215991467
8.55319522816412
8.26598268762583
8.09948875972316
8.30244641226035
5.87335360716579
5.79506696818226
8.74386467527792
5.7870201786256
7.37781042938395
8.21144688876742
8.21978656905711
5.62921877154379
7.15986590214695
5.61166151699792
6.08675879728404
5.93580373612505
8.32453735786069
5.98410228750874
7.69985253135709
5.75899389744198
7.37862850127515
7.54769701142578
8.04113707771254
8.50558996768534
5.59281426826924
6.592307247965
7.61086252112584
7.53191386450498
7.93658820760114
7.36150956657131
6.80939769453192
6.44306069206151
6.21074610673207
7.560179494759
6.20187154797225
7.07007383783165
7.54992304240868
5.80058851683593
6.09673799434374
7.73105341181232
7.59029950930593
5.77953799338686
7.82328635079293
8.35658615408889
6.01976319818302
8.57216667366457
6.02867456127569
6.39636236308696
7.23418214530793
7.79688957829236
7.20919660444055
7.44260238399638
6.72095707947387
8.67712494062169
6.45365739164772
7.27689972379399
7.4840243435773
8.03693752692306
6.35901078032208
6.9287983769894
8.02760252504651
7.16807372865187
8.20408506203425
7.665543438424
8.28917520862787
7.85368650288686
8.15862627047729
8.61509141824558
8.16517975394477
8.14371200845031
8.46528550174323
8.08829987201631
8.08182112360055
6.09760245508593
8.08084196723907
7.12572307620625
6.27088363132465
6.09281071781347
6.40483892489013
6.0901069914758
8.56046808827048
5.53207257123108
6.30855392008989
6.63532109537893
7.75098997705781
8.73406299273433
8.20434274694875
6.41739902748162
7.31056487553992
8.60892734117285
5.6536940720697
7.67158188821637
8.61188520371791
5.99065294542812
8.46884571763744
5.77584865940338
7.31193470969236
8.6653148189288
7.46196183890689
6.69161625829638
6.99025376714299
6.60710306043467
7.98226124009155
6.8844148757129
8.15360462144124
7.77785552821439
7.71974018958762
8.06081903823176
5.55468370484585
8.66310983139668
7.25666411342162
6.94129199300317
6.30082570969662
6.9326122236912
7.73399411175219
6.19163623705886
7.76762714631616
5.51328860643058
6.07118768480755
5.72820093152665
6.77140766594638
6.99806817383503
5.83980366567731
8.36015093662177
6.37906935809725
6.54169979188889
5.55958647685246
6.30621553301706
6.34406081886032
8.11607395037994
7.68458400869071
8.33526915635075
8.35895276638915
8.6880393368465
8.666405178854
6.94269275457324
7.8756321173798
6.88451639582425
5.86068264025931
6.67767035814596
7.76550562045833
5.6993266097397
8.27658149976869
8.0104316291812
6.81873429681494
6.12862089489551
7.03607865434359
8.69400588137643
8.26169870614498
7.49872069624692
7.04396230527556
8.62608007757667
6.56045361194366
6.29711101478258
8.77813223718735
7.24495020750948
6.20660520392343
7.38786259184343
7.88684848127782
7.6646901895253
7.88806312082172
7.91579709759772
5.53361631421783
6.00140536785721
8.63646730710697
6.66876712227084
7.99685321968262
7.56727975438644
6.64502783949899
5.91511064828138
7.1562141673586
5.94595398227524
6.37294688656202
6.86884802386348
8.60444662051477
7.01115966476503
7.34789822615006
5.84156650149464
7.05523181536522
8.14048082132773
8.78731637819593
7.31896130346117
7.4622755704908
6.36184551787027
7.41485440469977
8.75964977169994
8.02716073283523
6.49416111821893
8.17525572031275
7.71361768784136
6.94158662302401
5.75623130332416
5.83782201069591
6.66835148502413
7.49357397198837
6.53827708538937
6.44754569025441
7.42322520080211
8.57081948339093
5.67116008164968
8.04868601849089
8.27745518371389
6.08441741519997
6.71193778014472
7.74892331943022
8.12581447747707
7.83381214907108
7.70199346856861
7.16386470935766
5.66057040526068
7.43317809879985
7.7591832572135
7.59670157944486
8.74711211750939
8.3531877976648
5.8882839259754
8.0171496348601
6.76314476906729
6.13737253770615
8.50902011746897
8.76548472866001
7.03635279178923
6.27506488096077
5.87476028624353
8.40904944942963
5.94429484843063
8.67119697158378
7.68516634765659
5.59383512253358
5.73836429692931
6.32320375450973
7.10512882831614
5.56327283856286
5.61066361373104
8.06561070394828
8.53685629230548
6.59008470004832
5.65423014809537
5.73617335696382
8.63908440509612
7.13551427992722
5.91070128010313
6.66747180360673
6.08308708222954
6.94882734433163
7.0315460987139
8.23648138801289
7.36621701428334
6.62126916478134
6.88854846670227
8.50099056237021
6.05360028906976
6.41860233968847
8.03053165923341
6.84127454935797
6.00708753646358
6.18373537933612
7.99904510647699
8.46532532134669
7.57265405870727
6.73596159536854
7.22162233383921
7.97420137141945
7.06658971085679
6.03827760731482
8.73360193959638
7.31911460154892
7.35501606627655
7.70481025664251
8.71581204585394
7.1462044645956
8.20798711992983
8.62428191492672
5.54005699278629
5.86496013858091
7.43008971767166
8.66037688464836
6.25040156304035
6.73242432465816
7.85968285558043
8.44158154418012
7.31897627146642
7.59071157311526
6.76006461898122
7.04725854585639
7.86191285848177
5.53167663242572
6.47903873170729
6.0000684458338
7.21567294103278
6.32240037228283
6.70349978886199
7.51632372200142
8.71028620793519
7.12600029987978
8.48685570197443
7.51127467497586
7.16158105688587
6.22767804313269
8.22279538548768
8.42434925209336
8.69079904917658
8.71689773624077
7.22241767031531
7.82005913779148
7.35647370950989
6.46455354611179
7.00414083687867
6.69433716798441
5.9668491798592
5.89762089412308
6.81960027192831
5.97974444283766
8.58637470454274
6.29945978258385
8.59475193563872
7.62795015616447
6.75111812445772
7.63556025518533
8.65023578102369
6.05360934057801
6.75349372951267
5.61769400641072
6.22802250947275
6.93090424018431
8.44209176735334
5.60776098662214
6.16535597038865
7.10628579009669
5.54535633476448
5.95036855077101
5.55996121981295
6.8116783741479
6.10092532523903
7.66464486437043
5.50506914543012
5.99527185697509
7.96720449546473
5.54884216501169
7.05280906818897
7.89786919940265
5.9286307483142
6.64993218700972
7.80558767950835
7.80275557089272
6.85002479195766
7.97420308648611
6.71990116457595
7.29444567202037
6.64891670557087
8.02671572247103
6.99214112141473
5.98586082853235
7.13205662242696
8.39304105488218
7.82740300872315
5.86535601229326
7.30257351463749
5.57991347944365
6.49754012908159
7.84270025657849
7.24872113034968
6.4206327010451
7.18560296761027
8.63003070112414
6.42633086924086
6.56249846826118
5.66273878500918
7.18368184655392
5.76729971167282
7.99258919895343
6.17392633776774
6.56150238221213
5.9202802608412
7.4949497333853
7.43903446981538
7.38733040591491
8.77556626011355
7.31524523452789
5.80854736987735
8.51703229959674
5.9968708562299
7.81343240564354
5.64934799109804
6.94959157107559
5.78336943882692
6.22476713939613
6.35136216106018
6.0916555232884
7.55516475683996
8.39918189271977
8.02864930820405
5.51686407954586
5.94711226310205
8.14174570991307
5.90274372315618
7.16959045793437
7.59889053513197
5.80970308064565
8.68562926829901
6.88461560496612
7.81283840797562
7.34359621350209
7.14061785874656
8.0575867557213
7.50154849191913
8.23738304524199
5.71416467013158
8.76257162401429
8.36613235007475
7.97258107737087
7.60535011070101
8.38856144389982
5.668718352448
8.25146540086341
8.74104862094061
8.13003724997366
7.27716283492057
7.46717660510351
5.65239890682729
8.7448875626956
6.83058081479992
6.79645586440262
7.33104698406199
7.7389476937994
8.44547201177337
6.00870111765467
6.36077145071338
7.85477040794548
5.97517722119949
5.75659783823704
8.71282283923572
8.06672917599546
7.93688125475251
7.57060210739053
6.05545515781035
6.07522223664723
8.51319166177151
7.08714339875611
6.61478660792413
6.09245394591466
7.27147711975881
8.42928278462137
7.25658888923581
5.56071428785872
8.22524328007573
5.5233810704901
5.54903905436249
8.18018225557505
6.11528411662952
8.05211326396113
8.61517879303368
7.34203552303474
6.68950249126034
6.97074073727651
6.6925643705129
7.61696711819604
6.59566955538953
7.48199409046752
6.62438046082273
8.22649260423407
8.71114464235826
6.06696546614193
7.99089009971394
6.89031418280729
8.66333496362052
7.3421662751328
6.86835546710754
6.70138970671693
7.1143010514703
7.09779951488827
7.73656305016918
6.0839046896098
6.07858557613049
6.63795995033844
8.76995909708536
7.79320122299922
5.52420605154208
6.23053378995812
7.96606215570013
6.04483205864706
7.887147765657
7.45317696538919
5.64962663880736
8.77291167625832
6.22345393313017
6.43251833467955
8.02467873391785
8.68082161262486
6.60659565060557
8.19184586171773
7.24659418096061
5.5538474910228
8.48950152670868
5.70197827285053
8.24268565169045
6.18913381842548
6.39503236178735
8.1473551441237
5.80412051179082
5.67629415644754
6.54965373426237
6.24968130180613
6.18526796786077
8.01453551429918
5.86277187276902
6.32390024469238
5.71640917083197
6.59718374041013
7.84199410650985
7.06983604532482
7.68354307749422
7.5293169403781
7.74747496101732
6.52740361774144
8.7827988239945
8.14071512180098
6.73402256056363
8.45065527401976
7.82517027747384
8.05159527278436
7.10371859895617
7.59472929289084
7.61940247882232
5.71447207890422
5.75510760342858
5.74784534871478
7.63380772705698
7.84361965482013
8.18113677589873
6.13132430720242
6.51936724692269
8.52771950572362
8.45781902108362
7.12795245192029
6.9919075196341
7.24680326975131
7.22893612002664
7.53703090525531
6.4060359782051
7.19689309950037
6.51204555721888
6.46860879800507
6.31621184436369
5.5460613218329
8.37684711423444
5.96242282005146
5.6044319476386
7.14933693622925
5.56695446773735
8.40402154085468
7.13842961401656
5.58389681787141
7.37233946342716
7.26433069918806
7.90791908913071
7.99206802934444
8.02873682816053
6.55547527788301
6.19549316438456
8.15157757119375
8.72517565338475
5.54455908408619
7.21869981377214
7.37363424593145
6.01117786141385
7.38151093746142
7.86107406204419
7.91042677591778
7.65439368495463
5.64256113376374
5.79215361739444
7.1176487653872
8.3501725778787
7.40994491068528
7.78759729537032
5.96160399583292
8.01868555260549
7.77100506893788
7.24831914294097
8.22628266685413
7.50528855215074
6.79852437551354
5.55615623282699
7.62547870328661
7.56869148528486
8.11633118942816
7.95948481642688
6.60001759930079
7.14553802296293
7.94670497976458
6.69568973743329
6.78181554888825
5.54171827477494
5.70850610692872
8.25897410980378
6.37029967528443
8.56247799149979
7.53664506070187
5.79320926081388
7.28739292716157
7.70396328023002
5.84154850321056
8.53502787729319
6.82338819941312
8.2727592370259
8.08332676454238
6.6131782734056
5.99808723658952
6.46129544983459
6.57930037278211
8.37373786621701
7.28429412966874
6.3993529486503
7.48719385759556
7.74552822187244
6.38308202948321
7.05276507097513
8.77382218388766
7.95359929347383
5.85559630899642
7.60865898705023
7.94868269911222
6.98621727145598
5.5915486474055
7.97138241702967
8.71278501557782
7.17328334961092
6.85086364325033
6.33892903889155
8.60004854428067
8.56400806580085
7.49446325206902
6.4807271807428
6.03827919054044
8.15353888098846
6.48869601930528
7.51976400132326
8.2337462857844
7.58353879128221
8.71995567667817
6.81157661554597
5.60777682234703
6.82490981440442
8.21625370152601
6.27488856352365
7.86227797870214
8.39505109523089
5.71092819561683
5.83182390316787
7.60241659380498
8.4898163135182
6.73285536662035
8.36569422833541
7.35959969982137
5.72353007279422
7.87894010382553
6.58405403817707
7.84987914065344
7.51611972986477
7.22233151921101
6.08025883100432
8.70973769192857
8.44320439203809
8.22382152080615
8.19436746179857
7.66160904349386
8.62484686943747
6.9308469030057
5.8104920506103
7.98002087352621
5.88840564292695
8.12269876096579
5.6665262991744
6.89516873262197
7.30730223050408
7.32956768713608
8.62181634066902
7.6724300759801
6.72159664909679
5.57875573263258
6.33683074027635
7.84406109430599
7.27596014907102
6.04087105508132
6.2636610335704
8.07143637124729
7.41824633065062
7.63724866717784
6.79843310059781
7.69779810368289
5.55893984953015
5.557505860829
6.17528696947013
6.59132098476921
7.84546816950088
8.60110193758974
7.58062514387915
6.24551745852421
7.46601270440803
7.09768466531255
8.45235874387601
8.08817435767333
7.69189060415846
8.78334899624126
8.60481391454465
8.28547306548327
7.45397564346067
8.13734434089517
8.1859305952838
7.32250024648349
8.59268726461337
5.63655061395944
8.77808650191386
8.54793219854857
8.01786350322996
8.29932906934093
6.97687643088692
5.93797976445231
8.58254404331998
8.74826596734656
6.77926202924173
5.71322954854944
5.92858855384672
7.50417580306365
8.78061765968836
5.70318309228682
7.40707776168125
5.81436207871023
5.60453165032382
7.15365702638744
6.29813572876947
7.37560375370326
5.75388291667683
5.55736795134153
8.45113059759145
8.3798751933398
7.43194263248165
5.92612815910839
6.48706113663158
8.0762512747102
8.60499608188208
5.8820118241471
6.00869693255503
5.93737511688671
5.90260064019077
7.90887492602071
7.2495722652903
8.59614155621132
7.46569567536149
8.45769657695776
5.7277111307793
6.01423218822429
6.73082506025975
8.56169149466536
8.64212661927785
5.75363289505546
8.07400080792666
7.98935091686736
7.49433168952888
6.55661696292685
7.43674628928101
8.60748993892514
7.03479078140633
7.24773659591302
8.29781734715863
8.29822117610635
8.20828535279725
6.74321957691742
7.15267722943093
6.90833897312858
8.7062174041191
8.3832201780488
6.81808744171758
7.12540270375634
7.27612683383364
8.71389791624406
5.90089973781711
7.63706376644717
8.02417161624499
6.08749527826676
7.83357589688701
5.99621048839601
7.97580703688284
7.38484595435597
7.44803859407449
6.71150364098637
8.49652784532093
6.54428585092791
8.65283079371091
6.03162568591463
7.46093406834239
5.84665438234477
5.73572214550315
7.08823685540412
5.61265576313831
7.31029467361053
7.18846776710327
6.2969015033426
6.94800542726752
8.11206494346673
8.4799232140037
5.99599907748445
6.85056450563402
6.44375103466368
7.90897665412227
7.42476301258931
8.08640827375223
6.49801592696999
7.71309743570297
7.58226465213585
7.75289578975806
8.44371239173253
6.76870735247256
6.94510925349183
6.52783195026989
6.45653714600663
8.42280882668558
7.49119470646893
7.25777093027603
7.99547741605433
7.48920451614724
8.24380465298667
6.60902642136777
6.33465055213692
7.80289124524635
6.31171309481645
5.78284723286314
5.73622476775555
8.56885355403592
8.39529609191001
6.48642097042459
5.79689685411339
8.56719329494814
6.89532156231807
7.47444527662667
7.67582987115382
7.8025288080668
5.60839657142705
6.85606048673307
6.94292356516053
6.82987827122686
6.89064258038359
6.85648603456071
6.63845678520244
7.30356580748663
7.08768826832383
6.71387575738227
7.78393998290688
8.04245337335675
6.13801573540732
6.19731589281897
8.09726934148016
8.44871084083182
6.60852820621093
8.72639510009846
6.55213950169655
5.51019299004063
7.66249520837983
6.32005235805926
7.2993415603692
5.57894496771732
6.52990316213369
5.89775025020596
6.72951814065044
6.44261762431839
7.77664133521884
7.10773432067086
8.48497817862994
7.82568546688206
8.02674923932842
7.70584058735228
6.50292200244272
8.49378489146278
5.93206763821836
7.51895236783844
8.06902995444902
8.71533213442717
8.35653852923101
7.71284738801078
7.67711174585914
8.75562378235398
7.83450085994758
6.10063139672081
6.7339067489612
6.88410226040965
7.18575213543237
7.74974436321968
7.52716986325517
5.91531311064501
6.27765127249732
6.1563868893156
6.98415057029068
8.1856141000551
7.21985875959221
6.10326077400263
5.98979028244889
7.85667616073531
6.53191262212744
7.47350190636165
8.08102393026538
7.85226167583384
6.47729386559034
6.10975930965497
7.58482402224722
7.0086059256398
8.4217153650838
8.65273622726347
8.27802879570649
6.45722588763512
6.25521370559547
8.05736492166737
6.85297885634219
8.76906161407213
8.15164944089814
6.53294796962097
8.32324580192112
7.7254377554205
8.24116552347537
6.18371334074779
5.98619959587008
6.16797552507705
7.63881827892803
6.69219626982372
8.43448961318309
7.49939406506664
7.20275472848323
5.57750317900123
6.65407305529903
8.08334773168862
7.14711160508784
7.85332331515336
6.91709020482747
7.37386840465085
6.12201648542248
6.43610001243872
6.90827686645507
5.56394539304629
5.53109148674957
8.68946024457892
7.72813539687536
6.46616009610611
6.92161946066066
6.45183758779578
5.82645909240478
5.9839807402759
7.64315297598062
6.9080075681813
6.74219615024027
5.52093043153299
6.70628523216824
6.3364678993504
5.57686196047159
8.64382147499012
5.56637206905244
7.29035878317806
8.55846935985682
5.54698654616714
7.01745263926749
7.80561334540231
8.31238804801776
7.86766248437605
7.92884065069315
6.40210990809487
7.39732267517078
6.9579698004762
8.34439259645072
8.64693294011928
7.51438396182
7.43936854307942
6.1987264827037
6.40162555239177
6.87107330058333
5.95667834686656
7.2191523564651
6.39824734523491
7.06930318114367
8.07000263440564
6.70852032269557
8.41433093991585
6.2811214109047
6.49480441111315
6.47331206133816
6.93369314068357
8.65678975846809
7.07811336902228
7.43636668260485
6.36821402362032
6.94438370579759
8.12846963407605
6.67659896127648
6.448449046275
8.06137940442447
7.50144564955202
7.22737752552956
7.19721502043735
6.42821773268155
8.12536442550209
7.12505453231309
6.72468838873057
6.59179791364274
6.17647877944171
5.51853618706993
5.71742253203643
8.51894637617891
8.49218084466017
6.64794593201706
8.07315220025208
5.63208699196914
7.0125177984612
7.6169641333504
5.84018046775166
6.0743816099849
6.16013001836785
6.26557499751114
6.73245148695973
7.56955473719862
6.11214483944881
8.15807136089251
8.57937480186807
8.45567554304374
6.69713702776042
7.27479098433493
7.60135538943576
7.67793216065772
7.97281394945303
6.12533195341206
6.60206233029723
6.31793090721757
6.78550217512337
7.21716682263874
7.75252042744513
6.43862544781582
6.92202965258735
6.76035539301256
6.4176575641161
5.54902197893888
8.48480046078642
7.63182927293513
8.79461006589757
7.07370230171213
7.44421141012448
7.85371654692302
7.28797041673915
7.24601602461834
5.57190288774685
6.02887086310188
5.5538002292231
5.60081079207452
7.13486397317063
8.31751575641739
7.34904493260129
8.34173639675255
6.51305210298394
8.79536349052467
7.4151756970662
7.18926932512392
7.59640027310413
7.19398999983671
7.65347980274798
6.80233817768282
6.66920584129746
8.76655833595509
5.67503420449394
7.1760191252734
6.47903862638358
7.04980821207272
8.47633811274799
7.37843688618128
8.64912142069196
7.37130707746539
7.71615424256864
6.10055188798718
6.85804397058516
7.68575550115511
7.12980669815596
7.84910758523192
8.08430209833932
6.29075261482098
7.40213167723106
7.37167962222764
5.87936940324585
6.93516112380704
5.92765893161564
7.3591431193866
8.63421863957742
6.7540180618556
8.77762291918036
6.34897843479305
5.66935501053409
6.91688816096911
6.38132678039922
6.88969411426794
8.15080194119934
8.55272292311616
7.7842930016515
8.28299433567705
6.23724552286079
8.45759149582203
6.24495868119645
7.0069445899759
7.54648142420533
7.76533050254787
7.28859487322483
6.78173362472878
8.75596307589304
8.33770970483135
8.75657185621829
5.70233610659643
5.65159324711781
8.00253432106704
8.01270443052795
7.29461330780737
8.41817936617565
6.13506782537592
7.84458261437152
8.17171600434673
8.73787097334526
5.96904497283281
8.13252500435313
7.74600979444524
6.08671678962593
7.87144796256746
8.39883027278365
7.04794569600635
8.34316293562041
8.02976482267875
5.95564036630292
6.08225961752763
8.75723886202004
6.12319614941374
6.93667903221293
5.78518896277378
6.83151191304906
6.1090605363091
8.24614095940351
6.24284909595064
7.59331518914854
7.62960930385181
6.80309342618852
8.54239111371691
8.28264608681701
6.34555126269881
7.97743762982624
8.71805585623525
8.46966989191356
7.01569437678523
7.8852872144285
8.71416700912355
7.62506721000586
7.42019399386912
8.68027698135627
8.71547086119894
6.79948497784659
6.16833818723261
8.25622177843399
7.9668496683977
6.89383855294989
8.71981520293852
7.21456129840991
6.2833697074799
8.55477759644202
6.59412726183903
5.80889769187769
7.28996302615523
6.1374102620991
5.87216636646245
5.52637669915237
7.84192696832064
7.4102569375022
8.65538363246024
6.57173148536086
8.66248795143762
6.67275429618721
7.28567619659057
8.4710775018997
6.21698826498606
7.05838598470172
6.9531097140999
7.49118885057485
6.94591550585605
7.93796637444291
6.57107846779855
7.0954488789749
8.43412650475099
6.70850302822641
5.62736136680526
6.89193698624462
6.34985078538831
5.94466186525431
8.71866935402345
7.37962453565658
8.43410094463334
7.18462449602119
7.01169440476281
8.78089459178001
7.64442963407193
6.31402497913208
6.48669459249308
6.37768415342504
7.9768418955443
8.43780485183185
8.51075740519686
8.54086066949532
6.66524332522332
8.28486375043772
5.63140957685631
7.96969475263269
7.40862977071315
6.5370805580386
7.72024575025128
6.19299747927063
8.06947685465155
6.1421190744329
5.97565050741547
5.71975178438108
7.37933041158142
7.93042305611183
7.80478731738974
6.40339212748477
8.49387677872159
7.53756276795638
7.20609846634717
5.65913730106757
6.63808340478752
7.0148854897722
5.51408709386403
5.73208746684662
7.6508126686997
5.78239175498773
6.7984295816385
7.67002663255386
6.65059097966931
7.64301235691738
6.51648701302914
5.95631923883896
7.26706534439606
5.65525498233235
7.66040899447106
7.39479115830719
8.18068555522863
8.01839387438542
6.19892247333809
8.28566169047212
7.17279527976122
7.58744722951618
5.95296224891368
5.79802358360679
6.42125289809076
6.01701962729118
7.31332655300356
5.99876391310356
8.31884861708867
8.67936443955531
7.77288547325255
7.50902136095541
7.49694082988523
6.63406712151709
6.49860446694722
6.16253244858335
6.31348734362519
8.58041925721801
5.73287465918479
8.32086491838916
5.92749008502211
5.89659987952918
8.1529514908638
8.29157531266601
5.94415400906568
7.98674975634346
6.23354803442282
5.52093123936709
7.03938962494035
8.06008616324832
5.75332040077519
6.7375753603281
6.14544087336215
7.79782785914835
8.1935588825368
5.81393444289104
7.51204971359076
5.63518537088162
7.63394562337584
8.59550803985302
7.1820061788522
6.31471802209737
8.39824463036877
8.08080013166572
7.64902922167517
7.52614255167043
8.3848163015634
6.47790347005715
8.6742921777907
6.44695824317535
8.44168514090161
6.10101746988326
8.17443177114219
5.93643969708997
5.53529998186449
6.49016161527951
6.23996385449888
7.71464467814108
6.9798047530769
6.09978254448858
7.04011859275782
6.83440615071738
7.51416965803519
7.70455964672257
7.43062283331057
8.5874465880547
5.7685562460124
6.80846374852347
6.63250262548696
7.76062866286042
6.37786746279755
6.7563493294788
8.18154098641995
6.36263576448744
8.25548928462513
6.98577330319944
6.84802493392787
7.21708600927281
8.33751321443686
7.29778857829851
7.75369529260604
8.30736774740357
7.16997226525268
6.83495774356664
6.27258693099096
6.99720297099394
5.82000856749641
6.04639146024026
7.13556275761426
6.52304687612297
7.98844902266492
5.81139819179087
8.70271187107187
8.26133187957126
8.74165357429938
8.54806516200719
8.48896869522593
7.31945545837946
6.18312801067356
7.6628875793464
7.80538178411468
6.27334489946901
6.16655370916805
8.39230128422185
6.89694057966204
6.83872798317484
7.17929272875393
8.63279983493258
6.12279954467234
6.66059080598479
6.1648429067007
7.12795946259992
5.8295748349046
6.11871731662574
6.48054422078043
6.8223875950562
7.0501319985586
5.91436797821364
8.34598923419473
7.16957022095535
8.41876186624445
5.84663650231291
7.97278567373298
8.02517938298124
6.74692755385145
6.13816921543438
6.240660819613
7.23096366300279
8.04047920500567
7.16263864565137
5.94022780934855
8.45099064773622
5.79110595801026
7.36075691632207
6.04114136267104
8.24349063933304
6.43233130689132
7.73390241243608
7.91713827018692
7.17061007359588
7.71020898060036
6.3888640204577
6.92296412785122
7.52225198071309
6.78564041265391
8.10887494781329
7.3647343522246
5.97538557859819
6.10143128012765
6.03032170512784
6.27749143356011
8.43783011160836
6.98160697621441
8.29738577007377
8.30784541205593
8.51114443021886
8.17337195942364
8.49885979090089
7.2004159460303
6.01194664186929
7.3909327261258
6.18322162891616
8.48369146936903
8.10084816137488
7.82743342681818
7.2176156065136
8.75094085541942
6.71540024754929
5.52342360464107
8.23268834249881
7.31407764132265
6.6160612201482
5.98177360489619
6.38458024420912
6.45882947456017
5.96376678541467
5.85984676715527
8.50414700912555
5.86524831088304
6.86043142898254
8.65806438985332
7.98767500989064
7.84472944438747
8.21889223160793
6.30738313878914
7.80938217079162
5.55112734465567
7.8898771982681
5.87106738503076
6.45983281618525
7.34351004675559
7.06554981994941
7.48767676350782
8.0047228534183
7.87980020452862
7.25125989525363
6.18897219397981
8.78660075912014
