6.12832549939719
2.55654214667929
2.72335674044088
2.33323202021119
2.98746712086462
1.71865306203063
2.54847811187854
2.7675432382167
1.73646598276072
2.94672689708607
2.42630613559307
1.81522572953274
2.15500064358618
1.5409605446162
2.24623398729426
2.23723814003633
2.81255352810789
2.66915054089474
2.70997813835034
2.56169294090552
3.06918118645745
2.97426008165126
1.42321253259288
2.87927464608323
2.24083983737024
2.55262057399414
2.17443867578813
1.6772711064722
2.56550206556777
2.54250317833023
2.4515857160345
2.04865331697433
2.76691584568454
2.4794764639129
3.21750093571256
3.68310493829726
1.72748103255171
2.48253127529544
2.24889935310701
2.50729478381098
3.07432079363369
2.02466847092941
2.01862030172208
2.63890309865656
2.73706652820595
1.79408954359728
2.53466494298042
2.2847915948255
2.09622565782372
2.89800275464248
2.25079693258865
2.77217257407204
2.49543102545832
2.54398785316124
2.84432910669709
2.70943424210924
2.08643088676074
2.83340703526193
2.97530541684743
2.38537232332992
2.22117370838738
2.06244516475227
2.19077378339533
2.73122942053253
2.4775431957141
2.07088550766311
2.6291682721442
2.1878919447125
2.36403276740873
2.78683134418779
2.74681583483254
2.44626930263659
2.235073998375
3.17368958450517
3.08659360108494
2.76307167714514
2.52779881043175
2.2784773507539
2.01589278317374
2.60320970314776
2.81522633496323
2.87118748910444
2.44829602886098
2.18031804085127
2.65386162830475
2.16044879772685
2.08078314072564
2.49651409162561
1.96823029757531
1.87592441411488
2.12409530272246
3.25918613847111
1.89157752953107
2.23738375145609
3.20588887800413
2.05533641315237
2.08458989144585
2.30802316095881
2.17985083684799
3.03442810141453
3.11071729628195
2.34604644652996
2.04591001547003
3.29111468649277
2.58879940978478
1.67152655809921
1.91996296386679
2.15453906443446
2.41886385034998
2.34412027571696
1.62954308341259
2.70544663785256
2.88164754192554
2.03954458135171
1.65352362434134
2.00490310137152
2.11258579289847
3.09160732478945
2.7254350676305
1.88290744867894
2.623439635494
2.61034803499446
2.4431048421602
3.01045840082277
1.56283146842314
3.31473752717732
2.51955871908205
2.2909147440768
2.13029999757769
2.83140325376697
2.52237027023169
2.16262626335702
2.78887497084441
1.93219878444584
3.04473140293203
3.23520654121161
2.09320204548394
2.81738878059512
2.52774023940665
3.19575383631282
3.37300293735455
3.0192943882172
1.80351826555159
2.77323995875383
1.84824110105427
2.44870335632951
3.00272417118411
2.19787352035878
2.36759508732321
2.03347239392148
2.71913005706306
2.63330069169757
2.39728983337029
2.08897539643407
2.18074192984006
3.27306504142949
2.12159984353647
3.07393575816146
2.32242693359581
2.37619633726167
3.53601455539522
2.7107604407472
2.94590216572348
2.54769867562339
2.96993544084523
2.45087747899261
2.58359292525364
2.52959355781679
2.79883699125066
2.37405619712222
2.28862648155677
2.75191885582366
2.14200698752404
2.23875807738066
2.63757995828727
2.34063355711063
2.07431276675793
2.69893809399162
2.49936809064558
2.93669639562528
3.20072873669073
2.14912475712765
1.77755304204221
2.33886697972247
2.24162807914392
2.7885884474641
3.20946000581464
2.8293209083514
1.6774652294068
2.58960058165677
2.60902262440725
2.65669055486375
2.32519563237133
2.15359806594928
2.17230801006324
2.50222647954504
2.59268105327284
3.12673935694748
1.95352984948551
3.16381071794755
3.87411862842423
3.00978312016612
2.34526242696105
2.47279715377643
2.30255122008784
2.5599100572849
2.14849253115404
2.67568946107807
2.04888805047765
3.93498663914269
2.19927884226441
2.57869464739137
2.5937133888287
2.13843592976472
2.01505588704282
2.04220922152761
1.54141417260702
2.39945967519809
2.13550812030506
1.68914306134956
2.34903227451865
1.87306017539551
2.62157458136767
2.43815725328678
1.87385389460592
1.89762081631734
2.70386821065298
2.78726704759502
2.53715786351916
2.64907597617843
2.69552981414139
2.85405843469049
2.38985285456061
3.21211069491039
1.95635910920492
1.56186166122625
2.56803251852945
2.09818595717923
2.64234316824925
1.76180215612246
2.46540956247822
2.80932651335735
2.2031051912413
2.70731935636687
1.68854775894503
1.81324637729942
2.04750013226208
2.03903196942625
2.27516797539955
2.26546822865806
2.27863749879513
2.58843895123332
2.96702536438157
2.17804096482159
2.91319331231227
1.91993921642292
2.10586500193174
2.81966452061271
2.07545468583128
2.54311274785675
2.83769195610163
2.3562876837441
1.68971945635834
2.59331610110804
2.1507351674306
2.87921536220446
2.63525015327812
3.88548473712265
2.49744475447998
2.82000234485588
2.85852775893396
2.68476789175906
2.68147782956297
1.68240348113917
2.5030192315999
4.21180192909046
2.9647877213321
2.16306352959073
2.4101954738844
2.00179206979186
2.6941949584057
2.35993149149118
2.1340466223561
3.2475893325497
3.32385234517274
3.22766627950517
2.37639200963427
4.04490103710987
2.44605596134858
2.1324093387635
1.90668069457804
2.47767177006197
2.9167529862479
3.27808609568064
2.09865356265385
2.41762609932447
2.89882285530574
2.46024307699725
2.53446244806559
1.96167127033021
2.87214901961266
2.29053897702016
2.28364402471537
2.18691296235466
3.02072216545392
3.14175465238704
2.40379865758727
2.56361843181029
2.42093521125153
1.99867989010549
2.77256423121658
4.078481467941
3.01526713652222
2.27236063054746
2.61690325382418
1.8329285399775
2.820433916502
2.98901041256476
2.13782710345769
2.64672240772942
1.23581430382466
1.69323065219771
2.59579288346436
2.20712407089476
2.77126984340654
2.68121186197329
2.98206774633462
2.24030650312024
2.95889036947837
2.55516747357414
2.12605752807255
2.98145068418768
2.50025151252663
2.67252173672749
2.46157755826232
2.58072347004957
2.53326988138047
2.15329891795203
2.93062307636013
2.81305425141761
2.13342991526718
1.95288368119769
1.81244224609794
2.25170041672348
2.74415085753898
1.68437817558162
2.47566018251552
2.43962934213176
1.85304048670253
2.61436847267196
1.96254118125875
2.62695549896346
2.62740348706398
2.89920656802167
2.26463278174597
1.84965195606956
2.02938685168532
1.61737001361328
2.52325714546018
1.45824946965548
1.77522146173598
1.94024061906968
2.23755729656414
3.08779299152647
2.26240130845618
1.99686866000605
1.91000026049349
2.90890236361342
2.46233461486024
2.70883463507426
2.8647434004131
2.7304256693215
2.3754309050272
2.16429305494915
2.31946032445135
2.06675979992482
2.59054841391845
3.26132270619379
2.34336994277704
2.83052779366254
2.4058028982036
3.2563178572228
3.57043862114705
2.1905544923745
2.37441221461891
2.1734178624679
1.79829965319228
2.43876246570262
3.11063305917908
2.32126563304311
1.71755819398703
2.41177236364444
1.74019786747571
1.6523171546083
2.21955831497365
1.97949786796501
2.71060137594291
2.56587834796481
2.72016863122485
3.02343874300272
2.89354052456455
1.91249387921713
2.13643941643452
1.95799590649177
1.91483763842208
1.90041352739718
1.87362619992619
3.01150909493982
2.56287250794729
2.47617877502986
2.11563909552688
2.30984036468123
2.28123826669263
1.91152946702946
1.69977083879003
1.39623225733425
3.67632544525249
2.75912037878633
2.78884879577404
2.15389102986723
2.91594250504562
2.77249930609854
1.99329467899878
2.05510920286203
2.30006145865001
2.42473518119449
2.38574979413225
1.97580219614969
2.22054151553328
2.11643403395909
1.91680676070287
2.34560191435116
2.05013710584379
2.59422503862173
2.2701454360121
2.16232778169906
2.45007166603061
2.23257116084092
2.81085810260939
2.18276695254125
3.28279213552599
2.14365981082706
2.4147224000266
2.59821960756923
2.60709946291386
2.60613344038238
2.85936273875055
2.41884746185614
3.02710132624624
2.22384379086867
2.17770773737709
1.5385959178753
3.02951507569156
2.03435224921929
1.74702373888219
2.93743475595029
2.19350492108771
2.52429690812694
2.04158374018238
2.88425713966098
1.7193502756404
2.64475170236887
2.23861197904111
2.60928854315897
2.95566936368969
3.22372736200773
2.21154250982435
1.89649816035211
2.32729472097838
2.14295086886787
2.11973954850344
2.13818241418172
2.61916866828713
2.53048453986244
2.04298023982099
1.72607908585884
2.05760514252363
2.19826104982764
2.61995474940303
2.14349559540673
2.05808832153797
1.85451482427906
2.60925292888848
2.38172446844512
2.60802418337182
2.16773919727129
1.85177687061257
3.09518908105288
2.34222874765588
2.21244077572785
3.98671526413946
3.03258114992605
2.82578082044787
2.46953932728012
2.49123271323686
2.31961787421615
2.87258914504448
2.78588592150179
3.31684451072659
2.68555818875074
2.82950176699858
3.16517581588065
2.88382530884572
2.51308998629563
2.73247949487232
2.20730524395708
1.58945295526377
2.15794124597052
2.61461938894069
2.0440188112799
2.23606481600303
1.3592277035152
1.9978483634732
2.33472264064545
3.3934775835561
2.60968356605145
1.93082254995853
2.08114924280581
2.15907839288195
3.5210903904732
2.3240922006923
2.43850288261114
2.62580807518118
2.74731860241252
2.93693241085216
1.56781472426797
2.27025677930819
2.44406067969785
2.37161362431057
3.33262323912903
1.8640070238876
2.09722387278037
2.85980404730891
2.04365750648189
2.63827268690347
2.73227865918719
3.35384124379547
2.13246204408593
3.18140964537236
2.79919490033746
2.27198111588632
2.05664605724251
3.29070149304667
2.57005864193566
3.01100894034835
2.61890532001557
2.3597745695826
1.33095754065646
1.86037115236798
2.56273098877653
2.48887495563303
3.04813622715827
2.13708597234039
3.09893528178915
2.16406497857868
2.69064021834702
2.60836567354647
2.77299137361174
2.12168251014829
2.34704550113738
2.06136557212827
2.61283900053196
3.2471626868871
2.9737798284917
4.11663287975601
2.260877289787
2.00353209462155
2.0384310353556
3.4269578604079
3.41993257527888
2.11213696984486
1.87428102199543
2.75757539442901
2.74607717718207
2.58739507426677
2.15135689732773
1.38618540490151
2.13475476164889
1.50090630283367
1.89657246936447
3.02166113340609
2.24083516553318
2.40295316636018
2.55879515373218
3.45152934645111
3.39662249741165
1.98023711512357
2.42931613595374
2.56801610502894
2.26672406490408
2.2069900837202
2.23452007177177
2.07281793234235
2.92325432111609
2.24082687475189
1.97611199400757
2.60952069482091
2.41213368752585
2.07012792734257
3.02477353838923
3.64368326442065
3.03516226461334
3.48388298673958
2.67055882613772
2.57505652466514
2.47391269259159
3.10870627324726
2.35431712571949
2.99335849228144
2.34262827026052
2.16928543768571
2.47037369920056
2.35953451817585
1.80989705693358
2.14769373817349
2.13850252481331
1.74642298245563
2.02275205872403
2.48114038852195
2.2856567244214
2.82814092332385
2.72934462133257
2.42867736884224
2.07453819910714
2.7276761833981
2.4523770171317
2.21712176879708
1.90250540632065
1.80146014670717
2.45858711709273
1.59832697567159
2.7844569497243
1.96664799653283
2.47153610398208
2.51909776709255
2.26908520198093
2.00134291360848
2.48106575487799
2.43689082750909
1.70238601617272
2.62939047208018
2.79437462505165
1.8832412457306
2.08850953813841
1.7555760150437
2.645412676723
2.58765300054881
2.98738151483707
2.24320067994937
1.95847329567
2.61800678386731
1.59273962174049
2.46112160227031
2.8384611760472
1.5529012097118
2.33952396552558
3.16217816859222
3.38671326681817
2.07203856783355
2.32167262925305
2.28032420100835
2.04985974640282
2.29229848314807
2.09330648810376
3.54602098814959
3.1393834537227
2.71137970316301
2.29432275587997
2.40349658044769
2.6485409197271
1.24139203899168
2.08114049758668
2.06285725430091
2.8147481808416
2.63602620257995
1.95967285190287
3.83491547616348
1.88475995241929
1.69613546040134
1.81514081479744
2.07272473532827
1.43358523113113
1.58670290177457
2.16191862402155
1.63314903376644
1.93933051467007
2.12839431101828
2.32074966633449
2.86062425488568
2.34701827485749
2.27921049356964
1.8534307841526
2.3181511378693
3.04453424373286
1.96776866177339
2.80196629463527
2.49892032029699
2.08006276521767
2.45959891072054
3.50985227363417
2.03402980538816
3.13140611425789
2.8721194189708
2.00890552753272
2.08901301509026
1.72611352187799
2.00502732844139
1.89637346869747
2.73918935127468
2.2155478434041
3.7536443386694
2.13943528103459
3.56493964935615
2.29637381670399
2.78412043411132
1.33493646257299
1.95939308077798
1.9462866858873
2.36299039248447
2.26984802531159
2.58344835077209
2.52200654113148
2.62070163545076
2.41324224430128
3.07699660578599
2.62286911601524
3.6507003857431
3.16563404382347
2.23694752557267
2.08050834943433
1.72199188164463
3.16138160979446
2.94467182337882
2.32897179273402
1.96888787683402
3.27196791741196
2.50758727237646
2.07348716907734
2.77043896231297
2.84259087418292
2.37855468910398
2.71237805637289
2.20190187245728
2.74288975059014
1.81242259357914
2.95338331318792
2.69212111776941
2.49054056524367
2.19996234264712
2.61112076692742
2.13395607002752
1.86933279538342
2.47642110405923
1.47705490132674
2.67710863322234
1.94984153092349
3.02330482817442
2.38657696751071
1.97881259037797
2.2948030511208
3.07043080469591
2.31079603318059
1.73615267561944
1.54262497810335
2.61891244686393
2.15734472868795
2.42302895534205
2.91442133979067
2.65434034717418
2.55250737193649
3.44832782318855
2.26896213970493
2.54131986042344
2.79034043565847
2.84776070620911
3.13970790835406
1.94225618825632
1.5094233267581
2.19753513149796
1.93107364566788
2.53879848805024
2.38626089950724
2.56766911158743
2.32755446619496
2.66463783269469
2.59310052163583
1.8840840186132
2.32898355235747
2.27698229328156
2.22566509649228
1.85270791712359
2.85708100801402
2.30537225297484
2.12080851541667
2.05514066023718
2.18162007877254
2.34509119734234
2.31758673760869
2.18652365776323
1.97165065298222
2.29939275606147
2.38441150251344
2.44938774034594
2.21356696981124
2.04471263857778
2.35448262216902
2.14726874806737
1.7687941461524
2.99075785152504
1.17311588542779
2.55941076072921
2.80621567551388
3.03427595290583
2.5864267966952
2.27235221144993
1.92703843095879
2.43968340256524
2.86810635783413
1.8713461373844
1.78644605437299
1.81557073893801
2.06832583725282
2.275365428598
2.00737853068543
2.63264758545138
1.9651446308068
2.29114595711635
2.64190176355655
1.96662496760521
2.74102599583266
2.18257615523505
2.62929945116981
1.84255851997593
3.45016505980368
2.09089856211737
2.70785650540685
2.32628443076563
3.4665920739455
2.0521454148342
3.45528469187803
2.00335650591074
3.26577804904021
2.04317018312187
1.96945638926839
1.77404249457677
3.16218317181466
2.55312454837086
2.73149203617504
2.79924777146968
2.40069285858428
2.46631394187818
2.35078642309839
2.99422368810656
2.35926044239543
1.23812053736263
1.8928767002512
1.59915568896189
2.90625712249992
1.84477086759826
2.49878698862644
2.13147613801417
2.22536615424094
2.71243684922259
1.86519847275197
2.44674862029723
1.66314435255467
2.9766982081218
3.113611005944
3.19070774622705
1.99036572602272
3.5800740046286
3.01441054103416
2.839308975904
2.81554501594629
2.73889554377795
2.41105451343061
2.34478808465755
1.79441231514352
3.0557238101696
2.53493560974876
2.99074462341219
1.776326806106
3.23375483225083
2.82187866278811
2.58247587965173
2.56849952557309
2.2778358623881
2.34184014380669
3.05709767107811
2.52416627729472
2.60102918570003
2.78541275252712
2.13990844196363
1.98471046329461
2.60898644019415
2.59109967111206
2.29069920484992
1.6088612672136
2.41616781257239
1.95585071013074
2.60760582120151
1.87541615835841
3.56899107726238
2.17755725051839
2.19379495645573
1.81688557662935
1.85289929382484
2.25556068170498
2.90739194883932
1.7476942518452
1.76458560079832
1.77498084464177
1.78260902913106
2.0449430548084
2.17492072008973
2.80571854016309
2.4591476013556
2.24550924445435
2.3372849145047
2.23549439718113
2.30210327739848
2.57519568374011
2.35308833960459
2.29140168303111
2.44833893432489
1.72116121340745
3.07460093460655
3.20700853532384
1.98943232941573
1.99298256875543
2.27362662230859
2.66456060107839
2.08616275836145
2.99950151483646
2.22288076036052
2.30250939065604
2.53844396017432
2.64947728465224
2.41731077203146
2.0997927879659
3.06239370114969
1.88226314970915
1.96957438925289
2.20464664103045
3.06829834487606
2.4618808565373
1.84034575580835
3.29294695858824
1.98145941881285
1.79274741023035
1.64699079600213
2.04869969480602
2.26968048718672
2.4728535638995
2.20245696999644
2.52130487688148
2.52283542166064
1.95231564134005
2.69683448409267
2.9954015138499
2.09902905178113
2.35633564934524
3.86047319067666
2.99160491254583
2.37972872602613
3.12438190362365
2.04869399829094
1.9596047405906
2.9935753522825
2.47245298756626
2.28599232689188
2.20508597382267
2.6184070555511
2.98760234721817
2.45756048049413
2.10934196877846
2.46179578663744
2.60465867163798
3.39677484374301
1.78345871655248
2.0537491348843
2.56229067084348
2.32121579596392
2.9211387237958
2.94002638261887
2.40055886976718
3.2740216459908
2.26797936035756
2.29180772684663
1.61681117285171
2.77825803144752
2.94773044793561
2.36731293613913
2.82162511752268
2.82211630088611
2.73431485482529
2.64334383528304
1.92048114714266
2.73087777899903
3.06527473303127
2.99164892316208
2.51311941622304
2.30750950546331
2.59384344454154
3.13962143739933
3.82067378396492
2.37144711254149
2.92216601683484
2.55099128940294
3.35386822199296
3.04594726067179
2.38793202921311
2.98845236510451
1.90232795001292
1.7713787660744
2.15330047703647
3.42529177842562
2.72322143721345
3.47275367675351
1.98733446064537
2.17803590447237
2.29555402141883
2.78410150064218
1.40003339638152
2.40717434439995
1.6310041087624
2.68293715354601
2.86557241872365
2.49488336600045
2.31265761722825
2.51048440319351
2.52391571796047
2.93711716767788
2.49659401896264
3.24078866057984
2.58549185596661
1.89939826841643
1.81339079634576
2.23746985501781
2.78210048532931
1.77917230933316
2.15778117314263
2.5472312594539
2.58136851148479
2.89738133511067
3.39588245605655
2.1815137125661
2.57516093674892
2.64264368656001
2.58796332767245
2.08451966168781
2.5166152722222
2.14363347274534
2.19015912219496
2.55416909142233
2.26750821065126
2.49290636855392
3.45351698276019
2.52124924966067
2.40589707582642
2.54759794256394
2.25388491502476
2.27343685496868
2.79702127315083
3.1466910022206
1.80749494430057
2.86857068455001
2.41405661571732
2.02260653620206
3.35958289486464
2.22938279946564
2.91721291036647
2.58955564911125
1.99268259440803
3.68484347106136
2.12106363913251
2.24648764623508
3.40040958356461
2.56697860656111
2.55856404495266
2.40377562632831
2.29145981652493
2.33034601422756
1.64470392265226
2.16663525915169
2.22242168220773
2.72014056355812
2.64635518166409
2.32340581515412
2.34406406376943
2.22489858495379
1.53349896566901
2.26469709727663
2.28672968881937
2.58275373981288
2.35638989128001
1.63734759169512
2.90714846763836
2.28235732213689
3.01347372996967
2.98034170398511
1.67448605602418
3.03317231662448
2.89510500948067
1.9451744497434
2.51023002890627
1.66272719967604
2.6245076885433
2.88367406542568
2.0027927226549
2.52336084248001
1.5168309689397
3.42494359607693
2.69846431596125
2.2536275674544
2.92444327974644
2.10723114183701
3.31680418914514
2.60852631275991
2.95071539802353
3.55804982305887
2.73933626391267
2.36846702154743
3.1143614204196
2.50141576304558
3.6252833845224
2.36867700946566
2.64944287661805
2.62454167035014
2.85909243016353
2.69039681300751
2.36022987789104
1.93714232649738
2.4378124427565
2.66211124555952
2.33072562565191
3.04468474677082
1.4027528194763
1.37911395924627
2.1328345924277
2.63012094832837
3.12603500497131
1.57682431669795
4.49914894143304
2.40518106958354
2.82355443956931
3.28010957712684
2.55405885962605
1.9241574652363
2.31688285773451
1.794075870743
2.55883528215514
2.11295119451176
2.85208090615298
2.47282081247835
2.24255483032147
2.16195436976416
1.87775215472735
2.5990311557649
2.30717625810939
2.40537519788668
2.20741491318948
2.71321161228722
2.61640668875665
2.83793835920771
1.77016227845341
1.59913718763283
2.29973081074521
2.59138037795295
2.28394531732383
2.75087984847116
2.4792323894141
1.708484516544
3.24293376065285
3.77933238950859
4.00144456520474
1.89019891250425
2.56543755032926
1.90577389463945
2.19863670232843
1.92336206436147
2.38954019414887
2.66495871866344
2.62100307065793
1.91545798677006
2.89031881195491
2.22025774182638
2.8314294056557
2.52009959972253
3.03914326603581
3.06143878688679
1.93527106692288
2.18501889308697
2.3633491907962
2.09584960268331
2.42277170378959
2.67940432746513
2.5335471047472
2.46944041961179
2.10907224174137
2.39235094050344
2.88771057313351
2.70647863490999
2.49539426328882
3.23388965629757
2.56804772507813
3.16582142450606
2.53296014856425
2.51433478181231
3.03129339194867
2.51111724558835
2.26441672962937
1.37405434786073
1.04779816719477
2.24997359669672
2.40542761540389
2.4254804698615
1.42775984613938
1.65192193651889
2.36042684286379
2.93991575777335
1.64325263202548
2.0536172972496
1.38656482008474
1.84468418794873
1.19115342602307
1.9956245497694
2.30018725066706
1.76217603401767
1.80258969416116
2.6945718373457
1.92190964919021
1.83020889982783
2.45377616772073
2.61650584399307
2.19685024625174
2.0002971643133
2.21347045326737
2.63778633401317
2.38758752520294
1.35332833348407
1.90630593671247
1.81590559562708
2.56359150145405
2.56798615738319
1.96894763142043
2.63080056033777
2.57526878427951
2.05901514946907
3.00789823749588
2.58613363979611
2.49368797336932
2.63512479436276
2.62554404184582
1.81939682874383
2.47122705244289
2.88893430478768
1.32015471689595
2.1091289206582
3.14533737525097
2.15173776079669
2.55738156058119
3.2153745299085
2.94128567994611
2.54571971803604
1.65694427564284
2.23075274193748
2.73809760917025
2.62269277337548
2.56159387838613
2.04652246702292
3.09920995649215
2.50128739232497
1.96980213657774
2.8861910355717
2.74701804065203
3.2875348985358
1.82820418324576
2.3135928673602
1.89591805878985
2.56136349249902
2.32926235576366
2.50911987237423
1.88242951816486
3.3617531118563
2.09708001420646
3.12422897857134
2.20968569763898
1.61003657581107
2.95530878355357
1.4847900650641
1.89894364059451
1.91276415423102
2.73474245158792
2.85400497371556
2.75114882443295
2.50294200565614
2.30886775519114
2.37673787292558
2.12381200847369
1.60474045708829
2.46525350620651
1.99057259497829
2.1313091363439
2.64620328268658
1.41061081603128
1.94196573165882
2.58865205270667
2.54591360026847
2.34754248615962
2.42246831013549
1.798682912188
2.96863975922342
2.71110875067087
2.77642454250877
2.88852020263024
2.29333209387353
2.721703054927
2.45249514496921
2.67741545548159
2.11987526858341
2.17419807676072
3.08226495925184
1.98856791530138
2.16114213877387
2.42752574625194
2.68555520297642
2.16499396177919
1.83983907391041
2.09321432106491
3.40511465724205
2.32405233465234
2.54243594803689
2.46663854245378
1.65005015945414
2.54228482202402
2.35664269524266
1.76566945630234
3.09499812986199
2.33248520710386
3.27120545074809
2.39625891887806
3.37914021433775
2.08602255790452
2.5495554591655
2.25590162033405
2.92778869439188
2.86706932217036
2.44345343525346
1.78942759670628
3.35875996124881
1.87245522565608
2.22941277557027
2.23831895089625
1.85408492931623
1.97750835697728
1.50727522191165
2.13539688402566
1.82613773093299
1.9277004556465
2.1783325905748
1.71862004653543
2.15371794629897
1.93490996208456
2.62347311138579
2.45644258599182
2.63347342581294
1.41767577265885
2.20751285787818
2.50827021021207
3.23018398124335
2.57727758406263
2.55807873571907
3.39613096361797
2.10143474594751
1.77221862910429
2.855612911545
1.56910050797811
2.33005207718755
2.18174046361508
3.30973470217304
2.26423562354458
2.11999880019648
2.33364326981902
2.33734737654279
2.90219072735035
2.21537273635597
2.49010113498709
1.65371987658875
1.90848091825184
2.68975504266638
1.83853907152039
2.21421726423517
2.3104439232246
2.30364254593647
2.32541927181256
2.45979248243445
1.90440050562157
2.95710732196932
1.98946695014657
1.92415336396382
2.73136755664054
2.40522138937833
1.86645080209548
2.47320235258771
2.77673013636984
2.31931606076629
2.13652424478632
1.88472316484633
2.98475742927756
1.65767350948956
2.69005260624677
2.77304666018664
2.21962496692042
2.61568865715795
2.71974103616259
2.3605864847563
2.69539493425662
3.24431975974256
2.21538132764187
1.70389482160771
2.37710803920074
2.30260467621733
2.21030823429179
1.92700788844669
3.45659849256453
1.98310764112137
2.97033723429319
2.40140142419787
2.0540367935472
2.02542467331707
2.63540913547511
3.08413465046863
2.35700019147688
2.64732818678263
3.09442035542633
2.1867351615923
2.57664761779665
2.10807098544862
2.02148516781605
2.66165535497169
3.10339709465698
2.63111769823606
2.7524707798564
2.32486536664648
2.51028537140441
2.47245452993131
2.70804621047573
2.85841499133665
1.82322291616367
2.71519751279097
2.1890191204338
2.31713654339404
2.51717799791412
2.53187583655999
2.09900681932157
2.39157754558314
2.45279481876462
3.15555254362151
2.13572244052254
2.12611352436947
2.15501292078281
2.31415534015043
2.49179644041139
2.03410356244513
1.80501044721093
1.91003493736162
2.55147626404126
1.63933115499625
1.94251798655783
3.19970338169423
2.40736604853902
2.51713460113237
2.8131525243732
2.13506429375933
1.91635567501404
1.83167199523426
1.67278867542444
1.63151558967888
2.44696920374099
1.67603732547784
3.06366934904721
1.95791404051981
2.5855397747145
2.6131322687949
2.80495626449614
2.81690245459099
2.43426974754507
2.20898331418139
2.90533303785398
1.90594781200868
1.52002644092897
2.60898502933781
2.39347417022563
2.65172312317283
2.65529268803434
1.53452910350259
3.50308082805305
2.18004644154957
2.19674232481087
2.22690026819107
2.42158734651983
2.38067117245697
3.6203944583495
1.89547412557842
1.41917371042784
3.14754274354235
2.44999253122012
2.40211919965945
2.84210690473635
3.04869392600743
2.94544920165206
2.15478741671537
4.36733983467819
2.03215403602605
2.80153704783953
2.47887266336852
1.91566968703488
1.77752064607225
2.6293804323041
2.61681636653877
2.58456248609584
2.62019781373845
3.12455009311415
2.65685631094692
2.68009480154365
3.1753024430071
2.53106117892355
1.73812100999836
2.19932285598407
2.6768021910421
2.39861754991158
2.05356026003415
1.67250401306236
2.64523358933497
2.58371600192316
2.86590553652236
2.90108137015415
3.47099303040495
2.44443115431429
2.23678722970535
2.09413234935212
2.06811880837879
2.62800567775641
2.61570464421259
3.02072816775744
2.19778171487451
2.33401825010009
2.55092364573005
2.49283525914436
2.90478278541567
2.46252417694534
2.61406724396748
1.95843339332755
3.48833304079078
2.38614986576457
3.31993197074926
1.67695062474588
2.07165966808004
2.39654960321929
2.08794394599629
3.03991589924908
2.56456088789624
2.36038536648211
3.30679282299047
1.60590499113135
2.34562982318831
3.80827854798609
1.78746572615842
1.83671673891672
2.49854353828181
2.45961583540527
1.51716421768209
2.87486476755333
3.18365101345947
2.47844201853861
2.81593595822233
1.34107488921796
2.46131761702763
2.81325117064316
2.295042161574
3.21759328040159
2.3337565673141
2.36215862367146
2.75757835921728
2.66526975054838
2.26919759997252
2.20699040329053
2.24572924700055
2.49457629845585
2.37076004815227
2.11407299480532
1.70812670880824
2.32871042986025
2.46275571632352
2.33762219311014
1.92438998882412
2.51718016098648
2.66373588309113
3.00982374313945
2.43151620741938
2.22331386496215
2.21873441535506
3.13086928789449
3.09203305709958
1.73674346036338
1.65850877094391
2.32058989999422
2.65070692215704
2.55087040951626
2.18121532263322
2.821092564508
2.64281445989804
2.00398807352045
2.43637249049353
1.89035903585425
2.80651467359273
2.23968738162194
2.73844054558523
2.75516315964817
2.38445829961363
1.75467371017598
2.03913526247782
1.83330142047159
3.38669899632011
2.53812766699923
2.51413288958154
2.47546711599509
1.43647571451082
2.82910315928273
2.75883206700421
2.4786674612074
2.64482235947663
2.36327404667416
2.15952493133381
3.40957476587099
2.49047560106788
2.70682283760289
3.45650251169485
2.28842411755277
2.43827815861466
2.34124086950837
2.50996761055936
2.93413270952542
2.62567679792345
2.72740442800513
2.40145545422929
2.74774642446518
2.60617334420439
1.55447803337874
2.29569075720921
2.32355414762375
2.51687216413531
2.55665564849224
2.74053375184351
2.9934238370611
2.63189278422468
2.0582069641693
2.4821978929883
2.85986819049007
2.43910479316172
1.94858749112692
2.4169091304474
2.31400647257102
2.32330581130097
1.95451672086344
1.37692826162906
2.88996020095649
2.22238615273677
1.99434191842495
3.76530581936357
2.36313382756245
2.8983292115518
2.47334029099674
1.86763396791653
2.16105681490654
2.30088014697444
2.54409505599226
2.50172371173203
2.46230477305967
1.7108863868135
3.52223495167187
2.68346292286714
2.26241851688232
2.25286907823873
1.47566002261212
2.57702855894833
2.59072029732148
2.33647814700571
2.52333452157632
3.08255036631545
1.96244971202808
1.6587810632992
2.58300322768604
2.74819979179434
2.38342967112832
2.27441652902187
2.11752718642677
2.47723279865475
3.38952611040743
2.39621397817169
2.63453965513727
2.21093822997395
2.47806380202059
3.09279693533589
2.85911929544851
2.00904301966823
2.69889018286773
2.33727581824425
2.7576913747805
2.7154593441158
1.92186142044577
2.27809864655157
2.5611366881773
2.56967107723095
2.46538571607932
1.80698384249669
1.49050616368991
1.785616420379
1.79474535600499
2.6703094608308
2.39368315367332
2.10296421536312
1.85682781975108
2.54909364104086
2.20917602348325
3.17124299872986
3.01188984780545
2.31325189990638
3.10638383044597
2.46115242337834
2.24830396468816
2.3852094878395
2.71965193236801
2.21242170697885
2.67310302087478
2.26650508613332
2.6667690659539
3.15402408446117
3.03407168070494
2.51366200899059
2.15649019146739
2.66142779832336
2.10918101331242
3.0963821441971
2.90928937958892
2.09137113121496
3.01114115196123
2.80665612230204
2.40976511288905
2.88765100893495
2.61217623058476
2.90661359711003
1.66103279279728
2.17786081956361
2.05827946438589
1.78037756228074
2.32262712898486
2.62307638908266
2.45023233017378
2.67706374287876
2.37800283624974
2.301624877486
2.86364903208443
3.07299981868619
3.20975144144464
2.7592696290794
2.68127600689835
3.19710186412135
3.26115738005253
2.97366371460821
2.6457500788537
2.7157143040161
2.93865529535817
2.78312256289923
2.13799699559367
2.356115078494
2.03243828136126
1.74505251728846
2.37471428002789
3.01204014424087
2.11959024301503
2.94721198211673
1.91541330743028
2.60344478256947
2.17252026395977
2.27435828432222
2.08450466789489
2.20250333488687
2.50761420073789
2.82964142406365
1.28424384826103
1.96345879043059
2.34615689674724
2.35100302770008
1.58726145526995
2.25677649547809
1.65890296885118
2.16427676510221
1.85192001524279
3.04891252062279
3.06053069659405
2.13431471560393
1.95070313159521
2.4766824306876
1.96719880940723
1.82373085502728
2.20398197391674
1.50543997078276
1.66238366580283
3.84985539720178
2.08113367012232
2.21676131019837
2.44431169687801
2.83458878132909
3.05492724192051
2.30327886529292
2.23024513062997
2.13361090659303
2.26863745592244
2.5621554632787
2.15959673218712
2.42827126700605
2.35475722625646
2.90894427003675
1.70147497636668
2.10469470075242
2.64224387617156
1.93425536838992
1.94880745332412
2.63482702667408
2.48791059738658
2.4520107705165
2.25433246044182
2.31170948978668
2.72925138790461
1.72757760824263
2.05871518007196
2.13694334469223
2.40156796429368
1.8987752531049
2.74249768328392
2.08453903460476
2.01200682219591
2.27370943124462
1.95470699313321
2.4847323898299
2.11693478546836
1.98567723740823
2.93861090278952
2.2738011488579
2.36530745119568
1.98141478705565
2.96545520891736
2.20006334828802
2.2567101965306
2.19085202915455
2.20858819129226
2.5108812801529
3.20302666142395
2.60769555942719
1.81658802015599
1.58029550449933
2.15863172928773
2.45797987664249
2.71758721089205
1.862208770471
2.2096115596683
2.10278287204249
2.29288187566129
2.78701732157802
2.43569780904588
2.73567024121083
2.98686474678354
3.80245149533327
2.33893116060772
1.34822140221121
2.76907301539605
2.26115905569819
2.8722237034195
2.2922522007056
2.56210224607878
2.66760110019932
2.13863684664512
2.31533486812937
2.10672314487807
1.55017576269644
2.574769164086
2.13608100063076
1.89130509786019
1.99920001419206
2.3337632289012
2.11426422055381
1.71545276008547
1.99674028636422
2.2808718448645
2.84935578404225
2.26130259424647
2.90294740819256
1.93862890607156
2.24991898353654
2.72657239733793
1.34331036268964
2.07406433818332
2.34009311700009
2.5691689404803
2.65655909947029
2.2793542178267
3.7772361321478
3.73710969452253
3.068027026846
2.17316371977687
2.96887953941361
2.30751625351882
2.19140224781356
3.26517752424123
2.76089362175358
2.70876859379237
2.58508975189048
1.97464086396462
3.40573858775744
3.52441774928804
2.73279729796015
2.05624359233981
2.29267550486274
2.17587519342936
2.34473778396802
2.92958489602512
2.50038256151738
1.86518778161685
2.88765418405167
2.21017155410774
3.73008000116209
2.26954803564745
2.56995695852568
2.68827467318217
3.7394687056705
3.32417453376328
2.3298913385676
2.22707436409767
2.99739423105896
2.83366406055482
3.2040772781029
2.40558461759324
2.62495021870929
3.12718161967205
1.92871814517759
1.92868890400814
2.99606461196622
2.05653212342618
2.77895997082917
2.20093120289021
1.80189766656543
2.14788726217834
2.72567824183166
2.59397798792557
2.21885284303795
2.90308232892476
2.12098605851157
2.19014408331483
1.47624256233272
2.01639417003611
2.22893000200548
2.2793637416131
2.56128856647201
2.41351374460383
2.53086003628796
3.01942470393293
2.69186854902943
2.58144671592867
2.35662490926299
2.2539857140476
2.242178838874
2.6386618177949
2.47265991135555
3.33668271918714
2.67265176306478
2.1318564544209
2.39478766359157
2.42737306933297
2.07208504722325
2.77712403054058
2.06522369960101
2.41802654266045
2.71808546650831
2.33140166816422
2.57961900452263
2.37170609183977
2.86974955840768
2.04870946144335
2.27094793337961
1.82563517446437
2.16316182880165
1.89004875950837
2.83709106283506
3.30053159853755
2.10078694488406
2.1601901361927
2.82907759725835
2.35631188587537
2.7996173228064
2.66440683872791
2.05491011734966
2.398379765852
3.46788034945452
2.01956772072094
2.96807693805151
2.45671298246035
2.62341171068059
2.50896858950454
2.27418160570461
1.82498703653381
2.54174197309124
2.45836141851878
2.78516238504064
2.8758015360149
3.07726652991848
3.07039250244136
2.74284452597597
2.8950901699145
2.64699176363128
2.36300609660408
2.96114435017392
2.67295756362891
3.41544811805862
2.52375788806046
2.82083417364127
2.63856902508561
1.37960595149649
3.51328105731565
2.80949430201969
1.80981613120272
2.38693318681084
2.51635550026304
3.70297918668906
2.62157184678852
2.39649203211446
2.81339021101366
2.24487800618532
2.27068386854676
2.512238097491
2.30873598560002
2.7953874415747
3.56873358864136
1.96694677320208
1.69386903027036
2.75358991259965
2.18401654374847
1.98599182348664
2.2786949422664
2.3691513635102
2.48587031716268
2.62170783681048
2.23236647602958
3.22638448202245
2.88913398032729
1.54603239200743
2.91992177391296
2.11965817581734
2.06572703613462
2.55238287817808
2.66586164150987
2.22014573223704
3.46625207700512
1.42558317427446
2.96035140276513
2.72485697428944
3.62563058139179
2.37513141598263
2.76645526416194
2.60413381126739
2.31642296968732
2.244828767611
2.19655396391527
2.22379282652735
1.97614062043081
2.04986600491437
2.05447082303728
1.9773575030401
2.40356518728222
2.33829039433812
2.84349714581728
2.50889641796922
2.46716859505915
2.10236514284407
2.4676582388251
1.79045729619144
2.3415095838769
2.29887282531163
1.48392039320574
1.8406323128643
2.33200649281816
2.24041540550677
1.39096028883715
1.51883551401837
3.13675838037423
2.76298096838344
2.67905388920499
2.24403106818147
2.5525569535799
1.5066732532142
3.01962718539713
2.0273744045419
1.96896794250871
3.04119663004515
2.3074479145243
1.81749378782058
1.78111112884253
2.16592305856521
2.41907896209449
2.5180070178078
1.99306769933999
1.59118327366899
2.31063299410184
2.39652335281426
2.83078534179409
2.94966480341328
1.86084939214123
2.25334504472248
2.48604679478914
2.75198587805998
3.19719115391565
2.17131896449117
2.02578688285828
3.08056370874903
1.57626335160825
2.82344621623177
1.88195645567443
2.81264660522402
2.80847917007071
2.69298568710017
3.67264016617637
2.7144288924049
2.67515616334683
2.98925783615834
2.30655343338247
2.28562475138989
2.36091909951609
1.91602635612404
3.09275906270738
2.26607169658241
2.64221400280417
2.06475825788753
2.00054520258009
2.1350331785402
2.56198562594214
2.64256912131807
2.34691784711686
2.90362667524499
2.28154420945085
2.17060747241977
2.11555301376442
1.65709660905473
1.98378239391966
2.23522869331027
1.78584110230783
1.89705766711474
2.44180103203735
1.86985401543674
1.73882409621524
2.27224785495524
2.47361368665306
1.8630038201014
1.70932322759467
1.9278877618453
2.79537043993801
2.53175589923497
2.46594592767919
2.25599750745975
2.52809246265981
1.85058293539924
3.25064756027254
1.19898442949251
3.18999074079527
1.82078797533126
2.21741301227265
2.62076140855065
2.11983553207412
2.5960946336948
2.07859390609609
1.24097405206736
2.69476136310607
2.70715780631768
2.0743815307355
2.04465036087501
3.77656485907714
1.91210533355709
2.1362477738356
2.8771940186816
2.52211223424822
2.36224702688785
1.96555958263105
1.36269399182112
2.29673796102638
2.93877789908047
2.680410973447
2.35784723607113
2.36434272908731
1.72002030654118
2.74696800259951
2.4928039531117
2.03119847838823
2.55198999034332
1.9390687080077
2.53033114981667
2.49013709294029
2.36865608946472
2.71921742130473
2.27057522889323
2.710153855457
2.4718210842574
2.24509422514627
2.8686453554869
2.17596867003544
2.61305703558547
1.99694353295965
2.43607333867117
2.18802264675772
2.76610965809255
1.53132238251697
2.62668789338727
1.94243055798463
1.89571907506188
1.86053318696568
2.21500881579356
1.92470777701041
2.5989815989758
2.41645317977084
1.74434482260826
2.17120625211185
2.60880201758282
1.93245029953997
2.56342706022698
2.57595720602589
3.40738241202915
1.52995365022598
3.0305196183104
2.08845226146999
1.86963652456867
2.00349186445557
2.37482569686029
1.98671469926919
3.14438223208732
2.03426758018125
2.88005574282572
1.68922770244338
3.01801430497389
2.90375569109511
2.29802381699297
2.80586706911395
2.38315142219878
2.05407577054627
3.14205044909042
2.53751575561421
2.8827360155283
2.85395638397079
3.22617942232154
1.70720133471836
3.34125981624716
2.91313750355935
1.67235810606701
2.18741176608628
2.71684877793864
2.48518678324417
2.69772192837501
1.89856734655964
1.85129401038925
2.61584939571708
2.42831256775494
3.1253602727941
2.66856470410504
3.48063961344251
2.16948212142875
1.92763142375837
2.32064182898469
2.1032246742887
3.31957873957928
1.6739514744587
3.09122080070054
1.92724241957131
2.82573604050868
3.53642728214804
3.45283099096106
2.38007089690122
2.78300281570456
2.34594860337689
3.01925466621202
1.64091692866906
2.55931532216816
2.22526369499168
2.52596703731902
1.74938968860161
2.79114862239714
1.96344800588941
2.83751840045723
2.38083252901365
2.75963540466876
2.22822717971676
3.16576330451046
2.79634687575549
3.13897667012947
2.44233270082347
2.3674909216548
2.31260645753043
2.24798114837668
2.21790430227033
2.40437323195369
2.74226821909844
1.90135536583865
2.90376832291103
2.3660988030674
2.36649586609682
2.37556350771121
1.81923786371217
2.28912729556609
2.14605390159467
1.47010468801297
2.6529224789376
3.36665953359459
3.57600094981894
3.04338973794325
2.74018788353193
2.73097497608263
3.1704958199936
2.35395588406016
2.33525571363888
2.38700095903258
1.83302818292152
3.28565078144054
1.64345892655968
2.70595555032196
2.5773749684244
1.91068639873367
2.58996977717147
3.10181138582892
2.44679455039331
2.55155590412629
2.3292664638391
2.44789526649127
2.62707173043217
2.40524496024018
2.07987402941402
2.74088032508502
2.61378325649418
3.10196244218177
1.73797291579525
3.55349888395187
2.36366390208143
2.1163205153045
2.60917857042633
2.18747283727937
2.86474196101871
2.87915429116495
2.49652647350278
2.80879707714422
3.04574718250347
2.29688136846116
2.71037021306992
2.82338487314778
2.21308941521443
2.66663728837528
2.41141165754076
2.29990909154441
2.67584156452703
2.69439871623878
3.80992057692365
2.40061172091145
2.40494527824904
2.99378915494534
3.08839925989518
3.18480363217871
2.15436434083037
2.33018944868059
2.80891122420409
2.96056568690003
1.77813753644995
2.47241456611424
3.10877202677425
2.30767606190273
2.91813939325302
2.34342711375667
2.84921712479336
2.6221389766371
2.53747298424944
2.27470318579645
2.68415183172971
1.84904505057349
2.74205632717651
1.85677770363272
2.62853952747078
2.4347213117404
1.99639409122446
2.76995711763647
2.91549750059619
3.08461928365662
1.78155844121457
1.43160132955191
2.41106774878722
2.08415878257892
1.58118790839376
2.48006436469004
2.08754991574839
2.07549429667876
2.52498158710058
2.57575134314489
2.81039289807531
3.05090529453257
2.6108293148139
2.40174985124684
3.44669921398729
2.08960327738639
2.09417288312123
1.57247965432801
2.28509482201954
2.6075924446343
2.34989925945915
1.56913296237262
2.10491079033066
3.2385717135811
2.52920273566233
3.3193092842282
2.34580231333226
1.95808862495183
2.67767063328211
2.49404043811798
3.46031026561963
2.60393025769359
1.66712854955091
1.86162594798716
2.76723432553016
2.52901405514206
2.73613084464615
2.66334193889525
2.2549650316529
2.17270710408198
1.85187736224154
2.7038177508308
3.0475564221532
2.18254286515702
2.81875976695674
1.84953238026038
2.36656373559554
1.64258883770073
3.1395364559851
2.54812996872301
1.8908038791785
2.68933307591872
2.51881411968777
2.72582399878493
1.88876497478429
2.76139907416557
2.58838957130215
1.67895142245335
2.38824785772092
2.51973298883581
1.59780818385731
2.35068852635488
2.15630576555002
2.24847679186183
2.20176673598672
2.78106204185582
2.94141121367099
3.78807421288816
2.35973001710495
2.62981215801616
2.54904127229808
2.29090094520217
2.06181031766253
2.96289368828407
2.51610606037953
1.72662441432018
4.18016116738993
2.53034677089088
4.24113388692431
3.32837771140113
2.64783544094237
2.15538064067022
1.73779707519247
3.02210653664397
2.98735264359304
3.19045023876955
2.78109836994509
2.57277890815622
2.48522339010585
2.7415890111103
2.15458206199589
2.63212191097949
3.65443007793578
2.51606556803304
1.41864764150009
1.80670743383014
3.17374775594334
2.90096921433263
2.07429790040019
2.36489596321772
2.44573675837139
1.47509963013103
2.22652459070361
3.40251732302518
3.19548170228385
2.45641481716422
1.1126428472797
2.44125276177858
1.87497894537257
2.67770915713152
1.71764554355184
2.22522086489433
2.13738553941252
2.16002280659522
2.1479180009189
2.30934493698303
2.48015607102362
1.89890703532826
1.96640793222465
2.82872428953635
2.09642540158136
1.42390403804189
2.15712028629345
2.73139024261371
2.56403374104611
2.93418653901667
2.1228613669327
3.00007905176066
1.82370392430292
2.42853757121056
2.81882923891553
1.99553710223689
1.6080722696178
2.80534209893441
2.48750592225649
2.10270547675723
1.7271441319596
2.37098923773983
3.21462553409431
2.36821741179378
3.19424002920125
3.2061875181279
2.64423310460643
2.04567984996087
3.28514778174082
3.10063563665976
2.78510571766703
2.36094735389488
3.4133475391812
2.29349780136822
3.09539510786946
1.73014508946826
3.81466274098216
2.32862797356499
1.97307620503022
2.27592227532468
2.75727177406859
2.65276685538728
2.1903667779684
2.24544006286797
2.58435789087626
3.6085184065069
2.56663478829137
2.99469634940743
2.00794383939671
2.55354394083111
2.84225863154146
2.44780364650389
2.98000956152955
2.38094826868249
2.27195878705876
2.006116350916
2.48454199912781
2.35270105255116
2.21792280803187
2.06053603433971
1.51966557007719
3.50988349532417
2.46511602526062
2.20279003957605
1.63792781635454
3.19710905633694
2.2524380567424
2.4605856609702
2.3329061554739
2.24998507825285
1.97174746916631
2.37914213208317
2.12847893242813
2.81613636882481
2.09612534449926
2.54759641813839
2.67286409755128
2.33381421103498
2.2519312436283
2.04055785863154
2.47367479997729
2.33187244897433
2.02379875630479
2.00622316417847
3.29803897216389
2.68863341009991
1.91813858272803
2.26302774693196
2.55694016969247
2.23724660219764
2.01992277951993
1.76288579843432
2.02626819263204
1.9540844460078
2.12481398175891
2.53194510251488
2.16058697367419
2.16817211900412
1.88718123158009
2.36496312787455
2.22276777632087
2.10845299774884
3.70553581319084
2.00977661755956
2.1130989689148
1.5355102350572
1.97819482417585
1.77801086218376
2.93772807238785
2.75387498598071
2.76992902863583
2.58476546984166
2.75593775444787
1.78573416983555
2.50194099571253
2.69295312840737
3.50900113300384
4.92270640522015
3.15785037727116
2.82453382859084
2.33889908257653
2.62998136867547
2.58489862351515
2.58303768221668
3.09428392903746
3.21830118369367
2.30508753648097
2.64445568429915
3.43169837857693
2.45254157428821
2.50378316559763
2.16509392843831
2.85706942550429
2.55892500851916
2.49939402213126
2.2472160536302
2.58720445405667
2.86612494781654
2.4493943125852
1.46964050632824
2.25285132211559
3.03729243078
2.40083553719543
2.01955297032119
1.23155421078156
3.00636563427765
2.29089653169218
2.84492561968369
2.6593553448144
1.61646230116909
2.58334883761826
2.40310993299249
2.04485449204744
2.19679704278524
2.47800734792965
2.33819659382541
2.98860414659128
1.83645129134042
2.43413696762089
3.04087647253637
2.16569712594927
2.43849986194801
1.81013621143284
2.66096315545196
2.42361287098752
1.6571430170937
3.03469728319448
3.10338014128136
1.99847657252822
2.48194327719747
1.50170525409438
3.15841352375938
1.587107274412
2.89888669362902
2.37066786086577
2.16298544803788
2.40073891212035
1.5361507716839
3.16308630709705
2.15533355257176
2.85857194542578
2.62749122163561
3.31205268477739
2.26971302520366
3.27151095550009
2.05242988682511
1.43659753086239
2.76026638435222
2.33587833404476
2.58462458492959
3.2118686087531
2.68625706232236
1.98401309878578
2.41268492644611
1.60673898759345
2.72344157921005
1.99401676111468
1.86772530080153
2.61489337007049
2.57878008194829
2.2312206075024
2.23189037384438
1.62542115377819
3.24715488895191
2.3356396432693
2.70440631721814
2.26174806762563
3.11603418678033
1.69406210284834
3.51158606225325
2.12619286792387
2.29211888959985
2.51554412211262
1.60501541741542
2.24873401652165
1.67003721780885
2.47086924847822
2.05511327070042
2.0952412613029
2.88921152445728
2.69263956128554
2.20251647756785
1.80554219493437
2.21284652426969
2.89646775329752
1.98759000162778
3.03947126374032
2.54609381477158
2.44049151490843
1.92938266259999
2.94183390484726
1.65850494888073
2.42342809459077
2.83655360173494
2.37510090070806
2.13521151235275
2.31260943677069
2.65923222920922
2.36409036055627
2.6608055148299
1.98934371899315
2.87865773737367
2.45249707739656
2.30610342735526
3.04989069793123
2.32532750474175
1.52821913077244
2.75366755003792
1.85423350807927
1.98481337584441
2.74755816894763
2.64829572362669
2.32159842850582
2.58335695163446
2.20069755145683
2.99997962766064
2.75432256482701
2.09401520320463
2.16367693572271
2.28629909723307
2.54427595743705
1.59881869339261
2.23040954994211
2.27724945778035
1.64244189184005
2.03518441483608
2.6414619618453
2.21069027879187
3.1382249447036
2.37772968215998
2.00076719171312
2.37644126796721
2.6498316601118
2.64187316619124
2.65659865948062
3.00056521493899
2.96256677220012
2.38391985760652
3.07306913984576
2.09997530820392
2.66062420633943
2.31718080911314
1.99532408189243
3.12611193845955
2.46156876928974
2.9320649851594
2.91910712249274
2.11902029321495
1.83385127020105
1.73801255815528
2.0971502843041
2.26360352864795
1.95017739769177
1.62275827586737
1.66729436250395
2.84960429722305
2.41548641712006
2.05379608374554
1.36362506166884
2.50673601172681
2.47258210735078
2.89283603713884
2.65295691737522
2.54928068750244
1.74602484955648
1.6868129033313
2.67879358060204
2.71151416756242
2.50327651796887
3.67139427108593
2.38832949801054
1.54479441461044
3.05006836835144
2.2151566712994
2.2671207786685
2.15887128442691
2.3847301705408
2.16988873279478
1.8442901334658
2.31833281344623
2.92739003438928
2.53241734798872
1.91423241121802
2.02941687467224
2.4238407591689
2.66103052219444
2.58656184502039
1.88577808327994
3.34966776052608
2.73349879824654
2.3272664668439
1.80513996221162
2.74985987068032
2.06522880547404
3.23503638778443
3.02010358995489
1.63306518258345
1.85512300148105
2.7574436758303
2.97825552848726
1.91845288769579
1.75426189755256
1.61880186257666
1.84447248256699
1.99914827781036
2.6730731507226
2.50739500238646
2.06432880324714
2.14982928829184
2.97954297735204
2.20547967695515
1.89255069701923
2.00817279998827
1.7291613283328
2.5886512789252
2.54130485534938
2.49239096135587
2.30875789825914
1.16042789505532
2.16147381315314
1.92720307559527
2.4637931519963
2.71396929518242
3.12987381048331
2.99109251048312
2.79769366982546
1.89139354879567
4.26242570856343
2.9797175754242
2.30453076934051
2.28165508024691
2.13323924992178
2.17131005507662
1.92981209111708
2.19542853548769
2.47300022697562
2.60245992882809
2.6719942507645
2.28537180557874
1.96688213469634
2.85248065752719
2.50541699231276
2.87157418695063
3.40355728307702
2.35919657116764
3.17174963124977
2.41991303904096
2.92014012243624
1.81855845864505
2.61795271404016
2.36729375816146
3.34512771265814
1.91541911611827
1.75108685509922
2.1941350944582
2.4138472931138
2.91984443014156
2.56094885177754
1.94189601641856
1.90556678188701
1.60579218059322
1.80370614463178
2.4725732545089
2.87351556962669
3.07686965666009
2.2510406406764
2.66435831502158
2.91613834032932
2.82152745778515
2.22295142824435
2.91115579950197
2.98294733564162
2.31898390567416
2.60792700477289
2.09026336016957
2.22822455230989
3.24729451904768
2.00035652704076
2.44625528532856
2.46010376272847
2.27745367590551
2.28261560586421
2.13592744794004
2.43410633581834
2.41996087328323
2.50712862305871
2.10846502059104
1.92076201502258
2.71505113993105
2.48529393168377
2.49202416290786
2.65714994153302
2.1531822623412
2.591883172493
2.47339788658324
2.7283643791685
2.25150731278987
2.24646322365926
2.40469604728624
2.11987361459529
2.62753845012262
1.96549752739299
1.9539258496785
2.4484248592812
2.17973085404839
2.73070878935213
1.90415470557117
2.09425438856135
2.2549714959549
1.84884699017701
1.91392907399087
2.10096665028672
2.42548230756029
2.95395160813864
2.49593565189464
2.47715006365415
2.68762104273496
2.06457433308191
2.0832778561128
2.73411907109245
3.07276100693149
3.41927965391284
3.25499598065117
2.86454023255691
2.7724578541842
2.06472637681352
2.33915410163051
2.65395730524181
2.37225993127758
2.60617115988685
2.49996491111952
2.24747269110008
2.29573350577484
2.27043915413893
2.53785792688405
2.20082333175406
2.20996274189677
2.56573677570376
2.337585098115
1.45079697639035
2.82641606480338
2.30941372923273
1.83474329343747
2.79170987799075
2.674287580382
2.43364064430308
2.67911992211144
1.43726155754863
2.56806059107567
1.87059028809696
2.36267659786481
2.60530665506204
3.07678033213683
1.8585287659583
1.74687238955059
2.8142637321521
1.90990607733912
3.21241388122224
2.238498079662
2.13588310377258
2.60525363769398
2.61345973501199
2.96062324553401
2.68253411844395
2.53323460203684
2.88955472297804
2.03469224520205
3.49194554187291
2.58574715346675
2.35511027562764
2.83421921736299
3.20545058891978
1.9589599096388
2.05917498367906
1.59463076718959
2.37869226885737
1.90986318716254
3.44545240844462
2.80185940575648
2.12754008272621
2.52160017354411
3.23611297799772
2.90108511211727
2.98140007961411
2.03710729743647
3.8777363289941
1.93574999881888
2.55717717124877
2.82083173647733
2.44150129071341
1.96291497394566
2.41802603544817
3.03020836148999
2.93891426784742
2.08774215331525
3.95112787335504
2.60355079919249
2.31166863416374
2.91693687421199
2.08897933959262
2.17153956474637
2.019856616947
3.16927538526433
2.45659323782105
2.45755498660048
1.84747288161102
2.35904361500844
2.48198775976396
2.5227417231569
2.54416258353849
2.13631674115735
2.7818013875355
2.30662957891793
2.32859877014674
2.50435428952513
2.00137207775163
2.64055007592188
2.36595777297397
2.25090527486473
4.29574311852646
2.36335954769311
2.57991124252089
2.24906639634133
3.45766975702982
2.7238037520651
3.46068470650036
2.65203725972351
2.19748064890818
2.43702914655234
1.49011710083059
2.70075947766687
2.97501230502405
2.45744695622926
1.84746723814958
1.93450379472997
2.72857252606882
1.82724860642844
2.7858452415338
2.00347633609665
3.3380603388882
2.84142902441911
2.33466596187208
2.49819360127339
2.78710866376314
2.15646989359843
2.41220040578038
2.62063154075321
3.43833201437508
2.42442819961713
1.61050403156598
3.38948339916206
2.68516708869188
2.81732270544401
1.76684780653415
2.30056973856002
1.66735346426336
1.85578458604279
1.91337969212386
2.32890582946164
2.17677621613714
2.22830241478992
2.14472769426178
1.45648760697929
1.81276474760343
2.55216672998707
1.47615757276984
2.00995857828539
2.22052438820914
1.6569860470325
2.4128517352698
2.52519115441609
2.34146227870751
1.96495327794654
1.91945616711411
2.674912575169
2.7857570353598
3.02950323761421
3.27126963989746
2.42559371084276
2.64978559857652
2.30667849777897
3.12858239280764
2.38793208670314
2.50795871048174
3.52130165751815
2.30280500957706
2.00684211686673
1.76340449419655
3.12768865749738
1.90569806848784
1.83217275392908
2.55246628610197
2.12853859314368
1.90784960938225
2.10276584947134
2.04797457792282
2.23769618600702
1.19510342608721
2.48780160824193
2.50523391168261
2.10757176977149
2.35935849544304
2.59704377654301
2.16898614024779
1.74452250671118
1.81272399537027
2.19623295528374
2.91186928247647
2.07860648662844
2.50242218233703
2.25796582063936
2.04882317743412
2.07201104042858
1.88776242592939
2.57369679594771
1.44508427196922
1.63054160706992
2.04554661848811
2.23460136622976
2.73735943101866
1.82829981570722
2.17815846282176
1.94577979353617
2.57722727837449
1.67118197980211
1.51408007455526
2.20286645412755
2.20974777906833
1.64657284616826
2.62318369300736
1.77447205464912
2.03358861590767
2.01083703217731
2.1728344533004
1.98531329757317
2.355890645832
1.81211500270904
2.12386321656883
2.163230774194
2.11385598793757
1.88429391606791
2.3060118738931
2.03984273352578
1.90207360762507
1.71375990225804
1.94259651237426
2.47791252442073
2.42319711976504
2.32826481154668
2.25287056191734
2.65542427508841
1.64118522498352
1.88914414128017
2.36208809429682
2.27985138679716
2.21782786350802
2.69477691465884
2.54721874204195
2.18837724546933
2.41144547837355
2.43309548248814
2.12418411296208
2.24951786344849
2.87520229407905
2.17162728938167
2.29980175425151
1.84336478823749
2.0153664348097
2.34131822478296
1.63601784865238
2.64907341402167
2.13764412125964
2.86697790618468
2.78502901123292
2.1826245361277
2.32643493496756
2.26351349543205
2.6104860946949
2.29715836958674
2.07537689885418
2.41177770376893
2.52484944007578
1.8495626378499
2.04544526169493
2.38013259500651
2.44823009703371
2.3847665031525
1.70265540177306
2.50219382843409
2.74484152680177
2.64042172704942
2.66169534706508
1.71006266528122
2.86177098424881
2.28264536555709
2.06133037403069
2.06318176797169
1.72433443369431
1.93262171396532
2.55870968727508
2.62062974868765
2.07041219741273
2.22805067115442
2.61526224509565
2.21904774889166
2.30740914965806
3.00338106522073
2.0000544038995
1.69016349042618
2.14835830877234
2.42450601053434
1.99643254558893
2.77683578554856
2.3226248052092
1.95973623745544
2.39905264613124
1.95969333334953
2.12870173385517
2.4129356835727
2.72325495283457
2.11769632167644
2.75874137034803
2.01190112186974
2.9124345366041
2.3695775316945
2.84626898987932
1.3593698614135
1.90237264456841
2.6833409049259
2.59042186727243
2.23790391971964
2.26725076097507
1.6699183657947
2.43729875800659
2.06577867835397
2.60697223000246
2.7679893554471
1.92114294317266
2.2803722164096
2.27695542881813
2.24137068388559
2.60151860558456
2.49054670297798
2.02462621897616
2.17927186092889
2.82992242486537
2.83103655635911
2.08991541297688
2.84958108096701
3.12350852319608
2.70107845748043
2.3959201139832
2.50332118168493
2.13090319863629
3.06913429670374
2.9101252835774
2.76257849360553
2.57802492697221
2.34019600924146
2.44153622503772
2.29339238286453
2.65214397263152
2.33965034573747
2.6658763696416
2.13180662823089
2.98411798292131
2.20364395334391
2.41565952927474
2.95465962437266
1.99826285425538
1.88353349960492
2.59875470036934
3.03854516466296
1.92853025167528
1.86539142179174
3.51646411941452
3.58523395144972
1.76270884403205
1.35792305810131
1.8460817670859
2.13503788233631
2.26826736536935
2.111985424702
1.61136286809269
1.44233211935114
1.92162856216277
1.72549058431866
2.4238436596556
2.43063441346142
2.10295961595974
2.53420072885101
3.06002780559166
1.9309062917203
3.37090991487655
2.81623256050379
1.46686313099733
3.17287228759821
2.10007557054778
3.5240560136633
2.49905286089198
3.06771748400336
3.13935910454168
3.39133833434495
1.75132585152709
2.43160722161232
2.69070057188883
2.11314608865343
1.92315990422345
2.19557487994024
2.46951461577949
2.18082583264975
2.80477551610912
2.79304668398633
2.61189968296977
2.19690302665301
3.3381864819876
2.29608078133558
1.7418746014046
2.17463352552598
2.09562924357853
2.57954390825315
2.8586930047021
1.97369935488142
2.37372572517247
2.54950428605911
2.63879373725301
3.89875716603178
2.83844761424117
2.33048652647972
1.88623060380682
2.05520278655823
2.75458269982074
2.24759452446129
2.45007822217986
2.66227512014448
1.8860246629672
2.21666221352425
1.9296019620786
2.03839038223073
2.75796227942201
1.96701132537209
2.14215770235212
2.51341457386405
3.00986337308
2.02653967273438
1.88357677381139
2.23013771142683
2.78648177107956
2.23839747225479
1.87668597035353
2.66359620100707
2.33911912648737
1.96510550461581
2.38596328606035
3.20329241973393
2.27219029980306
2.45366371273541
2.12109721982903
2.11368560106624
1.90502050763927
1.19660006364045
2.23323420481051
2.23427328573068
3.08393001481144
2.08576426969658
1.96703871517954
2.33157766049506
1.93275084087434
3.01807142965666
1.92605402195099
2.48912559426497
2.34453442909976
3.30888129596502
2.08660955142898
2.65465902036305
2.20874466941367
2.68808241720579
2.7101624524053
2.22590512202437
1.96617678973702
2.33285154376627
2.32195743835835
1.83302573349762
2.13891796523584
3.90474772311905
3.20284176928022
2.41879905017496
2.58734860030917
3.8977639876085
3.64726137219833
2.37744894234866
3.16226183549499
3.67985765158308
2.04805113179644
2.43395569782265
3.42474262002746
2.50194447185931
3.09436761606381
3.33363248271369
2.28569372792328
2.33162166154398
3.63652371647383
3.23570166740005
3.67053615628574
2.77187203241169
2.48761644931812
2.66008664539763
2.73843691442923
1.98141519917542
2.38881185676193
2.03649694850163
2.74357075005544
2.4550290072164
2.21655922478282
2.31261753519358
2.58478957678607
2.50833271538488
3.02100478840111
2.98500819359621
2.7421742684761
3.17537464574649
2.28608597148791
2.53097319499083
2.93810043094891
1.98072484371026
1.55817795017499
2.05974128513543
2.09578389428487
2.10353663697554
1.76916966678955
1.94527799221608
2.15578342286551
2.61244471984828
3.17368218975653
1.78281635938636
2.24525540390086
2.79867055980486
2.02728013556263
2.24622187421317
2.58140898787757
2.81306557592989
2.13696190305007
3.52533092202335
3.3987506544225
2.10201834855289
1.81928689430663
2.75210034264187
1.84628381004471
2.58409415110593
2.03039956437561
3.10531490824144
2.88268335626113
2.07013744570511
2.73742989262636
2.74578086940442
2.51753270640338
1.89346966595125
2.23825609501657
2.41605301282397
3.35323396565405
3.47670118127477
2.91121115185072
1.75545196113985
3.61771854809233
2.65728282179787
3.16449642606376
2.50433238284713
2.72907797141422
2.64706536123866
2.4203342842626
1.77471323338125
2.25227041672278
2.46594284910972
1.9336896042996
2.23170986564143
2.70891203078227
3.20405746639226
2.023792225134
2.04378764598138
2.17518733439316
2.47910320998397
3.01266256673166
2.23899031096405
1.35991854031056
1.95683215250943
2.59327930083819
1.5011313903447
2.53234798982584
1.77959489241671
2.19071297970287
2.90454679463444
1.72768696116288
1.94547084677661
1.92559499462944
2.41466095058028
2.02698215666629
2.12240054421472
2.36029045139737
2.32808958834128
1.3319287448188
1.57706951992714
1.89867114416128
1.99265631899618
2.86609492708326
2.33579264787127
2.07291664239404
2.77633309143595
2.41623447396757
2.27468234426225
1.81680952551322
3.0629855246106
3.86630875273249
2.46338691655018
2.42376605563229
2.34872452623358
2.01427220833607
2.74941542137172
2.8535881098848
2.22667529012706
2.16987598322413
3.18923144867244
2.50241972861724
1.93705577595788
2.51226573153051
3.09566980581455
2.01622413433488
2.2578447614712
2.49515855399916
2.24030990840474
2.70181432689365
2.60018190121027
2.43721155113039
2.17133502675198
2.8776532081361
2.99796077965001
2.30464566321387
2.24526142080974
3.01617489975478
2.9505645962225
2.48628942678203
2.406865854679
2.23304799262785
2.63313980731004
2.78669716818261
2.12674027048999
2.01313463306294
1.12397335863649
1.91217802847485
2.42918966310882
2.23948262159808
