3.49897758170832
4.75935460558474
3.51808082819699
5.07473906969806
4.36531783124626
4.44987428992121
5.01307820708
4.24733265962187
5.2497730850497
6.07818430763861
4.68471876637528
4.62383867282935
4.13537511710242
4.7632157912447
6.09212856559647
5.50729534495952
4.44244145110346
4.49464528349547
5.42603772708743
4.91635638037464
4.41310881749492
4.8929223859137
5.30406209543779
6.42473593979734
5.78655348229948
4.71399996479687
4.6457484464467
4.51260274505909
5.07340696111927
4.18009208033771
5.72990707305192
5.89314396241643
4.38456914943823
4.52399029854623
5.3048313968728
5.37643310097364
6.76927972471009
5.06966949119771
3.8585482877854
4.55567611804062
4.40273677724452
4.27307557741804
4.55232986242046
4.95293863632839
5.17128700765324
6.04524909171422
5.20509580373578
3.53190776503006
5.03567628109179
4.16264741362595
4.88200701430435
4.40738297616942
4.42843652558802
4.38102818402588
4.16159981331408
5.50092554615402
5.72253010037292
4.83710739013725
4.97468256305155
4.91288245678471
4.74758715940838
4.76886902790687
4.76723772313233
4.38889811633678
5.76437018098165
6.31565967413571
6.04129097534006
4.08760188010839
5.08900828093647
5.26553349429256
5.01891273764837
4.34702990117937
5.43525834777196
5.01562044857179
4.81908861952651
5.061003548136
5.70344291936663
4.9575799232615
5.0319916902207
5.12254042832647
4.74717984465906
5.39581394711787
4.91459225620649
4.32868979151557
4.09434981959937
4.70488660092578
4.18632222398212
4.63647503586149
4.74385537054498
5.26925718453326
4.20905441089487
5.17255556390486
5.01971725876905
5.59478564330917
4.77604851773443
5.40575910212225
4.73665337307766
4.24960164013728
3.98487388795497
4.63751014834456
4.80498105934206
4.03241653592763
5.1827838129752
5.23553725181474
4.73960589130722
5.27758543244516
4.52340982095823
5.10623556169842
4.04927460276124
5.30355200302247
4.85892601458774
5.13995117093025
5.56691242271368
4.82703358119292
4.77582583589956
4.46944260176798
5.29740412700602
5.01396158885296
4.24990044168171
6.34488220299336
6.42695583029315
4.31965517957277
4.55250116658579
4.88361183219775
5.09366374961268
4.68035466566239
5.343901898375
4.92165398607588
5.23826394977967
3.82947657104654
4.9783115812961
5.12581598392068
5.23719026986616
4.77361050022017
5.03013230640818
5.63007587839883
4.75044470026291
5.19552515573529
6.02868327612644
5.99778099263023
5.34871162895112
5.43157971518652
5.55287835620602
4.83730257314764
5.56650569868375
5.05119349543346
5.65796355798303
5.68443695357615
4.43719171522708
5.6319524659491
4.9745469241137
5.34769864670322
4.393137636884
5.2088507885934
4.52545534455633
5.36597006802399
5.78400841007139
6.28894417186852
5.68052699912124
5.38030235228133
5.06944876020952
5.15162729700332
5.23930145188811
5.16659339788892
4.6148100044045
4.83989380591489
5.17411820274596
6.33279101634044
4.6809716979031
5.42069780210744
4.9180654901518
4.49257223536907
5.44023486284312
5.55919274970746
3.8737629606927
5.77878047593084
5.21427110387159
5.09583162114511
4.56841677483579
5.80628728076588
5.17290373577555
3.53440821038549
6.10293139413827
5.7435256967931
4.79527620916624
5.82864269647122
4.83315279974872
5.68676700783347
5.23076240704108
6.37642791507343
3.62419812277886
4.43731554364559
4.58791051127355
4.45415670585279
5.49302348761571
5.05836226503532
4.45219814372158
4.34331970464549
5.00664289445407
4.56107299736392
5.16049183138831
4.96530097849892
6.02946780426926
5.78826125530266
6.0881553039504
4.55729771988755
5.26360113585012
5.02806713273184
5.03750557242217
4.99499402963966
4.12330958089873
4.94238438648149
4.80158171059543
5.1647690937278
4.0030880294959
5.62157749976085
5.84206581122482
4.1046436447877
4.76311359730503
5.64121618525691
4.46059086263989
5.13825638735451
5.26722842847063
4.78036199732387
5.59734433398788
5.81371486145935
5.04825509697101
5.26955366085523
4.83801372339211
5.07952609779658
5.0709090476
3.56185953838046
4.98276425384071
5.06996180570752
5.20046551297134
3.95057624348752
5.60021048335295
5.57299372146931
5.85402045293429
4.01621486033731
4.77819185517358
5.32055643418992
4.77156350038525
4.37736252217756
4.97903118725467
4.99736331833946
4.80385708399047
5.69657719487533
4.6618467659882
4.01085813708447
5.66114433111304
4.72431617828848
5.33614670105012
5.05378952153922
5.73051139868152
6.53436996297908
4.57714532408083
4.41073332676288
6.38162172846615
5.38322340870975
5.23316381746858
4.80193851552977
4.3877584208789
4.33162267730997
5.24824348686354
4.65957220928979
4.259195097608
5.10529633086156
5.37262796358339
5.36392084365456
4.80100245070609
4.83119484311475
4.60333630468617
5.05175324324668
5.90582954795061
6.33580694159086
5.43214214839293
4.81711412037468
4.70985080857713
4.66216954764556
4.26075749438904
3.82233569066186
5.03248968085263
4.53916146535584
5.53892858327887
5.39528700174071
5.22442950431129
6.33693480318739
5.15350520485555
5.5777373323279
4.56839788146785
5.45175965718498
4.21425508779504
5.24563462724821
5.26345892762801
5.88094899209865
5.71120333847225
5.0231754951683
5.08986036404226
5.41099077140403
4.60083088015654
5.18298412159244
4.25074266614273
5.43245063821208
5.64132654523134
5.18675844110419
3.98381708082424
3.62047766414045
5.01768610289657
4.95894874467633
4.64823497791176
4.38552508822141
5.8533514801284
4.91129562368612
5.24049109872382
4.78063503408382
4.93145444679742
5.94002171583668
6.07585909764296
4.69787524535119
6.37087461440731
5.55147915336624
4.99551453846589
5.12370075401946
4.7976215356165
5.27613515505011
5.9719853280783
5.04638414412349
5.92836017100153
5.35340169754883
4.6093001655328
6.0349774609793
5.82657275845447
4.84963839203703
5.48916637690847
5.27476548399099
6.70926790504795
3.66065593342151
5.48329408607579
5.1960160511417
3.96699745814104
4.53515393224341
4.29060404277962
5.07180784853151
4.45420645864033
5.29888282550179
5.97713233066435
4.27712715629591
4.10376737102992
5.4714488083315
5.18125960431132
5.12170622738373
5.35556669829643
4.44510593371988
3.85403802338869
5.96099359525734
5.95057306853283
5.53728137489025
5.97373096693132
4.50413533187182
3.98303717538205
5.30767478162306
5.24672450493648
5.04181527772174
4.34271563592125
5.07315535720288
5.49671089689577
5.71210803179523
6.07290691377889
4.6915671984964
5.20613714424657
4.45953844829413
6.12675603392681
4.34194938316362
5.1625613441755
4.64983782456803
5.70683101394405
4.73466147236391
5.16705391702307
5.01343774480606
5.63936940917678
5.52454311275299
5.03969619354384
5.78980347997615
5.17683678191043
5.52248690400373
5.94224098371812
4.87550500101431
4.84320802631897
5.60836954730714
5.45174714260089
4.28927826430502
3.88131141766599
5.37190498736291
4.77383319797847
5.68861514156434
4.86499287700642
3.12506687862394
4.93861597456404
5.14393636739339
4.62736621515005
5.39360612963641
4.18342790197442
5.15002811205033
4.70557842862977
4.10695158606061
5.71070113184444
5.16816166004459
4.63333512313555
5.79886728556647
5.77889445162247
4.37266774625303
5.42086223553018
5.36800770487033
5.04119450970146
4.83839137594452
4.34144364872108
4.26382287137772
5.19535581443197
5.28203580728221
4.393856210422
4.24814848898567
5.37231733080934
5.15978478874801
4.95953563564092
5.91584244195035
6.03873094414501
5.59685020694173
4.37255863999214
5.03056673346064
4.6773438168475
4.50722210694937
4.52073194463419
6.40299565390624
5.21665113566202
4.7574043498342
5.39130789662132
4.38129317409525
4.51846060676159
4.51881413168741
5.41164871311094
3.26582134769331
4.67220076005927
4.3475014191878
5.49934695744969
3.82332119460511
4.95824986130156
4.17499828172747
5.71939193739613
4.22315017241202
4.9523210828779
4.50631369803868
4.35336209137525
4.5827674117589
5.33865324809179
5.78049687917578
4.93293211674666
4.65434496975748
4.75416647210451
4.59713958971242
5.66627501636942
5.03614983783971
5.13177101784385
4.18927361854924
6.59410840226057
4.51339677562518
4.04732665694717
5.02135025271203
4.99761564931686
4.95617840940858
4.83168712658166
5.57404585199018
5.08156465075944
6.45740512622028
5.04725491760111
4.09764168322969
5.89043019749501
4.73647387551937
4.852208480891
5.27406996980327
5.66562855239299
4.63858400317736
4.82206382210033
4.23828721282197
4.995470892138
4.95910332456712
4.98404412842319
3.93372636977035
4.91154456422849
4.96817937428209
4.91717401826691
5.12279382185196
5.24345956050219
4.97784211762738
5.3613335438481
5.66957431546409
4.8285161087965
4.56689471412148
4.21053833793528
4.90490245728571
5.29329221996266
5.63905129905561
4.12683513448934
6.15397368170498
4.83782392450086
5.244526764505
4.59047961062315
5.37947105094102
6.07186855159362
6.07567131243984
5.18855581196516
5.36050844695631
4.86845002918634
5.57445512077132
4.24494059458707
3.75723080506352
5.76945255588677
5.00018565589545
4.65057296532998
5.84714092630253
4.7555660693759
5.64755008199203
4.44299933287563
5.07571302722108
5.22405980996833
4.62399616070088
4.05166917908939
5.21662166917818
5.23418009496445
4.9826144705281
4.91069547003242
4.64550769591245
4.84222970605113
5.80374658764182
5.23776789930984
4.21014890648945
5.27797709982857
4.93794000632399
5.43656900955105
4.97403795472421
4.87974107569119
5.31153110380981
4.9624572449244
4.10766996395786
5.32108092400555
4.63123533536684
4.93462648106731
5.08083922042691
5.13673347687627
4.02935850614092
4.757771648423
5.74254912312083
5.167138036529
5.09070859394951
4.38968232799603
5.51287384553101
5.31129596410373
5.37894707295833
4.14455232390168
6.12108173875398
5.82539421264213
4.5157256733105
3.92072792708649
5.58805964667373
4.61022538465851
4.73530541254914
6.23793930370408
5.20027180315613
4.39438560766171
4.56996583750644
6.10866048067463
4.5045276150662
5.26020178976314
4.56704485276123
4.03927336030613
5.52512516777452
6.63899412185706
4.74466131145809
4.98950400769398
6.24649808160141
4.8256391624141
5.14382754670654
7.14624739658103
3.44751338003859
6.22174955614445
5.61579017134945
5.72839200278033
4.90876970316911
5.08716267189257
5.20713591088781
5.74051453010836
5.20883419957786
5.4908267474306
4.81748090817791
5.80494715797747
6.33989852780966
4.91389072402675
6.57567744242877
4.67982671301656
7.53810410592935
4.51767053032099
6.23346663241908
5.15624782153451
5.28050718381616
6.01202061380355
5.43143700786986
4.70617238337867
5.47044411137552
5.37854740174559
5.58629578976949
5.34541011292561
5.16321717427939
4.75913407089604
4.44401824323088
5.20604893354758
4.51532622394774
5.22150093125531
4.9588283961437
4.77922066494344
4.97341372973895
5.02325753583363
5.40464247690357
4.50620174192118
5.55825383657599
5.32287928366243
5.3983653152698
4.54414532364266
4.89224264312993
5.65893988936307
4.45175177649736
4.80245621697712
5.17746125939738
4.3262659510731
5.32727457051721
5.22010216603433
4.82728365677408
3.89439767787835
4.28402199720571
4.04174908405862
5.07653651114115
4.91328949851914
5.89576536316943
5.60174961460189
4.11189629479366
3.99372157782023
5.27042813372582
4.67971085991481
4.19342180068426
5.16676816079189
4.07073819283031
5.36458266298631
4.81637130856871
5.31755166751453
4.34381203246227
5.68221731993686
4.34159843437999
4.86254091378279
5.54117505690677
5.13224439933394
3.91803647014961
5.46232979403679
5.33536761894593
4.67682862427252
4.72080916385961
4.02249929475987
6.72889708843124
5.16612159554921
4.46672316930085
5.39784508647357
5.56735478484494
5.42812395275098
4.70852076047172
5.41460485948736
5.48953391077793
5.67670774193195
5.26039400774434
5.58555093406818
4.64405174078786
4.34963468026195
4.17281188054052
4.25756998848419
4.03487476390028
5.07335831103668
4.90643869685694
4.67701792222426
5.7670042653469
5.42999732517259
4.65559702256743
5.58978840056122
5.02251388838728
4.22341449854576
5.04452773437564
4.9922239553332
5.57598257815376
6.04912547329061
5.85281630480245
6.63334769813373
5.4447746535338
4.51596122411802
4.37691071582781
5.12520482349029
5.53951423274943
4.17409990399043
5.20084172271904
5.32268920335781
6.42562572300353
4.12750393259895
4.69387597052186
5.58984878102686
4.67234731422971
5.47653604215852
4.74220915504176
4.95881268659644
3.74833480057864
5.34825329226116
4.86543023971042
4.36021848912675
4.8753959957656
5.20763924999026
4.10581730521702
4.37484806323798
4.67864261500701
5.6323731456773
6.57200620063888
5.00530148472881
5.6673675099962
4.4449510888313
4.57237353858983
4.47507044789569
4.84199445243425
5.08475675841297
5.38647707679125
3.97909519669895
3.89494264894031
5.65514788651396
5.28054521136933
4.90465095290856
5.1668324499948
4.72496434911923
4.97339266327588
5.25947886654711
3.78332724461179
5.16164857267675
3.93127837071609
4.90685647975536
6.01370309860048
5.47583227619845
5.45447989030969
4.8778819403934
4.9507681673484
4.41675163043202
5.30981868364048
5.31683902385644
4.87027998828734
4.30474759537606
4.58934187179723
4.84798745492182
4.61761832970139
4.5264406430406
3.9736372741391
4.26407329996103
4.62104702706577
5.47820952326538
4.59693088700184
5.41092716440854
4.85904901812968
4.77064156752026
5.30904212135646
4.72238791036118
4.70017748132416
4.54779243950834
5.50497844113714
4.80947312158773
5.20483464281221
3.87096663235453
4.41407882334957
4.21043896265762
4.47726089591401
4.67466499956717
5.32890911944961
4.81960827371547
5.66543572064041
4.4617105314546
4.81985389048984
4.53441764401754
5.41435627738852
4.55717913634897
4.09161143477767
4.5802034560523
5.17168927564493
4.24049982495361
3.96867834314107
5.14175359840758
4.09091307222485
5.20743736670542
4.72250960784844
5.00198646554336
3.98523858236283
4.72167842562408
5.07535036009831
4.74688366583547
5.35911260097337
4.43704742162446
4.38342212529043
4.29053248975027
4.89953668614098
4.44789965640717
4.8851843641427
5.05095294712309
5.21364390329507
4.87757257488994
4.74669245404647
4.28709403636546
4.93961808254772
5.42841412772153
5.32992481008028
4.86458534197503
3.43494695735754
4.60807580560103
5.2776681865311
6.78602672904462
4.70972002642516
4.03859173730206
4.54279279424596
4.48183540471912
5.04891398776326
4.06761245599075
6.79313100976828
5.57349277840549
5.46300198412125
5.87349425793643
4.4382818239597
6.3534603163103
5.65394727705035
5.2843436268523
4.882672788943
4.99821735471106
3.70700650502552
5.51988035375985
5.36255750347166
4.78253066519032
5.28686562840834
3.77137688279557
5.90660562739222
4.04251033791687
4.42340558502595
4.55316919990916
5.07536159735553
5.32999804822791
5.59621624135388
4.16574848314865
4.81216388451991
5.48203194068041
5.17371939183423
4.4566489282589
5.67141426640518
4.93210989291903
5.26183212679225
4.53091788346314
5.60834505488538
4.42489603363269
5.48268773103363
5.59582018645269
5.92492465177127
4.37726106109775
6.1344457465335
5.55934886293035
5.8633068422595
4.88584391938004
6.07139346615083
7.25882084250966
5.43388490571531
5.37278734285956
5.0573433990668
6.1818982491127
5.99967485634053
5.62433886585987
5.27000564689043
6.22712280790123
4.77729360616715
4.33201952907193
4.0942852481858
3.72421550059299
4.65785750449226
4.26371765571678
3.41902321139525
5.03052940321811
5.6764807967707
4.91371602343107
5.25242345199913
4.93100054105531
5.08111018466019
4.93358013864174
5.1954977818055
5.31775263364318
5.84432148495853
3.9947447234901
3.89329424826933
6.50492148265105
4.80999416719028
4.40785331616647
4.14080319450475
4.83937470644216
3.73061976156484
4.82665855683241
4.86795631954916
4.53455125203404
5.24706892065852
4.84351019287182
4.55877946638632
5.00351914534962
3.63481853615218
5.44571111584624
4.86510880522607
5.13601405945539
5.5821739645886
4.50665086956005
4.87873033772164
5.1108231401912
5.97560554247176
5.05196513160173
5.122369796827
4.94239869498915
4.93438386346013
5.20154406827516
4.18710115996518
5.85270244683925
5.95090611313348
5.18120891773884
5.44983086438513
4.76031165828687
4.5589491956814
6.34231260433355
4.84104846432416
4.82256341813569
5.35250575825716
5.01751785610758
4.94432090623784
5.44718487070551
4.41460817555101
5.2111485557663
4.61205261966781
5.39449310017579
5.31731625887854
5.27460569039068
4.83305903830914
5.2324404954156
5.54007639955034
5.41567998820108
4.49444619397708
5.20853369103184
4.89313836157533
4.62362669783895
5.28942287063731
5.05599297647195
4.90738214569213
6.11477607822932
6.49661352974537
4.91995334225598
4.09812910192195
5.83223618655505
5.37005952750295
6.3455888542398
4.47976262056962
4.98998385451488
4.13645233757867
4.74053801165827
4.90292036919281
5.37818333781811
5.37541612578406
4.67672394236501
4.85956130815124
5.50430659009639
3.87750600449697
4.48929503333152
5.79478095132962
4.78144549713568
5.50083658255633
5.22321719091415
4.42854508824932
4.20299894655182
5.63924857252309
5.81127471858424
4.91078554719945
3.84017411644432
5.18852725732924
5.42382187255701
4.75864812302149
3.75753157048248
5.34407235948176
5.10030155081123
5.21896310639984
5.56410001573254
5.23593295960558
6.82424685086916
7.13717158295372
4.18109704102798
5.10339288312899
6.05317640906889
5.79749180212674
5.86396411430962
4.08758161056505
3.91212791324763
4.00217764325219
3.91376930196754
4.02509116657307
5.35725779811496
6.45133871371919
5.7978240915478
4.49134040646441
5.73676515524318
3.26001543117299
6.33603196331592
5.40913051774361
5.68431416441334
5.81773927403862
5.60494924365225
5.36914863692125
3.88689890373703
4.2163168554345
5.33264881922414
5.45130289246082
5.0541418771849
5.70214988559091
6.58645870317399
6.09991519769569
5.47487347750481
4.27147521300719
4.73449738993391
5.58131179701152
6.43431153854537
4.06254987035407
4.19601806420567
5.93600787977419
5.01758951834967
6.24426062720218
5.24710880822702
5.33195453629447
5.48264334261971
5.18363369490634
4.58760236984955
5.9017138509466
4.60499162962634
5.11876241160252
5.66756209607078
4.32279288948852
4.34321239839795
4.9264389738622
3.73501705862765
6.01642129414604
6.16300143220541
4.61744899462773
5.5275060948761
5.94539353472719
4.48417503071359
5.19137792154751
6.32901129346493
5.20538036075341
5.07770444189078
4.04311499744091
4.42352441486037
4.33493446505074
4.93035383628766
5.58445019096469
3.79259636321129
5.19926186622851
4.8371258906273
5.39593393774668
4.07538519735497
5.07645143789103
5.37062208446084
4.8179791785494
4.57135896598656
5.35040679333823
4.8026010782565
4.8493707187208
4.67000777403279
4.44033190721875
5.04742294512429
3.83581883536088
4.3573479912493
4.29558334832121
5.60685614100897
5.47489378808482
5.29108182105706
5.83880717060305
4.91807479386805
5.41898663552248
4.47564580427779
5.43731341117619
4.52416058795752
4.57067324101677
6.08851175669287
5.98134842662383
5.55740736819327
4.80296832460629
5.37295200405421
4.89568741161143
5.96854999331676
4.69514574395788
4.4911956887038
4.65043811482239
4.201888838295
5.04837250851074
5.02190917898849
5.39333400018983
5.55560732390072
5.73699176775805
5.27731754563202
6.1994806283809
5.32731517330534
5.15975224912653
5.40697978974984
5.34325222053432
4.89924603858898
5.52391827768699
4.71523005831233
5.16634020778565
6.16025921987919
6.08735220560086
6.18685762734944
4.53896470749573
5.83203005866202
5.79619046289186
6.35409849143052
4.96897963545757
5.07610295324092
5.1328272729511
6.09349260306807
5.78002963936509
5.59340180459098
5.02945905270897
6.84290802966443
6.81432102985717
7.36706599598688
6.24300927913283
5.75950477056192
5.06577270682506
5.20764743968365
4.76992762704657
5.22076855434547
5.46248946692012
5.02325156644613
5.1516754400225
5.59734087907367
5.03962321007187
5.42450903712364
5.95618605309789
5.02616133267166
5.34402802443077
4.92717301937458
4.96016213602297
4.85067399281407
5.36267235338774
5.30813885297491
4.78815190274694
4.21029246588351
5.61015608925303
5.2529910450003
5.94667298002925
4.97241837805982
5.51080653182904
5.88141651095822
4.63611885742054
4.55612609081116
5.0812363748865
5.13617479972366
4.62121836429393
4.67657779190137
4.66040671358793
6.61531091720273
5.57517225096201
5.996026664919
4.7561130440919
5.31855172714437
4.78369018462427
6.70109594512863
5.41671854011909
5.50772555405885
5.72973442028001
4.49531068193481
3.90693080677205
5.78714534239272
4.88879151912371
5.55516533820316
4.7686880006481
4.8386464018141
4.54605344269754
6.29746226145356
4.68949964334662
5.17014769484416
4.9057629735063
5.14463791802452
4.89397651099165
4.91997262472026
4.85188049308857
5.27264314963263
4.16460037476482
4.68898730575373
5.95148210878559
5.476513963469
5.52253868088314
5.97258896525261
5.59938738677002
5.940249222101
6.00808867783515
5.36967628882146
5.42808353758846
4.99565411513029
4.63925637080111
4.85655393503002
4.90635602403027
4.49558551205933
5.36723847227649
4.51801383952024
5.18023589156123
4.11416723509125
4.6563964477742
4.72381089283955
4.48665156954022
6.32052026557427
4.37639306488242
4.98175307398064
4.89038949551542
6.08792104642469
4.88677594836154
4.62462067592103
4.43284947824904
5.35086389311256
4.70112811334123
4.63009114095988
4.46777445264076
4.86984466208713
5.14109083193023
5.54295259274598
5.12939419156394
4.49823093444937
5.51808560201937
5.19101969772829
5.38806226529492
5.21089149332214
4.29743192951402
4.63778671148347
4.48582180910714
6.25269914719823
4.67526599453564
3.08082179885268
6.08675502265009
4.87449067260133
4.47888847992713
3.98324059564087
4.65456314357853
4.8773523351267
4.78185435858012
5.23674086764818
5.17621726000703
5.61432707634017
6.24567766268552
6.06566978347157
5.51546659125022
4.60517628724478
4.3640886527491
5.59904935962127
4.74927247895866
5.13217828557155
5.56670910536749
5.36169778936267
4.942872719407
4.27850176438761
4.44048506268219
5.47788714995269
4.89234162312924
4.32185629172761
4.33895296482775
4.3594485050894
5.22739387754662
5.8905762470702
5.39168553290304
3.94862250289109
5.22827657175009
4.3067857365523
5.86473960664426
4.75522899171422
5.24057689845144
5.49529073071688
6.46264584763024
5.5212294447454
5.30754027114679
5.25522900204157
3.97662090353975
5.44911242349984
3.96456105349813
5.6325903504317
5.08958661949969
5.1981476097583
5.22734662613081
4.63991689220604
5.23429357459241
5.01273094707916
5.43392592258713
3.93757704313037
5.08500399203724
5.14544915818948
4.96990986990729
5.22576917894865
5.44937143205352
4.9434541267615
4.60867602562423
5.27047255226275
3.99612619833797
3.85396656786501
5.66699825044751
4.58095210113168
5.19552506976108
5.1920649491502
5.06908506068208
5.60911946102072
4.84385808304548
6.04960701630392
5.09770508650364
5.23315193690707
5.1167332216928
5.54751769894699
5.36591286641147
5.72509363403777
5.15533172784038
4.61972214950439
5.14895537904808
5.01642288469689
4.97027443831067
4.98954658898342
5.67275593402266
5.30256272418938
5.14849970425578
4.68703032227078
4.54083390592482
4.5298109210557
5.77452975097977
4.51895532431276
6.12564781480588
5.18749212055242
3.98564685134205
4.01905471201307
5.05799518368571
5.53971231648541
6.48758455582883
5.75933909673318
5.0224903106541
4.55001235163296
4.75924509424857
4.94688923274747
5.32466002755843
5.55579224175301
5.51148131820799
6.16554816634224
4.8045178729642
6.41530269687447
4.73997539501719
4.22224639807714
5.53557799196587
4.6125810085636
4.62465576240979
4.67829653085424
5.88723198230577
4.77146429359548
4.14473888257203
5.72723203480397
3.81586744924338
6.22964025393358
5.54855821917077
5.70849573253286
5.60272658269216
4.02508287828723
5.2150388808385
3.40961367397093
4.36654134267277
4.02259818191958
5.78658421169246
4.23850615161097
5.65896082464752
4.97973068042603
5.93554722232529
4.12208239765892
5.12944547509147
4.07759164587889
4.40120768632706
5.23198992615052
5.13706038554904
4.12877065750572
4.5346333751437
4.96513450858636
5.3365069787535
5.70391578340921
4.35384549034644
5.37082693002638
4.52137026257792
4.63181053598754
5.13544909716946
5.17786425542525
4.68663017151746
5.35340167012724
3.99939276464932
5.8602845515306
5.27195891634437
4.5234167027701
4.52985992699795
4.13313429673834
5.37719751617634
6.12043943296885
3.54906941133881
5.32988918734542
5.5204456546817
5.77131426393085
5.09279773471384
5.32711991822083
4.7135797652079
4.93283466474712
6.01093800494344
4.64003609383198
4.27993394673175
6.36592556677814
5.56656643666881
5.02069293541234
5.97018404236202
5.73391605828236
4.14312792809845
5.10592292544833
5.30730808496393
4.94801414102759
5.44386017869654
4.63078359140891
4.81420563160951
4.63109568875497
4.11437890831119
3.92894586325456
4.46434230785608
5.01759777600752
5.93017762664221
4.99264358784777
5.16516284086743
5.03421642722692
5.71797169031418
4.77595927346727
5.61190499048536
5.82792433804538
3.82752873173909
4.88353772179668
5.23262447465025
4.50164555566514
4.57859248671331
4.92281850581343
5.2136366297188
4.59499082665296
4.68198976196081
5.41373694786593
4.96354589248098
4.74318900726531
4.9002250400776
5.64412518172375
5.88841707583907
4.16577310977147
4.33917543615151
4.95677177543982
5.73505822995545
4.63747898079871
4.38001363190158
3.6158734125941
4.09334620456132
4.37865179577435
4.42318029781484
4.60290206006827
4.52849372300246
4.47943320295493
4.60391350047185
6.0112406296677
4.35694059981541
4.07704377354394
4.84445205384361
5.40744410305486
4.56349940948256
5.9566531302106
4.34904108575567
4.78310484047193
4.64699227538189
4.84861151343669
5.13727156378589
4.36175195856383
4.61327687134812
4.75258183913196
5.31924360392573
4.62806545725773
4.76883067879679
4.62342229350057
4.69115558023265
5.19814337896684
5.3596192934336
4.89063316927909
5.88470545706317
5.52030184688185
5.08181173885263
5.46609915282321
4.685165627574
5.17440556138704
4.79569484424864
5.60855975814835
4.5053761018099
5.01724938192216
4.41676656859215
5.06511889928361
5.58746201430157
3.66909213834738
3.95561402238245
4.70681983531481
4.12800170069786
6.83527010628491
3.46379178701504
4.18101662614736
4.7832732574679
5.61535470964239
4.22040072583852
5.14885583932669
5.01552148051624
5.74166951396129
5.88302032699565
5.04674593247807
4.32583989798018
5.08424697811952
5.54752523824069
5.47560145239172
5.56313398058414
4.63857101022257
4.60093550733259
3.97830010356765
4.75689836375436
5.39794806234125
5.07544170915961
4.55630845827837
4.37681317278097
5.43893891585263
4.38687038275408
4.54047921379456
4.16379489040328
5.1788521327768
5.11598313970434
4.69106877527227
4.73145141123353
5.06011755802837
4.65185246169341
5.11078794945532
4.85387123384457
3.80218531927001
5.57527895745312
4.81620805672755
4.96809211242394
5.04603932244982
5.17726478026922
5.6293003186186
4.02664154205091
4.60814374875777
5.68151880760439
5.51159996508948
5.05058588852803
5.23081701871085
6.64518446747584
6.34648871309207
3.83376063107956
4.7244779787429
5.31660086427067
4.54903263106912
4.71900404768374
4.0161607729836
5.02136066608481
5.62259840946469
5.39256343485018
5.04468324053104
4.72947117259228
5.20352161371693
4.04215593957536
4.61313657894861
5.33635801227042
6.15442375774033
5.51845062737254
3.99089566206273
5.55624483526766
5.22629961810283
5.06179798051628
4.48314662800077
5.47281405578236
4.43206006800784
4.24600515740771
4.51266780438168
4.68798881795572
5.22120443730181
4.28022079066153
5.44132504590383
4.46327878832501
5.26643363055849
4.90143007657538
5.88503992965386
5.00698709037051
4.49798000067482
5.59866972886625
5.15119942175815
5.78982637307218
5.54171956218886
4.92290970077478
5.01965362310149
5.31668570332856
4.83710832805196
4.79794041350094
3.56229424180827
3.69006363013511
4.85873514386084
4.65559615208204
4.98532456401073
4.91873365149705
5.09268294104532
4.64199706943852
5.17293985526265
4.77226816647802
3.98374145449122
4.55689599102245
4.69174797429702
5.45366340790398
5.67727615847992
5.61704278584203
4.68068110870403
4.52634946872294
4.80645526177045
5.48739562651761
4.01639851242659
4.5754982673726
4.68408519844366
5.2224025848303
5.81680690225534
5.10383104498178
5.91259156889863
5.18473864583217
4.42223714568828
6.04793311331003
6.01183450034323
5.82068353270877
4.48803131541273
4.64897373899503
6.00737965969283
6.22206201946918
3.83125016782608
5.04190575503722
4.25824422534882
5.0328450845395
4.96739220628474
5.35720761512483
4.87215682884238
5.51036129384298
5.80659453175795
4.78545951211888
4.72440986490372
4.95717063399809
5.47499692265395
4.66327769403807
6.00236079076609
5.59427387837744
4.47834867870826
4.78390869746656
4.99862426691614
4.67218529349361
4.00403324872494
4.84445096189343
5.02535474509731
4.22565356964573
5.67885285530006
4.5559167529823
4.02453570181754
4.2331025437592
5.69403496786723
5.32239967846512
6.5997325621366
6.0553831918123
4.83159387709288
5.04912885095808
4.28109115300455
5.25486362082863
5.18645087172024
5.36129681390199
5.25862754314151
5.02122847760962
4.66344487927542
5.89789758691627
5.30275752058221
4.5552738788892
4.31105633845984
3.52173357308869
4.38575876870664
5.05420495973239
4.80731523896462
5.15514795354513
4.61127920324538
4.73248451561451
6.23710407589219
4.96411051388861
3.20646452240367
5.68638400023181
4.09310114376604
3.67920667091837
4.86889633084112
5.62744247001064
5.42665837988126
4.84922705569294
6.16024230591947
6.98104279002571
5.9191142052342
4.93115312524233
5.79410555308618
5.49348014515858
5.28782944582348
5.10638996042702
4.90991657675191
5.67716789185403
5.79183010852918
5.53774000878757
6.11007267810142
5.98412386201061
4.57120608484626
4.99119577244272
5.02608866142243
5.25605040009272
5.72170098442085
5.36797191451352
5.37685883551084
4.88509975359225
5.10685768574317
5.37608584378404
4.69615176793189
4.85335176811653
4.67869572138224
4.44926120120094
4.76545867797153
6.35920483145535
4.72324466757847
5.04725093670138
7.13634413765366
5.59332814682505
5.13261618574422
5.10547071912271
5.6581898699907
4.88716808306318
4.94025573914946
4.75842026011197
4.90050396988222
4.60071073262304
5.59838243229554
5.09907100097484
4.61092576260403
4.70029780574006
4.88266651124617
5.02069487388569
4.6411540001315
4.30507400650243
4.29264460275962
5.07903063788171
4.71535384876471
4.28875502346084
5.68365914980563
5.66582769995655
4.97780881262623
5.57929792167739
5.79782529230151
4.77227961427615
4.33423816373664
5.87245919984964
6.12378760152153
5.03194201682575
5.38560033193119
4.96863354252014
5.31534313225683
4.96871222964788
4.80904454028803
5.14534691574225
4.40921115675465
6.18136486442653
5.70617516126003
4.69235802256275
5.06462238264412
4.42783827748069
4.32406322741808
4.08282258758739
4.44844666547904
4.75370904209197
5.85803440641157
5.06736393406608
5.19160249897706
5.01034884416892
4.8436983936335
5.64245578344312
4.41025473344838
5.20951564180609
5.58685606743946
5.16361298698858
3.94401702692043
5.59425520571544
4.32912941921913
4.53115030405873
5.18042800988244
5.19016784468561
3.83048621927849
4.06498022218843
5.7149089773778
3.77482308967814
5.09734496845877
4.89913967351655
3.8019357460264
4.84623725656245
3.8759039463188
5.52647171937491
3.65541172351884
5.45436277931137
4.62754069372646
4.77482504822747
4.92845726659649
5.543132127457
5.32958627610088
5.6190194578435
4.09582108577865
4.16566228543422
4.43298169024051
4.75916814886791
4.76153820809282
5.08594578663178
4.49716578460984
4.59977582908476
5.36302133581729
5.14936288037097
5.16105440017341
4.81125291725829
5.10150092557749
4.71049376377236
5.1186612121052
5.1255764033853
4.7222907127995
5.23059026579789
4.71819143574575
4.54844128778493
4.18898973370644
3.57658970535571
4.67054861130352
5.22863741777113
5.14051743939257
4.51564820468603
5.42195131191566
5.8253428752984
5.16206709910845
4.10643480248496
4.80616998074447
4.02620126016774
5.79585331280127
5.38112345190167
5.14790913703376
4.30739196244365
5.36704896935421
6.33207693160914
4.1241989871129
5.25674564680465
4.86491750268271
4.9946775948016
4.92771894107899
4.86024965531222
4.47999942537575
4.46539706917438
4.61169441554646
5.10617072081103
5.22878968826699
5.22612682528386
5.08703405668571
6.02023287559525
5.34364094668828
5.17255891023013
4.27182492200045
6.05941794940583
4.99517616487517
4.89479594731148
5.37082078634141
5.18197670295132
3.93345470129258
4.88485223225659
5.45417769071648
5.01117195587854
5.82168715413386
4.34100265744338
5.32975040658154
4.71365371675602
4.93877859324461
5.83058005221534
4.38392908210868
5.10469825447322
5.97812822764487
5.2024673300216
6.09504701545118
5.68539108329385
4.63231390834349
4.9071768594538
3.95512391655492
5.36710837508942
4.95828514226615
4.87560402763056
4.93821009043483
5.94627375352097
5.4481130378322
5.66368157780489
4.983353590004
4.87434438148217
6.1934572960568
5.60371258860504
5.16905860630765
5.33654206149248
5.34083811167384
3.70883971927393
4.82592753472964
5.45642425656702
4.73873657265063
5.05613705378725
4.95766306826465
4.7153020814131
6.03712571931293
4.91243486950052
4.71468035061482
4.5992776484377
5.25675706367189
4.70591093567745
4.61339865438103
3.63508510680895
6.05005353718343
5.65831988748879
6.38483758751387
6.93661333834986
5.31500676002726
5.34890986241074
5.63754393303611
4.75873224529796
4.50865204449293
5.54179615174734
4.62051200527398
5.61977081886985
5.31478277335922
5.63289484933052
4.73513464096689
6.66246627644515
5.86506735183022
5.76358207315579
5.08264181945519
4.15786747580932
4.91550159886115
4.74579466684273
3.93984119885473
5.8143442835268
3.74221124188392
5.26897862603877
5.49476391594903
5.60576200666684
5.45721926392053
4.91953134793576
4.18882474569772
5.14786910195363
5.31786338241108
4.91509827866315
5.32410966121227
4.79748045972745
5.10964444076173
6.24684383116123
4.89498714650382
4.67229766804467
4.16101736472934
4.73207454294804
5.17629557371182
5.18804786227996
4.9364675996937
4.30792294469347
4.54840945929141
4.73181456618581
4.80208762997813
5.96490791001605
4.85159093719491
4.07098905232751
4.26771227993526
4.78223214945253
5.17771025085041
4.91279592005567
5.24663479380576
5.84581334349799
4.93863003336032
3.89518728782931
4.86653813598156
4.69792293263612
4.4093379830785
4.29441582617145
4.86477836588063
5.48739147847944
6.0406999851154
3.93453435504581
5.2372158642516
5.89074484586416
5.1764335171844
5.32448879321348
5.71834154140655
5.59746011723715
4.5645913204029
5.13595526149095
4.68666915563769
5.23343805928055
5.17755511499333
5.42080846999218
6.89010065803039
3.70874054193185
5.19274345064795
5.30454929539008
4.63347421311647
5.75937035232121
5.372655286686
4.82425912625454
5.29972981260196
4.53397663852268
6.27138311671654
6.06253410958541
5.10239376246289
4.89314592292026
4.65351398313754
5.83063606144192
5.36341099750041
6.38272659485267
4.97509969897433
5.82999750223046
5.64768791013124
5.24990695596917
4.78398033180412
4.97857225814347
4.46813396895888
4.08108447946538
4.75318805030484
6.42214819906499
5.13375528684731
5.40667637757322
5.22623686623748
5.11962202763442
5.02883066963905
5.87961818452107
5.05375131704478
4.91380405551447
4.55748225761042
4.9586280506909
4.41496150152497
4.98528327619639
5.58907302154515
5.16480325674965
4.9132695357251
4.92918107041874
4.50632023986324
4.98431370543362
4.43738369850941
5.57828305978869
5.27605045002401
5.35393261057038
4.93676616905733
4.73928319187457
3.62329715677479
6.20191367492447
5.87202617906324
5.94180491096859
5.94311793012851
5.70547627720614
5.58371215687727
5.62578538233714
3.7512599908705
5.91920751812279
4.93491109129741
3.81965859229566
5.02006518483423
5.56443281032496
4.49995440078267
5.70645315687035
5.42454366723591
4.46772839335078
5.30012644805725
5.92091629244166
4.55712691312377
4.96668246439566
4.36457896920525
5.50636401814846
4.54490694891485
4.35504873686662
5.55904901494565
5.03284848609744
4.76701794566007
4.27224260078341
4.78997622322622
4.67402353521588
4.179188899028
4.77352303636885
5.67788686832528
4.48024295639766
4.9716253396852
4.7985502942266
5.418189507377
5.80856972325234
5.25520233109017
3.80092035394745
4.85292657539567
4.57478419477414
4.99515908581962
5.03733275264148
4.77026707010235
4.20975634866237
4.83853655326879
5.60393588818669
6.39548564678715
4.899155896721
4.8730391438496
5.94197291396134
4.66010358384047
4.312544251637
4.31283826216395
4.93309062667718
4.19762024650712
5.52772083630139
4.97313221065836
5.75717914774933
4.86517403946991
4.73037881885299
4.64811083375995
5.26725111976058
4.89407969216109
6.15540950685156
5.43379999882646
3.60256325378907
4.70442372597451
5.94977828956867
5.99049239608201
5.28969309818132
4.92308566185169
5.10654773541313
5.51550234324385
5.62835530896362
5.28765552932976
5.23151965518216
5.50689394258149
4.95458195886829
5.29608618943055
5.31830943964421
4.42320164280098
4.71576252221599
5.10419006372464
5.56998293573325
5.62846282633014
4.75737364764797
4.50511003791138
5.12194145058269
5.44516269928535
4.02872988574669
5.86450483148178
5.51837811642739
3.79750065039552
4.17664723380816
4.3470128487496
5.40813442157539
5.02596781548211
5.82441813776797
5.02152206513603
5.30454492536113
5.02958193352389
5.25648431129975
3.84214758780749
4.51721052502104
5.21063004121921
6.29884843117132
4.59881645667728
3.69292398718766
6.52917130972528
5.40561749671153
4.54944599367281
4.72586399822244
4.24729629232266
4.86790210351536
4.77993861628507
5.31161106388307
5.05557289889692
4.8820261273191
5.2192394923466
4.90778754605666
6.05889637976549
4.59288255505586
4.97191256635159
3.95023877507377
4.58768130885836
5.77762639707974
4.33214286904833
4.66736320719358
5.00630055176587
4.11117525859323
4.3262348739586
4.52252554667565
4.13308656465053
6.05758207318391
5.33627952570394
4.4682730977086
4.32127612089714
4.65679600377969
6.02180666766441
4.96938917590037
5.17848179698279
4.78849211714697
5.60149342589126
4.97751985052503
5.26715804205923
4.82152778053598
5.38940642110538
4.27842677213156
5.16999243981248
4.81540729759933
5.53648208368592
4.51726634866533
4.7414636067368
3.39997488518747
6.24351905027905
5.16768361171529
5.694933645114
4.21532361280742
4.76721524570743
5.85346790802607
5.02017344472628
5.13859099614464
5.53512695535657
5.6600173422003
4.19361898099824
4.61877408871766
4.67571513857991
4.11721980512211
4.44906094306868
5.23009835291315
5.48751809512755
4.56654636259146
5.56588590247042
4.81396983981046
5.06768812015706
4.70121698163537
5.47773808045862
6.04797345243833
5.86286056692395
4.65833775882092
5.54567850507027
4.65809802208421
5.0328008698339
4.65474096914557
6.80928050283506
5.96791458388545
4.68464051327341
5.71907885409453
5.57054338939311
4.86220560908449
6.12842181424129
5.18359293803415
4.78312791011116
6.03061972657027
5.25630292957706
4.38804780809025
5.54180453818886
4.94633395828097
4.9351315445871
5.78673786973818
5.86197875074365
4.69547123896884
6.4451264615449
5.24490318596841
3.7810505633626
5.20708122985458
4.75688683437275
4.43976166998319
6.18525343856853
4.95100512289929
4.84985738361048
6.29451978119235
4.41430427468375
6.05445526685791
4.82694728332878
5.11421823053805
4.78185567600645
4.89178371797128
6.32128989361916
5.12557088407865
5.72595194363018
5.22409767675417
4.50931184932203
5.01010494463658
5.17036946152863
5.52412782405806
4.96132381172978
4.69811147916441
4.5879396325277
4.0698434936388
4.78875398503787
5.31559528168913
5.41879566596393
5.78263297776665
5.65470352296921
4.82617044977757
5.38454636311469
4.79415307576379
6.31987022868049
4.6277981836717
4.68246197499723
4.70645026976102
5.01812116553678
4.18089009080308
5.2276544163335
4.56240574478188
6.01347020671784
5.01225052276895
4.7261657689365
5.58699039327472
4.98785229951186
6.28112229009844
4.26652109720448
6.725952824949
5.2672608751742
4.19840959295528
4.87084778801731
6.1877135313605
5.43249249629556
4.61409986854115
4.18091350674613
5.81672818235158
5.90689953744937
4.64078555407374
5.82729742555226
5.00305062250154
4.23080847190275
5.9906848366382
4.65903669986655
5.60916014893154
5.23505541169904
4.84835812979773
5.27580969172422
6.83295653912926
4.95520489272249
5.14059625832825
5.19824903462212
5.34501629767137
3.84222661328297
5.30423693536778
5.80967987661222
5.02852846107503
4.70182942195162
4.80760775309217
4.81940756921135
4.60282283647382
4.96028984348751
4.75966747244784
4.61157041852859
5.62715738904772
5.03238068456107
7.03269331474829
4.74443821490345
4.33833998186132
4.91611837103037
5.16334403927123
5.27982534631566
4.91715218080236
6.09215638110021
4.81842349318654
3.55144053462871
4.90425756869615
5.24035311491593
5.25458090066041
5.53558262713407
5.50868286408794
4.53245347086419
4.72308413796444
5.00879068145658
6.32117097028813
5.50264608098736
5.10794665189281
5.09310269378466
4.35242632670699
4.85508748042826
5.60966722006888
4.35401888536714
6.03946797365271
4.36027432524845
4.60509407376858
4.39646499523766
4.90858845099006
6.43664610181811
5.46905837823448
5.628088833906
5.21676423609007
4.56466018740822
5.07177061575116
4.61373164658909
5.11765453694577
5.82532265534021
4.65913614806817
6.36887564470842
4.77677457466427
5.37888828025092
5.00894540252298
5.66224227601759
4.98568153429766
5.8794821825995
5.38693664111418
5.76610349208367
5.58268635554949
5.07279915311415
5.61870620192443
4.7606617832084
3.5666435088023
5.51045496749613
5.32239832903308
4.85362318690645
5.65934888122251
5.60006016326214
3.95391845617652
4.80920778194237
5.37704119714884
4.24134567730355
5.61849306209018
4.59602294696319
5.18377712675941
4.34957226737399
4.73222702594001
4.48044967465841
6.00488570699079
3.97077452405206
5.28794152615669
5.24706767412642
5.08766326187694
5.87404606243685
5.05457963801052
5.01825262904785
5.83062367350716
4.44380644334022
4.59267604979528
4.65333967349091
5.36812013824016
4.57844191794892
5.91670922389802
5.00467421637527
4.9916182206769
4.66968894502767
5.07123353352851
4.99051829107345
5.33736310682688
5.94958263622405
5.30363954786677
5.86084069238038
4.99717404347458
4.09276258502977
4.54370905907966
5.14647343917013
4.55933788097621
4.56184061921112
4.72633173527593
5.30491449227872
6.12614370823819
5.22798112572878
4.44672371721214
4.62294532180363
5.20478746659817
6.28408042312484
5.72822954387635
5.89064354159961
4.99502671780551
5.03621875891328
5.16823294469203
6.8572065131142
4.34213853768692
5.0435435334587
7.19932235311779
5.24810699802773
5.41842845958883
5.05268678183862
5.12251601520409
4.27519477886683
5.77711940564237
5.80810767132405
5.59042417200769
5.20826764729199
5.16715909386947
4.97489715174985
6.67690533066167
5.45460941687035
5.99760105358394
5.76608012730548
4.92037407755933
4.70110805668195
5.20864856149119
4.91860738325002
5.63338598402708
4.9639946611071
5.80828829309657
4.06441239268991
3.92550274578751
4.15873436721497
5.7610091906703
5.32845530050667
5.22257841344401
4.91718529081493
4.81188943223515
4.62968378125476
5.03498772132214
5.41861149193876
5.64174444777472
5.15709949309813
4.87454168559037
5.57258908614544
5.34171613651419
5.93113984083138
4.49834765948609
5.69258044385742
4.85628148228244
4.80169258605241
5.02715163088598
4.91672924647696
4.44564587708392
7.45216346783764
5.45762635962246
5.66096263997412
4.86189112632708
5.2946076393095
5.39110459884493
4.18811640410577
4.39697107601522
5.81824948715002
5.39031496917697
4.11482384991886
5.22795998497681
4.48177786885495
4.36072930488146
5.04440013939
5.62976357407572
4.52959016703791
5.56272987346255
4.396106386939
4.72990373898625
5.52525630062974
5.31917936796814
5.52679242383927
6.16861042745513
4.95351074784223
5.95182701044173
4.80612137346588
5.0960866456386
4.22125610135806
4.41228363180503
4.65336099657508
5.83084219409517
4.82870102236507
5.34548153176932
5.82900319438891
5.64785810355608
5.06522795531869
5.15909502874153
4.83235428311254
5.36347269855714
5.25001419295973
4.55535256163737
5.2200007192374
5.11771333446084
3.8038391493729
4.67327719369889
4.49249899151234
5.11910684550626
5.96245179143929
6.19408779168109
4.93388894661857
5.40960714849901
5.12047196824438
6.16406608780083
5.83578940923062
4.84955637464045
4.55619619937272
4.90984097893282
5.07816634148175
4.92122734389073
5.2291540631958
4.85812986360188
5.3048398112707
4.64776634041347
4.92869877206389
4.75700380169845
6.43381691105362
5.48215239821749
5.62873660447572
5.75564470293585
5.9316441840109
4.72234253726058
4.23972993731455
4.69949751132437
5.23124317634174
5.79547758887509
3.77378398307591
4.45118499311044
5.27290243775236
5.16231383520812
5.4478660974247
3.68086908062858
4.94348334889809
3.89558728208765
3.84347671168277
5.26330574308867
5.52544795871954
4.99676896807835
4.52264594835107
5.39496966911804
4.79966719147291
5.36474905604552
4.25368349086683
5.49049717389275
4.28006708005716
5.60225277082255
5.08203614149117
4.57761023099788
4.79601309699114
4.51765307822194
6.03224647250698
3.50657121041129
5.01359155477691
4.90111976607014
4.92116458784514
5.14448035519559
4.85222992749329
4.68714818134613
5.1784054880436
5.39077702668834
4.18597625593241
5.70949831603463
5.79854404262793
5.80445375027456
4.63621364594143
5.88134506037251
5.64685679580391
6.09410259112232
5.15883630142342
4.49901883136669
5.91651248569602
5.23346304099925
5.75194305328758
4.98851278808036
6.03862056730775
6.16852638733504
5.48708892923387
5.36041816501214
4.51304342239148
5.85997840172992
5.82434772353467
5.54882276412161
5.98197493087719
5.78384147008755
4.48964227971033
5.22891957559228
4.78521553593287
4.41537516088818
4.46874286278829
5.11728191247929
5.36734411630095
5.2558341909107
3.98319163733241
4.49770227768609
5.60941880161153
4.81138406694379
4.56764662950497
4.48711737820056
6.56120079141664
5.32945391044988
4.40065324884104
5.44404348492011
5.55785212734881
4.87697944707587
5.66416783238702
5.79500423746237
5.67687636429046
5.85278813507642
3.55957027703208
4.85078885853997
6.28189017879603
5.35100558425861
5.26291027989115
4.08912478920407
5.08834973807797
3.96790545597565
4.55180343904204
4.30270504177117
4.54578324574025
5.27547255853529
5.12645574682625
4.43888369823699
5.33264454932575
5.07513344879677
4.82520645346396
4.2746921576894
5.6121185519949
5.14101982117943
5.32744311430733
5.03272533289027
5.92124243193762
4.9627930806208
4.67728652519929
4.35308993117976
5.05260219793411
5.26526968306278
5.44087064168576
4.97526579662155
4.61235592001
5.1732554858755
4.6513810023164
3.67193980801698
5.68741667752035
4.59649267237729
4.55701524634332
6.07935766193291
4.5248715108892
4.77629676301194
5.26407149936141
4.60975934038883
5.2894760905754
5.66858132896537
4.11554522235993
4.69655751735118
6.21096355486296
4.78905628224766
4.84032924489291
3.73951467236321
4.46704207021829
4.92157074163719
4.59105865886246
4.71328402441301
5.54564925754241
4.31868188459876
4.85835561324491
5.61783140283327
4.6158321854969
3.78187607346135
5.57757680275996
3.98601375354229
4.9635071479014
4.8985763901187
5.25041672997165
5.32215076264067
4.13932042560188
5.83842649936339
5.50142852774924
4.13930605088386
5.08245017579912
4.5038535535915
5.34187077705249
6.00038871145337
6.04741796402296
4.77120277696269
5.20330814901354
5.61415835588193
3.89465985194194
5.4606963241026
4.76957578889794
4.61844414662789
6.30434585024486
4.84733642665281
4.80274415317228
6.37586303477898
5.69286339043515
5.41855056875548
5.59257809277586
5.39532460741594
5.09269820048159
5.01694400976278
4.89167807453065
5.83256735607472
4.7737944773855
4.15718256901302
4.68130441214331
4.42387280936983
5.11971657441701
5.06628161512551
4.3010722976046
4.96074867603044
5.9477328522223
5.20785898712689
5.70431543556376
4.67399574311321
4.36614698928974
4.50479373769246
5.27231612269134
5.01234988262959
5.25560116359361
5.5120224401904
4.25469366079205
4.70411034132636
3.95107144674754
5.42042265472105
5.89089719840934
4.8441602825833
5.09247591237207
6.01675174498638
5.79615017757234
5.47587724759859
4.53383721002952
4.69318792879033
5.77820990128622
4.93321201024456
4.26597800854762
4.56795007477992
4.68537406480048
4.95597324901807
5.00703596036276
5.77022880956253
5.9363354678432
4.71365164552025
5.82803745438114
5.43043334200379
4.74705977680871
4.06101199498705
6.71481096848062
5.43226616551511
4.55144687955647
5.43723280952952
5.42750012822762
5.12588000650659
4.10868980957542
5.36576471991435
5.15171429773263
5.54155798930851
3.75045463565515
5.94925125171975
3.79538430894389
4.64730450505583
4.80134379950852
4.83515881631152
5.2720555037005
4.61811002292632
5.04096135055664
5.20404920602387
4.1539881728489
3.96289038159378
4.78644515698631
5.14407588028079
4.7350025229894
5.0884941150416
4.80439878376573
4.59533374239311
5.40345428448575
4.6388705715394
4.67179402027818
5.69524796141585
4.87372731062367
5.3902248275043
6.33809991889479
4.89097046253118
4.98063776564162
4.45241912074245
4.41372866692436
6.09738263810141
4.53308664197899
5.09297469189223
4.682248841867
4.73888774023492
4.95730453734314
4.82979969802637
3.66919343061008
4.93199309152278
4.54347613008006
4.08532419005742
4.03325793981371
4.67207266202331
4.48210057904906
4.61351663689341
4.37107747420449
3.08124879613582
4.22572182246661
5.7152478325054
4.94793619609119
4.94622193068301
5.39113764546021
5.6366492143985
5.27095428330158
5.47470887646456
4.68874878888323
4.58181655144612
7.95219173124385
5.53560952916569
5.86669976547255
4.45960695784879
4.18187179392198
5.40629865477616
5.04910301847502
4.5911160191991
5.10206440920107
5.14210607190701
4.75324264924134
5.10417392642425
4.36976700493688
5.40732180814203
5.29630679865525
5.59744711579901
4.29014006315292
4.29960223950571
5.6781982837261
3.82025953297011
5.25404400204707
5.10156825789967
5.00259315935743
5.40642255662181
5.46438541490096
6.81224552102249
5.65321502072378
5.26200306990608
5.83097246329955
4.85961420187544
4.26034931902924
5.68120994316505
5.60470446457184
5.68492762896548
4.53740397619834
4.91575597419779
5.26886887331971
4.96310041090347
5.63072603481056
4.63393309065569
5.34199369177938
4.52499267323983
4.87938593019036
4.82580257713629
5.04526851517196
5.19904611363475
6.30830681103515
5.44666469712155
4.94632824296954
4.73853068387395
3.84249013489511
4.82664667762034
5.54771204633005
4.82275853002037
4.86400710860048
5.58997722654242
4.80207309281853
4.99761793371253
4.94774542025276
5.74316168860571
6.4218909181393
5.63940828831907
4.68371975392931
5.26868039738548
5.2548178027519
4.87330304709833
5.05988431445959
4.19978447632828
4.08985694065128
4.56701635628592
4.74787682821894
4.31812171545816
4.81030996199423
4.214268762933
4.75087146086864
5.17749402627481
6.66568098509422
5.0029735399326
4.56270719382786
4.99384168277925
4.88257670196896
5.04641285646235
5.02141904533796
4.15101980568587
4.87447767817099
4.62675869865563
6.74501587610319
5.28498377330763
5.08928042854902
5.6259853172885
4.7872765195505
5.26223876969864
6.15382529910995
5.44102509857981
5.31220619514658
4.95583541545356
4.9208166531563
4.53793393990133
5.05399704173917
4.21647529940834
5.15147705998736
4.82536509195396
4.79390333659199
4.7997840261159
4.56785260599257
4.29019413389378
5.13111992351812
4.88359153838453
6.25123669133434
4.54377335720355
4.66662505884732
5.22881166648911
4.99930844827105
4.64999627765352
5.41327339467888
5.76913075778529
4.44789657448879
5.1160577794746
4.10098409681121
5.50136529522175
5.14373139136594
3.67755642914976
5.8308662942104
4.54275294600913
4.85356680710972
5.49911732565472
4.53310909558957
4.57171407449627
4.28467177183596
5.19980264161814
5.46090680707796
5.76498568586008
4.71146822329059
5.65074577718487
5.26072184860772
5.45450481626251
5.16964245524521
4.48580374632312
5.62509082442944
4.49733887496852
5.81232163447795
4.8097058476108
5.42913533123709
5.48056765019293
4.13571320143057
6.0663116877168
5.50000805535652
6.00060525639195
5.53735722856072
4.19012395055599
4.95488351944071
4.28921866404954
6.5071676218058
4.65298410918006
4.63088250446253
3.55489028587018
4.05477414245098
4.34361601158637
6.14810363889006
4.96185978731548
4.6803971578001
4.96323972902284
4.64730549748793
4.61194491794972
4.21341746528813
4.76651853392386
4.98001215152379
5.61168286694245
3.87546522279626
5.45009401847262
4.38509338742414
4.38521970176792
4.24166130238531
5.12520823762678
5.06807987434464
5.08460226515304
4.48914738215155
5.22458162500592
4.52150950124075
6.04243784702728
3.98487630575675
5.96953633069609
5.13169052801427
5.60676234316733
4.38748010618337
5.23165772240169
4.95236019041932
4.38010721870348
5.51404511797071
4.74744056720475
5.35916068439662
4.86036499752609
5.38460966215528
5.1310974136301
6.06810133921698
4.95699857073441
4.81310498115114
5.12303408329022
4.18310666230068
6.06920796384518
5.8001321121549
4.2238166048103
6.15515349025146
4.82221314107685
4.24605471701278
4.27699740101955
4.99606012795071
5.32837796943299
4.4921337819318
4.54824475870915
5.17411117504557
6.43956306167028
5.01313555039641
5.01806430899525
4.20657275921018
5.63627580432957
4.36373094007475
6.60078418079054
3.97147118531819
4.14512510393484
4.1893301268437
5.03104512528962
3.89816596776678
4.58385669718474
4.67286169137345
5.75271325379384
4.71116890779225
5.07707443148183
4.60208961772806
3.88289232836617
5.53502209288333
3.86911593530529
4.75099081978485
5.74863617051261
4.87761711332436
3.86043224129547
4.67316432897349
4.57703436610344
5.13004267583581
3.9235600492241
4.44851760006931
4.02477926001928
4.7913642177787
5.54297841143229
4.80990784980601
6.07494759805475
5.31152651401723
5.29738728519494
5.30742632697889
5.91552864838933
4.90538052349441
5.31999459667182
5.49734295876254
4.84005970028458
5.37192807871704
3.88648592417892
5.26954416002733
5.06562009435634
5.25752247423816
4.2826167674178
5.10548887464521
4.50762349216439
4.09693056953638
4.34829323440424
5.00421894035789
3.71461327200535
5.48695367929898
4.71683962134566
4.20964256090782
5.49728969515737
5.403099640813
4.55152669287788
4.84302178743237
4.53612352676516
4.81462373932886
4.66699947397609
4.55394000799042
5.01816476883639
3.85980511769466
3.96069986418585
4.57978536540524
4.10657611518984
4.07057128199677
4.38632536776009
5.00390822934012
4.78698704323531
4.53236568509088
5.17320116708635
5.0027779367066
5.37133346328527
4.53989830221087
5.02760612444243
4.63207019752401
5.06242520378411
4.31869002569841
5.41834446994439
4.76953158600971
4.47678604279126
4.40278904497233
4.09575063363521
5.36474914936462
4.35127424678973
5.14241018473875
4.10853823105244
4.221139370005
4.66179097210024
5.55561076597546
4.868511476252
5.74316100111999
3.94830024798628
5.29482781436472
4.94780202821397
4.84006606686624
4.86204187244621
4.63251325477339
4.7057550508874
4.37639905867392
5.2128092448558
4.92586005232999
4.55015648442878
5.16905273869105
4.83831822169075
4.66202414476419
4.53159766490767
5.0079977121146
4.05604057138251
4.81864668438426
5.05023434599053
5.00465286467224
4.04733347590364
4.09803001962913
4.2365255429834
4.07494658886263
4.56357818236812
4.09827373916455
4.80477751777584
3.93744273679333
4.98916645146011
5.38651511588851
4.78935012579536
4.67337246712533
5.43985595718849
4.44863082540687
5.02278567687568
4.43493044908942
4.67027519840859
4.82637078281978
4.8896911837794
5.0122168625913
4.23435621718972
4.39327369735373
4.47534865500168
4.63775667599582
4.6328642959001
5.04837601791408
4.82807327701215
5.02555467599409
5.51259312412573
4.89342113393086
4.29647987593042
4.97083691883025
4.97588616661612
5.43478359704705
5.02915164319738
4.19821098085902
5.21565848351754
5.4725495700994
4.90529491709069
4.81210727093127
5.28807373422378
5.85055890341898
5.05597782346847
5.11108284867626
4.30376631786223
4.19342898282113
5.96624240551224
5.0927486110483
4.03208685777711
4.36655867630584
4.89788325072695
4.8908324365746
5.17751357782276
4.70043021792069
4.26714258939444
5.50530812496204
5.5086059551803
5.68922293552613
5.40895921363293
4.34810981112316
4.99068632584489
4.4573903608464
4.19256989237433
4.71178821667471
4.70754202237871
4.80488567296822
5.62381896700331
5.16771023422725
5.61516577344769
4.29601946540646
5.17418233265041
4.21838278165077
4.90920743941944
5.0823046701372
4.67697580498894
4.81749010720291
5.91396148051278
5.91307793773693
5.42851708552113
4.74078598964671
4.3462876320303
4.612612205905
4.7610924709317
4.98653131241586
5.25457269877321
5.31792282109054
4.94240926953493
4.57343324946531
4.91032337761721
5.46836747440111
5.26539341284854
5.63574963825848
4.93700825209532
5.48943713034834
3.73376112692508
5.07315399616503
5.63941077999423
4.62458857008707
5.65914506708446
5.83852865059898
4.90665701062975
4.58786678439677
5.64378080589621
4.58504122077113
5.82201009550729
5.92014284241199
5.17945458559044
4.54904155239314
4.98123559287124
5.7702967353805
3.95291341640928
4.4734982288033
5.29576746862469
5.46420033437047
5.19445813275626
4.67781224655986
4.97593185156613
5.29575100912072
4.24967310241314
4.63339996976827
4.97656107296621
5.44869803685935
5.6339605414881
5.22913819621303
4.73175962790685
5.75040976085903
4.71843409474863
4.82381964739092
4.89777584271252
5.98392414409072
5.33786931338257
6.12909444682404
3.05635921129628
4.04324167165138
5.96883649564511
6.33267318368032
5.23686246097592
5.5484712054011
5.14763060930234
4.49410506272834
4.70159491183877
5.325870543113
5.54767566706093
5.124333656255
5.38161511853274
4.67252276667575
4.84897602747933
5.26749847273734
4.41876892060318
4.98280589035723
5.23099266215273
5.63241497298953
6.11870997204574
5.06042089246634
5.93634104237631
6.35268296402554
6.39159117714902
4.07892625850774
6.27973729417921
5.09409065698414
4.2913216200117
4.12888575690158
5.60690622149768
4.83342438598616
4.50257720177732
5.24518080082885
5.50627480493112
5.45021174047532
4.99468622013752
4.63239960228235
4.62071774265749
4.9129342625181
4.74528816628872
5.92729990911877
5.24658554931805
5.83385622383318
4.88656032431163
4.68675134115741
4.7299051388726
4.85129100974402
4.67116482445684
4.59394435337198
5.09936384241802
3.80470044937838
4.98876061151337
4.83038628260611
4.75493544386805
4.85218088867208
4.71112842909236
6.05897504189734
6.76125026097081
4.68854313122902
4.84950183048431
4.39420609582558
4.50389775463465
4.67249315516987
4.44036673327663
4.73729072514892
5.03523084271873
5.74849063572241
5.2024386467745
4.26236364822542
5.78383793739265
5.21050702056597
4.30221658379089
4.59221445401248
5.11693548915195
4.98580163889924
5.10676001790592
4.23013123440881
5.1694612122432
5.40979309299187
5.04966091144255
4.75296864461862
4.36918780628551
3.64416125448668
4.37107585669333
4.85897835446925
4.29000179137424
5.14199085204638
5.36657771989788
5.04820096457842
5.00062328462838
5.00987051002692
5.1694499744349
4.99536475276664
5.24807599711637
5.07409270664315
5.76243511037992
4.95274457232645
5.12001426822761
6.56898214580161
5.81756419150291
5.52828960549147
5.58663247584045
5.73592777878478
5.08506309746997
5.09126998261827
5.23773933026843
6.64054410638028
5.89864645019518
4.49308468633504
5.6996952487978
6.26575196623772
5.34448866313434
4.14788639679024
4.38325095025495
5.38158463543107
4.72968263425117
2.80028617290876
5.2218390886748
5.53974016412628
5.68086193277288
5.58466782693639
5.54286420379202
4.61386413431413
5.05769860235792
4.89614595501033
5.62712780948552
4.96127557241324
3.97570961025127
4.84888197244058
5.33880786216159
5.15416423593062
5.23752562900639
4.84784495069828
4.38244199650718
4.92164021133538
5.04315079480532
6.39184953228606
4.58954097007584
6.23604546629741
5.03366696432044
4.81581525963485
4.67996125133825
4.22532952566897
5.13069136909142
4.69705726142234
4.49416930274201
5.39156276588806
5.60682903447096
3.73630326405011
6.50850050198721
4.19997701500609
5.49142474080202
4.82990834742495
5.50195024906174
4.98929610044229
4.41520411121868
5.28892040771234
4.75716068552713
4.86384857614553
4.74351254164999
4.34401474640819
4.06081044962082
5.19198795090234
5.1042589373081
5.49560780810055
6.96497340811121
4.61642121658823
5.04267395162102
5.9665445819206
5.71568118824164
5.03666824615126
5.90303007268949
5.93511306265029
5.42417951146036
5.13401495671972
5.09955058270905
5.69543986750128
5.75657838861494
4.42283959404186
5.92696914261784
4.52990490112521
5.26865889238813
5.05883653587979
5.73669124211738
6.01910093483597
4.22913601167134
4.36735339880228
5.09036461971309
4.94888982420007
5.99687459419085
4.72823893546318
4.68033032351894
4.84326328632788
5.32471877199687
4.7967739879667
5.55729801660039
5.36934507727822
4.38461356773252
5.66091073181363
4.14424940641032
6.06943387743447
5.1464971865228
6.19585131935164
6.15385999681564
5.19389609754173
5.85023615006137
4.52865430912639
4.93233557045033
5.05521967075448
3.58182781925306
5.84862714553784
5.64091555622263
4.80146114914734
4.9478687006287
5.94068779928673
6.12562226360034
5.07559408506626
5.24287598333084
5.1222034526567
4.3916367400094
5.04565720314847
5.50864913759298
5.62788355161512
6.00584430639034
4.84941933809682
5.80780257630709
4.06861869238207
4.77939112804614
4.05763843554698
5.03097623119842
5.35261739081822
5.22246508210666
4.7681309645855
5.46957524234599
5.07198859111769
4.46556258173003
4.96267822375988
5.96630825452338
5.86839877545071
3.99069666904499
4.34205123919576
5.05922079476499
6.526364022319
5.06917818413821
4.76276712755642
4.61261263460399
5.32553973600388
5.30153600561044
4.2873768936064
6.44921555184604
5.17956216420777
4.21742413687545
4.77599449850841
4.38379628370393
5.12729587544936
5.36882744734253
5.51089213822802
