3.28574860738297
1.85437779700639
1.7217056428819
1.87302600967633
2.19702680411695
2.19234180919947
1.31752348545534
1.90400988823745
1.8459459085201
1.69371601571197
1.99624430050015
1.64967841489198
2.2896908627671
2.04880521199047
1.78148132604189
1.59333122940726
2.18669784555613
1.42665811285956
1.15758482340069
2.23733569620528
2.25801070607327
1.41043008884377
1.99002972756095
1.94930157819925
1.92178588798199
2.09616018547279
1.68310441429093
1.83559363787159
1.90312621411969
2.15498332782275
2.35554954204296
2.15966832773196
1.5384299560987
1.79994493095924
2.08979378865765
2.24688001678187
2.3621979016612
2.00536643867783
2.32739192390556
2.20150729026053
2.5380134429405
2.14513133115107
1.53966608279487
1.55408423716439
2.02426979016542
2.18044151383051
1.66120539294092
1.60950718909314
2.41884228507096
2.0001574957302
2.26815378273512
1.31618004186623
2.07385089803084
1.42606404673087
2.37379119447647
2.10008642050732
1.87647508105883
2.23128451644763
1.87657571556073
2.01312704404372
2.18193300091732
1.68095941558072
1.63959620456332
2.13083203586456
2.01640686011039
2.0850678378377
2.46162211150825
1.8813417975445
2.05833602697341
2.1503975258387
2.22367227533861
1.96199134006829
2.17016009778624
2.18086668941754
2.28489631470339
1.97543009132039
1.87577200581741
1.9256189801849
2.26632995135641
1.43270642753507
2.27298153341044
2.08725715481892
2.33234786419962
1.91869042212557
1.9061147276085
1.86709089581764
1.94937310701215
1.86148160376833
1.32458822073865
2.23851716072801
1.69943792011502
2.24807365665677
1.56316866726683
2.16816243263131
2.24765700315182
1.9291812949404
1.71261834962855
1.26327569206358
1.94834873426317
2.41579016752809
1.62391980717386
1.88618240650251
1.49869415268632
1.75699592322015
1.3865579780638
1.72519076021818
2.31213848740449
1.42397445476882
2.01907949753859
1.99923384439606
2.03225482700457
1.70181024651237
1.65308892530112
1.54445484928946
2.02697066970795
1.54995984123844
1.81148606376389
1.62375069187493
1.54448260720641
1.76677972001689
1.56696873813445
2.72220919858907
1.99448912686558
1.45509027496099
2.49511235436316
2.46275454533153
2.31054751452175
2.13519793931862
1.82065590979187
1.43390639439115
1.56612173453654
2.21549035719604
1.61520921200903
2.07609864396856
2.28331954361135
2.14304762972185
2.04918018570348
2.33694525475035
1.75851140541023
1.54398713998384
1.0667551181228
2.05139790985291
1.60455308079354
2.02548056744898
1.59705931223616
2.3413318656966
1.89294681146002
2.37024210845332
1.88029315333221
1.89756906560927
1.96738298831411
1.47867301285724
2.30073996409035
1.89857715357721
2.01699781435637
2.69674537861413
2.13643292361514
2.22219562010557
2.30490707606136
1.91092141822451
1.93534106929961
2.34893489603038
2.46155045051875
2.44865828158157
2.02783343590927
1.01029658243501
2.14440736468511
2.42198943025135
2.36071167878648
2.05653843163038
1.90775256210345
2.43479557911859
2.15529598365908
2.00987422945962
1.63406525351617
1.72521215182874
1.86332825961006
2.07689892180248
2.16217027452029
1.78638431160413
1.64945483082739
2.82436556868342
2.48301486874261
2.07202567867541
2.36844191527979
2.16038937455684
2.42776548293162
1.69070937760714
1.82997493194416
2.79146080432152
2.49373525518745
1.84102583867882
1.48048216094144
1.74731526223805
1.57453152169864
1.90002984724347
1.82643648611508
1.84598939071567
1.30424460142962
1.81878198049017
2.15166489277397
1.41969375722716
2.23159620762439
1.96333322292019
1.23160918721282
2.02779225272565
1.50148883359591
1.71629689304762
2.09057523024208
2.33765493244894
1.38427889315387
1.65014026408893
1.94386803443525
1.89775418720569
1.43297958125479
1.79343096865495
1.54948827330198
1.88921116033669
1.34570517515032
1.68751208177389
1.49791068648694
1.48510988729697
1.94488203147875
1.78732958928188
2.05439817256174
1.87346272367638
1.74138194140665
1.75939146907661
1.35204420982258
1.52687638389724
2.24909981965819
1.57742183062762
1.77799529489619
2.05004673934961
1.88095328705192
1.71648564592014
1.71089288789821
2.36767550641396
1.38253234595371
1.9788693225609
1.84168956008346
2.5353383283648
2.7025721682763
1.95077751632162
1.68165236062101
1.5992445214399
1.80685150810361
2.22790354641958
1.9558161340814
1.41770886704115
2.08959770338342
1.77289557461688
1.83679588175437
2.32305298339401
1.82603270616688
2.00139130312906
1.60695983316128
1.81106540711149
1.71942620358542
1.57605218693071
1.49488153869221
1.54814796705148
2.17467014421804
2.26516370818518
1.91447155438643
2.40820005373592
2.21546188194889
2.32369676993948
2.35883794183467
1.7416615681961
1.99174668080729
1.99572460591408
1.60036163284835
1.66908443175182
1.60207075412673
1.84266159410474
1.9298876521652
1.93305046965893
1.56347660278985
1.70846460012773
2.22613572101749
2.2595779431842
1.66254076351286
2.60580893638196
1.97277893331544
2.57004208922574
1.84927610991387
1.60919360917102
1.75964204871533
2.22011490510576
2.02441045204326
2.63855194273994
1.64227974675822
1.87068105411745
1.54231741981784
1.80528809100302
1.43018563147542
2.1827532813382
1.73570139423035
1.82585297906497
2.36831304938198
2.30008684081089
2.20820696571335
2.79450256391655
1.77187206726193
2.0784434667922
1.98155349688114
2.97339021732428
1.79666148630214
2.02359950620764
2.03173787588279
2.31960165282484
1.65797979234837
1.74090462547543
1.89242851459798
2.66299928175787
2.44382352634737
1.89531503474605
2.12842838037963
2.07193340865962
1.3683605824907
1.9290517005773
2.21050640193971
2.39611256530763
2.27741872095898
1.88736080942947
1.80479207432592
2.17493981473219
2.61415900020125
2.02352349104317
1.97063104370861
2.01334853955639
1.42344834139279
2.2299303215088
2.20633893366095
2.04884109421973
1.71397739095891
1.85043603404777
2.25724612221974
2.0168808343038
2.01227139528285
1.80448612661622
1.91401595451605
2.38508539981243
1.76127313317185
2.11329227878188
1.99050396862441
1.74622494887783
1.75925928968989
2.07185578068935
1.71778040239306
2.54972571155171
2.33322575671311
1.92979397277416
2.00577717376249
1.66428865034489
2.1727465184221
1.73348494929772
1.69822338160207
2.18445665586839
1.75195257066755
2.03914761876498
1.46663093602218
1.56171936146678
2.45424250923529
1.29098106335588
1.96952709344473
1.9337197646768
2.55347543186363
1.5952497657708
1.74310894408953
1.72214628541336
1.72256707040574
1.86017685488447
1.36086068690524
1.96035616131096
1.28341026867266
2.40913942595808
1.33312928820512
2.56909257225593
1.96991219651538
2.28178477229167
1.7237175438307
1.89641541721721
1.82046159345909
1.96374095739841
1.83476852122621
1.90118006544851
1.68559332788365
1.96055132452749
2.0994381368852
2.08866301946106
2.0500920252392
1.43831538546747
2.33375546183915
2.80949288867993
1.48430363144253
1.78528318318524
1.99809551180328
2.8638975837104
2.22382864918963
1.94962239571106
1.93586871481369
1.35122848426236
1.85205856841789
1.52579132962769
1.53085460398734
2.10136617427836
1.63176028031449
2.21934683033822
2.19280880911603
2.39085202139825
1.65519551267727
1.33166407456918
2.02787505491362
2.08995496943384
2.38085682008484
1.93938772933062
1.90875878613314
2.06019152223933
1.68030849162538
1.26270425478282
1.87844251336534
1.91889308977318
1.600885766035
1.91319150849631
1.79195551151502
2.04359500855446
2.98581832622982
2.92952729992665
2.08255869084664
2.13418705031291
1.80136400908072
2.41052012728632
2.34810070495029
2.04896586597888
2.30279849004178
1.98621755978943
1.26608145352257
1.67616194016481
1.88032406109418
2.09372893048681
2.0390565811637
1.74543826374571
2.28965513760326
1.96023556338961
1.81402131142106
1.52946258081551
1.64491319258637
1.75690550326434
1.98434679012656
2.0835660537028
1.15103501357531
2.49399443974457
1.99809463623221
2.18675738187528
1.61447351626401
2.05975646321933
1.37604455836807
2.17567575739027
2.60923061843289
1.79498137026128
2.12849553375114
1.87726224470813
2.1262548469475
1.88411960755615
1.80530646666376
1.77265507613003
1.45004921214226
2.32916822917799
1.8251584621637
1.96313784195359
1.59817397737517
1.56037140261072
1.85977540602002
1.16083613159598
1.61785260209877
1.61347013072174
1.75132235341103
1.43222648835103
1.70291014702728
1.76398197477884
1.41644415213571
2.54750623234304
2.33644874975371
1.57383682585729
1.83634881840889
2.03055450859866
2.18336492780681
1.78877886324343
1.68827253268541
1.75435458762513
2.05305857536257
1.6965988088551
2.26241473276371
1.51117378045208
2.05721493034482
1.92630514409722
2.02770972384295
2.38558984619176
2.55629396277595
1.95188909816869
1.39644302862206
1.64786051939749
1.78775517527576
1.97443064051584
1.62790920180436
1.79981987442056
1.46282796414051
1.98258625149557
1.76980715257128
1.57834732526917
2.36310196513747
2.45291945523464
2.63240379545989
1.82965469857106
2.25528905095656
2.07280718258592
1.9020946646145
1.92409118170607
2.03632426015907
2.39929072338309
2.40674588218248
2.85612817097212
1.93078095445697
2.4298530482174
2.24772670969982
2.03535773765463
1.68668664740913
1.94421605709657
1.69548936975143
1.41332463608328
2.45241627499447
1.98477438290376
1.77610659214449
1.79517679843776
2.40627852929119
1.95038937535346
2.30267436092878
1.98115546446084
2.18562262853219
1.62537696267276
1.6771732166458
1.80131121669845
1.69942122359784
1.63589918435689
2.07343166813966
1.92591756835944
1.30286475022672
1.81391047914333
1.61855103845861
2.14009729493286
1.92832868245267
2.31420141429098
1.7863610511682
2.47167694045829
1.41661466846034
1.91052993599203
1.97272354171591
2.43663136678933
2.07549791955247
2.08025146354648
2.9432974838823
3.0658163654901
2.13540163970325
2.36687958160884
1.74058711632712
2.75733369855979
2.58800255920493
1.84567582378284
2.22433653816842
2.68423075050507
2.36624737908712
1.70592461178734
1.85950486139512
1.78917150378488
1.7043735366409
1.54796123616749
1.8312020101986
1.77016986304682
1.7047451632479
2.38234735103998
2.21109515605152
2.18229760567159
2.40742619300964
1.85404040246771
1.97274517367269
2.12783109905611
2.25247062444362
2.00284723253202
2.43660509059477
1.70374594030752
2.08320069820336
2.01228600979537
1.64389229444461
2.26455833427769
1.7839648652563
1.98591141959735
1.62240215394905
1.8300323509583
2.1789306473516
1.80267000194413
2.28857115695552
2.52696390499694
1.67391269565015
2.00149751217254
2.39077572086453
2.63139751595478
2.12949430503489
1.17148438668628
1.68809461669969
1.82946223718485
1.86400613160834
1.62661290395233
2.39593454072887
2.11553480116648
1.45973590111136
2.4461344596496
1.59128973049194
1.88103108327033
1.92980251218852
1.78072633299958
1.33340936404864
2.152049452929
1.80049296842726
1.47241953274692
1.51394931896128
1.76122181193812
1.94000304845818
1.72179287977687
2.34545895362901
1.68281332827515
1.8136812440997
1.98203680594499
1.49105499101923
1.43568921537293
1.78114492012264
1.82644247711941
2.45842842620601
2.13993903171423
1.47658762327955
1.88341916378911
2.09033693923317
1.91488307760185
1.69758791920633
1.82848603648423
2.12946189944995
1.68652453794594
1.90675128919161
2.02422736728793
1.53142990015961
2.12602045814092
1.96757742076588
1.8946284015339
2.0515950856207
1.67046234225614
1.68426174832938
1.60296554283953
2.05331091429065
1.52699202529496
2.26126256166605
2.43039806549778
1.89067333148784
1.44922029780649
1.91301809734406
1.95422345213369
2.03615780856724
2.02741195193721
1.57762623531036
1.54639899655822
1.55232914057132
1.9221893273888
2.27161971765953
2.45473803312251
2.45611197573115
1.64622813286768
1.55372686820026
2.14826891125075
1.60086736374873
1.52237203492669
1.62250557433473
2.10146642223932
1.82450531099865
1.64107926667823
1.9840846000248
1.31968293230831
1.52903513574067
2.09721189937259
1.73482145757678
1.73663630792162
2.436568820858
2.38646539239678
2.17567508947858
1.8254374954479
2.04626607942645
1.9257198164519
2.29896489253627
1.83887607262033
2.00021896110061
2.67935050372176
1.87146339458464
2.19978932445328
2.49110140250702
1.7055221346837
2.25933839320406
2.03430589779809
1.92407267257976
1.93083859629652
1.72422382980948
1.79471437304318
2.05259448491724
2.25916181502035
2.61300135987198
1.90589112430183
1.85680628573176
1.88761469352515
2.42529219991972
1.87007527751126
2.34271771871941
2.42406546911075
2.01714870850748
2.30216958255675
2.01666527753779
2.14843874287327
1.89668327655138
1.49494141775443
2.56271874902062
1.63328792985514
2.23246887062258
1.58964734940486
1.88400508156973
1.2166877043694
2.13490072170682
2.35899174984209
2.17804541155867
1.97844799715127
1.80828887985847
2.22512191361739
1.46256221761089
2.07235883657313
1.73779975746784
1.99891315588113
1.67528385803957
1.60449983914954
1.96485613080256
2.17449012906416
1.51134663374559
2.86644269950132
1.87955525048617
1.71702302860401
1.85719423459802
1.4965105913106
2.51180557003757
2.16436422029198
1.30773112993066
1.24570542018959
1.75349742518009
1.8324530423543
1.56997121276293
1.80354662221474
2.20891941389253
1.89784316498655
1.96436340897501
1.85820998430496
1.99279170342997
2.48199898841686
2.12265550769299
2.17289671939529
1.78668128333022
2.20617374686221
1.34888060202617
1.54601747112521
2.15837367000912
2.10919231460541
2.19111769620149
1.53470684669524
1.46640846335053
1.7771696994158
1.66170167996
1.98979798383461
2.24308483123445
1.80988536524406
2.58759162738448
2.11922668746511
2.2481688710078
1.52938149052365
1.62593709226492
1.77257146546443
1.53378396136911
1.75953912970828
1.84136736584604
1.87461734735448
1.39566082738427
1.59052980250771
1.73127530782499
1.79844489747936
2.07836328174069
1.6121606002909
1.93236094995523
2.15419851446368
2.39809668975663
2.2823545062793
1.53193936198474
1.82101473706691
1.82892647909161
2.22494935062024
1.97804191556885
1.85404676506605
1.32954818122689
1.77273927831256
1.67261772315383
2.12221944826972
1.69101533558824
1.68127789982338
1.90658925863378
1.80160617046974
2.22845125131723
2.17353550956338
1.83214084701581
1.94998085100225
1.69068658904279
1.74322896829248
1.65427771975468
1.84791474380382
1.86412825474141
2.14014223379021
1.91270349387979
2.37802738340774
1.59299937102499
2.42859035772845
1.84670332041281
2.30927870691433
1.81871787216392
1.65381878723999
1.81351203128289
1.77038103194685
1.89317409606999
2.03843973652061
1.62047490322327
2.07401467178378
2.09928925781138
2.00866600377954
1.67098748872194
1.08158754102283
1.59578711483909
1.88529685701067
2.17167985620968
1.81741212560267
2.1563605003527
1.74925539087347
2.1410350419771
1.51799422838835
1.91609470352782
1.89511267808264
2.22162810451649
1.78566275142936
2.08289570904373
1.99533530294912
2.13489252221398
1.34379922066539
1.69523815301595
1.37173271008772
2.17930387622636
1.76600987456012
1.63939250252823
1.5253016311424
1.42164297534194
2.57101035632312
1.74129037919712
2.06903618263311
2.35650535057055
1.82435087856816
2.3515423725322
2.38035268239393
2.68461296838304
1.85372033323638
1.99908800434534
2.58034627354943
2.45778221063674
2.14599294594269
2.73784938201059
1.61694739459171
1.49187276427035
2.16537754911944
2.2295378791354
1.65833895488947
1.58736852026208
1.50690422262834
2.27808770136871
2.05995206547074
1.50306426402215
1.87879865967216
2.01970855058599
1.69499465815103
1.69860262191973
1.82347650232417
1.45233979281537
1.75699411810658
1.99182701175588
2.27230975358037
2.08852834480675
2.22892732173282
1.61950414981147
1.90440496124959
1.76963353781464
1.25942322047984
2.04616137354945
2.10574832128454
1.66315727200627
1.83275467367411
2.39541910431317
1.68432381162455
1.68366192043622
1.60459890159042
1.73875053624078
1.42860244123071
2.69018327990527
2.06411319135148
2.22970708238778
1.51979254338499
1.80343992616387
2.25518078070372
2.05801709034734
1.78026987740859
1.8041965215427
2.37189048539953
1.48604735224164
1.55833523651543
1.81043373574695
2.29563908972778
2.07402923486244
1.87042491158142
1.83453033419013
0.905626069908053
1.72899671976424
2.41088955361547
2.25857805424421
2.4593394434895
2.07260948915494
1.72546083231072
1.77124383204479
1.94029853593798
1.30825909375049
1.94537305573498
1.66642884020854
1.4657233947052
2.06118348742767
1.54416611092516
2.05082920744867
1.86282115614119
1.96964700320775
2.02407429681225
2.04737618244884
2.49725591671609
1.72657563684346
2.16404438607465
1.5002760221748
1.8478469841014
2.86355651158304
2.2514196583297
1.88704436417617
1.92826987760788
1.94045065262539
1.70075580786006
2.0270964647446
1.8397579476896
1.94491810475917
1.44717387861002
1.95051133494605
1.62167197153946
2.36309013595688
1.72252895489643
2.21752298895596
1.96115302378796
1.85336689223997
2.38665249680851
1.71831542844293
2.23814551220612
2.17600140476581
2.12240213998618
2.09736070448897
1.97553667665609
2.37419157263576
1.86562659793547
2.04734764048754
2.10354961847822
1.28399572612819
2.01598429716811
2.40480700551798
2.4484943375086
1.81725447089645
1.91671379171321
2.48694858600642
2.04493091898641
1.68846038326276
2.0113989982135
1.89717505505173
1.79803330105807
2.33855481413588
2.02590978653199
1.9945477159489
2.00031136419827
1.97158476753647
2.02328613434097
1.75608161511386
2.62587920634738
2.23609613719234
1.84675841836674
1.97148479593668
1.5624981473892
1.66815210882334
2.24468311679209
1.62610131749411
2.53107606152196
2.34115411111772
2.41302436220187
2.73135935095227
2.05723715920179
2.85801576133383
1.95796650493141
2.99089273535748
1.68060277226453
1.89736756977539
1.80608424490618
2.42728684223879
1.99196383344562
1.84057700494084
2.70715058728525
1.85565191751049
1.67432815829557
2.14029285507876
1.96846257917454
2.2547804940478
2.14264608446449
1.91623108002963
2.06071788559231
2.40933831053527
1.39727809619151
1.95019296515848
1.95640260456681
2.05126031567913
1.88829540011239
1.97102329552554
2.22971090880548
1.94723097136134
1.86286167442023
2.35070924604363
1.99224167291165
1.92165305499658
2.20340063838671
2.15197548079804
1.95909792988701
2.15746255143062
2.14356245873477
1.68739444759516
2.47016018179225
1.89251613459502
1.70357854051531
1.63155904236022
1.84199832298764
1.89601996105146
1.17573039737348
2.16556779436083
1.42145505093417
1.28414108389843
1.88686546417026
2.53443226303589
1.74208264299266
1.95942931569115
1.42869951409089
1.84295219849718
1.92439212936468
1.36900994154536
2.07555220999918
1.84058038699839
2.31283377013829
1.69043870694252
1.22514454726022
1.60121661956353
2.23665554985605
1.54597399328059
1.75821613807221
4.60677475726373
1.87566081205576
1.37417753160097
1.75930705816167
1.64364010989212
1.41803464584033
1.96546501857764
1.70192055423414
1.79084074367561
1.75109133919148
1.97183155850986
2.27712623969662
2.07994498358244
1.1720806572649
1.92511854303526
1.35334826642834
2.53030550744875
1.01467697124836
2.39230644329259
1.99681636325388
2.10163131964329
2.41606318731851
1.18827885143139
2.10129294608748
1.54477399657845
2.51589178144691
2.11074783157601
1.51096809983628
1.82905165367607
2.59447343636673
1.59086202798177
1.94858866108488
2.08275376832231
1.92349191293564
1.72179495909557
2.21359795697588
2.59670315052824
2.22521813709637
2.13952304802201
1.90628754720754
2.18696202073053
2.66845880254907
1.64607941290349
2.00767330220846
2.44401992444725
2.16646268706529
2.15601621848883
1.74951740929358
1.85626012161838
2.42340642162393
1.81733590465614
2.25618107357371
1.84786560320277
2.20084360110791
2.10126941191111
1.80710160381085
1.84342159844738
2.52778807000184
1.91084095471774
2.5964750636203
2.13461261699896
1.61405860376601
2.39907826446674
2.53936961946435
1.97752020292331
1.57837456675683
1.78197925523665
2.48773100802073
1.87940050369017
2.11390705732286
1.86656822152592
2.3374230390832
1.89915427400712
1.92939486307444
1.72700831582764
1.71013768803179
1.99622893617196
1.64262211261148
1.94053671772143
1.51864974818869
2.68284371026282
2.01449331403497
1.69323329616535
1.98924405282041
2.10302732102822
2.34446026484846
2.37419580676106
1.37998722382238
1.71426166573028
2.333406306435
1.65325185432489
2.20114662457773
1.76164645217639
2.24476264293364
1.37728805681572
2.07750239481679
2.46536862420715
2.14601194126424
1.27218097660068
1.64756708851226
1.64600678118805
1.46976353537839
1.53683273710326
1.33544692269797
2.47102527058923
1.40828355409855
2.01386031472269
2.16570921034495
1.98074034715441
2.43691692730791
2.13863756618953
1.6368822433351
1.38917598273013
1.79609443094022
1.30382299236476
1.72374236121093
2.19000317755242
2.10839261223985
1.20998780510049
2.61250497903756
2.95944587909484
2.31052922782899
2.12177606018064
2.11116030479788
1.97109552396544
1.77314907761879
1.51454280416547
2.38696869752284
1.93986365104791
1.36615953763576
1.30151538350175
2.53915668062532
2.04411568719628
2.14142165106028
1.57136803308688
1.59309510690646
1.77995121324774
2.09970763037142
2.06613170419873
2.29670912611011
2.16822647501415
1.56892285272101
1.73900878893875
1.65213869157631
2.19656460924505
1.92870759366107
1.9974658047026
1.90315815259623
1.76141133198866
1.60040124991326
1.71519097573824
1.51311850271186
3.21597624173665
1.61152425275673
2.11799297991516
2.38506816051332
1.74889028771979
2.28538689518988
2.01724241817649
1.84588239592468
2.40653367978156
1.52960085368601
1.61895168496176
1.94039137925165
1.95986147270473
2.7323611784974
1.88724516962063
1.57757254851736
2.02007292365554
1.70346324868702
2.53127905928117
2.14721780041671
2.23310396213514
0.838537017273252
1.8341530423088
2.32544057416451
2.03940606260032
1.74866731894624
2.13128968720992
1.88879527955104
1.89992701090049
1.87470014701036
1.65212414353578
2.39623127132616
1.70499766691957
1.44164726891573
2.1075656507859
2.07584902422212
2.34972475283933
1.86954919890857
1.52468235231428
1.63077400526498
1.74877672249955
1.3639901410899
1.4355386724498
1.92938596438119
2.83825376309477
2.06104530294141
1.71670131749358
1.79746627006798
1.85745352864382
1.67112329134062
2.15616793224573
2.10646776111593
1.98854486176026
2.02741520529312
1.58469154022347
1.87689774433759
1.45615043675036
1.81836755524503
1.85403927464042
1.32458029297378
1.59038656109987
2.02624593027494
1.75396124761897
1.28127830632455
2.34467799800959
2.28715565249983
1.81438403928743
1.33942277284931
1.73283410251595
1.87098066869726
2.16663624423592
1.63860535822134
1.92149730894583
1.14388712589568
1.76757050317809
1.64689886101434
1.2537789901361
2.1787216352903
1.61381949846686
1.77001447599927
1.53784095715911
2.09440881948619
2.28759090543764
1.84571611431323
1.59108500832249
2.03663883744514
2.00104480959441
1.38085767075811
1.91725666208154
2.03113523199187
1.24766155124813
1.58819526859549
1.96397866014873
1.18143560299
1.30368370530233
1.06844715597998
2.16316698320217
1.50336776159633
2.15163045650066
1.60885962726824
1.82964903217141
1.22084230151353
2.19677171478615
1.69662059037223
1.33508482988589
2.24475668245945
1.95289391873648
1.99666429321634
2.49666686849064
1.74320866801378
2.29854945464419
2.43364924789395
1.63870397672446
2.65112270266534
1.80508181274569
1.98003801073208
1.73781295097231
2.00137992058928
2.03352549690678
1.8643316976656
1.90549164373795
1.80722962468183
2.26880191207796
1.48874627637732
1.59987905830671
1.78885872834701
1.68284842818325
1.91519107444195
1.79902294157387
1.8657325620884
1.86738573776673
1.83118537251198
1.68881492182384
1.97212298197397
2.00717467278868
1.30728951951389
1.96988228406369
2.079538411555
2.17129499690189
2.03480737667841
2.40230785021817
2.38586141031839
2.45795028923305
1.84338326072388
2.43780534245049
2.07002186492377
1.8197013567166
1.97650544779749
2.6843643922998
1.77738055007319
2.41424452982212
1.98444500239056
1.86939694117304
1.96697180959166
1.95052499207384
1.76611566858286
1.81210184531563
1.28266942483126
2.06223021002552
2.36473935412664
2.03048660266191
2.08162907557237
2.09377731007177
1.5374020531328
1.61972517323906
1.54924712346476
1.71103136728704
1.95441795870082
1.78707013175606
1.58968037402112
1.69541854163646
2.22811776530037
1.56159206980065
1.87346833913981
1.98939699424528
2.09183099071467
1.5990878422426
2.2990849578177
2.06551282809089
1.42534098681186
1.61076176777498
2.15899911603653
2.12722923717621
2.09491587247218
2.32581388023003
2.28989414090981
1.70731383431061
2.20505424991625
2.50363380165461
2.09376385853872
2.2696237648478
2.00448689292496
2.04096285401436
2.6929164640904
2.60684713564571
1.6938549060856
1.67669519951329
2.14006085038078
1.34111225584139
2.50113496664782
1.93210487114486
1.67581330873849
2.08025170674053
1.75641099117581
1.90612339683848
1.85177374245708
1.62940487916903
1.58761624022974
2.63234894157687
2.21712047733201
1.85675368554711
2.28895044188441
1.81313319287995
1.52407417057567
1.66621087046392
2.04691257479041
1.77193942726348
1.87968259559103
1.31587490447965
0.897010721159904
2.17318508462196
2.09054702582715
1.83027420995847
1.85815241667546
1.87480825893565
1.23496291224285
2.40773879140309
1.41507740059406
1.6048235957954
1.62902892858339
2.03205447528311
1.77863559894927
2.00536342096546
1.52828644989156
2.62845348226135
2.05440844479999
1.70314061748751
1.71572464761304
1.96576478502563
1.67136621305207
2.19608547366477
1.63741513487153
1.90821864185651
1.9703662411934
2.38131446547192
2.91127372758232
1.656065080485
1.82949030940735
1.54245084704655
1.83638559318814
1.69752477249446
1.75248398242001
1.49777991357112
2.49499509328063
1.44996626035863
2.04727758356329
2.14377555427434
1.95153330104934
1.33585521152038
2.18230780146046
2.04444683932899
1.80599586621675
2.41444437165113
2.00298908371267
2.03796376220434
1.64041350444828
2.23208954561165
2.07475213665427
2.48684332637496
2.06008281089989
2.57490573203778
1.99670773557988
1.69241944894913
2.19057129661228
1.98064303344583
2.17732080633784
1.42629150419442
1.89682743758758
1.90700234576907
2.40853369638711
1.53439511794311
1.76928396761387
2.03864855774256
1.58106367758477
2.41659286089331
1.60086733972999
2.31998212070269
1.64080197089608
1.69016334205726
2.17641240787182
2.52736134505888
1.89887842718386
1.80273405599498
2.2594343485119
1.8035017418234
2.33639270609229
1.7126197045112
2.20866210109893
1.84141790986082
2.52703088282343
2.31624736184922
2.51888273620506
1.22488689736212
2.1319724878354
1.17303640447596
1.62663103028302
1.92330445438528
1.77546744459661
1.48876709739589
1.26333835281032
1.79315312951525
1.4671305307197
2.26269321225825
1.62584256612368
1.82370778093886
1.788022486285
1.63482989414039
2.1444333712387
2.46884456759313
1.89771614353804
2.34062134503707
1.86799666092047
2.11979242860732
2.0875179739539
1.58560660383846
1.64139534757001
1.95925900516021
1.87452246097508
2.54491632750451
1.68498830588743
1.76625139595037
1.6770197089318
2.36670609528194
1.71385997240131
1.82896585552214
1.68248048445868
2.11419309859669
1.93396341387327
2.04001312671269
1.16635195765647
2.05171934870893
1.99936560271112
2.05329152689348
1.56708637554258
1.64531234011559
1.93594947629619
2.28712504598924
2.27151699577367
1.71349915169734
2.09383655724828
1.90646450908064
2.02256643859852
1.66613930526513
1.96552428622497
1.98032581537674
1.80962425882606
1.89254641491659
2.18527384693977
1.3593295946756
1.35721783306975
1.7840522874232
2.02462072709818
2.33168332620954
1.99281754757141
1.83548273373754
1.653051052031
2.42672193756542
2.08538998608833
1.77644215170586
2.08989969440279
2.34526019327125
2.06895968631951
1.88206429585513
1.56164174837279
1.88722754077668
1.98866138176526
2.33721077880105
2.24219530810639
1.82214666778448
1.96884159533876
2.30600411158532
2.1867919771958
2.01914891687049
1.46802630585095
2.33389683052425
2.02060095926187
1.46908654085588
2.36449196944818
2.43218525243945
1.84862086813515
2.02869159975034
2.57387906048007
2.22962412891654
2.2275046284962
2.06170978174649
2.23347820809849
1.98497162122912
1.79550753915855
1.60236908016755
2.66828627231728
2.107043354036
1.8518479922913
1.99480937001151
2.17436994514873
2.73426433765543
2.14048993785324
1.49634608629101
2.38504375240553
1.77603948720484
1.63240755240512
2.10360222325222
2.40884258776333
2.74655957477369
1.67113364190144
1.39523580166543
2.18815562528943
2.52208173463626
2.04666061491619
2.15748283469943
1.3656311523396
2.15616319094891
1.57914248007304
2.42047126804982
1.81915995993715
2.12005458788057
1.57077612270439
1.40430760358544
1.96616164374457
2.52961356408655
1.90063156639727
2.11888881779728
1.97937546564419
2.26496376036025
1.59577226629232
1.60214841245849
2.07790971892206
2.11472238271536
1.87769021061388
1.67270291267254
1.9933060570655
2.18903772632609
1.5821232406167
1.70642536086954
2.17105243311068
2.24684637849166
2.14591576881406
1.69989524265892
2.00130615031091
1.80617883294829
1.87438489795268
2.12346489772912
2.04612816834674
1.12133360274237
1.51939267281185
1.56036072276533
1.88885319353436
2.30765240068325
2.20121869933582
2.19324844425818
2.13290262280942
1.19292305374475
2.37061163803401
1.64979692571854
1.59010883823626
1.75261773760187
2.05335124119569
2.25332935837803
2.07406458328753
1.85579899671888
1.64069004042895
1.84133701855866
2.12006647993764
2.33646890258094
2.33045349383858
1.4169226288002
1.7352823664055
1.5441181760611
1.62643710827362
2.28124369385138
2.057583453572
2.30010199568521
2.13261620423114
2.03217554034729
1.8937725259259
1.59691451042148
1.4702613910093
1.85623702405093
1.81772006597133
2.25658710273094
1.84060848087359
1.63831445899549
2.10016393516326
1.80614021766251
1.61247130069391
1.63639596500872
2.12285778070535
2.2651606875231
1.44452378342435
1.80431675623454
1.91275708401905
2.07039934994267
2.07049173463719
2.26128988551295
1.85969081232272
2.91135561919632
2.1240322996118
1.84652276765189
1.92500963435319
1.92236803760621
1.98841252401532
1.73421504678495
2.41365377431412
2.04307605898249
2.14341101445232
1.88354142985408
1.48938604724635
1.802805692332
1.82354354881168
1.61808404718757
2.17881401716555
1.61643081682385
1.99257798621035
1.82248439264828
1.68080856463111
1.5757801470521
1.97853489850531
2.59943755851748
1.53382061853459
1.96825527834619
2.21837303619947
2.19744214499113
2.11022883303404
2.24762246284891
1.84963123564635
1.85572193021439
2.10224678871121
2.29378980342734
1.93569664106723
1.67299025253314
1.70475338724088
1.47368432912612
1.96253412057016
1.98452300192058
2.65817947851052
1.53810641554703
1.91247384858621
1.53722036692145
1.73476273367207
1.90157299506195
1.7971269611438
1.80117510822706
1.3626442262436
1.71825965836962
2.54073495890662
2.06346481022223
2.09316034318992
2.08010831186467
1.88888438875328
1.91331508648271
1.91550326884175
1.54458866172172
1.42220570252858
2.10769931399689
2.42825513212527
2.0851726908127
1.87481710839021
1.34856134115686
1.55890155702279
1.77559216923106
1.66360144211373
2.1488422363032
1.62090551843752
2.10784948137385
1.79406636614556
1.97230346691327
2.07986947502829
2.52332624661669
2.29630587726677
1.70821644027173
1.83311081309865
1.91785642308213
1.71606244501302
2.03189741214655
1.88376843818549
1.81806573550739
2.31314291073482
1.191244251547
1.87626373667552
1.8336594553164
1.7747869036039
2.1552784700795
1.64105890122917
2.07604763909556
1.8601118551848
1.77403503599476
2.30807630247321
1.98060478539344
1.45008383940594
1.57199175223727
1.90511207542967
1.50721875192108
2.02182568132818
2.54596564760368
2.447827814694
2.43180552828866
1.75601225382884
2.77478271756179
1.80414873571661
2.99037972496157
1.67438658629533
1.97268986253359
2.10261170921469
1.57457661335913
2.19407739625366
2.0789751200887
2.1219120663364
2.40697833091597
2.44302404356543
2.29262131095426
1.72036788042439
1.70477966877588
1.99905851185729
1.92113624719756
2.08260770601423
2.89459761468385
2.06689986103477
1.59736864251693
1.65501442440097
1.91900449489135
2.0286233747181
1.83038148125761
1.75563556923869
2.74147563562787
2.61510791491048
1.77661001984982
2.29005370050534
1.37111825515496
2.35700364437635
2.03288436562289
2.09950351085126
1.71937604274271
2.07807798999061
1.77595153027027
2.06410897613023
1.68712742983185
1.76843692323775
2.05019759280446
1.61863599964132
1.8943635320619
1.67850785693208
1.58058381699137
1.87320712388019
2.64338276746822
1.60146800422631
1.8703888302878
1.97235552414363
1.96825562846009
1.61631737475628
2.42834527955951
1.43375193668327
2.08303810362999
1.65608012130265
2.06429576736202
1.79442804356637
1.99106942488312
1.84906382975432
1.57164484239344
1.72923364270511
1.46573469896205
1.98895930614942
2.62110001314753
2.03597116396555
2.200279536691
0.979565432070155
2.17204580437748
2.06124762403594
2.77403551657635
2.33893340730322
1.5105760018931
1.6964663952862
2.02601432601667
1.86105302214804
1.97208659328848
1.47875219545638
1.66748651282578
1.46431917327235
1.9030501832933
1.93357335895006
1.80148745440142
1.76962348724401
1.75327682993395
2.40606077672234
2.42032151212395
2.07094074544759
1.7749594104281
1.86566551314092
2.7077923398261
1.64803117782978
2.29523106273876
1.70547159161734
2.29365826945287
2.56008404214561
2.35348680939452
2.58511038137584
2.5293152333478
2.25444035191393
1.99050403781365
1.01269016783716
2.14402310066727
2.07096846008595
2.23851857478981
2.09228767354669
1.68979438734239
1.68554698097002
2.3273966113335
1.51407682684872
1.89500920423004
1.69728425606243
1.98868616654247
2.41540251927367
1.78057420941416
1.88195647409513
1.78867428946279
1.98692545646092
2.46195447008207
2.06479765011477
1.70396771901268
1.72951303122944
2.06264227671135
2.12511281356475
2.07388796287021
2.5356186106519
2.04341824866812
2.15808317608963
2.04055236037808
1.89459218120274
2.5646468465153
2.0622860344859
1.33680001507538
1.43133417604319
0.868776092190425
2.73326203816668
1.88243420197899
2.34474081339489
1.56093811594772
2.0764981095414
1.43564327258837
1.64535309065562
1.68732502873239
2.25996128241359
2.20685189247868
2.16159370299733
2.38366347146831
2.31836513136789
1.86628084015513
1.75686956198283
1.92015946829406
1.95117248044185
1.796423279282
2.07424931743514
1.90200511829451
1.68236023057065
1.89732656771502
1.81705621718585
2.2487147568529
1.26760372595245
2.0922881305458
1.58575350517179
2.35599502882465
2.10212773708555
1.43970727201029
1.98915880234511
1.46551452087822
1.64572205752932
1.82517534757768
2.35268155087358
1.81298485078305
1.88001545269586
2.20792110679005
2.04029773694042
1.26464604908115
1.76604481186725
2.75907486439874
1.16898843365607
1.93528631195659
1.95729177359078
1.62065342901635
1.85377032243031
1.57187313463731
2.08106133690088
2.54653695911278
2.0776197767871
2.33892397985463
1.73634762802451
2.02636648900407
1.52006198309064
2.2139626303691
1.62206425579734
1.59343051722818
2.16384802214295
2.04025651529792
1.92896337588505
2.35003781834682
2.11231809146066
2.11138207072907
1.17018467815104
1.99044298016874
1.99759837575017
2.77307095678818
2.02333791619144
1.8913911837844
2.03577030514236
1.9032083682269
1.92727069735173
1.74031860162395
1.58980779176854
1.87841206046981
1.80031582758818
1.80681728487663
1.59322478322605
1.94070751321306
2.12908837897386
1.6248400215501
1.78402762234339
1.655754348138
1.43507171834137
2.1681900827128
2.38655986500293
1.73192598347693
2.23990661480555
2.58385773309387
1.4185322380856
2.15940702453916
2.09809011524037
2.28460277482757
2.18752885156926
2.13656641141585
2.161286113967
1.99627651556748
1.86649710779878
1.9976977289062
1.89029197715944
1.6693939323757
2.01285379127879
1.8643245678377
1.68890223310172
1.39277579096702
1.38781400811447
2.18319817862979
2.00183361930265
1.7915230287476
1.70692217381102
1.89002532864687
1.34796368298417
1.83252334961105
2.31634076889416
1.9412961128455
1.40334167567099
2.048141442558
1.28495375279603
1.43067420002772
1.66740343616298
1.53273819870587
2.10514652679614
2.20761635010391
2.4576366452397
1.94391602563144
1.44531345331517
1.66297864508603
1.63963751409353
1.79596781019231
1.78143566770672
2.16758239723262
1.73761327605311
1.68307776190013
1.36631374587754
1.77620503744397
1.93537377278242
1.51631590553764
1.42279358359031
1.9733260492464
1.70647237012243
1.80576739645438
1.85731487209566
2.27785830968237
1.66067454882456
1.80015031219698
1.6080176494484
1.66430013257325
2.00122056821926
2.23197870560498
2.07767471272233
1.35487680304956
1.77623592087582
2.19102619171238
1.78089488054867
1.64311163180314
1.79146100600878
1.92422133572321
1.38509531559634
1.57164089672509
2.09727543366323
2.6985809788594
2.13484613904002
1.08189277830088
1.28310526120681
2.33534507702782
2.14398374296883
1.66619676934585
2.26974819859805
1.86268325030953
1.26989623027382
1.4672239359983
1.72534947920714
1.97813171879279
1.92969891068867
2.11041601669176
1.96826107849934
1.97244204299742
1.73993091306484
1.87297585839444
1.51799364627932
2.15086947680013
1.97071691814766
1.6735477759177
1.97523533762155
1.61313877565841
2.04715382061265
1.70795151213809
1.58102292766036
1.86590904969775
1.81833135946284
1.56037822374187
1.78917149169214
1.88375991070578
1.98434597481919
2.07859288255499
1.8996015365644
2.11188872004802
1.76823127767349
2.6182584863271
1.52534937098556
1.5534708897387
1.5120832966885
1.80361214868646
1.88097081802094
1.69609140124684
2.36781833553691
1.19291050505067
1.97802056133301
1.67033767290195
1.7301226774626
2.05085473691131
1.60718321184243
2.04158626667121
1.8974547324429
2.18009115598486
1.26792213073587
1.90181284752908
1.89605845879642
2.16614729406582
1.95748070767138
1.21182830495562
2.42237358375406
0.809192079055917
1.61035410539358
1.59062129450977
2.31468240328478
1.68749914247415
1.73661840386907
1.72708353722223
2.22204590948265
1.57093988424784
1.87030818948765
2.06690827036833
1.85499932177177
1.71187985823172
1.99106335004027
1.73424802641366
1.71263436591877
2.32381507251986
2.05220464062383
1.91556610670462
1.52603900983605
2.55365186266877
1.87967445662284
1.72771420102179
2.00296918113229
2.17867314813503
2.13328491150821
1.86756835740555
1.61576534955121
2.27841492180855
2.33552770659156
2.26394008414346
1.86209104068756
1.88442873069176
2.27814943312885
2.1616252948883
2.34295970306473
1.57486493517375
2.51788980723722
2.13348270317325
1.497254071937
1.94177192170332
2.11561558270223
1.99728717143536
2.29710086762779
2.56944648363404
1.95819353093843
1.78020794105204
1.45074169455984
1.59238568345705
2.07502333373323
2.46574875613717
2.40049406702234
2.41072040628366
2.38003338485507
2.24353430976671
1.69362112396737
1.90988404717904
2.09025734827623
1.65055546769924
2.2993750865439
1.91566981256934
2.19238651649267
1.52831716461095
2.4473349122526
2.74794790554203
2.19179562259133
1.83153484570234
1.92680428800661
2.16081357306831
1.85114241511884
1.94897120751205
2.35816795194588
2.11412138036392
1.98397687413106
2.12781084693955
1.59482688686456
2.44326069963607
1.91670209024618
2.18715036538558
1.36887397590969
1.80474400216332
1.68305112275255
1.93052329464783
1.80888036486267
1.42442582787545
2.11774802924979
1.9934086934637
1.65888137961294
1.45136994753499
2.2304117357277
1.63230462982091
2.48464455814047
2.27386112431256
1.84693444975545
2.06090412202483
1.70980137507648
2.51643523911335
2.56736132540628
1.71365343555126
2.21142647748287
1.80094415477854
2.08811182061701
1.99272592973443
2.03311748394691
2.08883589529073
1.45016860074298
2.55155411363272
2.39217029561021
1.25471485453321
2.10109282471013
1.70571224321408
2.2303675677765
2.25193861326281
2.09993240012221
1.82061125284207
1.68089510580393
1.80869156657381
2.26974396493474
1.64225775969142
1.4749334268023
2.33144480015086
1.85123559647507
2.20173533277859
1.74365723696307
1.67528236376987
2.20561909811397
1.77761794285231
1.40778877535809
1.82909264376163
2.10923019205329
1.94143615712405
2.12760758900874
2.00631227777566
1.83722700978067
1.85373767449038
2.6991811423238
1.35815926832503
1.81535187113986
2.28315501241445
1.74475420780523
2.49607877201989
1.52864431013541
1.00061639889
1.70772175224792
2.09415225571746
1.42255177317291
2.01658446813748
1.72903694009903
1.56576702896858
2.1973316411832
2.18546923691284
2.35894007253734
2.04300961587129
1.36122975505294
2.62341381048518
2.09219269436817
2.08453137512464
1.64696722062191
1.82813160283426
1.89009087957913
2.08473405343609
1.76644977214377
1.56384420580546
1.65662393074843
2.23861163740084
2.06856592393204
1.88040755336816
1.65960729123227
2.628257429618
2.12310537016339
1.7485009696336
2.41394951557263
1.51736387034564
1.64687426249213
1.77203917095585
2.93383227263429
1.68233234939768
1.68209807332105
2.13903769893824
1.43769709191543
1.94215476418332
2.23237522001937
1.67486431541266
2.43654130498015
1.47342708173442
1.98129636655238
2.00467120424367
2.08178132267522
2.02882463243466
1.8580273822975
1.89395880945806
2.34741015785501
2.05868888172179
1.99140370967646
2.27595765770677
2.01458645011329
1.85711251638589
1.79327245326533
1.66988195154431
2.05136867541241
1.94959625507823
1.84246395035921
2.17909704111764
1.68893042002518
2.11680633548567
2.27575876731387
2.45213767092388
2.00995014610258
1.82116556537677
1.72366873795601
2.0325919328808
1.44147122369373
1.59080366397467
1.91672156399218
1.91658660735828
1.75075452273648
2.03162284571123
2.02461802705067
1.84926895923343
1.85853525116827
1.5146620127632
1.56928260364714
1.9798847362434
1.37362977976766
1.92844809326944
2.11452476260875
1.9878973000515
2.05554217568336
1.42498500816781
1.93809809198249
2.05471901369668
2.21830302623279
1.63572276467885
2.09021087182189
1.70880154049854
1.52584259011202
1.94728501300093
2.28058457995302
1.68533502457288
2.0253816910495
1.31254922756634
1.33485268361714
1.82786124970997
1.93527384742157
1.54400815587849
2.22182943775607
2.08260968747502
2.00880241911023
2.0495750889564
1.47622444927839
1.78432140662509
1.97948253678175
2.24684735572561
1.65619872384301
2.48088100594191
1.70983189999798
1.74022997103367
2.16285839262219
2.00205129651366
1.83626007811436
1.84466380874322
3.27846247171521
1.66936718933442
2.27631131232415
2.0478243329919
2.22180984862451
2.11748794328178
1.73310709194348
1.92857866900135
2.28621864141191
1.93338504691304
2.16298080822569
2.51173368239711
2.25447831610431
2.50217500498358
2.59138591760537
2.00284283027954
1.7705061512566
2.67422232716448
1.6221109968205
2.25377566730672
2.34554527823046
2.18087900576215
2.07993334034197
2.14316732978806
2.94964801655163
2.18325023372454
2.52383535714067
2.26145668157677
2.82513767724596
1.93646074983363
2.42837304295602
2.44003709206375
1.97977059043828
2.09527813159795
1.68822461248437
1.59501389625661
2.12098463616679
1.88739553354532
2.0669841309646
2.14309142870557
2.0150514434371
1.72863893996692
2.07033791040934
2.37179154645233
2.0769711668184
1.96814014917109
1.62104900520162
2.05584313670827
1.8038953396645
2.00217734731575
2.34011008561966
1.68492679094333
1.83003089639159
1.95511487861864
1.9218826214634
1.86120049214188
1.94879810029169
1.79258775322163
2.17257261523849
2.0909131033461
2.15818626443
1.71377017361513
0.979937556837068
2.86566100552721
2.11767208678937
1.82264456524813
2.0657406791964
1.81180778915509
1.78728529620029
1.81699565864311
2.00386930859458
1.68052334959358
1.563549946839
1.87227144488605
1.85590210300877
3.06760243292162
1.86346028572519
2.33461093021021
2.20514013237776
1.48083338134855
2.37338334396771
1.89733774614869
3.68925013469614
2.12912963450701
1.8306176012676
2.04086522419127
2.10621424855531
1.87309994637612
2.70631071988064
1.99628276393929
2.52230004667667
1.47948128310334
1.91187740625435
1.8702057162156
1.96985449275441
2.21202390125268
2.41144111906954
2.28187710670261
2.10523059825244
1.5924036871154
1.7564867539261
1.83275026360517
2.5227885551763
2.39151669915529
1.60493100729029
2.27850570935329
1.49886398472897
1.65901294941015
2.52513023960715
1.98996791249419
1.77730811869826
1.70792037868636
2.35403002750146
2.24660375863663
2.08297619658167
2.07543623791867
2.52004349459833
2.11519883012587
2.40978699220254
2.82503990902125
2.09659987263425
1.59402381883107
1.78449675199825
1.15799105359669
1.77366809212597
1.21880522874321
1.48709459899645
2.53677715754402
1.98172111997709
2.42520997409065
1.78657537624504
1.80531912343915
2.29101960112958
1.55861887354095
1.60880631055859
2.1537386630687
1.71068763493472
2.1100745809622
2.15394673990039
2.07319102758642
1.707974669255
2.04048510902802
2.28658430259337
1.683963415505
1.70261460275411
1.54166440599667
1.94880363512337
1.97471219268072
1.74920117449879
1.61152695401304
2.68056225002042
2.01160973933073
2.03651224559173
1.96269930044349
1.69673799855935
2.4551504866611
1.98369647986181
2.70866858352559
1.52551590868722
1.85987237539242
2.54564063225957
2.48242853092517
1.31407740953277
1.90267056480401
1.66189451029097
2.23879068628824
2.20869988102191
2.30814041412928
2.16884274925616
2.47566357809441
1.8808739669113
2.07288396859884
1.74652897011535
2.03108478720505
1.96147133238074
1.63689245568623
1.87854822767239
2.44272154165385
1.60254138440193
2.68587696931905
2.33778283648502
1.89999374022464
1.75461243476794
2.24294620845734
2.40166325267172
2.14740330309486
2.01008560973951
2.12686444074325
2.37313790832559
2.04528769503488
1.48176550760134
2.51118179689416
1.84270082324586
2.44222961894972
2.26820320284501
1.86912746860198
1.84938575254823
1.96905332592536
2.05983587985699
1.69126453504631
1.75974950948743
1.4066024606085
1.92974695310867
1.67524278231293
1.76133535625275
2.34104221404476
2.15389515300901
1.52582890345879
1.53400466966232
1.69820653425968
2.29247621768554
1.96292739284633
2.38501006212905
2.24062243690082
1.61407233535806
2.03173903714605
1.73193623366939
1.99673108372357
2.56282762230956
2.08948547766519
2.29640778686792
2.28145437402619
2.70641455377585
2.55640254205159
1.96907448609395
2.3973316268181
2.5658993218903
2.00841575649902
1.85131300217716
2.49942429094485
1.36101578859172
1.90516935130916
2.39232920364886
2.41787362104446
1.9896922246839
1.664911278979
1.98536294990314
2.48893926825544
1.94046996435893
2.37427144514573
1.92213205742793
2.24230618704962
2.17506952906396
1.88387052247527
1.35839812878623
2.41843385332015
1.53903839331905
1.69599205580633
2.23601937010048
2.15061158391913
2.04084477149665
2.2026716290799
1.7687632539494
1.87620662519609
1.49864027289597
1.91002682463321
2.20339858871237
1.7749235219675
1.3243546417443
2.4319531882028
2.28128737952561
1.86222999742899
1.60863387249528
2.22741107584603
1.87593916122017
1.62026244037262
1.7717531066507
2.34272715391997
2.16335122260082
1.79996033011341
1.72692208668447
2.27589881460826
2.43290988608877
2.55257456097596
2.40786725004407
2.00833093887203
1.83459391878607
1.17460978954106
1.2572879410778
2.33654234366016
1.95095431374734
1.95672256650831
2.31593310882228
1.31996174386904
2.39772706407207
2.42432070163068
1.53944347200852
1.7400610811343
1.34599262098442
1.92854450283979
1.57166028978747
1.97424252053148
2.09759415004049
1.53268533422035
1.63650425862867
2.59957297473053
2.00047366630354
2.09293242175692
1.86399450275521
1.85769547341632
1.4051519459348
2.1966617802315
1.47196260184067
2.16706253048984
1.5450588451099
1.56604693430855
1.6547035563437
1.94202634884434
2.02626143550579
1.65340664465811
1.54043193526812
2.06231645629309
1.0565742635258
1.47873561720887
1.68425137892645
1.56659313645602
1.80488491758849
2.6147191257469
1.77241125148757
2.13262064892284
1.89366732721719
2.41659021542807
2.18977998016868
1.90537349210018
1.75701426391135
2.33795502190883
1.95234420582991
2.08759541842984
1.49706316428072
1.75654431660459
1.89783574076429
2.31704958475814
3.06665840692918
2.70395530849792
2.08621459559471
2.49240042733132
2.41531925923073
2.77726538125814
2.34169755360839
1.74236517745708
2.05103133257328
2.22451706076623
2.12273253070823
1.82355878154204
1.75156579320467
2.13063521209944
1.95856497015774
2.15474508156163
2.39681634065682
2.21051775850682
1.94234931507627
1.45223854206122
1.7382163902943
1.50929801261194
1.64729821919823
1.96219437212705
1.76583252408701
1.69731152634665
1.59862565780023
2.15937979820771
1.52864960195314
1.755875309945
1.42882902477714
2.52573158826436
2.40211320072991
2.54928885281014
0.771753279101349
2.17184933950364
1.8852863060861
1.51713431681776
2.30111684197823
2.12417945695382
1.9400767128541
2.04787278092514
1.4927618931724
1.53693722636917
2.25112456368406
2.09691395322732
2.27460089417267
1.09018118548167
2.16142614009606
1.82678416142901
1.80830720632923
1.87364688620728
1.93078632834648
2.22166614022905
1.66546258410945
1.88110513998581
2.20253752797826
1.46711845146506
2.53534153968279
1.89218121758889
1.72672218161179
1.81753797225978
2.26161931210755
1.9726661222541
2.02652650538167
1.97896136847406
1.57278179092281
2.17859707226703
1.77774021344576
1.97130364630367
1.51749726663829
1.72416729752841
2.45281396719609
1.46280640318712
1.47390512813103
1.71529226212243
2.76428611703454
1.80644126045547
1.54991540148453
2.21597063297983
1.97064464918402
1.73109222146602
2.14448763830895
1.50698151574575
1.85411191392005
2.39483871789738
2.18764495561866
1.80612376711267
1.63832639855343
2.18635786077306
1.79036204813593
2.22585779475465
1.5180876733567
1.16542022541165
1.9331455487649
2.50223096856916
1.99016712599917
1.5286886018296
2.19037414858306
1.98990975130082
1.89167827244748
1.88019651267001
1.99459597453587
1.03958504705923
2.22723143832702
1.7652037082628
2.16451523087395
1.7582728047748
1.87971072850868
1.87821968944727
1.8140568091016
1.83466108752702
2.08167303660704
2.07448861216476
2.03225563437315
1.49081671826185
1.87432417526955
2.27312815986938
1.95969871534406
2.09277393240148
1.64035930906752
1.81133355200794
2.26479789747635
2.23213384740127
1.883705451272
1.69859221121542
1.84423957569259
1.81366085374604
2.74078462405038
2.22268969336572
3.0998768061423
2.27511812653195
2.73009189225193
2.39742163571884
1.59808274453858
1.56665999502265
1.49474703176973
1.82936981149911
1.8056190027681
2.08773294160958
1.36325718962263
1.76661819528425
1.83205245054976
1.81009144738968
1.39604506020708
1.79179109313678
1.95628149626474
1.66532973773384
1.94793738234426
1.61764489972044
2.09222665388288
1.40547966074116
1.9678213126559
2.66290699137121
1.20556258286676
1.6192158691522
2.07307763225946
2.2059432357309
1.98773403306465
2.17794324607118
2.13030721180592
1.40101218778421
1.61292875418625
1.74706982306609
1.63750657301943
2.14337488755699
1.87234982268865
1.9145661741301
1.90279149614489
2.3031799371806
2.19012005396774
1.64760434652065
1.61573716591493
1.94195229762528
2.16820245369477
2.05058328523298
1.62464245176369
2.18983453639947
1.62494082690051
2.18319379924546
1.9539146498107
2.29259342434718
2.29036924266592
2.88357203836697
2.97513797690248
2.0715649994734
2.00350773780967
1.41711052726178
1.87758223738278
1.88707506049656
2.58096711577623
2.25211086054196
1.63584415021485
2.58290401101124
2.14064747280008
1.67198765581167
1.61033598519465
2.36341897784638
1.51264249839521
1.89765371907901
1.63701399655872
2.37132325628719
2.01849497647279
1.8713804214601
1.90499786200655
1.12872733662776
1.5767770024012
2.13340909528656
1.85485933618442
1.85881954716921
2.05354767959283
1.86473142803448
1.90185325615281
0.986766734082229
1.42404951253056
1.86188941670354
2.3243422626548
1.37454170617997
2.05012816717911
2.2658602995693
1.92955590602647
2.38454369973308
1.68152605185487
1.69207866584587
2.03745722620797
1.94581661713094
1.03753739581704
1.70944506178
1.56890730373077
1.47048774577266
1.52919101962893
1.84718935203854
2.27974907057157
2.15615881366145
1.39652324325073
1.74047871369436
1.99315076420255
1.92127453921971
1.7287641479794
1.6543598515693
4.04219461515876
1.39729717648757
2.63452863829677
2.21996244225097
1.5115996162262
1.76434388152698
1.93259481527578
2.03194137620852
2.08535192097497
1.87986233890645
1.55382979928814
2.15785970400569
2.03237937424084
1.6539576458139
1.72131434624464
1.8923783804025
1.96298753856158
2.43382752093927
1.69603676013409
1.59097840712258
1.71932549971174
1.51533914549021
1.8399312024731
1.83356594782064
2.14076974066265
2.10880827937877
2.2949186602014
2.74302959268303
2.12543762969586
1.78555015938091
1.59581036313697
1.56320859350554
2.19752049690445
1.57102414342939
2.19663496319051
1.84248110591547
2.0689416554923
1.74381074451851
1.86783509660458
1.70975677547396
1.40691175553566
2.05374103691997
2.05261948037049
2.96349156457245
1.52563072344471
2.30439684977475
2.38816429497709
2.34602463890634
1.53281545734705
2.4164606314608
1.73069069004524
2.58204622799971
1.83005064603059
1.77402860963342
1.5383781021888
1.88684955298245
2.09594648219763
2.26791266013916
2.61257566651899
2.11039613769386
1.48130623005221
1.8164407533981
1.94638482196293
1.98117465014685
1.84724364373188
1.61835586908702
1.79679846273547
1.82261599552215
1.49172584622428
1.88219037286238
1.84335155904185
2.46215793670119
1.61966256473222
2.347793754444
1.70840762709747
1.91459576552634
1.87070919332188
2.42735490965369
1.6118989709347
1.84835207089458
1.40948774900403
2.05539793857392
1.966785787153
1.08494808468255
1.92346425502311
1.75156948907898
2.24747317999178
1.70320109694342
1.97129725818917
1.97140108138992
1.62210511260282
1.55213592625669
2.02946527801588
2.08274253010434
1.9951978419318
2.3582373121418
2.31497441250924
2.35768047379221
1.91733877392753
2.27760468288902
1.91534976206185
1.74379306299834
1.67088610572689
1.72043277675164
2.48847310937173
1.79321620798071
1.8064168299001
1.74282966593264
1.66549353756529
1.79584366393973
1.9858639339642
1.70673470745325
1.96322232065172
1.70748832471832
2.36543421323705
2.13335952955853
2.04230138378407
1.65088376472985
2.14298033089129
2.02822927289541
1.90066383104481
1.94807128270388
2.23800569398418
2.1664236988995
1.67187339739545
2.29079898431843
2.045230436518
1.87264247147407
1.4000043935925
1.61700727838355
1.6037465673725
1.55904222729302
2.1720906833188
1.34702433504366
1.86954450116505
1.15869622747741
1.98844924447842
1.581355516061
2.07392568739631
1.86963683523483
1.86088467948615
1.40749951517982
1.5467571176859
1.72682810217417
1.85208385111266
1.88697807737733
2.25219929562899
1.41760972124184
1.64353134791786
1.95347595648828
1.9410417689101
1.82377112382542
1.55606925967141
1.95418660602675
1.37204560860682
1.61667286979316
2.4704245946561
2.10947333134755
2.08877085538496
1.77092994997401
1.80813861560846
1.78140439233936
1.85594866900778
1.96524578923518
2.15360193572144
1.92798100497197
1.13431107298336
1.56938465691808
1.05533788435876
1.93623219685633
1.9437974377381
1.29600933019739
1.47484541314095
2.11544135449521
2.10460724348834
1.81287044082086
1.40813924528894
1.7074321632799
1.41919086213506
1.5646774687922
1.91993410386119
1.19697635034423
2.04610263083386
1.7914121498306
1.54760396195609
1.51545562486654
1.99216145931035
1.57240877037771
2.01567539477925
1.58563442828639
2.07548256860935
1.84508054180792
1.92330827294541
1.41418924892576
1.62893214585477
1.55960282271154
1.68784394521088
1.25603933197216
1.5549000647017
1.6341337585772
1.53628254887509
1.64470744612017
1.61997977469624
2.15956535254962
1.0205694105601
2.09621170117919
2.18238425602342
1.54102829674583
2.07331555492836
1.55393650597258
2.952592385565
1.77931128973936
1.61583568027775
1.60485834271607
1.87529127021504
2.36599676589044
1.70985506441247
2.01259767079238
2.11592846320485
1.61468187070868
1.89050222596302
2.09503885408933
1.66513922373321
1.74445316274269
1.3928589891427
1.8774529611257
1.74558864014973
1.77299268596633
1.78142616507612
1.53548509125006
1.46270652008565
2.18663573326907
1.91783643065101
1.95210955488435
2.42297842188967
1.9834861728709
1.81720478514322
2.53774257409343
2.6390849672046
2.02960322236474
2.28541108442904
2.58137188866785
2.14154468522689
2.11434585473266
1.99388036031815
1.84526630738136
1.72931496406514
1.88994509333572
1.54936386913212
1.60113713258858
2.05217782119949
2.19822622757811
1.39932830994446
1.82591390380258
2.25501383360903
2.0033180525927
2.15449704426412
2.19062386537274
1.99379435265409
1.781900090201
2.75510858548904
2.64080644577793
1.97998257383093
1.48654689278974
2.39449067392845
2.58831858085525
2.5392274768205
1.69885089758133
2.2925020234574
2.19554168521943
2.04528819555947
2.01077830233011
1.71606998915523
1.79080084744304
1.77613471844601
1.90758521793495
3.11182034439151
2.23250667168146
2.11333496638186
2.34705201805145
2.65299046864846
1.39569455788435
1.99975337621702
1.87574106469898
2.34510570362069
2.55086343053181
2.26231677917448
2.85046416072945
1.88557153564491
1.88163293878309
1.46512280286218
1.82999452233157
1.73372770483327
1.94801263617031
2.36540349459748
1.72081355881152
2.07174700500974
1.98628999519066
1.87942302571121
1.4972928414645
1.28889914960451
1.52521638850006
1.51393464243168
1.88134778222791
1.41393256439858
2.07117535869928
1.75661677446596
2.50536424903878
2.06211488320459
2.7529314173768
1.82057872250719
2.56512808502635
2.39871778215712
1.69419131553331
2.02011590696469
1.55935079897024
2.1624481153246
1.98044754754053
2.16951707649863
2.01054725890375
1.81967032055847
2.03072572382411
2.46622974453056
2.3725635971667
1.90198732382309
1.90416790611556
2.29605285405435
1.66823218814711
2.01580356780264
1.98390440454671
2.32430173874542
2.23710498574852
1.78397088107488
2.02840462801306
2.54663761493393
1.91131328727162
1.74741902830121
1.78746828707936
1.98328763517088
1.86891381518823
2.38259522235085
1.79786053885414
2.01244482924653
1.99064087748634
1.90232327787454
2.0523277392105
1.63642560612612
1.73213745505522
1.83800539227075
2.0013806718534
1.57764093965163
1.9720650144478
1.5354614815851
2.17436535340836
2.19234030463901
2.16092085458246
2.43774057762368
1.88305741843543
1.45823498260375
1.84317282040674
1.66480033223779
1.81533348163146
2.00435489174125
1.39876325300409
2.66149527248505
1.75383546914401
2.21968760402752
1.98899109672604
2.40312103164591
1.82866335555531
1.93061226507209
2.20269225559512
1.94337207130198
1.89439603897906
2.14844365859064
1.7877282942578
1.83297584029385
2.62721603418411
1.52854136582474
1.91057424666217
2.10395204553734
1.98913417284763
1.73667266452762
1.89850165278902
2.20398086948683
2.01455071926441
1.78756823901799
1.75834448913718
1.6769165647763
1.70126704637721
2.20353457858302
1.58459251546723
1.91666785202967
1.47229328329256
1.81015001776976
1.9507012025967
1.95139156650042
1.57882285107487
1.99164536276508
1.47521018098741
1.62720001412931
1.6821053527899
1.47604994371017
2.0330476740003
1.98744757702361
1.8367198692017
2.53579505621137
1.85401807877129
1.71596730607375
2.32120104294475
1.70857620882458
2.26752017367328
1.59341463951578
1.65791616916479
2.67343941292444
2.79307008302038
2.38677344304308
1.72279354275072
2.34009880667164
1.8627990406612
1.87333482558931
2.72871306212466
2.07552950027248
2.57373978214961
1.81649521614675
2.44435837184336
1.82021592960995
2.2937455938484
1.76063625588135
1.47156742899535
2.16783255551625
1.75518840459209
1.75805698369167
1.78477954944886
1.94167254709404
2.34357913440659
1.82034743324986
1.81788323812625
2.59722810054523
1.66942850236112
2.01821259402545
1.95711769492737
1.54391895140278
2.2987056395273
1.88969107399529
1.95340878047012
2.08319504775209
2.40024322629437
2.12789967415391
2.01907746577688
1.73759730602912
2.04767538692056
1.57571984286093
1.76280743754782
1.5688120146338
1.33997988658693
2.05002169602926
1.79565657187269
2.38512905904531
2.05644788474599
1.75551674034194
1.98029711704039
2.31218114248105
2.57390023415688
2.23813643840541
1.49676450591496
2.65503044450734
2.24134927290878
2.14288483194576
2.96513639310817
2.5053422603917
3.83015393363691
2.09338729557407
1.33947205170386
1.50655486975095
0.922082387564809
1.71855586023548
1.7932491926046
1.66135781346757
1.79442609336096
2.15815318289159
1.58487515903543
1.42488883224078
1.59395829396086
2.30894476276602
2.08587452860644
1.78144577700937
1.85083701698493
2.15068798755462
1.9318109643267
1.94847250274674
2.13727773601007
2.10908748942374
1.80419281633085
1.62383229985846
1.95233434531321
1.84484626742213
1.90098934951869
1.62910973335455
1.76264303012604
2.58033996893832
1.85331953356209
2.01442207603978
2.40523027312832
1.38643371854804
1.95707480927041
1.34579456692064
1.69249317553959
1.91972237481906
1.87511103812006
2.69728112710079
1.65826841614479
1.73939455799308
1.95658719310159
1.7062727294056
1.66848826127729
1.6024524432364
1.9980246202606
1.72372005838945
2.46680841701716
1.88001786641359
2.28503581085211
2.94353390762835
1.73036807654417
2.36022367411237
1.96803250232227
2.50534984058104
2.06289065601098
2.005867927719
1.75222755022304
2.124705044634
2.12405243203941
1.69640526837828
1.6906331677608
2.58909504939796
2.40292210265261
1.83347681002347
1.71544099346596
1.44883704021552
2.14225544571771
1.45897748606493
1.83384631512195
1.80324512869955
2.11310366442404
1.47127817416812
2.10812473062178
2.04690400384697
1.85462831855225
1.97854129025005
1.98336821540854
1.88290548193368
3.01962210819032
1.92914870709854
1.84650877024467
2.23284597550419
1.8679366562065
1.78098539757241
2.1949817929948
2.08274245500443
1.45453709111922
1.87078566582073
1.71815688876275
2.12258541975232
1.29556757770368
1.88534384752446
1.94559088621429
2.11625519278372
1.53434697303192
1.66087369678168
2.24165359986465
