6.42337630575621
2.71827435491361
4.50428047513769
2.81895679442115
3.44806828361188
5.85403516750218
2.76097353689671
3.00785201844653
3.74108468841006
6.06407530879359
4.32255118156577
3.41046085136205
4.3897379336374
3.16827238792822
3.42565816040769
3.42516943381364
3.60295309510262
4.69599290097705
1.85227713540296
4.51712434627177
4.53470470391459
1.77054505746754
3.47338762788357
1.90456788428761
2.76772731496707
4.0232446230822
2.43151399373749
3.69418557012136
5.10128157673793
2.79605534354391
1.97898475916394
4.44610336975078
4.25324572285334
2.81910863499322
1.85936406301025
1.97348034722508
4.58537942538441
3.45423409939366
1.2907422279877
3.43546344147264
3.97809341265118
3.33120119361749
5.05880205585247
3.4968091412653
2.75459029803059
2.52404610972346
4.79690555521514
5.95730276456076
4.6194856489255
5.33067062209575
4.77557249595187
4.52906352155686
3.90329451459758
3.57366321356865
5.40838540232166
1.89446241315994
5.45773865222938
4.09547688858371
6.07273426568658
5.48152789882686
3.71292715698259
1.80369438330702
3.99494755955578
3.9192847394432
5.04581952394598
3.25771763270152
2.43413191327339
2.80475863821404
3.44512628603638
2.62685133222224
4.10500648356633
4.03444782286111
4.55195739717849
2.55265055797287
3.93843291026252
3.66895360371384
3.25851828289035
3.52434237785149
3.42525177687712
4.61789877964007
2.77435103123438
5.14221264263643
4.64209762029645
5.01026424014719
2.15960285559376
2.99452205586796
2.89844019615356
4.66949606083505
3.94333311767483
4.13836324069923
5.3065309928291
4.77425859728165
6.64461113648052
3.66782293785927
2.38215531928355
3.39320538632099
2.17119068205549
2.78637108403026
3.07307043422591
4.74433337767374
3.36035064434972
2.84474122028162
4.18725139528748
2.72700694470668
3.0103588696231
3.15702573276814
3.94473328594381
3.85471711171039
2.76644330814563
2.80961780629375
5.5881983299428
2.58369878801557
3.62264658589907
3.58711514105436
3.63122542353806
2.01270838395637
2.44237538920109
4.18691557455074
2.68535847658158
3.90068813137188
4.76108860858433
6.63100595165784
2.79552431771584
3.32150089270616
2.17481323084391
2.32809580915729
4.66632184624477
4.01400877109984
3.73507310422797
2.48785660094555
3.08490078653233
5.64889543103234
4.71568220506184
5.65390505717313
4.54098655563116
3.19791305200297
5.54765233235528
2.59226340689209
3.29530525289738
6.60466960644721
5.0698262200165
5.21120044039884
4.08373648544751
4.98399452714513
2.31705167893442
2.75662578887635
3.50181495322648
4.78679738376278
4.14636939576815
4.86389448234184
5.71540178553864
3.28514284668987
3.31228990171349
4.47853815362148
2.04497515581622
4.3027102074325
3.38542417741954
4.1088666503819
4.93791766265525
2.23234538139436
3.7035627731799
2.26322122022787
3.49401517236721
3.70105823636029
5.26014966978869
5.22094085268585
6.30114719730211
4.04580535414647
4.32986680914856
3.99896221724886
4.62497116368225
5.17354499676283
3.91935982834934
2.83271748915107
3.97959741953728
1.76379857817112
3.90564439404339
3.94127025725073
2.84232684121489
3.65716702175615
2.69914808955037
2.03492732286762
2.65627248284466
2.54901977492271
2.88041687987883
2.70474523585747
1.93190464738515
2.53158217771158
3.4072305672301
3.3153932090894
2.39558631162377
2.35328080434425
4.68000369374644
5.10028645546589
2.71903874988178
4.40994885921939
3.64959009954134
3.59709481829232
4.08936325908613
3.67865894761193
2.97477757270618
4.0623095138175
2.46583525028309
5.52026396774947
4.04301014870761
1.79062241161307
5.80150745075625
4.63029433297064
4.2851308684851
2.91694606348884
2.81714221936292
4.08483784000007
4.58985293355906
3.6375340117394
2.54364725756546
2.97052630698923
3.36179386017334
3.22737767446671
5.34010040530009
4.92114528420154
4.74630149946882
3.89583470939843
3.47447549664616
3.58112627890351
4.37502993808106
3.93037650126922
3.61949490314605
4.26569225424308
2.87469202210409
3.54462942533194
4.34501639994355
4.39152213592322
3.71278678733583
4.10193227746382
3.7335400160139
4.87553717237702
4.08422668858284
3.79368958503867
4.91080113220796
4.29403491316019
4.87239436525239
6.04026081174138
2.42624159925456
3.70001062267076
4.84621163998924
2.11228382654186
3.90135391099997
3.57593775580195
4.74754967414574
2.5711232093613
3.97544917020826
3.13015785029575
4.24179035382596
2.36165223584984
3.71430633925094
4.84518655792379
4.88173668203158
4.08001988043637
3.13411108097873
4.04135823164231
3.54565796087643
3.48101999028419
4.81646199552995
3.53087471859156
4.48825659790394
3.88599409460267
3.69285362008675
5.21598250026891
2.46459840895958
3.45641465873459
3.34922066451239
3.05753903924522
4.08790942967353
5.36673620646919
5.12709453004936
5.63681237171395
4.31726379467477
5.73793017163129
4.93738688605104
3.34232455703998
3.92067584330457
2.25847351729668
5.62605569283635
4.24482221517392
2.22912130770509
4.17480747736573
3.52124802374405
3.92744596603187
3.8508794112814
5.21425005906917
5.56534656746457
5.75918753286957
4.38762840477202
3.18093122691407
3.28769382147015
4.81762933457581
4.18420575920961
4.94290096993787
3.29952909458648
2.75370078290526
3.77482253115783
2.99450988910887
3.96132489884945
3.95068570555798
2.82186019493889
2.85520726984151
4.49431991834159
4.4465562049963
4.4481526734886
1.81209231258324
3.4316093530315
4.74989163977025
3.48218316167184
3.96720518974944
2.0416711033619
2.91893429709817
4.48121427605992
2.67998208287104
3.23012788844779
5.49601491060948
4.11518023465936
4.28081038066456
3.49617353899537
3.55208477611759
4.47614172639419
3.22086483790008
4.57293256756892
4.16629454664906
4.93095748671487
5.02891321806218
5.65310817546492
3.99222566397286
4.13741094543216
4.29521130627661
4.17951037060002
1.50066867231072
3.38244321217533
4.40634908925671
4.34223760686727
3.82718060767118
4.58627386129148
3.03663052260261
5.00708777208989
4.90878366532514
3.26192525757505
2.91786967770404
2.862190534162
3.4041573095473
5.32852496864451
5.05228330480538
4.01636412192336
2.69123651799158
4.11181909470359
4.74132406662266
3.97452591023041
2.19650697757371
4.66933654301272
2.34780376421515
3.01172557441549
3.95562320617493
4.15265548976445
5.47674910091175
3.93921948950766
3.94349091707681
3.29054482238372
3.26221820378944
3.46710666549217
3.41157757552144
4.58038799645295
3.09307814434347
3.17388514796864
4.59362119839946
3.49071705980778
4.4627282976572
3.41315954234187
4.39383789855806
3.62305712370163
3.96547415438064
4.29607570572453
7.38953363468151
2.81223094574731
3.87069760985259
5.48866762347515
5.13560490122805
4.3440186364589
3.83148500159744
3.96154602676584
1.84687861610427
3.14700256507648
3.57394617922031
3.67689564034266
3.00659162105172
2.18939002363732
4.76003537994854
3.27330385100661
5.36884857947967
2.40065868929736
3.6727732097866
2.94107245404359
3.07314043745304
4.28969692334783
3.84832661925319
4.63393764914666
3.44231141165856
5.03984008847963
4.57506358982799
5.19140844548948
3.5614106049884
2.56783967161924
3.81904208852523
4.72772743603559
3.59151046936383
3.40065365463009
3.0776043331026
3.57710392176019
3.82695254407153
4.75758022963309
3.60530412457273
5.13991938130669
4.09016982042595
3.77158128107942
2.58265441085018
4.60948028789547
4.41020253557515
3.75312771812129
1.95585088628929
4.51873475654791
4.0742981769007
3.5665318086736
3.1391296348168
2.71622381451352
3.64518205823862
5.01186813205065
2.4119375597522
3.13452091895312
5.51646240284572
3.850238127683
2.85328925317068
2.37206406543491
3.95713599678825
5.15414235660073
1.97639715027522
3.75082446264385
4.27215817077198
3.77673540176433
2.86957170731513
3.74834558330273
4.62326396874341
3.16067591286901
1.72252924934776
4.80682385312766
5.33847103748708
2.23714372040073
4.03528742838032
6.15616965460518
4.29986147086673
4.14518758225644
3.85363997678666
5.50066486821432
2.25199586626264
2.52853932362273
2.57882739581308
2.97673082521287
4.79121096041712
4.47785718203566
3.95555598338999
2.65886924150269
4.43818952958802
5.59295388677386
2.66328560118191
4.36789948021995
4.46320709238951
4.86836826933386
3.62390083372667
4.32371829767204
3.71716969414181
1.85022174975182
3.30435342711037
4.62947336022777
3.33361964131751
4.21993138230755
2.28186122819304
4.82437831799866
2.69749081594573
4.84006325505884
4.6778055576682
5.25840024560175
3.48186067288216
6.27268216464481
4.73925067964852
4.4109249669474
4.77677254343211
2.32383636719127
4.03766239013887
5.07710669032796
4.78289375885544
3.45985678610753
4.32958077799087
2.2935559659331
6.50032353782759
3.50959439290685
2.73084519746332
4.63423629328072
3.49520214441097
3.12790565067299
2.60049222854292
2.65899519644778
4.49146369963369
2.70171841802188
3.07068834610283
3.83186513167981
4.52474751536514
4.51565546424635
1.43516979210247
3.11307250683988
3.73064947158879
2.91589476390336
4.11417584663826
5.21777231071248
4.93253279872732
4.34473526855843
4.54831030731538
2.5653814813071
4.57013803756885
3.73826026980445
3.70050292819653
4.18698167062352
3.14983546930756
3.28264006939713
2.9408831010502
3.59993850741361
2.48313464672942
4.23589257040012
4.29759534275014
3.53910130441252
3.68964591753067
3.83314483987746
3.20675030173419
4.97134973799066
2.53001462060997
3.56975160522812
2.2524274189251
5.00519660423195
2.61376719287324
3.42501235540916
3.48645450537861
2.89819499459578
3.81491614113555
2.77741187944047
4.00671524594419
2.45327276639657
3.27387579973662
6.75701165969703
4.37794296299388
5.47988647673728
2.98194213959763
5.22345343024743
3.19943318720797
1.57142507612861
3.26169869627671
3.57245943834005
3.41436835469658
6.16845232603724
4.00082406278696
5.57458465536085
5.38970252376124
5.16185003599143
3.24411792824019
3.01221021213414
4.60969364020417
2.67880922158933
3.9900083818969
3.18626602846803
2.2403236071586
3.9066969178426
3.23931549889309
2.8257293372758
2.35105076340047
4.71599281491727
4.41977777613047
4.6116144243561
3.7991298825177
3.14523297233996
4.6211669768162
1.70443390033644
2.9294050989982
3.92816116788264
4.4254637170823
3.80145292671093
2.31412949545406
3.07713665005678
6.8006378875601
3.5233727263744
3.89479125205828
5.04192972814344
4.86555363207972
3.83121741460499
5.82178211778668
2.19291678183545
4.3972290454284
5.96851902679781
4.78631888382857
3.86937245173777
4.27433376327697
2.66295330552585
1.61364310053639
2.26976296014133
3.81788896724045
2.15753355604403
3.61459397907588
3.42954081421573
3.98963122971313
3.18883006624957
4.81360229448917
3.30209450753412
2.94663430250481
4.20134308685684
4.59338127525311
2.60811941365842
4.11874177353821
2.70778622829025
2.4393601184188
2.81067225090671
3.66579524200062
2.92792635606014
3.92420330335032
3.31269455393186
3.25961061560414
3.78972159478343
4.32468620195418
1.81002446254338
3.01954554076196
3.59680845250908
2.7827789650354
5.07086458036528
3.83749300401725
3.09026203985992
4.22128828598007
3.34444855530902
3.3233675956728
2.25729320633007
4.77145712144617
6.23215615119543
3.09991091728673
3.67522759596569
4.01164339231785
6.13222180353561
4.98751925063567
2.00057621616866
4.79914896068015
4.48207326856186
6.34008808897316
5.28145005351723
2.76748999106296
3.50928351544361
4.85627000690423
4.51723836907128
4.36410260229937
3.50522862929076
4.29621603595889
4.25676279944147
3.38735554475073
4.31045979959917
3.49547894890439
3.02554852807578
3.17494887656337
2.57792887314093
3.90617181438168
2.57523944434964
3.48744187943158
5.96185584537897
5.01846542167625
4.97346005855318
2.96103299391223
3.16803824265828
4.1347635838012
2.23556146827774
3.18542363511651
2.98479464950518
3.22335688317846
2.33124501598193
2.45620944551435
2.08266820933196
5.0958978365897
5.06483100968969
2.02964029054797
3.84658085051622
3.45230415438364
4.83085092565113
4.70281222608273
1.69990038087964
3.78686629633495
3.15694809763845
4.87736188437856
3.45231162704958
3.79182743822703
3.25568902818892
5.87327616399598
4.60045147443281
2.4312115449667
5.09343495055659
4.17660847122581
4.97035687883365
2.78650542834162
3.13561062496069
4.53961603639373
2.50350470139529
4.35610314585554
6.50857560205238
5.02626625498155
4.91905435555112
2.37871872430025
5.04417990060418
3.57802917110269
2.95196249323236
2.4439543594841
2.68700992042521
4.01903248408263
3.01713808945283
4.33211956565935
4.92944439068958
3.65591750630085
4.55160270736148
3.26454675511528
3.91960817126434
4.23908208512513
4.61696069001782
4.84738495323692
3.27275482094788
4.72973393791694
2.23686547873892
5.32813335678475
3.2961167546622
3.28344365337733
4.19520240734538
3.87256399245127
2.4402408184322
2.5768697063029
1.94258606618842
3.95564808746196
6.49755554382295
4.44428692142087
2.91658608456153
3.35224889190322
3.05165149356029
3.04526482998261
3.45331000198092
3.24840275211223
3.33195119088172
2.31211471393294
4.28253629590716
3.40168789489555
3.72733922297748
3.94691330067832
2.91843980152917
3.5570482725807
4.77341125628104
4.8655397392102
6.0123663254822
3.15372548118632
5.4875361885191
3.31048352789786
3.93962204043328
3.73275325949493
5.04689563041957
3.67499773797925
4.09178275131673
2.13343404138421
4.21840964301016
2.63984881440538
3.86656049270664
5.02159080697595
3.10106970427603
2.40714608190812
3.80506651614399
4.57504334827527
4.87357681911717
2.77838444275608
3.07935620445649
3.00609888433278
1.84268415069529
2.57706290046422
4.21845507980437
3.38145745150281
3.45374312447646
2.40227882855894
2.75378333086743
3.0724682677382
3.3604407527709
3.45597872362792
4.00325138280169
4.4641008085923
2.49269417052948
3.62002802502502
2.47275985190699
3.54238913951411
3.43757622314763
2.89328485214613
6.12597717709827
3.32649350368964
1.71056601471375
3.53876603149521
2.25754898595322
3.85790058774972
3.39466840593741
1.94803549647835
2.20995677552551
4.2793918641648
4.32626755143944
5.19798740949111
4.24886144708471
2.38953469609987
2.10407061946741
4.54432787815491
2.20119187392231
2.76670267636974
5.6453586966744
4.62884434543594
3.21190487318606
4.31413896284639
3.78974774839643
3.17533759876845
5.00214456791142
2.97225062339198
6.30337093865909
2.33661137276447
3.60021797336674
3.84181014395078
4.89005757979525
4.36081168823252
5.01887920984901
3.73449092240245
3.12759347651867
4.15347483100205
5.71586603368659
6.14316242418127
3.32217870699544
4.30841109306497
5.78923357422811
2.73841713988304
3.72829694538981
5.46626432298399
5.15186938115621
2.54516568314717
3.77177717459992
2.57001770567618
3.89557031009485
3.44319731027336
3.6766283774087
2.07026085836671
3.87052133409417
4.36621018884482
4.16868392321314
5.15376643737912
2.90526040613493
2.00923268241853
1.85037285200159
3.04309122332297
3.82852520411734
4.402184366296
3.47112590801826
6.39862146047447
4.10312813767977
4.1943599951141
2.09656247171194
3.15894991686425
2.10880445703762
4.18341326778411
3.95904529562938
4.92618423409604
4.54299454337882
6.7202339463877
5.78918574071252
3.56161335431166
3.67097969456183
3.10401645568901
1.4967702957872
4.47215691698461
5.14744820796715
4.8602849383849
4.65409433009725
4.37930615247089
3.2647892589466
2.95469475783102
3.6004615433793
3.52626106662293
2.53710221683612
4.06682910579822
2.42326069260599
4.25052051485048
5.07409649921881
3.16889814917934
4.41904815334592
5.648073312807
4.54598813984946
4.15361418890786
2.23571232442104
5.15672750124501
4.26649761635927
3.41678208226101
4.49235718482026
4.3481385082718
4.3525446203764
4.00159608619652
4.58463967784663
2.22067666670219
4.6185955208983
4.09722914363997
1.42652582080185
4.57593802531033
3.91277386100782
3.5553512485621
4.48066566984361
2.85639758726871
2.85511908131512
2.39188932376085
1.56306726327802
1.95987805733714
2.80233986371768
5.14176594126367
4.43210529188759
5.54583257705849
2.71793110725124
3.71247321955699
5.54614222993067
2.73904447811239
4.18958632476384
4.71488903061047
4.37793193152991
3.03150333877736
2.79031773122983
2.79474776247708
5.5908080535775
3.34211197141654
3.05741936802799
3.27202393260002
4.28216556840279
3.99624727249203
3.6583969652687
3.88430745778782
3.65679957155168
3.03022028031389
3.87346599109672
2.92629002273906
4.34022114222686
5.02995202725959
4.60536325594557
4.56929200114147
3.2506713383481
1.8115445396581
4.18914473724874
4.04846451833602
3.82347081099152
5.8905328767931
4.04944700147202
3.49448385467972
3.26427332073079
4.71142616020947
6.52547148641678
6.07210972265649
3.92328367029107
4.07541944261488
3.3613648806848
4.25964803037898
2.07983088021627
2.57024910938359
3.67768963949641
3.63804570369636
3.9081833709386
4.30747752921404
5.2796376540778
4.87649586273454
4.17352448463875
6.5549918389803
5.1631716128625
1.86153380016225
4.87358284383447
3.2379390799677
4.6733220933842
2.90666529887174
2.9896251515736
3.95004303016207
4.39765951922604
1.45393429234285
5.62748737924298
3.36027768651048
3.32201045185652
3.5249673259385
3.11559021064683
6.39288953795402
2.17925829326738
2.62600293304846
4.4713369388665
4.56129846627499
2.46866026976935
3.09384929694605
2.91337531009907
3.1412090374988
4.52194639747855
4.56287746405652
5.55847144503956
4.6515225790231
5.7712242971435
2.59582287433443
4.34138167051073
4.6119705557032
3.31158185143615
4.28880405737277
4.64382157309165
5.13032361610296
3.67299799922384
6.65204324451687
4.41133068445917
3.48261292592511
5.13423804018217
4.35561159602969
5.28070626475466
3.87319821924528
4.37561140328001
4.0769061992409
3.47920293488668
4.66316760606816
4.30419346633727
7.24510394449507
3.86922397240011
3.93975278540251
2.08589640846472
5.85249476658514
4.41697704423298
3.34310098904725
4.2216678354953
3.02264354408385
4.85898074259186
3.07814325796497
5.85678399069992
3.91061451380189
2.55985370020348
4.2694213011862
3.40694785595132
3.29611627348447
3.48057474651006
3.95328074027905
3.87296544354524
2.83734353267881
1.77354047512873
2.41228186431066
3.0277441043868
4.19108619863904
4.51202211630416
2.10254069515103
2.30414939383306
3.58343065901096
2.33341439067965
6.03156462298411
4.12367649564901
5.37819809378293
2.85274318438867
3.48947528805101
2.99042716127466
5.11530449255616
3.21167731095394
6.69911921600541
3.78308646177453
2.62590175338701
4.0475831224086
4.09411669066034
3.18746929302358
3.39502196051853
4.41965063122782
3.048869218263
3.40896640547938
3.86406693318022
1.93271437179675
4.61519608813589
3.60698565394924
2.82314549033512
3.71384226106379
2.97079298058627
3.57075496677312
5.7091986635087
4.9639617443014
2.20598833327229
1.99402738595911
5.37251223235826
3.71286564342276
4.49488807194414
3.12864844086639
5.440018339892
3.08059830052102
3.38019243950449
4.89410094741895
2.00980549994287
3.49623430122956
4.11654070574432
4.16467492093393
3.61005774549592
3.65655967698416
3.04975954973649
4.70724429751573
3.90437442934062
2.16271985438016
4.30185249927487
2.90310487613158
5.03649185797458
5.92309559927076
2.7623976520642
5.60395211819
3.4983344380587
7.12020418030689
4.46546717066668
3.78361095929529
3.93144784633089
3.27039515680318
2.80595254555325
4.51369609273861
2.63194111342078
5.42079608078871
2.84984568926013
3.58374972762162
4.93937390849672
3.54756564431651
6.52764458510204
5.38435211144581
3.90843037605112
3.7170382419845
2.67545573003427
5.05987099898816
5.47556561526348
3.71946146744424
3.75409341030527
4.76981009296622
5.34453848832228
3.65592905395609
3.70449299451188
4.63406577294375
4.52495607959104
6.0566764454187
5.29121675159469
2.35788371179456
3.31317218767065
3.82002977979742
2.80575468651496
2.43491774481305
3.82674009804998
5.26196345271354
2.43216703273445
3.03840763435745
2.73526842053281
3.60724616765118
4.00809750498972
4.14811983614304
6.36969952837708
2.06462141958961
2.6740900871134
4.21048322101895
4.04940625916421
3.79679268408035
2.90164314782959
1.57448816006375
4.12122888231257
2.7443890122953
4.44011739335799
3.49756958316161
3.85671653555571
2.75912400557276
3.58016372503908
3.19601949145141
4.13041860750763
3.46130143452631
3.89632863285001
2.98026374906139
3.86092756672947
3.87469364251906
4.80967655978428
3.98896787864206
3.35836138310788
2.63707074531109
4.82670142117242
3.04832003040569
2.38175011488954
3.84877122132143
3.84153003389665
3.04905443846297
3.08449786987423
5.19639813699321
4.88626438163809
3.73117878392137
2.96591459217966
2.12921713131269
1.46020681656611
4.98569636705893
5.97753291610367
2.44387198373575
5.08541364368464
2.94036355961324
4.43586520946537
2.01015434212842
3.90482174118333
3.75343770651566
2.92713498995353
4.28685524938018
4.39780810176564
3.2150108156969
2.82958605155786
3.60873514088571
4.10467977708691
1.89063879065018
3.80573536013621
4.09144529404587
4.62210694673374
2.77463962594165
3.79453919427459
2.77602815833652
4.179216163725
3.44413552453266
3.78188537101802
3.06130931753952
2.53480553619287
3.9114641237552
4.95072592302154
3.84414651987298
3.60385026634819
3.43288580165395
3.52665683229744
2.87385598773434
4.61154172757501
3.82305567177261
3.89994123767916
2.74340204271888
6.17224876370637
4.82655155100867
2.66886377343129
3.38252532939701
4.2540504733415
2.30898553442197
2.86175605653859
4.46577371700486
2.46634509504802
4.21367794865754
3.71210805565049
2.73197551516803
4.7209968689245
4.21356496373229
3.54185090606706
5.62302234591996
5.54162618307149
4.53025118486932
7.05069465764231
5.03354380426925
3.16807461797451
4.14505478118261
3.8871628152446
3.10255072384433
6.25663592905122
3.87581838405632
3.00951975367938
2.62292927845149
4.17646978879593
8.16421367369753
3.60945421193303
4.16797016352897
5.70050425388585
3.67842803889032
3.58365482953015
2.60811289431672
3.46271155545032
4.86040046207306
2.23307861371498
3.78104100836042
3.29262650504516
3.69705064789286
2.37827839644428
3.39934865758679
4.08753643983849
2.39765048851113
3.50965274097223
2.91834422293366
4.15387924229434
5.22696700193214
2.60137487700701
4.17844738413971
4.31950737735579
4.44189747033044
3.40238030664459
3.54756956905037
4.3700213337911
5.86033905603231
2.75150111635955
4.25442680208202
4.61746601106765
5.02364233900395
2.71062667036014
4.12300945583236
5.18447871951479
2.79528776276248
1.62171774713673
4.21118982810452
3.36559126917798
3.99074158611225
4.73407553766211
3.35342313131942
3.44153029237177
4.85346353707398
2.87240234348469
3.8182043714403
3.54720112780982
4.4131115738289
5.36782587056247
2.85100758709945
5.01524527031401
3.63619624148882
4.85971097776458
2.35894305703609
4.5229342654175
4.27072051383482
1.98276479230439
2.61621971402884
2.44409330513727
5.33997857630638
2.2927482962048
3.58304941550188
2.4302272558265
5.99252958485883
2.86662710076578
3.98624397119144
4.49491071156621
4.34449540270167
3.49579012088171
1.97463155876363
3.73507684641783
5.16761198544868
2.82517988824984
5.41536052916599
3.67953297571558
4.02010360221212
3.73275662642127
3.02033321941032
3.79299830368815
3.05203350170052
3.41314171081244
2.75981606025522
4.78720494788511
1.46594638886628
2.11468516026868
3.06794984858443
3.19361373579657
3.58795306042855
5.72475388474702
2.12401365914035
1.68703373664653
5.21589863500309
3.00635905113975
4.58052370427723
3.31270058848074
2.91377512172018
3.2490394110928
4.59930747540487
1.75280277325007
4.52654706602221
5.26115448209027
3.82589540365024
3.04014739763779
3.64193705234755
4.75899449178572
3.22205264391271
4.17752998625517
3.21081609736681
3.79037428740447
3.22220034761476
4.45206650886816
3.6730877594505
3.26008216038788
4.25955715409431
5.01505222342269
4.47113588958452
3.57319424606518
3.74849964501068
5.44783681349517
3.95208754085408
6.02471837805166
3.16664272374174
4.49504412125903
5.48219480971417
3.45458548144131
1.6589582674219
5.65003805848422
2.36147495932004
4.63065465771673
4.27811444507165
3.8883633709768
3.75827191805858
3.91719977462943
2.83187035261693
5.2490822130187
4.16406051136958
4.55607350090419
3.63876333981181
2.9247044024898
3.50791790172652
2.22344340920774
4.16326372241027
3.07041581315745
3.44357972458773
2.41376313713562
3.3089571341641
1.95123714744298
3.644996867745
4.83512968524223
4.0363168788261
1.83787116110829
3.20174552205663
5.92518435463963
4.63918204454677
3.46745551476945
2.50881732601213
2.32331927115631
3.56366331477801
3.19876812748943
4.25465622993972
2.98342524276574
2.89699995412889
2.28079575536633
5.09639755787765
4.1228115748874
5.98001252191165
2.92075799411577
5.85333942894942
3.2453679196766
3.59700226996241
5.10701953467037
3.87596287457786
3.75674733395543
3.52396201959127
5.9809511681854
4.78622754722758
1.96519928587104
5.73239243036789
4.60231647237269
3.18339541864667
4.98952332207944
2.33718705525463
4.40893254736485
4.70870183814312
5.28564430109351
3.68505308010812
4.65453863746038
3.82358495563185
4.58694343371014
2.71959773088303
2.78569677042765
2.64629702697505
4.66561161452813
3.87583842083334
2.45328340730647
3.57338566801087
3.13811294230381
5.25377614784599
2.89361749111479
4.72671091077335
2.97649594252058
3.42737551482409
3.54226777971921
2.33978698961198
2.82102674314125
2.71933923134532
3.07363202834296
1.97059033098856
2.7609185711222
3.7843798080429
3.21118181101312
4.32264729667822
3.96615410170774
1.89614549253811
2.89099507577347
4.74797412526615
3.59037385673929
2.95225135343035
4.90864875407691
4.30234617063477
3.75427013675517
3.39011645200071
2.92979197266941
2.18202767725748
4.02911597537846
1.74081420794711
5.33689379440725
3.17600125064027
2.50431073881631
2.69926556835254
5.21131922416984
3.47075836841968
2.52923253868715
3.77727475865824
4.13076422435351
4.53043473759089
3.40951047051354
5.03121515297785
6.60891654888769
3.55998155418351
8.22260282801527
3.88761523988809
1.94208212180804
3.9427619663215
4.53416576737199
4.55014834111225
3.81287384379448
3.2029743529915
4.11683823447989
2.05234701921561
3.76162479102166
5.6539297596743
3.00980245898673
5.70286842040464
3.72136282846542
3.16593415640801
3.60273556736245
2.76049347845216
4.67924003705496
3.0542271557238
4.415282154627
2.0823616160394
3.72520758214944
4.59575497789135
3.81439402421219
2.62179812872566
4.67476278745376
3.73649570108886
5.73268379116092
4.58551840933366
3.8166077903761
3.30236098608921
4.61943286015519
4.25563311714042
5.68747938560387
4.45471008857576
3.89699678505552
3.12036445894422
2.48410932151373
2.66070724442188
3.91451287818969
3.16607943657919
4.58117055375778
5.29436493038472
4.34446936757774
2.87750269797677
4.20594430301913
3.81162923360172
4.16325279755655
4.11516545510208
2.29020613706163
3.95551830761047
4.7698201892764
7.97748323252986
3.52880700923827
3.47125240849945
5.99749645695508
2.89658341727773
3.43153167305889
2.77164851507554
2.9027697444316
4.33292646952012
5.7104813130718
3.07964411387703
5.9944727973774
3.59363924095745
2.81133642423741
1.91955784866104
2.81380753578226
4.40607645179221
3.16485940184078
2.48347789504073
5.0461842468597
4.5174125483576
3.25421980795892
4.77649071078297
3.2163297507327
3.19814224152605
3.37303929561645
4.58493035575004
3.48238914605207
4.15670342901571
4.51328464192629
5.28008859869488
3.74464561004524
4.14559717697388
4.51318944774298
3.82556121704765
3.18110557186011
4.36182182496083
4.80877240152522
3.24342908112974
4.19507380320496
4.77840417856743
3.25365587046652
2.09268097130533
2.81480355651376
5.8731184893739
3.55536235028105
3.91740552189627
4.0128459696581
2.14158067434609
2.12150197916802
4.68411515266801
4.78009861326796
4.05702771157946
2.12291962062226
4.72509522540784
2.20003659687685
3.45106274584194
3.02761646790904
3.61088899445956
2.7356487068012
4.02954218272878
3.67250608113058
4.43219447453777
3.88130190083521
4.38897641419872
3.44618470713009
5.34127906290158
5.06608665353023
4.08535867796953
3.04208322185501
3.8522182105124
7.21023877207496
2.4921178504594
5.33149832410952
4.52401281771349
3.3616527595164
4.25369130262563
4.4188293294741
2.2900879673022
6.31387785076226
4.43854903280048
3.53872928537625
3.76443959167068
4.5628453534034
3.92855461560075
5.14484711745615
2.93952925936841
4.60196803255805
6.00430328054784
3.5513397692492
3.58669323525888
2.80834056806758
3.17694978889481
4.15701560541725
4.84453221245535
3.62121925530172
5.02198128811617
3.77689095653751
4.57910811553038
6.16870197400126
2.32292404837513
4.40443116808696
2.85885497546259
4.10363214960776
2.88211423306759
4.52909815935056
3.14968653656859
2.78039626337922
2.99331393375042
3.62999716584213
1.8322717412336
5.58646707335734
3.64743039137619
5.03723602811804
5.3704293963584
3.65871596688076
5.29964399207077
2.90739755830904
3.11863612390804
3.24880023634938
3.46794110253462
5.01212329063755
3.91729464528763
2.53794016925147
3.54790451202726
2.54006333909383
4.6014910411653
4.77585145877698
1.84954765377561
2.25209304819467
2.92645244253454
4.63485311125433
2.99435609173379
4.08022291431332
4.04715272300498
5.36425797518786
2.79120510761996
3.84881250799785
4.01669371450206
2.63247425469823
3.74091786157804
5.07892721142857
1.91998466977931
2.69333015447265
2.78059372944286
3.31396251348788
2.71977694756358
3.89201603861709
5.11548815481958
6.455410693757
2.48886483404543
2.88159311148527
4.49857071847326
3.55975767198506
4.22822448326271
5.28482107771829
5.31498316073126
2.89560140367556
2.66751896633187
3.30694784288385
3.48438518898034
4.71335841565137
3.97797544729141
2.18932623029784
3.95874263697106
2.65616569616894
3.58061171291304
3.73588278652624
3.36945871129729
4.55697960913385
4.84454371154512
3.21798493423627
3.37028795799471
3.01606422820684
6.09699371987794
5.38814117735935
3.44467029108118
2.89700274267667
3.43404229001586
3.3554358696822
3.07776790357651
4.09083404026623
3.69757957959894
3.49397246068535
2.33549769551571
5.01366323554253
4.94771148684119
3.98291245647368
3.6663721590983
4.37402188593788
3.47098468562797
3.83897665109058
5.14733128891754
2.68439994998565
4.6751135944497
2.23514002500248
3.09257074311692
4.91109399124876
3.09463353188925
5.59401378152468
5.55940778440243
2.97973100237441
5.19467281140463
4.93971133102413
5.3535062655484
2.95453713698396
2.96675280468138
2.65339892062172
1.59128730541184
3.61971507203899
4.58532910772081
3.57126278319118
8.0254498113263
3.33600399956709
3.16339748002354
2.66455129203878
2.60569063115693
4.77294931704544
4.82613083849031
2.50334712281585
4.29167890652798
3.19727424628331
4.19573880043831
3.3478715376418
3.78230913557101
3.0015608252273
5.60571707098616
2.91189797198749
3.48035020537938
3.41932934343109
4.57612364578394
2.07142280372856
2.67410247596485
2.46632661906883
5.26547827248704
4.64474128217971
4.76243212888567
2.7144619555607
2.72174133999948
2.51218660289009
5.2494226336446
3.353433095725
3.67254916399018
5.52406845593597
4.19080345066295
4.79394874752606
3.27497129127168
2.8246169040341
2.83898999454111
4.4839547124433
4.56343011568286
4.11464481306649
4.1903011742549
3.15329191127536
5.58372252034062
2.97823851109365
2.71158153983868
2.55814878283977
4.05673911415688
1.58976704101613
2.97125133576208
4.29064179823532
3.14921124823265
3.63028367115308
3.61724844967134
2.70765535702761
4.02984680514812
3.16384760151904
4.27882643030499
4.43771832882292
3.37251565169102
3.67118628955769
3.87269439218724
4.12534848093421
1.76934996840617
3.04936661893271
2.80429109302227
4.12980521148529
4.79380802561376
4.27522667548794
4.59251344145538
2.04403817293879
3.12069332866614
5.2640989876823
5.3993074390482
3.68538267894194
2.88139639037679
5.36806373870999
3.27978437759878
5.17488793034349
2.74965930097219
4.67944150828064
4.57388531547994
2.00469802089345
3.74285664053005
2.71406004066057
3.08969132527595
4.2460792988566
2.7869167708649
3.79123304109613
5.00895468524058
3.08445335632072
4.76517422529081
5.50191202117146
3.55810306701698
1.90839949083523
2.76117844284495
4.72866799811988
2.14359405773407
3.79914558959
4.73550395763646
4.06311629721613
5.63928424230285
3.84601771855163
2.13603944918821
3.01324169855018
4.37579367297296
3.01964762174059
2.40949045610868
3.69843992071051
4.03664262145498
3.30728082518554
3.99760623378442
4.0151402071451
3.96503708488905
5.34103489887308
4.56313257442148
4.42350557504722
2.92466643599342
4.03944565877537
2.61349338922571
1.00351184171491
4.81611628593974
2.38178426319192
3.38536642767806
3.75276489834705
4.63332022802206
2.04384584142768
4.3076251177128
2.24794159013654
5.12377820642528
3.34910830936976
2.99793812035258
4.15804372046415
3.63737945612318
5.63933395467441
2.28638414324317
4.39709769270608
1.86112627147462
2.51046649229252
5.036880067993
3.70771892232269
5.16541097539567
3.69571694535124
1.90594285441806
5.96108736370127
2.04102917881579
3.80650208711151
6.10322061640807
4.84103365420978
4.63909655332258
2.48712193657187
4.95530430902733
2.79885865770199
4.05203823687023
4.61141312611149
3.84321398639197
4.40002163426346
2.76286830565015
3.49556211055713
2.5283871610841
3.69045955739881
2.79591950101755
6.7271281925732
2.91281993523411
5.30389284566597
5.92470833726682
2.21926273829233
2.44061868881013
6.09669642195737
3.96818148564257
3.86364488355449
2.06032612262165
2.14807324766338
4.54109680216757
5.17091551262444
4.29771692806332
4.3532286196767
5.98901946533193
2.94022902203461
4.14140254501462
3.28963422307805
4.33760041304369
4.42081660434361
2.41056618725319
5.65070065771792
3.12041111893573
5.74921289677627
2.78935608722665
4.86043485926452
2.26051102387009
3.74952918444218
5.14302813857962
4.68241714324015
5.41494829933129
2.11617752196964
2.16254257017032
2.73848567348808
4.3545137763302
5.17005126769236
2.50373381978147
3.65775935115678
5.22959814831979
3.78133614934876
3.98780173260566
2.30229533031782
2.13830867438405
5.3294841688313
4.21054760453328
4.64813299870847
6.72501779333042
3.73366539742857
3.67500038632925
3.71204102294824
4.66829603554797
2.54621928613689
3.19439013916814
3.82881719252817
4.05761929620277
4.2930638877011
4.79946799120694
3.22123997797909
2.82286744486948
3.77907039513856
1.91765717673391
4.928235095473
3.32075074221297
4.48480803532642
1.87062516249886
3.43801859755111
6.75881777348003
4.30471831421767
2.72315522939289
3.39847695794323
4.02443317476247
5.03749160835609
4.06028368891404
6.41796169764219
4.14603039207885
3.1374828438685
4.12145879691334
3.58767886356353
5.12008466006819
3.16423411516628
5.12403388878753
3.60325814062166
6.02383313992724
2.02118023581992
2.72886572091693
4.36293332756639
4.18647371741018
5.27462282535482
4.46166501377462
4.02276258721179
2.50990198401134
4.39405165650727
2.87643989437945
4.0039239428253
2.58268044590526
6.08106107352426
2.82617686309834
4.5458150380539
5.36352905769264
4.0639252046064
3.73427985014678
5.75130566906216
5.4183962676173
3.60364324565663
5.22578238078566
5.12333456010791
3.62248926493842
3.53390480106889
3.772566626002
5.00341568267195
2.8879056046482
4.5853861750015
3.79193588539291
3.44805022261021
3.13637926667248
3.75391548211523
3.84825698116632
2.79134085713083
3.33773236158635
3.29484993663881
3.19804346561001
3.82080782015247
3.9474501942839
2.56955324968327
2.41034220032634
3.12808022790697
3.26630232353928
3.24651563949588
3.31294489903317
5.12377401812978
3.16773726414641
4.85391375940172
2.63108418318071
2.23143587011456
2.20626234463797
4.98390762666938
5.15653063963323
5.7163683136023
2.56518783167829
3.60839400042622
3.52034392199612
2.23551835322221
3.82858489544006
3.34994537604913
4.41162311287764
4.47405617533467
6.04764978874553
4.43580601454337
2.71247367422782
2.57216585689144
4.06923249730309
4.49638894289319
2.34368457818809
4.78395288772412
5.75292231063745
3.82822297119748
4.13057198319588
4.27229558729112
4.53644554033453
3.59787898888806
4.21384997957142
3.68948177467819
2.40805926187741
4.22261002898132
2.08107660986423
4.76811117598642
3.97755780918288
2.16470423736617
3.75976230791533
3.49740003186987
4.57074026217736
3.96909886944081
3.5648190390015
4.95898953189705
4.97551011520442
3.87668142559373
3.8201354592455
4.87195244527303
2.27946105933777
3.15642888633475
3.09937635856008
4.94180358005979
4.1324468593574
4.56561219526877
3.25873120124147
2.86201743150563
4.15216591134321
2.58644149019776
4.31054441183571
3.85710532692879
4.55588094013708
3.56469258875915
2.79656297160527
4.08605898180542
4.68874713999115
3.49709407111525
3.47585807305629
2.35315543410137
4.36518023446254
2.13453664323321
4.12610475928018
2.51970321673935
3.07230885898086
3.10099999683671
4.79796778813688
4.49628057928408
4.57137325877505
3.21589249885857
4.29987909195771
4.20784442653165
3.71222529584903
4.44931392884656
2.00763985799364
4.12145361005132
2.8892612045285
5.3126030275488
4.36911554196652
5.61216645482531
5.89420610273277
5.91347284571614
5.18843955630901
3.20167802195004
4.41263575671661
2.72929298761602
3.28682486691098
4.94951207832285
5.05115958830697
4.29711306063075
2.48805551200017
2.78445051394234
4.22590681245642
3.10323617084599
6.49493654739282
4.5149152611082
2.54841213937834
5.80822954877994
4.66627733204117
2.67934026038522
3.20568425190739
5.05024744626268
4.06437282599076
3.54015451176218
3.73113275354451
5.91060382299926
4.3849027590433
6.0240943425643
1.92008834783071
5.09784797877987
3.9890653546717
1.71311462703326
3.10526767573284
3.8031319598563
3.79243173619972
3.51780818054096
2.70950742443965
4.4613010806615
3.17993226754952
2.96446889466584
3.27785344533346
2.73625419845185
4.9791552415362
2.55394048307615
3.09735591208888
4.28749230965958
4.27183215955046
4.89747864509192
3.03812809593064
3.53979411887544
4.1388707337372
2.33520310894709
3.86482782056138
3.42726498800136
2.36191918748653
2.67681337364448
1.70420921251181
2.40255549292165
2.91508324296865
4.6683776962511
3.39856860357637
4.08778522828812
3.41617673399395
2.82981589917142
3.97635893968637
2.52168283318693
4.17240370090315
5.33478319166882
4.31448577617769
5.11246015116265
3.10078446568167
2.3735614235471
3.01567132957985
6.09195497637048
3.5416418375906
4.81406806328092
3.65509288284161
5.25208014658422
2.82096693672391
3.31172407816267
4.24675634750533
3.5473721851
5.09845573330163
2.83062196528925
2.34554684965665
3.28779419634223
1.9155753504378
3.79515360250949
2.67425489866261
5.31923885698021
3.38953141427089
2.34987348285708
3.50874580902031
5.14238804974485
4.66080365392425
2.19417359091671
2.96579088182842
2.73368259540355
3.35825264038618
5.73872801923577
4.67351385068647
2.35406271794029
3.56599158902014
3.89227854422341
3.47869100870548
4.86681764698456
6.70509622268876
4.99408602542765
5.46473867414417
5.33924738006889
3.18462765949423
4.30621410575757
2.40242094819406
1.96662853838862
5.18845680665828
2.14549577403694
4.73817070791792
2.20491128398107
3.05575904907145
4.26730906208253
3.65668934731633
4.64956854446942
3.40653686329489
4.06824538195875
5.51015809935029
3.63341108273181
3.34497944347225
2.42807102244179
2.65038011274832
3.21491565612311
4.2371920890846
4.07990189753321
4.35616089335076
1.59665718136287
6.85623138281167
5.5496146760794
2.50999143397777
5.40255916190297
3.59780794560775
2.96142854456587
2.85876191061142
4.46938699817402
3.28982572302154
3.60297733864286
4.3484618231864
4.90655988682331
3.1358768694176
1.37598734674158
4.79500708755395
3.45641286061352
4.32080655975595
3.78390739500578
3.78324487850359
3.84178661162158
3.34799839507688
3.3025625249468
5.54339233011927
3.11162721649854
4.23785506929655
5.87560241513349
5.08097578325486
1.84758862024602
6.50504068322014
3.92880740299984
4.61883370013948
5.49753120400453
4.70128539441663
2.56979143035353
4.05228432418281
4.26548823943915
3.54297719958941
2.49673221994587
3.9802083575335
2.3417863637505
2.5863481203224
4.2138995050548
3.83870499586521
3.18628657752209
4.45359671590277
3.00612799676704
4.48840989546838
3.00891118133357
4.55295957128352
5.17272976438207
4.09156045716563
3.35340285694981
3.62383457305356
4.11157770984538
4.00928278769472
4.29223533641491
6.32985919753963
3.43005087947405
2.11387069989618
4.56840413093176
4.15594781978923
3.7587888264572
3.7898351396025
4.36448428490153
3.10764649804696
1.40716064657982
3.9940073928811
3.4818627824793
3.43756575033183
7.27357334380823
4.96877715733429
3.57041493592913
3.36079479999042
3.28896807184965
3.20353185247673
3.37036695607675
4.7667767153769
2.8951063877258
3.79780593211815
4.67835382326192
3.58433436928101
4.10253202006126
3.22414772007925
2.05288573875385
3.18952785912329
4.01775757716596
2.90909568697743
5.02219789680084
3.4085372249285
2.48138254919547
4.26773532092691
4.14237917432979
2.69465794797124
3.58902113549862
2.58164104319501
5.17210535904741
3.3186320965041
5.63557023393475
1.93861945846156
3.60755553113037
5.37702637645598
3.20718248226682
1.13239658400578
4.34596956151251
5.26059976964156
3.09858911847177
3.23536719661783
1.63616148897914
4.12609683972444
4.38108941870017
3.87135059940589
2.77495850384042
3.83065113294045
5.44976161593642
4.61224325990258
3.80776431056774
3.36145094251278
3.80912044319536
2.74069166939204
3.26998169756593
3.04760222891823
3.43941032477297
4.10514151959793
2.63551922761741
4.06437364482157
3.49960230947223
7.65282785946123
3.13594360518359
4.88146947714835
2.91119027085644
3.70454422754317
5.25211948808685
3.86750915269028
3.92161768394338
4.17223650100367
2.39330122887823
3.49024497502773
4.04763513588381
4.30352271324332
3.90310724871753
2.12697405987977
2.85905226021712
3.63467053425319
3.25816481740466
2.00878807037562
3.35431415786631
3.18695582257727
3.17885325032955
3.17968152350052
2.55495648683372
3.33243950126145
4.78036435007355
2.64168448959991
2.23851361515018
3.11113818500648
3.69300267526796
4.21799257045183
3.37928916338877
2.54782763569224
3.2042709816274
4.72700802290351
5.16656102628785
3.56831614507783
3.15598344803092
2.4821437510328
3.68937740106115
4.36923769964401
3.14344903143293
3.9041067363686
4.08699147516913
4.58090599395423
3.9039137303438
5.70679272893997
5.40360419472244
4.10669038375836
2.59292589875558
2.82215628822723
3.57340147778154
3.14117303818918
5.67934400331479
5.26706218878993
2.7456878990301
3.95302619308978
3.8514373095882
3.04961125659489
3.55804080864494
5.29559397048455
2.85324424408991
5.69535309123713
3.67663607222912
5.21143506805026
3.940941062062
5.06717028616044
4.85911171248486
2.49479738011641
2.66936163326992
3.65345241652508
5.42004582064141
4.03173162068683
3.5531025172745
3.42390444535991
2.38792118984034
4.18434443944572
4.89283461926341
2.52240123222794
3.76229113039627
3.52038221163532
1.77167359672664
2.37386313113234
4.39644382165793
2.96507295194984
2.07871141571017
3.54365402531722
2.95953275260231
2.17622364803685
3.93441542723428
5.07629204219017
3.90488593856901
2.02565282932326
4.2464319028528
2.93859731129039
3.70043583071918
2.34448316041065
4.22036512970021
3.59377499965901
4.05047336423509
3.62192170589183
4.28479638777841
3.5538690303487
1.63350244907858
2.62349354943128
2.64973289820246
2.54133804384052
2.60338273923946
2.8806551631756
3.09887562999097
3.29898911266421
3.75890383289459
6.19814665714974
5.39595738998733
2.02309464093938
3.84997156109959
4.34261575783089
2.47499188064419
3.12615779743413
4.83516001146237
5.78563558342403
3.22778338404558
3.22862380984274
3.80280560545451
2.52512853180163
1.74454796023888
4.46939617536012
3.17170563103736
6.19657002694975
2.81382208730871
2.79671518292181
4.01944405326316
2.90820030711578
3.31689303624415
3.7024894302346
4.25288350170824
5.03723017928046
2.60379369213061
5.05304258962077
5.74857917721609
4.16487588818522
5.49687030462856
4.46804030023758
3.391202431082
5.19657345826123
4.69934550696875
2.96003687978718
3.53342059994517
4.36925037372755
4.24934946387829
2.9981059778102
2.52609259093798
3.323133232721
3.4380751076674
4.2300229183429
3.88157755646614
5.47162699526861
4.78716181727695
4.59279132132754
4.12659529512343
2.94090850405958
4.32901966707644
4.43190236881038
3.16899418244446
3.89518573228156
3.78100578585173
3.18048043024765
3.19069476659456
1.67327663142024
4.66379177664878
1.90616377998546
3.43605234405696
4.97585900753404
5.49177723361439
3.07373973534663
3.66703062240838
3.24222218137572
3.92754905228948
3.77813554295645
3.59660914855906
3.27344834798967
2.54239265311359
2.26917522876042
4.25232367153862
3.15396414553762
2.72716156040473
3.72308384923699
3.86539312024079
4.13243540248074
3.53178446055929
3.10382350611084
3.94734398626
3.97479988090565
4.6328814810897
4.90618083104541
2.92074360268319
3.71870059192633
2.18475531865852
3.00671721546917
3.12220608932255
5.01128117665825
4.29617448982483
4.20522748710397
3.90417142865146
4.24160612718913
2.44062869149749
3.31005695635886
3.16732682748581
5.32965330906164
5.68925634622886
3.09282913582457
3.97699014063258
4.24671097043544
3.88490856131895
3.08371331051287
5.97048797005639
3.47693504308911
3.68419614261028
3.71848183116574
4.22609865965838
5.65991794063756
3.3997693680225
5.46369907735028
5.37145717073846
2.09665315071982
3.0823420104513
3.06728780610012
5.15099013429223
2.74992693298446
2.89343052259535
4.12927451172471
5.0118054649846
5.23136301364851
2.72629732859964
2.95742139597321
4.62878627387738
4.54018074877895
3.4206976837066
6.07699415170638
3.01387685735452
2.46694524535536
3.46070797178397
4.84937119117095
2.61879958330432
3.71204439259478
4.41026363239169
4.55967550253713
6.00302047409435
2.8504703137085
4.26899708548745
2.63734059411571
2.27266424305092
4.21691523917903
3.03752291305097
3.74017590701791
5.24988711416044
2.47119728282343
2.86069480276774
3.74915052539728
5.04685362337774
4.25779694464241
3.16294007269488
3.64927010613696
3.47390606291569
4.16321794916425
5.71724133948674
5.39980791913209
6.12471614072815
2.48034360399196
2.92990626484707
2.29292967322778
3.47330413002385
3.62990958789716
2.84407073453706
2.72835374457899
4.59262870650546
5.77326470811258
4.79925072893185
3.28014685545118
3.51046622227321
5.99815854515621
1.50005559914356
3.42496482976641
3.43561225617285
4.70335245786099
4.56092055700619
1.66568891338758
5.23534980926324
3.37063093286956
2.7058215285195
5.3290927601167
1.84305560398157
3.08585912438211
7.80427430678016
3.59014082294771
3.32889324284503
2.74916865419887
4.83348317725124
5.25035646307858
3.14716778741922
2.37808497184779
3.39245023742022
3.23059648065633
2.20189907100045
4.63434205806462
1.8030719649662
3.55358502237338
5.00791899419326
3.07920525403133
3.29373943215931
3.7605117922259
3.06149722928932
2.89188025977645
2.71109751956213
3.8624780757626
4.08022762266645
6.31912328902981
3.82445300797602
3.94452960113595
4.18210547998027
3.67399571140287
4.30283409532252
3.38344233210488
2.94130447389636
2.5948067192728
2.81292835127598
5.69536118590475
3.02262400231712
5.24147699521048
3.93040440565135
2.21636001320695
3.1737450186673
3.96217527580996
5.17872273574974
2.6970948236817
3.46147324919888
2.42456455584658
3.56351587788201
2.52889253395628
3.57303743542849
3.59083411008285
2.84499840074336
5.09393664336425
2.6061483009562
3.35970162108377
3.27821290546868
3.22692665973825
5.17643643138301
3.54396913555618
2.56901707097373
4.60886663318297
3.94056502063019
3.21138661079347
3.70904934243828
4.57019881153959
5.34598972740084
3.82395878912289
2.2189218899165
5.04740723016574
4.39136123073651
6.30124591287303
5.10667746624216
4.31898897890665
1.59705378743469
2.60329503409568
6.61106763428185
3.36660419706114
4.07670864337878
3.6689095321922
3.12390181632638
2.2259193331528
3.68326331105106
4.96783724356272
3.47162947251189
4.14600418267261
1.91860589290228
3.48889238597037
3.25035273179679
6.17721218657503
4.16193227720329
2.88281760627078
3.75493491450555
4.31036418454801
3.95227988372295
3.43245170999999
4.67010684618876
2.7680275256737
4.78569278619627
2.19730979798807
3.26038130368292
4.2290689917158
3.91313112967728
3.55193901631847
4.48640316941504
4.74921974319828
4.38329944785202
3.99266408328619
3.62284397666837
4.77141001181709
2.79184678265629
5.67694198555161
2.14369358988809
2.0355920042955
1.19233710722493
4.5794470343278
2.89857354642016
4.88500897577551
2.22182255463539
2.59662667062603
3.44866191201606
2.89328519181106
3.48163236419586
5.55545340793009
3.43122130914878
3.84009202572719
2.65069561519594
2.88387662046453
4.04765125298804
3.37518371324314
3.29459951501079
3.01475296197254
4.1863369553724
5.33657842224803
3.85448941783547
4.49626509361508
1.31774727933851
4.60500440880838
4.88466214327406
2.5965253555159
3.2976854388608
2.62231121944545
4.49003378353123
3.34124519116607
4.84090542704111
2.67282829471055
3.57774352921319
5.20570693736503
2.89995869362138
3.1178076026652
3.58029011919822
2.87513547881353
3.97633159128909
2.45776720144257
3.39423508186818
4.01839613965708
2.23930852570147
2.46036848007912
3.33940164173423
3.87652905567673
4.29212617144192
2.56792479525792
2.90029353931172
1.88515422284881
4.35477780895551
1.89559203409962
3.91359693430516
4.21673866468993
3.23468638990323
2.13649479078444
2.88039676710245
2.25310488917791
4.45965039093215
4.15286314138409
3.25510318097494
3.63984624904572
3.35501446268734
3.43339766549595
3.2233853610191
4.10300517769057
1.85610449337074
3.32352607133544
3.33508714260976
3.82500413718907
4.06442717297644
2.64510980764228
2.42232349133765
3.36696748616882
2.14524720100009
3.39330487918337
3.0937302496705
3.95293815190651
3.92348222057557
5.63283471934679
3.29051699491977
4.91808919074597
7.00795480754952
4.89575088608708
4.13837040782363
2.79040313363058
2.84959132346872
1.47015098344848
3.46945487625696
4.759931067382
4.65200586107244
3.73230541135508
4.56840839011328
4.6595387654905
4.28947864952763
6.3124007153576
4.09495808502448
5.98960180660274
4.26494838902567
3.03068760679342
3.35014192269218
3.88311679383065
4.24571019702128
2.83119250264062
5.34305578340544
5.31842185666933
4.40978687105881
3.13814221049044
4.7295033945205
3.11575787787537
3.16869007409726
2.75753701242823
2.70034072434674
2.0768762322718
2.34755467181331
5.17581149367196
5.9025906171236
4.89966382321261
3.65403431392794
6.21714116971452
3.35286863945388
3.89198099476509
3.46823457441958
2.29129624860264
2.07691243668869
3.04217681825321
4.51271704323216
4.56288292365334
3.75837309394536
4.50427958227487
2.93110235822911
4.13628111836184
3.79958595353652
2.47526738687699
4.62082484055303
4.17772474995088
3.42309563433276
2.90300879311666
2.45099103479237
3.61866592063319
3.58149157641597
2.7214648707003
2.33537111484002
1.67700131401775
3.40500482061066
4.89903950868767
4.08196737305026
2.71923599716939
3.92160302790002
2.86541822020745
3.31702248806252
2.42199552092303
3.26471513256373
2.51989992686967
4.4506157641737
3.34961433976058
3.44390622976956
5.67715988598524
3.41876558757229
2.37316790899739
4.28006944661739
3.76982581388662
3.54775453998321
4.32131833998788
3.72234773447084
3.88308342114117
4.00575771502497
2.56601586019505
2.58431639721136
3.25095726946268
4.55037796214138
5.49185712723348
3.11987848261335
5.56858309595192
3.46006236163696
3.97904154613347
2.69545866248807
3.69492978472171
6.28997897999936
3.31164643554909
5.86156628758759
4.4240900283327
2.98374100156176
4.62062694051194
4.5051096335509
4.05475434462596
2.41895669701934
4.53798352906734
2.54021390191006
4.07434725119401
4.1073745117061
3.54647528785782
4.79013521655533
4.23797931984339
4.24695800952742
4.01097136133766
5.44335451232987
1.94283271192553
6.30148958020014
5.30000516467165
2.21325546498241
2.28744175897781
3.04759436105702
3.68277588901773
2.74238471620043
4.9056893276541
5.92156877377518
3.07035118817988
2.57590320323805
3.28792784949929
3.59205390945251
2.78015124699082
3.02229328531355
3.18622933728771
3.62616710210232
3.65286919791572
3.40553129102589
3.75686621830677
3.42195155453377
4.03204903008899
3.87375633883583
4.25459713630386
6.09240005235312
4.27831223845474
3.99886249559097
4.0896218246076
3.91126685377395
4.44170883623588
4.70384998358067
2.66461973179057
4.036440935403
3.34268139509588
2.98586212224277
2.31161815395193
3.21446701575811
3.70650835002917
3.85001601959925
3.18922059907234
4.11502970565862
2.03599338335247
3.98172405058233
2.27121326589006
3.80193529427237
3.10589249185883
2.49995945875973
3.30540101690764
3.48044900837775
2.74784510769857
4.40952519752419
4.1264046202579
4.87909134397407
4.052544478609
4.87811863704442
3.70380292114984
5.00517114926381
4.81438030116693
4.63483057524406
2.42200386918331
4.17018536326691
3.61655725206494
4.81708673735268
3.82521069980269
3.10001353406264
3.52074933457346
3.81324751330892
3.2642277146052
5.04571407191832
5.7251299389901
4.92252002883116
4.02969615605091
3.98555904220915
5.04685848019752
4.29110304838609
5.38170284619641
5.35271048553289
1.73014721056452
3.49259008706433
4.21598438816474
6.15494542251334
3.76312424875201
4.06151255522935
2.5169484181324
1.66022217723584
5.02891300216363
3.81592494342269
4.56707965948579
3.1959725060649
4.71298814249839
5.223728221275
4.26406936815752
4.50166595852297
5.79749950146996
4.61520233209751
1.82946316828636
2.21895139545151
4.13459454778349
2.12793445321161
2.5186522681249
2.81503439799256
3.25494574844842
4.60916431696033
3.26037834306532
3.748649652546
2.99652941664757
1.32612456129485
1.97741297821903
3.1442248356222
3.46550858066163
1.01143274843989
4.19554584454468
4.16927585865033
4.20805338371569
4.04640296528238
3.29421847811543
1.54274182285657
4.34770088264631
3.0938103650361
2.47581613561955
5.43577602690684
4.75075895099899
3.13823841064275
1.90207778708884
2.00519415941335
5.76444714505508
3.85903601440046
3.66031166491434
6.13332935610998
3.60430634875627
4.79405377439263
4.23857615820089
3.5033394073403
6.20529171571476
3.21804902836449
3.11206287489769
3.64112917833503
4.24422550582157
3.43295624604693
3.60646681517117
3.54159279975717
5.02004586462884
4.16788735182687
4.84343769227499
1.99131204191207
3.99782745312893
3.58732329695664
5.1087073965893
4.17912802414221
2.96428212804477
3.5180711370458
3.3236251351244
5.13847233488402
5.33223060259243
2.74720336557262
3.08209053419447
3.42581794404824
2.77761459735678
1.97173800014693
5.90977115073064
4.10816599739152
3.66588504389101
3.32342690324959
4.67292971905238
3.68401470510769
3.02392300002025
3.01395743320402
4.57926917265145
4.16866625760823
3.58213752764392
1.94780587846837
3.24705313519589
3.90567293323542
2.56457762379595
5.26339195395018
5.03576981562212
4.20079933969079
3.55600218420911
2.40531790418702
2.33184795837136
2.26245672971859
3.03694969995591
4.00208635287899
3.53892222046537
5.25108031392682
3.52313610578714
1.46643970322413
4.12340072727799
3.84865733689549
4.2915851216882
3.59755274861086
3.171664235802
3.09128431930168
2.32490003944994
2.78337361768989
2.74041563649658
3.39751098978265
2.92355085635958
3.45994004975087
2.82353222048929
3.17215121689502
3.21928424482994
4.04951016996493
2.3984392064936
5.20227434847699
4.0572083399951
3.02846183436988
4.36284578748264
2.52222000504098
3.0243593882383
3.9690252701388
4.5840284353595
3.02539118164486
5.04278233744523
3.7252120528064
5.53501941343366
3.1996912074673
2.67511603940327
2.6577313718985
4.48767798396415
2.79054372209203
3.89483633359101
3.49939861308085
2.63535789945997
4.22473252295507
3.19585150333636
2.38956345844415
2.21269203729997
5.09100693780386
2.47468774042476
2.59015398930303
4.09864194684656
3.72700478586575
6.63041027795346
3.30943434123611
6.50639333888556
3.64794685328783
3.97384729720136
6.36917221893508
5.18113434160375
5.06603917447892
3.71425463152396
4.26208721961757
3.08072486129713
3.89517516098532
3.20777361962833
4.93749436579772
2.85440442830363
2.58486761807309
3.75655420709463
5.27677976346353
4.4840960070826
3.78198899701835
4.4453400686458
4.29015752147846
3.69472691453251
4.74917237415877
3.16696124808789
2.88159655666106
3.82794681652682
4.27674568674134
4.42162613294222
3.59860447923941
3.80194157499727
3.25282313058336
2.64023182778802
3.58543209456831
3.10775654657075
3.30453617427056
4.91113641713246
2.97945129039445
4.15025758711104
5.69002609651182
4.70805048144412
3.72728240003429
3.64773944618846
5.29511710905562
4.65661406125572
4.99222396116177
3.92921255483841
2.68614913551993
4.33825790593967
4.55714575877317
4.25109646537593
3.96349709786673
5.26834380731794
3.50468437912102
4.30157409916016
3.65451168467461
4.57417475532401
3.36177599457769
4.34026570297971
5.16315634132085
5.36424650145982
3.3558331380016
3.02917666046924
4.71930986977027
4.20749716059696
6.66615936895422
3.49870631268918
3.94818283465164
4.40906028145679
3.05125295615388
3.78473356848796
5.94243333116782
4.61123977424379
3.05348067713549
3.30670081298935
3.89063935892295
4.71891392398237
2.26181905939892
3.57052451295029
5.1055078773207
5.50369662604577
4.84782892147495
4.03451579490363
2.85603346356786
5.39826901594773
3.41054336958187
4.02596689679122
4.14028850986957
4.46705522879529
2.95759738110017
4.00640165950806
3.11242573492328
3.64203681285508
2.22060320598763
5.12788408479119
3.24786109422122
3.85526180485284
3.88810206206151
3.46371900132862
3.37178405303711
2.02806852463741
3.83719364596478
6.69941228875714
3.65447237518974
5.54103785972909
3.3042270916779
3.40032926278309
4.87311226354031
6.57230440407037
3.09371784551623
2.74050426868001
3.80734824280008
3.81411778007008
6.55108124192185
4.37518234200245
5.78453488128787
3.4409640842265
2.72385493769873
4.72720209593245
2.22889207752243
4.22967807205926
5.90150807451653
3.88012242539248
3.29241607642919
4.57875894604103
3.47779174359989
3.09965035741257
5.65267918413874
2.48670878182818
1.94028136519624
5.1193919407214
3.66658590726818
3.11406717409161
4.869779693338
2.75857634129959
4.61336620355677
2.27306206896009
3.12669055843671
2.6569233576573
3.53448642627474
3.34726515432714
4.55653719321012
2.2322940825763
2.51650882614471
4.10313626112055
2.74804111059551
3.49795008984706
2.66781097140944
6.43510403167125
4.65740469081321
5.8986232806746
1.91143813086209
4.98981715383571
2.77003752930512
3.52090251649816
2.70970353085232
3.13452283894902
5.38315252654668
3.83968790443998
1.82884667509273
3.70008593011541
1.66387900722235
3.96618282764884
5.11420832005142
2.70154980848467
3.94970404190335
4.5704880179408
4.83920887236125
5.15635800683695
1.89249196743178
3.46631021209894
3.33365774417224
4.07552119852929
4.02444435147629
3.9714030787081
3.99273882923032
3.78640725945715
2.87459953097846
3.15781011741667
2.95385164039619
2.64676448710341
3.48012475683917
3.25773263149698
3.3882805937528
4.4033019448472
4.36541596816086
4.61457320706333
2.46866771040024
2.91693966417565
2.12349370265342
1.97198449519402
4.03432285704048
7.43826205095345
1.67892398593602
2.72270344184531
4.41597929911433
3.74538756565225
4.19708428479699
2.50456466848742
2.3499995830757
4.3169513440001
3.85070745992663
3.81462615124912
4.87916819521413
3.6193853044412
3.6458799036215
4.64863313435602
7.72136011875084
3.6656986279642
4.82492614179873
5.60697187143298
7.62947506031979
5.90234694420348
5.32461522869063
3.52445696357864
4.40037374130452
3.04097042636587
4.87037542499318
4.97227781582155
2.8667706726547
4.71941072873115
3.06164359379267
3.43493687758744
3.70048705236109
4.52056466374977
2.44105222266636
2.33014341454462
2.30574764994712
5.75653889451074
4.87172660751815
3.35887901568736
3.11618466296616
4.79076052155874
2.57485543931917
3.41428278563468
2.89336988777079
3.64003610306315
4.80254842428809
4.00200112898815
3.6937790173176
4.10091584501972
3.59676643609685
3.62161966295993
5.1352269128159
3.89064502486106
2.10773971502032
3.84229745927022
4.16830031020216
4.8168196763491
2.85130205580987
1.87072802096712
2.1960919554185
6.37329675451651
2.84830195341141
3.31021075811635
1.67690320127252
4.16843762008733
3.33029481936467
4.73811361560783
4.05912985664436
4.3197233202027
3.27086241329043
4.37940475815893
3.84739786568173
1.80603696420901
2.97963723082267
3.9193079258628
4.05523206274936
5.05861821466192
3.36420583218728
3.83921402582527
3.32070942747423
4.62999063427032
5.38730077709018
3.23199583178893
3.37891987587982
1.7958089052288
3.43102674882806
3.83513741910693
2.21904007582476
3.05568603019408
7.1170023101175
3.37832811432942
4.53571300810796
2.62847085953764
4.7011151472812
4.63114349734996
3.65691634989141
3.46778618250085
2.83950131288366
4.36061252131521
3.11388617718988
5.93697744410917
5.15726060056389
1.85115321003754
4.03961988934181
4.89761455525702
4.23877285991705
3.65082177158136
5.49868801303182
4.28933017201036
4.13771924578459
2.65921206278351
3.030616040826
2.80100017271285
3.08118186283457
1.75438839289911
3.30324591689244
1.56043342133155
3.40606083242751
2.42880667344772
3.1643056433072
4.59251428859432
4.14756655243102
2.94451932657538
4.02337012278881
3.16194873494249
3.82107765402073
5.85704396659607
2.88361024371453
2.26164833060765
5.05899451207088
2.67246266867629
2.75757712562683
2.72167656761171
7.02137104351875
3.75780284919559
2.98673717917193
5.16202720142159
3.66527959831321
2.29985228078124
3.27875476760215
3.06104719303894
3.29113121783703
1.82236249804666
6.06318686303353
2.88506325716059
3.01986174331946
4.74515970576509
3.29024689694402
3.63731079973128
4.08215048898765
5.00725842813871
2.14461118952462
5.03686608532358
4.41200324970759
4.48606769222574
5.52516263027491
4.81030873624766
4.18218374492518
2.66992586848145
3.66802192157642
2.23717531248323
3.30157056061516
2.30414596826765
5.95629576853158
3.6345056731957
3.26991444095279
3.32244879979366
3.56213287223562
6.16693739539226
4.43646562286584
5.35068947357376
