4.79893600938651
5.11163356539747
4.65281528063406
3.53074726124424
4.13341163487246
4.89291228364638
5.82709595780398
4.04459098835949
4.44907119919602
5.20779601869543
5.14312506706339
5.54752286687243
5.84145380387394
3.17888044206843
5.45196314398137
4.02809088774228
3.47085550582831
5.96204042981738
5.16499145808292
4.45434920436888
4.11728717190743
3.89102697733693
3.92877457679159
3.31525484123151
2.87551867967378
3.5312769297817
4.05541937773297
5.26340417141159
3.34074512700275
3.42171923444
4.46493207427172
4.64228376901067
4.61159317252993
4.04012977108688
4.30946969886373
3.47246416152427
6.33020962727937
4.5199827112599
4.94736792510855
6.4889926225222
5.08861011026651
5.14329073775761
4.80032120914693
4.44925633972132
4.23364242603671
4.63930112938077
4.05984545766196
3.64844076128859
3.81276745302558
4.83791037332124
4.31763712482993
6.39016707153334
5.09297774792892
4.14268373791976
3.80326626009264
4.60489366146888
4.65431704791032
5.03194908099559
4.84548097091475
4.8698535759896
5.00950359127416
5.63733892109574
3.38378307434052
4.10377633362861
5.2719258698763
5.13397039083122
4.29885684458706
4.81813746319804
4.16326700011842
4.50141563166553
4.60796211602648
3.23338513451464
5.1911480717845
3.61372382035418
3.7326491325852
4.85631013576485
4.93243461548424
3.61174035462665
5.01156809012801
4.56817412157697
4.20206229556713
3.46439547237761
4.67595468383611
4.73929691779559
4.66826787019333
3.45112821256168
4.72228681206899
4.54817887155296
4.21008117239693
4.07647245772187
3.98884277152317
4.52727091388959
3.89466102605041
4.81538619705911
4.92835951891635
3.93763883297628
5.23682762686051
4.22445972427387
5.21904315034199
3.92932522144377
4.10367559441332
3.46690194720706
5.59888978743774
3.9259613422015
4.08336877273513
4.38665853359829
4.04015972868733
3.72641961164814
3.43468080889379
4.56372556503394
4.2229721520937
3.68380261181865
3.97775226282928
3.64770484794335
4.29375967817977
3.84996668218351
4.26444502707596
4.32007967690656
4.58840648909893
3.50442629984207
3.57944288748853
4.44736381679274
3.95561893092642
4.94499758001706
5.39053213844315
5.05675664367782
3.98274816859516
3.79286581019854
3.64493997927829
4.89684596636418
5.99988986156303
3.36119781968468
4.15110713015959
4.87331225319171
4.23453155173537
3.47776620973595
4.78702080904235
5.05166398151655
5.8585268301305
4.37827909816308
6.6092957944184
5.62556908711614
5.16961120322229
4.58653595685948
2.80130344916005
4.52955311734418
4.90478265789937
5.62261115101003
3.98798163026117
4.14218991144668
5.23696550347819
5.69361971133931
4.34268741974924
5.21415962295682
5.12986492792597
5.04164384201842
4.63731886366584
4.48749620178243
5.00332372475042
6.64223766787479
5.48328499247374
4.63558654836632
5.6056204377462
6.2504390253442
6.81441036747134
4.42260730654038
4.11867691127664
3.6133031535444
4.63454593429863
5.3444422148967
4.42899345235185
4.95796386130065
4.36183504308286
3.92873765390949
3.86718327844935
5.77721526427161
4.6138134256282
6.20112053606896
5.29120501617639
4.99526664423386
3.90502592447602
4.83016459174037
4.60982152474717
3.13388642241974
5.1365435812275
5.01880177639541
4.00761600204432
3.3820203318031
3.76196860719293
4.48831686350935
5.97240623652642
4.14283748275142
2.93406652272966
4.36962238396737
4.34816795568693
5.15308547963361
4.80962601296153
4.03810050206144
4.23076338937733
4.18301574023675
3.1988176091201
3.59819577364791
4.99607201040553
3.33934505115524
5.03022156208496
4.37339239615702
4.76375172525951
4.22986578413494
5.59892647387845
4.07353463121967
5.44677796823607
5.48402570639129
4.4589336232485
3.74578838255156
3.85197000829047
4.8604153857288
5.06657611948076
3.41797876029214
4.98373124081011
5.63965245860428
5.25939307114957
3.42292983716541
4.91026282112399
4.9806370214555
4.23728144640686
4.63606174993148
4.92775955921594
5.63970804986329
4.82380192766546
3.75480071739929
5.7900898994446
3.84989425214627
3.42198875301838
4.90397035849021
4.38319349113931
5.40129576408931
5.78695568425351
3.56972865991149
4.96608028161313
4.43372083932621
4.42754159732908
4.83360524561664
3.80226993167478
6.4816703466413
5.34159679950232
4.45192932249426
4.39751122416863
3.99670850628626
3.8016071319741
4.82666200272951
3.68004935341337
4.73265467684315
3.40318992203446
4.97511321627259
5.98228972228757
5.48757618526518
5.04680333652689
4.68154445869722
2.8161439071193
5.061096976288
4.48988657404734
4.9369658610239
4.65413019623292
4.80744289154364
4.26552568593094
4.03537095201399
5.2081842170892
4.59327719313058
4.46384740878194
6.83886573143597
4.98145589116578
4.26739597362765
4.4476654266663
4.83143689541901
3.68151318681296
5.82639776056173
5.90965487189433
5.40558331022745
3.05514307096646
4.8049276958482
5.27218549786066
4.95255957471624
5.97893621518451
4.48855591751151
4.97969938546138
4.50908724728217
3.61921137078739
4.68143305600202
5.71682793681473
4.09861486927332
5.22641986853442
5.57823936687968
4.98782727591712
5.46120153938585
4.18102126314224
4.03711398294147
4.5755313962002
5.33999227029387
4.6701235245301
5.73628002917762
5.67504190560114
4.91191429341626
4.0502958308033
4.79273123623228
7.40827206424166
4.9127999434854
5.27540226648283
2.16642611740718
5.20949676349742
6.06071507196151
4.64942080207316
2.70343690408808
4.63974301958329
5.76256198962655
4.33478397882347
4.82684411470824
4.63089324138302
5.14234811525819
4.84567557693716
5.49802924612534
4.08528949089339
4.46221120515996
4.84934709111688
4.46705749595809
4.16735567105574
4.23949179496506
5.36248929665977
5.04264584937836
4.15251892186381
5.58361860405299
5.48028077337886
6.30644835448391
3.56988557794324
5.06436486561948
4.88948224743977
5.63394027214462
3.92970191144678
4.39437618308763
4.07369455593381
3.88736762666673
4.04003604982842
5.33947850030058
6.04180482650941
4.6068873477088
5.18195267971188
5.0672543679976
4.0137122404887
4.83790407276286
4.0571574456986
5.29534897023705
3.16220994774417
4.59074436006249
4.8036755487224
3.77469761122684
3.27860731180328
4.79863757169734
3.75287529157349
4.29151352731759
4.65598588728488
3.14003928844278
4.50552035428741
4.54713835257068
5.11823095243705
5.3690303801016
4.27273041164754
3.99448144558051
3.57192924735498
3.8079356859817
3.40875478743352
4.50045364824056
5.05417938226368
5.33806739919615
4.98974133608271
4.26064619178861
4.32718619694913
3.23034644346995
4.25583372992415
3.67037150533386
3.51310653623979
4.19916143561562
3.28159800665876
2.93238297528527
3.8879093033335
4.13290842244587
3.06300837119222
4.75445011825862
4.59107698440839
4.46179603591994
4.00371928468715
4.10238529338176
4.86490140817063
4.92162864427633
4.77718190025361
5.26370189852028
4.14212107381761
4.08517472457745
3.79479019373923
4.39696025160872
5.20195421317052
5.65262886970817
3.79374074465264
3.93924776138316
5.20117159294667
3.08149026420077
3.3876251117368
3.90407664511641
5.64430583486904
4.77446314144713
3.89866941440915
4.50895634505866
5.98620207849997
5.1457640931207
3.90702242084092
5.44633319620424
4.66184310896811
4.61459167320959
5.82202537675074
5.35574995075657
6.55813193626984
4.30942058421222
4.72937128165236
4.15878756330636
4.70920857635913
5.71904717063774
4.9425871644134
3.13085554941704
4.09997211879721
4.92348428965177
5.00887284512744
4.968555941929
4.83875345155762
3.9823959622212
3.88501604544896
4.15740337015658
3.88495016842281
4.99408419993922
4.51110826829328
4.33968637202295
4.84536059486829
4.81499816510683
4.46376059293666
4.61694688743683
5.40614925029076
4.6967197711402
3.57863908215851
3.80691603388942
3.95247634565697
4.37816624360076
5.27334915182178
3.04787178528111
3.82962609862089
3.45618255170165
4.19401077356124
4.19957129224346
4.33727391414773
4.44944991497379
4.78457605788635
4.77864260367752
5.60211616511402
2.78515341346923
4.56524134395585
3.69299897247997
4.72607140331407
3.90643325419577
4.91783595703094
3.67750139210182
5.10961279456397
5.2362713954202
5.01068005179656
5.4104866379893
5.23477652632576
2.25489357024571
5.06439617155065
5.2347182968323
3.51483745759609
3.62045763086475
4.08747178311066
3.02685481246891
4.30216967002204
3.72250771906466
5.29385103685583
3.4140055197181
5.83184210289544
4.07329766708733
4.76929921604974
3.466452732376
5.01010719496121
5.54825863720818
5.0355267026594
3.49587233889015
4.44379247717752
4.95976529368511
5.3746529254225
4.84510531840007
4.69885606487438
3.7820648180393
4.40892547923256
3.04337363438407
6.24213009685404
4.21843897032009
4.86574619738031
5.85712900224512
4.72209229730031
3.98034263581424
4.96729841545618
4.56191569715405
4.57863293361704
4.90381111577423
4.42666842777262
4.24386647121759
4.51211811290309
4.86091561029184
4.64568818977902
4.34361551911654
3.72848023178831
3.87769592241035
4.84511343475852
5.92616088737664
3.80859645043545
3.62261966031645
4.60324971926351
3.17849075325243
4.38469694192911
4.72556735718874
4.54911096577076
4.81944392649898
4.45104923912039
4.61494346587068
4.89852579640682
5.03800069759687
5.32388341474981
3.9379641024096
5.2201245107398
4.4104276112084
4.76192468310686
6.25072789114769
4.37387666881122
3.90165756474822
3.58479657519426
4.21825767476928
4.58660775856431
3.43317531396145
5.00478173553267
4.93044308674283
4.26700335636932
5.25747350971696
4.42453140544787
4.57126020033994
4.45254257207564
4.58334307967632
4.64279692378889
4.36453097008842
3.0381980837885
3.69650825519194
4.48924881312438
5.10499033481396
5.06388941729286
4.39209497345689
5.09162622106437
4.13506454627856
5.30753660431593
6.02689743721424
4.33359143971079
5.62578411368208
4.67711271681951
3.68642619336898
7.25792967458578
6.72120974933376
5.91024068712044
3.98407201746804
4.61580852329149
4.62526992223003
3.93687344649055
5.79990195703069
4.19955208604007
4.76972109887123
5.15301402573731
5.54201266079418
3.73582486366644
4.59742374219827
4.8008162830421
3.6340135272975
5.01317001838434
5.81206937412411
5.35909040069563
5.43018335830007
5.96310941766457
5.44372613133747
4.38454447218579
3.95504393658144
4.30778527731558
5.48781257771174
4.28709168140817
4.34049628058902
3.78271316218861
5.19929062583662
4.64827715913558
4.36890438735764
6.03671366451661
6.21022835675267
5.64127890974051
3.48891007106735
5.22360179471577
6.43605691912055
4.75144103436356
4.59778659343324
4.47271139358551
5.22769687325416
4.30516932070758
4.42444876165607
3.60423294019598
4.68668507041229
4.42792926990506
5.4870393998729
2.8373919990955
4.32961825256378
5.85419818554491
3.99870107154231
3.35842164025882
4.19392718834033
4.15245075072052
4.39584103192416
4.52271192626714
4.07978091025869
3.78641612096789
4.71963978942281
4.37848817256866
4.19216922825902
3.72831909762757
4.50730693931151
3.9987916856865
4.04082939239037
5.63882676713203
4.20696257353368
2.9802549109098
4.20487213961337
2.81244726776134
3.85026084267042
3.40821264407435
4.42460475648638
4.96721551193785
4.62566318584069
5.22380373179741
3.49647446043815
3.14285441424688
4.73889271088835
5.592952668059
4.67752094269282
5.54388530910543
5.34598546044209
5.7970151436311
4.25762043201047
3.72529492469377
5.07987416173283
4.01679124014898
4.82686984633551
4.47238581166116
4.70904044975203
3.37412608602401
3.26394733510421
4.47624577085287
5.61476528813694
4.59556372214473
4.6059929064446
3.6354906061232
5.72540841307706
4.2369536937524
4.46732275503967
4.51351484986327
4.0422424907499
6.34269505268287
3.61544868149451
4.91120653315285
4.92320280994476
4.64629352608278
4.39971147662994
3.74027716420727
3.55607011957723
5.15977213652663
3.94609619883351
3.54697804145501
3.88714976602525
3.88361830403665
4.20530114701374
4.81087528699638
3.78083621631308
4.38659458381685
4.03441882364886
2.91461557455858
4.77366233646179
4.39149361255022
6.64000180737742
2.8187734737594
5.75658738920124
3.88836348179098
4.80004276168616
4.0407464053028
5.54835882712506
4.92380808259518
4.29306780573432
4.43854423178027
4.32511855317367
4.99851054283733
4.94629822537061
6.42819618716975
4.22622545333273
3.58178685539083
3.31122886845131
3.41097376645139
4.97988651882555
4.99253393863114
4.72269228471092
5.64840478402432
6.21930341687976
4.02965617078254
4.31740738054328
4.32548409110326
4.93433490617882
5.0110501718283
4.8078832344266
4.81826010878512
5.01590848758971
2.41498938611065
4.73023977682562
4.97985440330245
4.74357148765604
4.52903445423172
3.99016377121743
4.71851302903251
5.84074019485495
4.84339552822775
4.96353609090123
3.89770138545591
5.07487051443354
5.13475607401154
4.20233448340893
3.37263826133654
4.96676152462971
4.21131139170138
4.52352925843481
3.4931707328258
3.94863741298782
5.05624977094942
4.6585833132771
5.60884709988981
3.34993225875448
5.29783797729914
4.60446830864411
3.2865272098914
3.83535629387958
3.38027862883948
4.34805658788616
5.72071949878176
4.20040658031409
4.611408315688
4.31556217804632
4.15567077293374
3.23531090496138
5.25610936764057
3.36408686754698
5.10258201805871
4.99929491453237
3.25482412192843
4.45018545299993
3.28156932344762
4.51750064628443
4.80929377306909
4.02343302106547
4.82318381006631
3.05281041319464
3.79765648447235
4.37711352361707
5.86013502500277
4.87376304607876
4.12915264993809
4.2111040129786
3.43019154846815
4.78637725895166
4.10203565775564
5.34724995456
3.1896289594555
4.46724235194742
4.23571052740049
4.78034677739167
4.36354629077365
4.71646064956441
4.63479731002584
4.11485823340497
4.27904929406515
3.84501819388428
4.17885161658715
3.84486395322119
4.75024718840782
3.34863230139726
4.46513976202329
3.55273409239822
4.42519415443216
4.00572596236696
4.18448093184542
4.39565726603926
4.82543773189735
4.57704610930829
3.76920445637904
3.89368744340715
5.40164228619502
5.43546994683648
4.6950120200791
3.35899424010632
4.19106676349898
4.9191063267902
5.30672927249264
3.42076864627012
1.86987721084129
3.64489968414224
3.53955433585504
4.39052335299036
3.65028994154236
5.07545364082084
4.0512477146492
4.50744413371277
4.48288157142317
3.27812087201557
3.90984885819102
3.02284767003167
4.85678327200112
3.82125485415657
4.23903332071882
4.29283612066147
3.41938146846513
3.99539935459237
5.53161733210603
5.61479944680017
4.97883218913606
3.87376207885472
4.45424006313612
4.50230194860428
3.56572396378168
4.58357747569042
4.86214922231349
3.42606730537184
4.71877027945049
5.33659055774516
4.23971874226029
4.43784697765588
4.77116702551123
2.4731336368278
3.50959289625741
4.13446905089172
3.74697885179922
4.69276420924114
4.13489848564937
5.50770592361797
3.76151424477474
5.69327364126056
4.48398756574257
3.54001980387003
4.9792680218518
4.9539570978476
4.7966318414912
5.1201634944366
4.07260095198959
4.65696070049983
4.71532962433727
5.02555572672129
3.23668156961663
5.0414509913109
4.29150201696956
5.90146638041894
5.77542474530631
3.78057056155412
5.27095078279504
4.03757162191424
5.48549876394023
5.66399389212692
3.719939548621
5.49495888144055
4.78228823346841
3.99910599407476
5.67229495364382
5.90490689242106
5.86346076230752
4.15183530588122
4.21906419161868
4.61991954250757
3.68968748162445
5.5114146200226
4.44580546455293
4.79629790021689
4.71422054448778
4.71973594930263
4.31921036399666
4.08254102210337
4.15369904639402
5.63209346824154
4.19488025728267
4.83915239817927
4.61595612455418
4.89723382226581
4.62479788339045
4.85448887095693
4.0642221330541
4.45435112321414
5.62281593375988
5.44047051779426
4.55744233101551
3.04615047855928
3.67220984754099
5.13151314946024
4.71346746073698
5.11248949077605
4.11414764253649
3.4836928895542
3.82746117437786
5.4020672307112
5.36449133256583
5.0462732825381
5.12217045083063
3.42482622336761
2.66687764656028
4.09125672069365
4.69712367136114
6.87419553566573
3.95129846775372
3.47653594937841
4.42285579325546
4.40462652046848
4.66712666430276
4.17083485478499
3.62348816411925
3.84580467115044
5.18221359210991
5.40008826273369
4.14190550658045
3.5908891902678
4.68740449719544
4.44567228047494
4.25392873213203
4.90753363052978
4.24716852145414
4.34606451016118
5.39166743299123
4.13365547464597
4.43364781468472
4.06013646914713
4.56565297277094
4.58486856641934
4.95227612850733
3.89520014209743
5.32584820477306
3.81977782701305
4.55314519902772
4.14178159165069
2.7566201724519
3.83856095247791
4.23400118363655
4.85831235514216
4.20947270103266
4.41986948745782
5.35475307147704
5.80314309861063
5.0524619099324
4.22784512784632
3.94435151556731
3.4364945231917
4.98310966140149
4.41362531655527
5.86605960290948
3.52863216742818
4.37493793952113
3.52671569091254
3.73863574101844
3.8583290963524
5.06936245818675
5.0762090010308
6.58871695126219
4.18189374484345
4.65486034636224
5.30352402561712
4.90394759755052
4.52034101909663
5.29029208897739
4.61944123273562
5.48201163008615
5.15719486825714
4.89438334954986
5.17001149911086
4.10666562840298
3.57734857196848
4.35544719970441
4.74490318452113
5.97150012819476
4.46241509519878
4.7725921798143
5.10401504748593
3.81459142638169
5.1330956093306
4.77657773787319
4.88413822558262
4.93803670422136
4.57004914850836
3.45259369376863
4.37071523032937
4.03076638765267
6.23493511121025
2.90348899631119
5.64815800157252
4.48977306187334
5.42332817369722
4.35473247219719
4.5704259584906
6.65167949277794
4.81438433303097
4.22523812437315
4.20708779480274
4.32544256351731
5.21393391439674
3.98364185742286
5.28630057981819
5.17015028593986
6.22520039773559
4.05631086876656
3.82517498937078
4.85057909243527
5.65356617038522
5.70085170361624
4.4411683819246
5.07940939764591
6.76061915755152
4.47903625724431
6.60228631614651
3.91755611290385
4.37485387504315
3.26415986553447
5.14514016830811
4.98272682801362
5.94834349825113
3.96376248338031
4.93772577411275
4.20359215787715
5.33790351419976
4.4734236992766
4.57439144080019
4.24232419344462
4.54094582736331
4.56220519149784
6.19952013792045
5.12942809000358
4.95847245401357
4.33745199078422
5.16225062448536
4.22960682046833
3.19353897332788
5.43814414627786
4.36076674041613
3.11626518313479
5.90520691958835
3.46268565606757
4.6826732519457
3.56903275912686
5.22103318566827
5.14571869385266
3.397856043673
4.40468262897796
3.99282884021273
5.58567900625039
3.9278224970826
3.09970652483009
4.0327046374982
4.65196389787885
3.8175479240393
4.06704451309711
4.0520696358952
3.28845297240494
4.36892276180273
5.16588357987472
3.89886832579181
5.49271093460449
4.31861642925403
4.20816174392586
4.40082699261427
4.64824231264451
5.74626295037348
4.50663242206637
5.67712116057607
2.38436968797792
3.33397633944277
4.52561763193141
5.24366223986546
4.96542587594429
4.13645313415509
4.35211821898518
5.41536463353426
4.00011623270621
4.2228029657181
3.4591782398002
3.13329107242673
4.236388672537
3.79151821944783
5.10424075593273
5.62298513448136
5.55699641970009
4.94268196435248
4.33886632059032
3.12570394281223
4.77435276084047
4.43372796605366
4.80016914145277
5.17021824929189
4.26148396676019
5.46809153356522
5.23812319637445
3.55594566803043
4.5594507110714
4.58422074689025
5.24846777517677
4.26099914560114
5.33676712910969
5.26622720840183
5.13229402548844
6.387972669644
6.05598877676286
5.10288782437014
6.46039833789774
5.33624281781722
4.53184469409634
5.74770600626736
5.14923185934473
5.62864719841123
6.58175063811741
5.41102060538494
4.52788854433372
5.07286589126601
5.31890393207455
4.60603908967427
6.51363768590538
4.39936810009691
4.15020517486624
6.36377450140818
5.33047142787621
5.53791301743823
4.97662393805406
5.09814836513717
4.76404549447831
6.09381444064141
3.24151790259601
5.10432363757371
5.06083538345636
4.15288546568411
7.07962710827475
5.31449675507647
5.20976100874622
3.9266648887094
3.5569620277525
5.32723149510805
4.00412209200436
4.18814219080552
4.17833625126237
4.70217159189828
5.72663678610167
3.87630085664345
3.56787909771564
5.28134530214256
3.11123478690483
4.23199776312439
4.43218795081495
5.18472434285741
4.22660117837451
5.02411741559468
4.41285729137661
3.79746616702495
5.02780572872553
3.21307952258073
3.39428254988802
4.59647394510676
4.36050163224454
3.5831757561589
4.61217830699752
6.02134847962124
3.97645079840311
4.33280082078415
3.30413457923824
4.29385421601932
3.86903086893291
4.44750538197526
3.14684593526583
4.4202631245459
3.91547466011693
4.36819383990704
4.60390095234614
4.67614663552647
4.52945982937296
5.04310623036556
5.00141572339027
3.34296500401703
5.06326434325221
2.88249189506479
5.10890640095121
5.81707513207549
4.09459507670949
5.77981502507691
5.2381425224481
4.23370925526395
4.95331076195351
4.85129672230582
3.98856886871764
4.77309068216761
3.4461012113364
4.56442129015136
4.03367592720659
3.68387730544866
3.6539004691741
6.16735925939112
4.95635695032904
5.15257524815768
4.45493739689955
6.1492392123476
5.01057052879145
3.57624529270344
4.36795346552948
4.10399914328
4.03120711665355
4.0122554313414
3.88437167954969
4.00432726606985
4.86870058935163
4.81633501210385
2.94485021973359
4.35885956312879
4.68005044505159
4.46134901489183
5.21537377448476
4.74723816712662
4.60534119391595
5.61503345052199
3.48315349170815
5.23128821610731
3.48842628987907
4.78739257115261
4.13845361254346
5.61808515393118
4.59611847367771
3.67358886399293
4.209383042276
5.73823064979307
3.88922518326543
4.9943121660321
4.90167754140256
4.72763358511808
5.26904283260041
4.02895222163436
3.59284187901987
3.92987584667294
2.91948771665792
4.69904685703008
4.77251492818766
4.62368518262941
5.6567011247888
3.89446368985617
4.23098026722686
3.3034064857132
4.19463976470669
4.48523201744209
3.90726490134652
4.75864861830116
4.23866023991935
4.66591428278042
4.32602457782677
4.74828611114123
3.39156454536106
5.34601791269744
4.98933491324283
4.55008787664927
4.41737082947717
4.93673239093062
5.04211227810811
2.99060109100754
4.0880532287177
4.62070685677374
6.597096697957
4.92651349688283
4.71618210763882
4.93390385541222
5.19413100267891
5.9815327925254
4.41383246265918
5.36261027594903
4.90823779106427
4.70258457833122
4.88301087012256
4.2792333271181
4.04419023915841
6.21876184541006
3.72087166727732
3.58711678432041
4.97636283611045
5.97042995522264
3.99275137764055
4.0969780049911
4.14063000361846
3.88580561892643
3.90745510115978
3.97934507023734
3.36714104819975
3.55120070478886
3.87288492537345
4.35859962170226
5.02524294282724
4.32935276051654
5.42134977733289
4.30641548760271
2.21654158292935
4.93089450093994
2.98317829027643
5.45859989680458
4.88073804549466
3.80469796698049
5.09300025513125
4.56510835603287
4.05267958830058
3.30851271107374
3.90121771811138
3.34248300653571
5.36383144753105
5.31661057993613
2.83142648217445
2.82693545262884
4.20810782749921
4.32190454476592
3.74404803501927
4.5237356823816
4.4990724853726
3.69298617913416
4.14351705273822
4.18786586879355
3.84059759557869
4.2041557662663
5.7414445898918
5.17170418653415
4.02907886583479
4.5893642966317
5.13763218174731
5.934964834351
4.27506425216613
3.65253872299757
3.96721046127725
3.70079709059832
3.80219917723718
4.63716507720045
2.83980704795555
6.96653390525454
7.05540974030905
3.92039290911497
5.14616388831478
5.73793250747267
4.61803272440678
4.99648035905819
3.87409823947011
3.55381298708335
4.00903795837603
4.44895738404026
2.53730979281547
5.26788612434939
3.47243976711309
4.41623901045988
5.18341010568848
5.0272633843644
3.98798374815632
4.2516016647801
3.80951771277226
4.35499131320797
3.473446932831
4.25385508446398
5.26526260768865
5.83576648515744
4.46315343282713
3.19131580732052
5.60294849332821
5.29738613434034
6.14163511538474
5.87451348274011
5.65483646403287
4.19038875090412
4.93785465645964
4.11997263951268
1.9675257051752
4.94839577523997
3.85306079977408
5.14881978088104
3.92555818044344
4.51456427866718
2.92576747245975
6.39843970795501
4.16864928949925
3.3119843440496
4.32480435091599
4.67082994120938
4.57207184288805
4.31727204697638
3.45149930780049
3.46829068253619
4.84950218905701
3.45447516754969
3.63544666762922
3.98126703031888
3.70164793148518
4.28917527778394
4.28926784357754
3.41057443167888
5.41396339750375
4.01350738525309
4.25321379154773
4.89360107785606
3.62701657294165
4.1851686210963
4.80094090883734
2.45959887556794
5.32479249331233
6.11855889403232
4.18075266112955
4.49743251539417
4.17841203182308
4.30063103840123
6.03320250906857
5.55187488985895
4.04503255077253
4.52158318765249
4.34490871336807
5.17312404452091
4.14901540392803
4.98853497369542
3.45154528345973
4.2139851552939
3.6402668463087
3.80898218695622
4.00812808463642
3.89572998041733
4.35043127425049
5.43784139442402
5.44682324396032
4.83745163774874
4.32219953158349
3.94491319045528
4.59466249678047
3.16439085748453
5.67206377868715
5.31431035150351
4.32287423559712
2.76853674377445
4.11787607678362
4.42486484393028
4.8568046195567
4.62258701570426
3.69881047467645
3.63503430133496
3.98176923862507
3.04748333460919
4.42308724454012
3.79997493310582
4.14079227548174
3.89241908181587
3.57244887534003
5.1013707248792
5.51651974887612
3.50212104414211
4.21225672199227
4.06241934537139
4.07216535366161
3.33963096716449
4.98426520600774
4.01543755320214
4.53318676635768
4.5497560432534
5.49207569852961
4.2001349647692
4.93118378750825
3.80670733522948
3.15942579647052
5.79907714648483
3.68233235539851
5.65922458692644
4.82052591188779
3.473539033364
4.40788478040441
4.82644707708837
4.31678844939963
3.44729723374853
5.39115914238077
3.51039580442585
5.24913001953031
4.90421854365692
4.6334680093787
4.99962739383465
6.80125035909357
5.63414956133549
4.31964659890372
5.26071199340454
3.20713680877944
5.93947907604598
4.77544715550003
3.4550128108281
4.5267387565027
4.38380955370041
4.02484238378776
4.52682991944444
5.09210793348671
4.01570186750365
5.61714810101488
6.58328354193814
5.43879473081391
5.99885523365403
5.79823451885182
5.45226578293013
3.53599752390469
5.15325776906614
6.67507132209632
4.26158748188587
4.26515233284263
4.58720453447009
4.42479104218042
4.24972700312361
5.78888547564314
4.41516650831436
4.35329859650184
5.54018676319225
5.49565724619637
3.60462220211857
4.00265162997748
4.60332755733134
5.11049821828056
6.11506062515868
4.32484807844869
4.04580105121354
3.93396060546845
5.23210016338089
5.14795025566386
4.00268100367702
6.06326997268933
3.70374834886666
4.88059230544904
2.5500370190095
4.76550898760009
4.85803437467977
4.61927407708608
5.72131396795046
5.68565442170613
4.61567659471538
3.6266251172964
4.48758970185244
5.00110089970719
5.26135971357624
4.6177671160696
3.70944290818354
4.70101647654511
5.74072840951412
5.3112374291049
4.87686185850448
4.54090258397095
4.65783302566314
3.08416194405512
5.35206741960463
3.85711991699476
5.51022960454636
5.08349177736134
6.03550410617228
3.40932264100185
4.7840815952148
4.5980563491419
5.62543037243964
5.27708702538974
3.93856233335615
5.05827980519
4.62593594819193
4.11301866590609
4.55054028231101
4.97473073426122
4.52586388250893
5.09991418125828
3.72554732070474
3.6288738325437
4.69020223398677
5.84286972583994
5.34303589891429
4.75236136220541
4.27434698408371
3.62391126929576
4.89138062856792
4.71333631708182
4.60889350136683
3.3653340154267
4.44608728318988
2.8721262214952
4.59662516046976
4.09100587897674
5.32998623107598
3.35558152164768
3.84600790442231
4.76871315040339
4.11928991573348
4.60456877148845
4.90344870264909
3.87173564411361
5.48185861613228
4.05768896424059
4.62446693400809
4.03008008538603
2.66475766630659
4.37415384655095
5.32259900803755
4.10083140666517
3.396876495148
5.05528435022434
2.7482619099548
4.54095607973114
5.85273463722119
4.81789173860586
4.00312418391083
4.34219315659725
4.62783523567285
4.24902357108037
4.71760549291916
5.87253282755993
5.00110330181058
3.27953884337825
4.87187308765102
5.20485798883487
5.2519957608099
6.09325896107046
4.99494374634712
5.27562038887411
4.73624453819191
5.49683690425327
5.36824658627544
6.15071735393099
6.48585961395086
3.74225744717952
5.57851981231663
5.53862433670378
4.28501588977497
4.58211580830976
2.72864581555786
4.74308620271967
4.81171459005526
5.59902707762264
4.46157737500956
4.52361588174069
5.37770273552577
3.17473126518073
4.47955685455354
5.90584496175845
3.94814174914266
6.61365549947477
5.02269962527787
4.42336497650837
4.10193740489026
3.37453273045817
4.26275978349871
3.96599758280366
4.71072527419636
3.44224265281812
4.63667562211359
4.19874407861303
4.10408928751446
4.05684873707586
4.227305059353
4.57092958635298
3.77849334724807
3.81993800555346
3.02090277623736
3.79055907243819
3.77640726983774
5.12603873780141
4.54379599738748
3.9091596191816
3.54687540637461
5.3958388112118
4.91681833095822
3.77726783462049
4.93545577872058
4.72855002145266
4.53668897494624
4.35609149867489
5.04284392067938
4.01819567781545
4.73017051969227
5.59973387003638
5.92082650628197
3.70454356329668
5.66718112650995
3.33370748225173
4.76704034761086
5.87311653842616
3.90189494636926
5.23478335710054
4.85372458377765
4.29977470170072
4.10881568244335
3.38705145503752
5.35286527822855
4.88829667907573
4.74127004499984
5.45960566933519
4.67164019242056
4.56801084428172
4.20358077544414
5.43950467711393
4.24276999333199
4.88886161240391
4.51820413502126
5.28200364307144
4.03887712432234
5.01379673053191
4.65592658900156
4.24813225451468
5.01437843349288
5.38536734463905
4.22264286722354
4.12161900999515
6.40617622876153
3.96110160284402
5.68076367528691
4.79571663128176
4.01826565202435
4.1107827892342
3.73631817340604
5.18794682817795
4.04837369901738
5.21794583386507
3.87834623116009
5.72893212358734
3.86432607680145
3.18811789735339
5.30339780337202
4.89707485633775
3.60638998961867
5.28987343409458
3.92885332757408
3.82400468168931
4.49816128256857
6.78535397055747
4.5455048943804
6.47822313887868
4.78349112204394
3.82283768584428
4.78021163516507
4.09774126847674
4.76854961709221
4.8110761334943
5.91649453305522
3.28804246517675
4.3721012565373
4.75433884222763
4.56704432005221
4.34405910903061
3.38388210510438
3.98386428527016
4.40507824513407
5.37930153467419
5.41513447085006
5.02935449646583
7.17435815873653
5.12745553578091
5.2199457163116
4.46547926533694
5.85015779353417
4.51809357394915
3.78696577274433
4.21623700242319
4.31006848111995
4.70694667852869
3.62697415532742
4.45575337890272
4.66799560427983
4.19109267475187
3.37809905769798
4.23881424890584
4.35102109046095
5.62435842238906
4.92691580339581
4.04117197035399
4.86862054601422
5.6537102288003
4.17393789366828
4.70208416056846
3.59742958505689
4.06350658183461
5.43936701052557
5.1910965301055
4.31120360080819
4.2542604746237
4.63095383741044
3.96296319706823
4.47196290608905
5.23174638887845
4.25011412551741
4.45294907076773
4.03600508275731
3.36132569969808
3.34298849339067
4.23578853592189
3.29604255746884
3.98218036597507
4.39156486349523
4.71385955302146
3.54436437450953
4.47427334529938
4.5413289483589
5.09688024506318
4.05131520962055
4.3396379144349
4.05422528020667
4.4462765045377
6.12796586453528
3.66836026893987
4.25493328919837
3.71193214148295
5.01262348241683
4.96136178150974
4.03572965207337
5.12682752826538
3.80721893690893
4.51237053618895
4.76213445859893
4.6396859811067
5.73324378508324
4.29203659914722
4.26094126418925
3.89276015000751
3.55002765528714
5.12005026008068
3.47426063051647
3.57782672616149
3.70493114482016
4.23829204578407
4.26407595531369
4.15644193388379
4.71717845049299
3.0149927020713
3.90304937502561
4.36720112149753
3.57436840244376
2.67699710603028
5.82563193920724
5.2614449261088
5.28654658972251
4.40223813547555
2.55477590996217
5.459240135426
3.60152779516994
4.22052754149461
4.7601656929602
4.53851927151975
4.55989589617264
4.55967717935849
4.95499990451612
4.15819338412666
5.06711197494719
4.76527149198195
5.34478757967746
5.54145672267173
3.32763608041232
3.99444114612679
3.59013981901015
5.19027728232249
4.06837600461612
3.30460143819533
3.73374825745259
5.10440546724218
6.11998046898293
5.4089963807036
4.09123532581618
4.62800465218849
4.73274806679767
3.43587588651543
3.85733811855067
4.61287552842004
2.38761296911494
4.64972535887547
3.22324036243315
4.63657488425506
4.79310645835025
5.2737096915015
4.77268129395792
4.42182282999026
3.2510799911899
3.36312916328478
4.38969133657399
3.61120373976559
5.82431418277912
3.99037450442718
4.58612967116181
3.7074362281602
4.10559582957132
3.01674148573047
4.95548378753968
3.91462502379581
4.43588761117428
4.33327800680107
4.30396727689994
4.95760931458899
3.68596158632562
3.79265560268876
3.4401569821851
5.0002984756325
5.13742716617396
5.88770443570133
4.93850755688232
4.45775799336452
4.58713217662358
3.90701931453163
6.46361132675935
6.05435296350019
5.38956024273265
3.89231368824199
5.32916269220431
5.43093620478024
4.33282499451646
5.75600129850855
4.89119598311382
4.40922241817827
4.11449314368173
5.51286208503844
5.49448849556744
5.01873451111981
3.53639094692553
3.79683513257709
5.80845165898102
4.07754404490108
4.18028865976882
4.5897880438983
5.72856177697588
6.08292222673612
6.20526631141565
5.83287684184806
4.15514581342942
5.88812202452506
4.85374788808935
6.58875874612611
4.21071174460799
4.63152559305105
4.46045832018202
5.11762342152354
5.386971432597
4.13786862972461
4.98993589264568
6.69842232014279
4.11628949713229
4.45609145452893
5.83454051598645
5.28151564243344
5.51958834882398
5.68521134198444
4.11219048990947
5.04199238977456
4.6383500420464
5.56602404021727
3.05260211725254
5.43178304759618
4.79652120115266
4.81134134742398
4.01189017131166
5.18586124291528
3.89631371103383
3.76447863783867
5.20162762047374
2.66330371607535
3.65258915899665
3.85605950338848
5.48332400788986
4.88285549611364
4.26584624282671
5.32199492649888
4.13467267657447
4.18510663052194
4.471733948247
3.38509526335914
5.89782913127874
4.30692756700536
3.56023909709252
4.25553262518572
4.46253561672476
3.87274933278345
4.47635221154539
3.96800584121975
3.84377327730412
4.2205297022881
4.66900568691571
4.62314795333401
3.70112410561134
2.98313841150629
4.78441224035069
5.47437805869371
4.43808625003992
6.06715529484871
4.2890788244092
5.99070630982045
4.96661998264957
4.10937224017884
6.0268252558026
4.58446876144389
6.18814894582934
4.28214042506807
3.46265711268414
4.27531930351706
6.90676706643163
4.87124959931261
6.03704549455321
6.09344787341719
5.28835684390685
5.10638304816224
5.66650391962225
6.26834060725394
4.94692486722972
4.686701655995
3.48667933280392
6.08742747443947
5.10012285516462
3.93831034944236
4.49863664802101
4.45469984968579
4.35029763157688
4.09996239224105
5.42681030633088
5.28574538897958
4.14172666881054
4.65678799945946
4.29966113274622
4.60215604206055
4.85694986755096
4.96212784401476
4.1282450135089
6.39953327405712
4.25746102177062
4.60244051240184
3.47332853294912
5.87970919345829
3.89779862780234
5.52299994649121
4.76991807518401
3.21334911288958
3.94816295916592
4.6847436649076
3.38104201835298
3.59698845519269
3.80751017277051
4.31514084650084
5.60171006990837
4.30998127152517
4.83974909812364
3.44393048708752
4.54514875412796
4.84908590815187
3.62246571204904
3.76037786516332
4.89013783942844
4.77549824178667
5.90776883477769
3.1255410832908
4.29636595056634
3.64347274663281
4.28354735913739
5.70732930371975
6.11602421638776
5.90702921494512
3.76768777337651
4.19216247145008
4.67830162622194
4.29561779903913
4.95844920727474
5.7069955540202
3.40795670957357
4.21252591470935
5.40881807697095
4.23496281709701
4.38360814281648
5.33620738700895
3.72155824578404
4.65154873384312
5.40073060264161
4.91048076364523
4.66298195180853
4.41394848156276
3.23344412148182
4.39407930833948
5.08521619180376
4.82124968945196
3.96642735191877
5.9823934483347
3.21689754038288
3.71011021614912
4.30903450941933
4.82370227889929
4.12109803882293
3.60385699345609
4.51447832311709
3.61230052504845
4.4416057264435
3.69870313106411
5.13197790697357
4.85296367279051
4.93956413105056
5.19435883250476
5.04006204423624
4.96119720324028
4.39831328856135
5.45080250362628
3.90732421945718
6.29467687331297
3.73711892847939
3.93069776060069
4.5333101433289
2.96281490281506
4.14982914334428
3.55283746589678
3.64022535323753
4.82008414066824
3.56968344695748
5.07559672094018
3.92941718065583
3.90668318908827
4.71278638591553
3.70459826375976
4.33112938749086
5.38455249014057
3.56274739199606
4.03679020424796
4.33407308303049
3.59205251236665
3.69881135161559
4.18695961443238
4.96305844792741
5.43528268614592
3.7348190829932
4.62032707445293
3.93849768458593
3.98878131392382
4.14456329156722
4.37565404277113
3.62304721627296
4.4957333396107
3.62399178066031
5.42015256637587
4.46712832122907
3.42767132241787
3.13519811476809
3.89089491247215
3.8500729737849
4.28157482354896
3.74084308930591
4.66730805622111
3.58175151643004
3.29068551243008
3.66540455046859
4.19826772937473
3.54121066923169
4.35590962194789
4.50596583693487
3.93629619045281
4.33178138612212
2.80567179686438
3.73649040311725
3.69489053754385
3.27654941973897
5.75412571116523
3.7319256271286
3.63233561216665
3.71116390092467
4.88347316599201
4.76332829726657
3.91055166903865
4.98327361765845
5.06109603856836
4.92110671145815
3.97095996639968
5.05563759271364
5.05343994959833
3.39828581837603
6.27162976734573
4.92787934779233
4.71176967414725
4.48096544103054
5.52966063283685
5.19739663335723
3.30395010293333
3.34603366715904
5.0040932607178
5.02149617710087
3.66163119700783
4.70266374557207
4.76171577386757
3.89075584052442
2.66197848535802
4.48130979830914
4.76358609234418
5.09764832555067
4.07992407935907
3.56109217074858
4.17323895735851
4.03109277135174
3.78335257493401
3.92957904092578
4.94951976370926
5.04764291843531
4.40113053892353
3.97012224141135
2.54310906501545
4.3069269481273
4.50114553734365
4.29339221030678
4.78158822520563
4.49709579435105
5.03039636387392
4.44681943309346
4.17169505393686
4.92055866394802
3.20767116441482
4.51897676076501
3.14822805289107
7.21714795384167
3.86347547642237
4.3767784466223
5.60822666065619
4.63276106495061
4.26468848595586
4.96392864939949
4.70377345136959
3.26171788100219
5.49843628489312
4.71683913025453
4.5627296872653
3.05688679323213
4.37503702566404
5.16616583214527
4.32691440575295
6.27589774158348
4.60411978348997
4.17075711363862
6.79703474754929
3.23152695389072
3.88831658328772
3.69025186473428
4.10352735991554
4.12707956627926
3.81823463821108
4.7874626238406
5.22650425039325
4.66128507504901
4.72051483264706
4.76728432726939
4.88131982430962
4.37570074259846
7.91363750586336
4.24234109618649
4.97119080110843
4.07762600932998
5.30465317904342
3.73490570867499
5.77061352745646
3.52746565467731
4.92324481952757
5.7149182664566
6.39520241777955
4.46248070614162
5.1278301711089
5.9416982320768
5.20705002755915
4.10064235825044
3.86764801348607
3.94426857704065
3.69592010512918
4.78736925641225
5.9984915102009
5.53496261294883
5.67789964256134
3.81007441943378
6.67293257843783
5.05107270204538
4.44371066345078
3.97534897114438
4.40383535663163
3.38806296951394
3.67549381705606
5.48239016241722
3.93415006242399
4.01771746443361
4.73574090840478
4.54967609310161
3.90750154108127
4.46532253738037
3.76140441514636
5.09308777034482
3.95009734158929
4.2493187061464
5.1303496451613
3.91045466378972
3.83428956170326
4.25234160305166
3.72657993567234
4.25663958573732
2.99301089609418
5.16598009938042
4.67636596195253
4.94257709042213
4.87415045053397
4.8122887393716
5.04405851054848
5.33624252271307
4.24757519465369
5.6824706679962
5.31940677899093
4.44297323822085
4.54895144561591
4.08762763058766
4.75932041367462
3.30286584917872
5.17952195246633
5.08405361494821
4.91246552807014
4.32528468283281
4.8244676576325
4.96280789401816
2.8067716522518
4.99315141546733
4.12385156769794
4.18916188064038
3.66976783797919
5.84371974750468
4.68111804140763
6.30850660494635
4.54514199022166
3.53585898256138
6.08605099015796
5.53162099826192
4.91615638665423
4.29678319659152
7.27350914165971
6.33495608314675
4.99862983246397
6.0773083982735
4.17077345832653
5.55673961979005
4.9826483780045
4.60996915775917
4.0920589595909
5.21738310443191
5.05168349882698
4.20474189939288
4.90025489800479
5.63354117854247
4.46652262907766
4.25957447469961
3.67885852445341
5.45136979899155
5.86895348933051
4.97933601325039
5.81387233949181
5.54268524620114
3.4680612509039
4.79185656833903
5.1301122244093
6.41714718659714
4.92485087531789
3.37504003409504
4.17059280234845
4.47346463417871
4.62338927420127
3.21620831258275
3.97320386201056
5.81194828452418
4.42330987606816
4.47683532064631
4.57308815620473
6.07370595040917
4.78236958197987
4.16547724578896
4.44110757694404
6.36464279935277
4.84924994365769
6.60344746879057
3.77294903995093
3.69229430887858
4.7318555151244
4.37411701112138
5.29558860708629
5.66053348336581
4.44822688382383
4.76755988789773
4.50347238694393
5.0054527491338
6.17254578100529
2.73387126241773
3.76558689171456
4.84566810223132
3.83300333446979
3.99097481254447
3.5481365866906
3.46378003917592
4.11046765066933
5.13320098178656
4.10006743551431
3.33453471150391
5.23423660249059
4.55167377211018
4.29210197415127
4.29913928612615
4.88426724642781
3.35032974276253
4.80784498274892
3.77458723534441
6.29900468041574
4.5380882212145
4.09322718161495
5.06054576141778
4.8706374447574
3.92419265831969
3.90508198575274
4.23133409630857
4.83444754094332
4.77524614459594
4.12020001195653
3.29093239939693
3.41083584874041
3.22541676831579
5.36100953125592
2.9916383251216
4.38667025676817
4.97066365059481
4.76778251902288
4.27227425387057
4.46069658320515
4.89159245264975
4.85130379120172
4.13023028551104
5.85585560801491
4.57380756377887
3.25266515692192
4.51674826829859
4.47732071488415
3.66274869035994
5.60268853539375
3.6525567804467
3.58830287176189
4.11475380819904
4.6360594104339
3.24533697011447
5.16787014859823
6.13424361174869
4.15005378588304
4.02344555851473
4.79089080904486
4.99343493993075
3.69193605108149
5.03159654169722
3.21115036848541
4.02847087714509
6.05298380104405
3.98563895754913
3.89211364175597
4.42809376308999
5.92264831488782
3.97582867889454
5.5016918843677
4.99048869770664
5.55199186859835
6.09149056624849
4.60123263442018
6.88542341537905
5.25383596598611
3.7949588505702
4.71201374236682
4.72150247966011
6.29271929573171
5.57112609695791
4.91703279433328
4.93116815110654
5.0988034647422
4.68261553953476
4.35310824750144
6.1012542660965
5.98912437515692
4.30117224041107
5.2138290270522
4.73144323895439
5.62578208100281
4.23501763113107
6.02489873605926
5.31169945661448
6.48055117675673
4.67094793190899
4.19629310670608
3.44862971644509
4.12626648089271
4.69044889199033
5.12570269711844
4.02160317649876
5.12611187792798
4.77109457625221
4.91668073905752
3.85000071415569
3.52414790965017
4.55786472429183
4.88213756160879
4.03036776028852
4.93350189247729
4.93812811981031
3.98568242305902
4.15081309355467
4.55217656124096
3.22609540038965
4.01244674288744
3.83060893260041
3.35042136490239
2.98057141175496
4.5165531682312
4.23043050588527
3.94207290367767
4.50954591196553
3.78568183020283
4.10879274495481
5.91106577218966
4.26913745098402
4.27853544710065
6.05573494965113
4.64656875965337
6.1462425612284
5.64249050542951
4.11490024353109
4.02069366019992
3.62162187524065
4.00815769898744
3.62129867731399
5.41977157660575
4.66830959426636
4.87722305188375
4.469440409217
5.38943878722321
4.15440719805902
5.39633685479932
3.38261479355971
5.37537717260673
3.85489486192099
4.86423828505705
4.01455613341661
6.31758783078848
4.00991462013456
4.96241397201167
4.5690953980803
3.76815368383
4.53237202921697
4.63916130070622
4.07160203379659
4.15536350374413
4.46297235431561
5.42320538430778
3.3755634818735
4.82600503622494
4.53984102184605
3.95437583567457
5.16950231915206
4.43385371304305
4.91285999720856
4.2965309699958
5.28566300444682
4.61209566683794
5.25437535766144
3.98819993285495
5.28789403669111
4.21482533277286
3.59653148068649
4.35816907699587
5.61705933918464
4.29870128927475
4.43574734069733
3.3703065017646
4.61025712935615
4.13731628063244
5.80840441179126
3.30680671523875
5.50227274160878
4.59503681974767
3.68656063211292
4.17418489674971
4.02786907776098
3.87246888794264
4.56681919575501
4.08738927111621
3.99639395234185
2.18131017120663
5.08696674931
4.11887456733455
3.13047379314914
4.50494086700615
3.5075285303636
4.23877021216914
4.1371001635051
5.00647088941789
5.31672982994407
4.29658597147358
5.1340121236301
3.95705962446341
3.54990313650914
4.8655284385034
3.52442361523502
3.62674714308727
3.92805412241887
3.35474669080445
5.11103567243411
4.61609808119005
4.45963285325278
5.06954795037017
3.84290569614019
3.39860845167449
4.76468220978441
4.49352096765264
4.38445463645753
4.61179271175726
3.81190099616925
4.40912381886145
6.39228733647961
5.70397173517068
3.78678027245535
4.74215723402728
3.99906979069142
4.04325141826768
5.58091653523813
5.24320755516293
5.473244771755
3.65711122554741
4.95664094477704
4.84835766471492
6.52148165167873
3.96250798209109
4.40053023980068
4.12729056918731
5.9016990626085
4.74793106389324
4.75551652214753
4.10786992702414
4.82469787178345
4.86133849087942
3.86866072774831
5.1044650208718
4.02002531741233
4.56796879013164
5.24956862987378
5.80814565757141
4.78833542761027
5.10659810778203
4.0380205707409
4.62298079299379
4.01379336967751
4.97233218895188
5.32262219668247
3.4765888647049
5.31699412405668
5.78921383168376
5.33439141626292
6.41532769813757
4.67835708896316
4.35740881604172
4.94848566537813
3.00320393905556
4.55914128631736
4.99687759721062
3.21286720270543
3.30091112840424
2.94193986680038
4.46930004823978
4.17078018046383
5.20026869217162
5.07035766663219
5.88335408964355
5.67357990316085
3.88441386490607
6.84495839210374
4.82149476148791
5.01457337373783
4.83429685739962
4.41031845319322
5.11582640546053
4.01702735771697
4.4077865367675
3.88292463417954
3.94144693504645
4.63437402966043
5.02391129121094
5.41455241246658
3.77973750146112
4.00952164282839
4.53502689027308
6.17435498676103
4.44025740488982
3.8973167170782
3.51457214830261
4.58209105553893
3.00113156596907
4.11140286326446
3.90308382138119
3.55075213172402
5.49094115060253
4.18031535056335
4.00860203671432
4.77587482726457
4.14706473977592
4.11492919565223
3.48747877727224
4.35310432406728
5.72617750507295
4.76819532084579
4.38300709073398
3.90284946779859
3.91000908778839
5.46137999044373
4.10729869581017
4.81967544663273
3.93481825277225
5.73157494181756
4.23036127240291
3.72087791379738
4.51977491408761
4.20739826810387
4.00723976808729
5.3004632627094
4.33729263498578
4.25840796692349
3.31342750540128
4.2561140019197
2.83341271168947
4.91233664211882
4.64264692259184
4.85200093247386
3.64367156505007
4.59078142258734
4.93404979356192
5.40847246268295
3.73853465201165
5.32691104197861
4.38694078221228
4.86985472296465
3.63450335062347
3.31260685436442
4.16766224843985
5.63411231124794
3.91778332759941
4.2367667812638
4.96198122370744
4.99152871247365
5.74876116177768
4.27993912118959
4.53871207183521
5.44695060814823
3.48608333514786
5.41780330766978
4.19952220955404
4.38374104682073
3.50500543632284
4.62435893280607
5.57528031476555
3.43609494341442
3.98220266713493
4.4548830143326
4.35177952593957
3.57849261630759
5.04862029055672
4.07604087409123
3.90271678470864
5.08279419726607
4.93054671728305
4.37010572302062
4.51652326661
3.29401759214074
4.5871033425779
3.95406928411331
3.98218831741381
4.14730990675272
4.92126750915452
5.29871542048871
4.50988631171177
5.71137328335359
4.81650733625114
5.11681566785543
4.11942019902582
3.49740691721584
6.39700809957145
4.9283762749199
5.34139936308182
4.72076358643318
5.18960770029983
3.8816074421157
4.55110365432437
4.33617036261752
3.82713177929287
4.11934008901908
3.3259399935442
5.16548576117688
3.57119319918632
5.78743923133083
5.36611853796379
4.1957828229487
5.11475963453995
6.15079357069321
4.95727231418443
4.31446622368148
3.88069884374084
3.8134428833461
5.53195687187311
4.01172456797291
5.18514232003652
4.74197389937495
4.83817511137059
4.11258262952855
3.51720527239914
4.21875673247247
5.71301694686501
3.97116246683386
6.04501655705805
4.60917210951907
4.33367035016281
3.48395348988238
4.21846214208841
4.55445524356123
4.04025319220606
3.93541032714491
5.33565991016846
3.31216081772633
4.19245138943247
4.0539418090393
2.86903707813319
5.07916925680397
4.76243370565896
5.44312059678154
4.95569710685227
3.79330808155214
4.07375488388725
4.18940006590539
4.82796716603603
3.81674218031598
3.86323681887077
4.61753345515037
4.4530672227465
3.84551769290575
5.52990202927449
4.95725833781822
4.40428033721896
3.78037374654944
5.55105712110624
4.4138422721842
3.72814025657554
4.14770333076442
4.72566628126951
4.81706337754503
5.09276585737309
4.18147262696107
3.46634038413865
5.48569183826095
5.1762622777698
3.7550382986399
4.22256629436982
5.0177916082941
3.18807191694627
4.86844764022488
4.9622127664955
4.60629196803466
4.05687729597257
4.65941106406896
4.65009544058079
3.70825083131281
4.33435787466538
5.06926134146701
3.21573611384633
4.19672351166626
3.35070851232254
2.8084253935323
5.03937121677205
4.91440964633682
4.48759532424472
5.97927676308222
3.70598625906246
5.42901341282137
4.69410917767114
4.49249974499254
2.88697204251913
5.53234208013906
4.73946725461961
4.78644781987759
5.18399526276561
4.63548207527829
3.9970724804
6.40362516761745
4.81517014807675
3.86819327465193
4.78956671257686
4.5203921698097
3.72309297285046
4.15258081419727
5.606283820238
4.50339344798375
4.87358329486703
5.3424446871133
4.34946494257156
5.08675895299028
4.17663639739577
3.28046166375528
3.88388848854513
5.18091956639671
4.10574617724854
4.52051874490554
3.20215665278015
4.63147596184453
6.4378738317122
4.90840898024634
4.99565780427619
6.14846364149698
4.2048938600667
3.78372105916253
3.92865479062749
4.49171059352465
4.68476160894935
5.22334893361218
4.60901500774693
3.5408832699592
4.75417933482174
3.30863766764673
4.60189962355543
4.69967590700081
4.54255518377936
5.17373843203576
4.43141765094347
4.18181539886402
7.16549076027634
4.47995855795764
6.89592588779496
4.80289821603252
4.71829851837149
3.23470851988935
3.61698261834068
4.59502695439518
4.22202518358355
3.8081678940121
4.63044699206959
4.25810805491154
5.95248435279503
5.36100580238674
4.54273658981709
4.22426380068291
3.99733995406807
3.6239983644438
5.11280428866212
4.39517250622169
4.57917850804918
4.50508253337332
6.06420064456921
5.61577409436971
5.60962572673841
4.51677239257001
4.92913642132973
3.79470984087602
4.12183153698812
4.430286596016
5.55405379732474
3.9537482124936
3.15550297560165
3.69981091681123
6.32198452808312
5.23291710451178
3.7259644776804
5.48173545793069
5.38800396105299
4.77208379563633
4.22456925761688
5.1401404102291
5.05760058468039
6.2112983490265
5.00666435041204
4.49385208998938
4.69297230325101
5.02178711797062
3.39989098704159
5.98387119412192
5.827397805575
4.79818820887196
4.62306083868069
4.5333452211815
5.24607045492165
5.49745616242416
6.02005222704944
5.15410622059295
3.38819028438413
3.20732041541238
5.51298316095004
5.49339108754943
4.42499775652329
4.6839141007664
3.74100364525647
5.12267956657144
4.62886597084402
4.98459300525291
4.05123601121559
3.2615830353011
3.36665660452668
4.61066087852646
2.85880218990019
5.3337554937057
3.83748768286827
4.27844899915107
4.96272360026355
3.31177427323029
4.58468095989135
3.61098903060313
5.43348952569444
4.92628118716826
4.20585445671579
5.37968029522489
4.77088072580036
4.91911466912451
4.15711866699663
4.04033945036887
5.00289688161342
5.09014848711869
6.87305553047135
4.2360035510604
4.85394102992024
3.65750724615299
4.92791453577813
4.27690032502011
3.43970141782184
5.58097021804786
5.64773215331591
4.47990954075872
4.90279806071804
4.09398948434559
4.19600254302732
4.91880538146949
4.84520947563199
4.55032620346265
6.2629247162721
4.50520506387608
5.37794380277308
4.81684781837967
5.11607100576059
3.66176535801848
5.23403068164485
6.83143457703358
4.27517104111482
4.27678997288794
4.85280486490212
4.70817836885504
4.48771430018596
4.75864685286874
5.04347029512894
5.0483163045696
3.75164225776887
5.02536631773771
4.17253963925101
4.66475443542312
3.39937464590481
3.51662949241828
3.6968097734143
4.57296949852925
4.92302064852869
4.08387563187615
3.5447744316816
4.99717592586417
4.08182374387387
3.6949729119935
4.91316418105037
4.95934339156765
5.45025972697925
4.03665060847295
5.04003531079918
5.03333302753134
3.82053223503239
4.81629829630042
4.40071771002355
4.6912620149855
4.84694790936803
5.160554482629
4.85444486174721
4.19948723262543
4.91242603965712
3.74060125070987
3.302051042694
5.50047604960739
4.95285043640657
5.92048576105674
5.52101217431386
4.91145661809094
4.89987429095709
3.34486577165852
4.74887181889484
4.40018010285876
5.91508108308755
4.76403402275291
6.72515175382948
3.42114835877255
3.57924934559402
4.02821459322555
6.28193548481727
4.50064350123928
4.5410508960734
3.44762483748023
4.71996442644301
5.05429248927397
3.98592587038345
4.58248226735912
4.09698775462665
4.70383202115188
4.70847831697839
3.28578842067345
4.48869970042488
3.98039862817714
3.93913616906981
4.42657051582106
3.62222337678952
3.66810409415866
3.97630216084268
5.39055215322644
4.34963743212568
4.5322707264711
2.9967129882248
4.36325232344319
3.40043254418723
5.41066238642684
3.81137596461285
3.86472411426016
4.83774796551366
5.47525292408284
3.88879944231094
3.87472783744176
6.10462924730003
3.99980335865906
5.42562101373137
4.99052691145535
4.7585181942461
4.83636861258417
4.19020031206177
3.0453999859291
4.81616368107306
6.5171270003342
4.55652461852226
5.3684428867552
4.00169046043537
4.52986468205789
5.08513404587353
5.05343408241929
4.71089476972768
4.49504177416538
3.61982072298281
4.69540528242393
5.00192257788287
4.8258467492562
4.70974385995768
3.98087754279634
4.45126383967744
4.6173591769004
5.03645211467805
4.6929602188606
4.57382625456978
4.48575201219614
4.5355801045898
3.74194622796083
3.62796507449631
4.74844250498955
3.59009715154435
3.93236912829617
3.56561590213495
4.51280680231061
4.18427752025501
3.39324580931348
5.35001709679303
4.09260246668778
3.75203670863336
3.64070583396676
4.37631354139682
4.61015808575046
4.33782813281675
4.41660966718376
3.53579466275312
2.80324260195729
4.26870685898562
3.92434291848057
4.34425325338741
3.49950967743309
3.53480872161762
4.25879002196815
2.91402299500938
2.98698172753376
3.72487677040814
5.32842540113818
5.28917950447392
3.87443349362897
3.60822092657374
4.4698059756802
3.12229028389726
3.9193420889747
6.12008269310857
3.51059594035177
4.92704845417115
4.03210586142069
3.88095511994984
3.65583626276397
4.29547494262271
5.26990250883004
5.74938765218074
3.11183893989472
4.09217058578278
4.59308874737982
4.42183284320398
4.614159833779
4.02345006223663
3.36492396184625
4.92834040923339
3.85220894129597
3.8202694411266
3.57377280864785
5.14380284586865
4.17823586749117
5.74171704529788
3.3243709378483
4.93477929839239
4.83438611156227
5.02549297191593
4.50608865381408
4.34114953496358
3.18745931118732
4.77801819902079
3.6754460320285
3.45872493903829
4.13674314082488
3.20335002383951
4.12955987679512
5.13177281169279
4.57612223595065
3.02734265937077
3.58606401741139
5.13879311860459
4.69638733089042
5.21262809261625
5.18744384894928
3.95033143672114
4.06500504135982
5.43170217659614
6.12094443459189
5.44600073887392
5.88210057033978
5.28756779488178
3.82342451959977
3.24993516235618
4.02147155648134
4.31834637635501
5.7334263135185
4.30730787712934
5.0398305725694
3.26008413932072
5.10232212234067
3.6547029714944
4.08268595353956
4.5429796926901
4.97623688278941
4.13371019984388
3.8652812751324
3.72909597025611
5.5211748971745
4.3302045677089
2.81460864039147
4.11606821278918
4.56070333661244
4.62813424399659
4.80136273993465
4.67355212762385
3.63105289163189
5.09901042700865
4.22417456684608
3.8372924148315
4.46888255276206
4.63867474724661
3.74148629535527
4.8307490734182
4.19559322369322
5.54867687963075
5.14577084654364
5.35243809041619
4.55285144455175
6.48432633805569
3.83507000737398
4.30506966054166
4.88899888880339
5.87892790405555
3.72558632600325
3.39076925070192
3.98879464238931
5.74972858296312
5.8538894050342
4.81032491844379
4.78329515430647
6.12205566912371
7.10250724503284
4.38177667333248
6.35397849326733
5.23261838004963
3.52617285288815
3.95510194508241
3.54434453166279
4.90336410600281
4.12337931379579
3.98271832980077
4.84975421324254
5.13103232863634
5.91932126888522
3.96336002329271
4.02471726668688
5.59768712547252
4.68138391005374
5.98509212683316
5.04778200854951
5.32190207034511
6.03619083677049
6.08074180204263
4.71235558484399
5.03542351878831
3.65774722452328
5.36353522802569
5.73059427425684
4.24085453725615
5.21278119632627
2.90296569746441
3.63875814545
5.72252344011941
5.20887510315385
4.44601536127093
4.7401860147023
5.19299511425731
4.4299600846266
3.72660494761779
4.93733468902123
4.42913809811727
4.36592826112999
3.85188403986411
5.30122628296288
4.66186667793185
4.94518436160464
5.2648387022593
4.72247435853678
4.70059961062636
3.73933413104444
4.71021083588983
6.21003347518439
5.01863112762349
5.12906219827086
4.08223348686685
4.9196066092823
4.51732445221423
2.62993038407952
4.95235837354187
5.20614289199697
5.79835000046367
5.15501832650043
5.74247303425012
4.93838523203486
5.21082887638089
4.37276990537468
5.20821018467617
5.504359693693
5.79493916245608
5.50015300990684
5.28362622739655
4.4229273339703
5.0440707400361
5.06479685053776
4.88956414530054
5.88063401039782
3.60642620751698
4.70768645269472
4.07409867622152
3.79678253102769
3.31022748889315
4.28405195011554
5.86641809468364
4.81088370982594
4.67382383165083
4.87099030448202
4.5810959616857
4.77373161589379
4.78162728863616
3.67439595396338
5.07984723038219
5.45658834702839
3.82751027542066
3.39465123902566
5.5272248211161
4.16151797891355
6.893879095933
4.22740488747633
4.89652468440581
4.37449184364021
4.27582894816665
4.34447717893501
5.38032852650655
3.58756377171795
4.43695491128713
4.70026789868558
4.20264654617742
4.56697202825901
3.77475879709136
4.41672991242167
4.39885226042164
4.8442137214574
4.42404215440184
4.29613917341073
3.62459238087651
3.92719658582529
4.94713559154633
4.33810898457522
5.2412639335486
4.94454273082272
4.37817572513967
3.62415604245151
5.3953048000599
5.19516602023936
3.77213361940258
5.20171688174826
3.49241590023762
3.92095081932229
3.42743721214033
2.25718965997472
4.22236072438452
4.95852947904476
4.32394602977935
3.36640002584096
3.92467865871396
4.61967021023664
5.13214310117203
4.28595064170713
3.54682404257605
3.68298536356393
4.8270987059026
5.00662173360045
4.60147413960954
4.00052151075054
5.02960360432821
7.62056785810809
6.03357106767409
5.53632658569869
5.74288487321665
5.06668546862126
5.18142202882727
4.92927445070597
6.61192839976951
6.11281791972694
7.15166072083457
5.28433237774877
5.63596146358655
6.24440712343632
5.3893028121767
4.76321367479003
3.98536163900537
4.9990929390836
4.65547799293339
5.64954557359102
4.40202436889461
4.29411079842161
5.61586422063033
5.39820125597914
4.69154900719642
5.87645986834211
4.17356882294376
4.11581670163811
5.1983176113914
4.0648253642282
4.50067706252852
3.87506969311933
3.97598510146471
4.31709025933783
3.66700894004197
3.44642247389214
4.20621760901079
4.16817906948202
3.79914817301591
3.80707747026572
3.18579776911322
3.69772865234162
4.32777058796253
4.58218085478273
5.11068767712763
4.39919587343948
4.76043489408951
4.0263224945094
4.0460551112897
3.41566186376012
4.2788188084459
6.32163917889041
4.53109477017984
3.73666070770546
4.14212804347786
5.99759550544732
4.64353415330433
4.88150005582968
4.69246945753986
4.90736364988032
4.81226894340482
5.03485369529439
6.33618316402082
4.61014095929133
4.59366840352698
4.02113380182786
5.35682367661613
5.90142514895434
3.86815022615564
3.91404922200405
5.62464202950837
4.36982396988767
4.73778035978313
4.18982197631023
5.47536048141715
5.32811903125475
4.00497716442533
5.04420368806167
4.54197268194819
4.92058559679231
4.55384910529367
5.04530431163651
4.96422167646157
4.04038686549639
5.00867643731678
4.57037626351846
3.96111139619018
5.26244550814415
6.64048746486555
4.54709430815606
4.45389496742577
4.14389008935286
4.01862642817569
3.56949052729229
5.4466240223911
3.58214326265959
5.42932534398008
3.88577985771256
5.48239688624555
3.77296473092297
3.88241977650299
5.90603205299058
3.79139553061311
5.48129415142524
5.04215564724318
4.03070719146962
5.0582828327035
4.58081347202124
5.2636226926083
2.64876042460103
4.85667437195012
2.96864056855965
5.03613771010004
4.65838155891675
5.01644193878183
5.24580722175922
4.03186845619793
4.75417220245447
5.04345375176321
5.10805832425403
3.51590802968641
4.01980704958464
4.94284659014583
4.08419989321873
5.98538634917371
4.29227119779486
4.85948926839765
4.02408037858485
4.5371325910418
4.18088253918244
5.05636266505327
4.88341980261812
4.21862416895921
4.16291424378115
4.46133192819796
5.55874868709623
4.0755150870156
3.73425207659334
3.68761276359878
4.8070227266213
4.69837350501315
4.59361722720145
3.97944199499382
5.00242542150818
4.11007627760778
5.18225561777419
4.33925362515998
4.87675939319902
4.82284794190819
4.60930663308191
5.36964353885747
4.39955699408436
4.84321337966459
5.31317920508244
4.51402120096881
4.44743674038427
3.95768142111064
4.05625729781871
3.70821077508772
4.89761588682498
3.92683322539619
4.17408355608163
3.59545859906431
