0.503507566567101
0.435436015823551
0.482866248344887
0.563673583559712
0.282469992804134
0.568690853573403
0.590207136066769
0.439746651771305
0.487944224205427
0.583390087261079
0.554218964500171
0.419580053740801
0.579126611707294
0.475719917142355
0.331804085627224
0.450864065908297
0.431935729071731
0.558125435414661
0.266038344673163
0.518419660096337
0.482289776489202
0.647416560493638
0.612364068376019
0.610189542563204
0.651958537806456
0.459179210259876
0.451673541007547
0.530823067022812
0.584805017712641
0.42660669434253
0.573372266114381
0.507480810185339
0.450444783757451
0.355283073849165
0.179201420900155
0.607697623118346
0.562051357913223
0.62366597035096
0.55191954248474
0.510954295979494
0.560689817545815
0.442809419164285
0.591135494714685
0.522996415810514
0.537295652330557
0.45410936541299
0.612405471664198
0.639857230248932
0.079352255233859
0.540497454708106
0.32037212046315
0.649860162107735
0.480461850187575
0.56134959074803
0.60787797284881
0.375095407070416
0.573809994630296
0.434845579243599
0.524964765311843
0.586541916500479
0.450825239401462
0.605334114267373
0.552712829984622
0.406604117441377
0.592599473077979
0.515364866251054
0.544048254127775
0.601857640298174
0.530294095447852
0.461526028648874
0.514498389897092
0.589526188448246
0.131491653839421
0.606948253542473
0.440889153573077
0.606338521090865
0.605002287228004
0.587153513929021
0.398934508294188
0.470232682518987
0.566415577560817
0.598069559394814
0.621037407557662
0.557218936157771
0.434960974999621
0.450881488998705
0.482527260148053
0.616308483826501
0.352667537566026
0.548826931170454
0.607849641439682
0.625211499163646
0.531904329926441
0.577075817150182
0.598986747992358
0.570211917694203
0.494087037673067
0.542908156361808
0.642955745679118
0.526335471880654
0.479393073202753
0.579254696903248
0.609934645596098
0.616686984987672
0.144534329402293
0.493910458929226
0.612882883831593
0.380579539241963
0.445668962993181
0.524097588943319
0.472479722972338
0.595488963068679
0.566357143382753
0.59592492157756
0.597781244626385
0.535866998913776
0.49881770557195
0.557563815636107
0.634575525789014
0.426026812648812
0.623596552095443
0.610416549213147
0.60016670807661
0.555016106283838
0.632982403733675
0.482182381679746
0.557305501301646
0.474563212618953
0.436770335182303
0.59432022682527
0.498756285607886
0.60779403216687
0.597916954344226
0.506324734510929
0.436411044429638
0.367243088380797
0.507197121829229
0.529831844080495
0.586420500005053
0.387465904109527
0.569386410361333
0.519323480334053
0.521516694191969
0.139749672948367
0.487150865971493
0.470601684971372
0.625407984492337
0.237217994643584
0.643699020706851
0.536092763488763
0.544419784462672
0.456069433984996
0.390191300268592
0.471491534736368
0.616071236003828
0.530112157585878
0.597709506657418
0.572484581518165
0.629358602886226
0.592435263946247
0.567872777211622
0.484558761218564
0.342453907032361
0.377381039305118
0.619251105064541
0.599288262352939
0.602568169923533
0.634050569199752
0.458441264224551
0.63417589147809
0.561117173982106
0.638839940688693
0.418131028118617
0.445646393807745
0.611947630693857
0.515111944428479
0.628070613089351
0.449929720654241
0.423450855561575
0.594018653138528
0.597495165022926
0.610885558453873
0.408543865196834
0.499221498690734
0.536442751226464
0.416469642237221
0.462860853715753
0.515401242977581
0.481079044794564
0.577307798828933
0.604582235031553
0.613424073538957
0.529422374231445
0.568556613496718
0.478584596640557
0.608075925516592
0.607686526856181
0.561889369574314
0.614744161189678
0.600320687734919
0.421214324828387
0.477514354896187
0.54549634459584
0.496580444745217
0.611481190488399
0.49579627332898
0.64888989372318
0.499761989165868
0.429699830036474
0.435554028347423
0.335403594907594
0.295790614963835
0.575681242429508
0.477560736440426
0.461495348310804
0.641379281855274
0.605752193713925
0.584482787308091
0.521263528820699
0.591458456822108
0.557954010835256
0.604555832565951
0.340314345380622
0.254879116409161
0.455247075495917
0.520695708724136
0.574695543607569
0.615059732599839
0.460804292196011
0.462226845276352
0.422333247295743
0.294973152855508
0.4596507154401
0.648810723405013
0.38949141341362
0.575234821202895
0.425937444566979
0.515957969156346
0.101623976708573
0.569534031668095
0.609812689563502
0.568125058241668
0.501421868144284
0.575928893748817
0.327946176715935
0.544109970476449
0.388148071240448
0.598452886499511
0.497856853190478
0.524168131156648
0.544318700795252
0.543651404255974
0.616930371407266
0.515613582765298
0.540270990637821
0.510125846953638
0.504440343185659
0.605494818486695
0.631134882162891
0.564004008845779
0.439935216407908
0.556498335599877
0.57616211168163
0.600526658011638
0.599606450370441
0.59736714421502
0.368803643572481
0.589430596671621
0.625912670688533
0.486984579279364
0.47735232288144
0.373153503840344
0.562221414138046
0.44184048876468
0.63495983813793
0.415297877978967
0.531083158231229
0.238850056097333
0.290674337372476
0.408482246984195
0.374535165611728
0.59169609684272
0.4213821045729
0.59023537152765
0.558901118036896
0.560979033993946
0.635042670808815
0.633337860715657
0.42010318879727
0.487006078142967
0.481451575066209
0.647710690997261
0.652398302724273
0.486776462073664
0.583962702118382
0.608544502983777
0.495493045215391
0.461656426932788
0.597917247311388
0.566357649849357
0.398209315728578
0.421462343137173
0.61875370249403
0.623180231147636
0.343194293532151
0.499143189780364
0.581419996206329
0.615675392054366
0.442496982206587
0.3739991167654
0.432264195793458
0.614975508515888
0.567430569322374
0.360492684101523
0.53619376168722
0.455801410440051
0.447075300620092
0.6235627583773
0.261402670622875
0.517798933329219
0.623962693610517
0.55714744588296
0.539912042696677
0.394265638977814
0.514397332969195
0.478042306095104
0.648551980472825
0.643424940874364
0.482908412137468
0.487507930959682
0.491623053706623
0.554500962019612
0.436862537033191
0.617433779616501
0.389378874434812
0.549543705390089
0.486779103059193
0.307440633118174
0.531256502424418
0.372006422165435
0.635624055297534
0.502305777851632
0.558793467746201
0.60359092247901
0.355528824194664
0.603865947533193
0.474847648590876
0.451223597574446
0.439213600452702
0.643442369557599
0.541626702522476
0.387773615723688
0.637792741829751
0.596503374833975
0.385603796861272
0.312531982594089
0.452769907264382
0.598367179175972
0.583988681065566
0.613015693804906
0.643671079139361
0.526181483564676
0.446378211620885
0.628588233346202
0.609551664754322
0.442347195878172
0.529173848293992
0.226951694644278
0.567615905734516
0.629875577745922
0.342853691595506
0.502742076114318
0.619643952780589
0.577039481352848
0.593929347163316
0.408933828001754
0.613517323225833
0.41318091574551
0.523974075702395
0.611064962558582
0.620448908501392
0.361889728188935
0.584782674066747
0.403674083241825
0.481400625823775
0.506956371085934
0.502181135086737
0.322985315431595
0.485775751187083
0.639972370360085
0.462877545681905
0.584376611602441
0.649675176483384
0.416481150479709
0.569297388817599
0.61667363829464
0.492356737924736
0.470870307164505
0.559027160788605
0.527970872535051
0.612103684802133
0.627114739303902
0.539135560954967
0.441434653507886
0.548539676114806
0.55322568744577
0.449626489000467
0.582785710999609
0.563180157055047
0.41891164787687
0.404202011084776
0.432000207607335
0.553346355860474
0.633402873600553
0.614441736059442
0.606063692819556
0.561418023739569
0.382569647258617
0.55316142748196
0.600450461494666
0.597922348441055
0.637081927040105
0.274983240939902
0.591259442549222
0.502668903429187
0.594773651963033
0.544359193066999
0.345902715674503
0.4219976175559
0.604207050377328
0.542688147028474
0.587642920936608
0.493752373656867
0.42786772712158
0.492633220367532
0.611814371611653
0.428694185321321
0.405053367665684
0.505956791876615
0.599120650863471
0.604083485949942
0.637572162393335
0.330049879181519
0.473765004635691
0.562716138140521
0.441192230110394
0.639660354176357
0.647593215657096
0.585097769406586
0.56355149651809
0.472503336850082
0.636848794150082
0.463040048244782
0.57673280852119
0.545856471722598
0.620884951672358
0.553647017760226
0.543022527096953
0.634956280633801
0.628583687165192
0.641702927262249
0.381627834139452
0.584525067337708
0.46046785645389
0.313563977866738
0.625998908257292
0.392488850185266
0.431992211565464
0.651150599709121
0.470137659768759
0.583879173064241
0.53471187366474
0.358274895238266
0.604963275074507
0.34851601109524
0.642862238630386
0.553313640571673
0.524865548879847
0.584795455909906
0.548862264184829
0.414730619061964
0.633489168861755
0.52682050009255
0.650591722389568
0.556459450287876
0.537955441738611
0.618547630272048
0.391228383320035
0.4047030030065
0.618135860327226
0.644854086872823
0.44119049764541
0.606977514151201
0.537264254439508
0.522124429039103
0.582956555591723
0.465261300015599
0.546433268928695
0.487954124222491
0.595943789472161
0.542197056097674
0.507374160875915
0.558169154222632
0.401881346278529
0.523726381422507
0.460806436500471
0.524500185918244
0.624873196200456
0.620345788799347
0.613270936547451
0.528546446255562
0.582422253127636
0.404475673518973
0.546868583873696
0.643794077243756
0.415098506269159
0.552982818841649
0.630247334334405
0.440327495990116
0.575551101737811
0.560044123482424
0.507089716204748
0.614224694424666
0.617723436260161
0.582595080789356
0.552880305278783
0.501819231197098
0.467374974425253
0.569061287385965
0.602364158353858
0.651962397459347
0.651527009542943
0.498863993143819
0.285528690397053
0.560464696544374
0.508391198676604
0.608501811127707
0.630314165823103
0.412537170550447
0.374906923614406
0.523004765784703
0.6341905792485
0.521872680162674
0.490423034083123
0.636612658830468
0.400222386725785
0.558520881731056
0.63677489566682
0.587395577181561
0.570701538275587
0.610028649379086
0.627077411821606
0.645680901011891
0.590877821005287
0.5177929085451
0.508393173662894
0.613181629653
0.646747987730022
0.621003536433318
0.596567725213498
0.28925530828644
0.396316457364817
0.204021787912709
0.557472179916387
0.523414230739037
0.650610550867094
0.504931767445615
0.631893639551927
0.472574999764745
0.486145680574305
0.526062955718174
0.584311016913305
0.599420919596878
0.571694313365365
0.640806598697032
0.602542220805926
0.551095194194419
0.641505578624122
0.610691497160083
0.488885135149411
0.470733317968222
0.489486933565453
0.469660076342592
0.535246674263689
0.553680035974469
0.318604263201982
0.588422629723367
0.566193792510101
0.461571716602553
0.613371183665714
0.55135432209429
0.426483494497036
0.562853280208431
0.456787719599192
0.586610900891728
0.60053667343943
0.630422060410549
0.464803137398528
0.44333315928101
0.631704262799204
0.591943567247057
0.45642545125849
0.492361163754753
0.490597336923037
0.496819455335049
0.615837506077213
0.603573735092459
0.576791537130963
0.622087750126508
0.633158927807365
0.59664956706028
0.358377108994042
0.606938419097298
0.578390815919147
0.574373653477899
0.488790134033269
0.507499940407462
0.429186539335879
0.65288738026609
0.477181114916381
0.520644463871384
0.387237035080877
0.328353218005949
0.390566350461985
0.541049780583557
0.451679743809017
0.598859018818633
0.394847825481901
0.56257930890187
0.415592524850242
0.525803119514641
0.556025188508354
0.580220848744016
0.558294998198184
0.534904688999745
0.614656411437161
0.467186644057935
0.605861218978077
0.601020521573258
0.296292314656135
0.579536665667253
0.588048757312435
0.648460363751036
0.507654720331585
0.543634925558137
0.535031359737162
0.504216322042244
0.542953973582579
0.378621221517942
0.345383158818482
0.620025272416743
0.465611653778147
0.355246725813386
0.535076238030962
0.389191766521247
0.625154756027156
0.574721276667161
0.3822696379713
0.429247853358172
0.631798044297563
0.627774273072119
0.582880001043684
0.551044029654381
0.482991278373999
0.501666657908276
0.403238375697052
0.516106396108468
0.514814943057873
0.571229894620514
0.608394296966334
0.508309807045488
0.497895821214439
0.5671355364185
0.60932957867313
0.492069487609308
0.188910912620944
0.518890967619377
0.621740756691018
0.380265635273478
0.626924794269109
0.356345131201853
0.491524320414304
0.616099807905443
0.621565311816265
0.575956465709613
0.516829013984734
0.589746276981391
0.48380054180336
0.550234574271642
0.569473556021793
0.580096827407897
0.626195660413405
0.447927010105415
0.612997842765891
0.649928230617904
0.414242278050025
0.474589428776554
0.534867953245694
0.540182990437833
0.433857091771676
0.571740733168036
0.542578712968243
0.577342315713384
0.493802237375375
0.590026002457532
0.519357766085764
0.402004205909529
0.623904996552337
0.558924674855109
0.628251210545947
0.53671145543805
0.551434170269611
0.462658304307127
0.652501202159826
0.629643366200644
0.494759291901771
0.596896328074664
0.47031617979843
0.624911296226194
0.602730008411473
0.401511068989185
0.526678380788648
0.650026324621124
0.602542317793193
0.540118632888571
0.525168302828913
0.476421826982911
0.356476843451425
0.406818059706468
0.650533169527515
0.515951626458657
0.630690049833509
0.650091461434966
0.477065333484429
0.527491240798072
0.277647580460733
0.433868739639578
0.465037786964246
0.528225348525997
0.286011391242121
0.596045503209842
0.541740564254059
0.481508443217203
0.264884222273463
0.545383495137329
0.480822854122442
0.628772725884506
0.555381240250078
0.458105993492291
0.443189637470813
0.550650749024856
0.630224100793439
0.478075145557953
0.558606978560101
0.586130005812676
0.526727076941817
0.643106778071085
0.577401361568487
0.458635470888651
0.404098962441354
0.607287199058692
0.629202912277374
0.484275010542986
0.579910927644568
0.455849889204567
0.582860010322971
0.361244340483731
0.552773989118285
0.632987765260477
0.581005642690825
0.443943594136105
0.443963020236769
0.624929664636925
0.56780058382964
0.368492318774854
0.403823926819809
0.269940365519009
0.616856826849008
0.576837493868585
0.427647575737598
0.493589629629066
0.463690998169218
0.588498022602053
0.652541695177285
0.554920743115587
0.554780521824553
0.485514666759835
0.589415191270193
0.633634953328955
0.411858289775452
0.41976266659874
0.412424467046347
0.400064995543101
0.512712839290288
0.51253412541682
0.596582116713999
0.572176917841789
0.555068635616837
0.262653105241983
0.640182224305536
0.453920785676344
0.47371882902028
0.534915655916663
0.615161524599118
0.364486186171708
0.525479121047691
0.629019325576673
0.620913360513341
0.318473051757563
0.406466745713745
0.583963686762957
0.583641226094127
0.518575260384191
0.361305510466114
0.53032331691735
0.509219461851553
0.50544438794405
0.643459163627192
0.652640645796958
0.386156296623043
0.544482332326315
0.373176574000629
0.529198783050605
0.628019001814526
0.433064773273372
0.350911089817019
0.518710760093526
0.584379259407727
0.394006554415301
0.380367231648555
0.576455338944148
0.506046116155387
0.527003187429975
0.573130296135004
0.400865992312954
0.53972987435121
0.529103471680223
0.462788021284676
0.525087064309663
0.506593016600084
0.467414287114401
0.58505303240839
0.529883960895612
0.545308568955829
0.629874961730319
0.444219586746655
0.322945565747488
0.45263010431886
0.47629384014578
0.456556239865199
0.473587500211597
0.645848206321924
0.490700535733363
0.33787740942451
0.637492194160912
0.501599261406261
0.528430804314699
0.623551344093094
0.444789864771292
0.552316045812037
0.582798279642016
0.551165119769124
0.510854666218574
0.430764017148902
0.595870798357179
0.459686863247689
0.458730784197804
0.629978451504027
0.560468662836796
0.515512054442064
0.638202356143
0.369344364295499
0.644210697491785
0.153200057316714
0.581655584354736
0.359993338645346
0.375586513550485
0.556250347881546
0.459428298893882
0.543386996227949
0.524200664718612
0.210364416767638
0.56628426485379
0.631887971284786
0.363269555212713
0.608698939826249
0.628478575333381
0.454424352949835
0.534834916371075
0.620598352839578
0.460524189234486
0.498450171564293
0.500375623117934
0.616038686637079
0.600847106375881
0.329897898082333
0.550100050160505
0.62241799092036
0.456417484498718
0.51675529209762
0.578010230686165
0.649005516546114
0.526657798881667
0.501977054052949
0.431908561434159
0.355886023680748
0.638517660857698
0.553920656654739
0.521499922168878
0.544123503263967
0.461475647315238
0.451788611623778
0.60570505831505
0.628035395775968
0.336829354675778
0.505666583021441
0.522734582522836
0.572813593117716
0.570761603132452
0.582886169823279
0.492484686131313
0.606944082216446
0.501157467028064
0.649709145560686
0.597148827144633
0.475270726116138
0.612984770687929
0.621810684406813
0.589365788022337
0.613263783455563
0.618975107890743
0.630175225222085
0.496981648621419
0.607867477086649
0.478574001500474
0.540793720070234
0.422400869501538
0.451412771911662
0.619037867465959
0.569462374607022
0.520139956310417
0.52918933572481
0.383356512475894
0.56483640769413
0.536747847626114
0.646648630423661
0.534407543546448
0.568584957745083
0.563587861257919
0.643805342564628
0.438373672324047
0.411782974239406
0.624393661101088
0.587881902758702
0.548133473990546
0.512031517238042
0.572289766202744
0.565567827973176
0.560376110690375
0.616982766464802
0.448759974774224
0.55542622402207
0.58532403947511
0.592683811140534
0.576779557590466
0.642578965899866
0.568822330261343
0.477602054288821
0.6251667880354
0.388348320030247
0.580589167019945
0.547804645117458
0.536834274173309
0.557773253480866
0.556173101132038
0.601683409545701
0.598946533924552
0.627727958168466
0.5418172431577
0.638428239981253
0.483257568661454
0.521309318865046
0.582561694401525
0.548170048594006
0.617566433059144
0.627448818751381
0.583977436769592
0.409453002119167
0.416375943279825
0.600257587632501
0.586277170529421
0.440510138068839
0.454089213227284
0.607710529172594
0.400874142208561
0.59174931295966
0.512617456207935
0.579510620169591
0.651912053930016
0.586788551853276
0.582677091363644
0.263741454242315
0.377343765818217
0.470743951836541
0.369009336577904
0.609087607291474
0.34824923233009
0.444805345735407
0.523651246317071
0.531417275416402
0.597304918754479
0.638491086800071
0.638332026416212
0.629828289240432
0.382308179389098
0.327267037108957
0.519867172180327
0.632599126986516
0.371493164789511
0.540088974081903
0.487796346286812
0.58792486112487
0.479284748309515
0.584135335067264
0.479862085114539
0.36805149337177
0.456654056786104
0.627926977809132
0.485047624296518
0.394639216278497
0.532260954256417
0.475804614177442
0.416708534477486
0.523102901717226
0.634134907623335
0.489920932859781
0.511418003500034
0.497491620927411
0.594741279187888
0.487800312901153
0.470544079852097
0.459192176434816
0.572507534903704
0.467071474804512
0.566580335921308
0.631308363582087
0.606792768985861
0.320409673800276
0.632173423172051
0.590079113245349
0.581821305422575
0.652107344524552
0.595831096647277
0.317255822123446
0.646595715902406
0.634835189060269
0.62399345357514
0.641945176847368
0.594909220660152
0.644464539666107
0.583693290650427
0.405394884143522
0.645877137473684
0.59848860181193
0.47808221019431
0.588697204992079
0.525241866743378
0.42289044111809
0.431361799470441
0.639840317314825
0.572367187077414
0.503426124625288
0.596294411538621
0.593212915776688
0.432123572540418
0.609653822307651
0.507334098866356
0.600516189444884
0.496424508019899
0.639754353087283
0.603009635236814
0.541542406198496
0.540219267570039
0.630353082341098
0.624536811142559
0.482128783421884
0.495125627025437
0.479722592255264
0.434273924335915
0.449390800717819
0.573013784702604
0.591787388332025
0.474956919453069
0.274310409862484
0.620190694911886
0.5664003577077
0.463572960526769
0.40885985844445
0.299342995140549
0.552385227641774
0.560284661161296
0.483987987361188
0.534169976807515
0.496530652860814
0.470962142718164
0.420922686516155
0.44140895171485
0.611560215000295
0.520425308495346
0.578249102834391
0.630279019596762
0.46259770133438
0.2888448108827
0.506435502214726
0.537680437596639
0.383762390711479
0.542119970476918
0.583824365651025
0.247874389658441
0.441881998340991
0.31578357790806
0.552929292528718
0.490973975246909
0.611689204611882
0.476485229909403
0.490186544729119
0.496544236858655
0.626848897680102
0.629726905281169
0.47525841960212
0.582931101172768
0.599516745088134
0.303965195352389
0.637623117836567
0.453909388170707
0.599419756968378
0.611071731496054
0.544596762561355
0.53085510577225
0.566823915461284
0.472917690768768
0.457404298961704
0.490536540680198
0.551914124406342
0.561136690087039
0.623244340041851
0.537120050422094
0.438087090772633
0.486487785214078
0.301502801737218
0.589999811101502
0.505030612088721
0.62401072330844
0.584919801947785
0.462966283361127
0.545071991749348
0.644038797253478
0.346534995065834
0.633783285719136
0.41123027483689
0.575529888306358
0.515702613984069
0.626071757502569
0.545119062826839
0.580295162990083
0.463370127805506
0.167542102305395
0.411251995269539
0.401022207122111
0.584563996423807
0.583108016481033
0.616589906329452
0.45389312702973
0.612586233977679
0.565603729535107
0.576996954502135
0.64666671862404
0.256760656051337
0.581676203196787
0.484177795998587
0.557095035777075
0.578817379065793
0.583038981562548
0.531732816540191
0.402963554984784
0.602281664802364
0.502944249207757
0.651896395627409
0.652632053295702
0.51909509571351
0.382056914799922
0.611262213331584
0.586385780242274
0.430014139441891
0.425544505182594
0.528239116442843
0.459283577994805
0.406336145929275
0.598831100543881
0.643962288006385
0.425102559249612
0.372084950961794
0.372954029079574
0.64679099209412
0.574990187435867
0.64923629104626
0.401356388987326
0.577609769884968
0.56071771051392
0.584159503872187
0.427848112426095
0.639069094563688
0.564897910374917
0.551967754300575
0.639129444119848
0.595436225205598
0.57133999059988
0.503736035471369
0.619525565125419
0.509961666442091
0.621894951452108
0.648454373192426
0.650650700606914
0.435229564257945
0.62687457124328
0.453681870834397
0.298946498256147
0.405046078669975
0.644661480056199
0.574260818247974
0.178434038458923
0.470323321833161
0.601567705914677
0.560148393992769
0.649621847755123
0.608306628460691
0.473600239358575
0.561196743775095
0.652657337182603
0.516814426353894
0.46242947644952
0.567049897581931
0.450304786444586
0.579942546994512
0.650367163129965
0.527731191065002
0.577093387382335
0.638473021167197
0.621636422525074
0.393331640190414
0.471700392985875
0.473244381063878
0.429927306380574
0.534506704949671
0.225305340566496
0.641078024123416
0.479398319384179
0.538013862863854
0.452432107287198
0.513780114959286
0.539230764067266
0.538001156589753
0.297009681222506
0.510535522352491
0.499914261737877
0.624179398297702
0.423860388746089
0.56396742268005
0.54603239070358
0.622966789624627
0.611973210956911
0.490024030726967
0.491499236650007
0.635325301231446
0.622791365195467
0.440102311148663
0.569129850150488
0.557325129063015
0.621984096710348
0.383780583096932
0.404075956877311
0.419701378749192
0.475081429680818
0.54448591033524
0.513092298849245
0.622512621826493
0.525503814357714
0.609992822552218
0.559402847728828
0.553044979130354
0.405723167319414
0.382088158555873
0.442566748684912
0.551238158959391
0.512827547147962
0.478082857812344
0.500241238268089
0.338218622626185
0.572964948662853
0.571411288165803
0.53980365470754
0.560073055953133
0.483962172514596
0.558207909836677
0.539924178145879
0.553946448145343
0.571271894460018
0.380546953644647
0.58599559869613
0.354050634494119
0.601833854472806
0.585387625962614
0.44918929849272
0.504503126308684
0.496396510868938
0.634804085718735
0.633428372780774
0.538733365518632
0.537260519954187
0.634674552771725
0.643057601191308
0.546895926275317
0.433501616255332
0.540023302551335
0.570814696412002
0.635176612413601
0.586408869037905
0.467496545961282
0.490091357567581
0.580796882470546
0.628685981356772
0.46007033630181
0.406438212055747
0.489536788911822
0.594110884230476
0.59759210761661
0.503833980821615
0.617612622855921
0.542849443858772
0.225218221023304
0.35753012367284
0.53024641646532
0.551305455529406
0.637078395505973
0.560786999286082
0.346858153482782
0.552215779645666
0.540663019616329
0.483026690186975
0.609632725462379
0.463099750105065
0.594372159269909
0.54101851038608
0.392072011659382
0.65033797304356
0.483292099935274
0.65289787574309
0.610882074696931
0.633050996266607
0.645617725826396
0.502635436284587
0.48795840315622
0.537558903705016
0.596573778176343
0.451021262245313
0.196542776406486
0.619912315186688
0.609323958161826
0.623036783947085
0.436661493057988
0.587417995938054
0.643494734347395
0.476678710825964
0.636573553661693
0.613247448447968
0.605334086713009
0.35873250290715
0.624220843988101
0.4358952344949
0.551116061771321
0.591282836270484
0.277624409253576
0.652563125723374
0.427144131641617
0.304989925165173
0.628008830427204
0.601933056686013
0.527236683048026
0.338169146367186
0.512801743646313
0.576053513113207
0.360484959734108
0.530332107645592
0.555305250336065
0.64090283701202
0.489200457933922
0.547725359963193
0.47013162150834
0.512173200543045
0.582044758513099
0.614639112946588
0.64015152004018
0.629847744228395
0.446431994602982
0.555317729624419
0.648103984262428
0.395287235922378
0.284482226135049
0.412035801556912
0.629739626812403
0.4673025711109
0.644353717069731
0.622068720245802
0.637532579504225
0.571937191622412
0.59909188457218
0.31549994534522
0.49854520985311
0.584022258054395
0.574149797514816
0.37160134260172
0.475032426961405
0.465325027711801
0.610524339814937
0.487401419716882
0.626005121113097
0.406761867480556
0.497749298982521
0.480576533058756
0.595804565639317
0.226314939226812
0.462640496616361
0.637718141123449
0.465686344195022
0.635852222871792
0.633280641402438
0.497748855942572
0.494383101778112
0.613938580026766
0.472660379123648
0.588307365498884
0.506695794733351
0.383502393462345
0.522061096453206
0.646506501831417
0.408840574175445
0.62169891011584
0.626333779120011
0.56457624471161
0.520931995336461
0.459151833748133
0.615983509442291
0.459652781043616
0.552877264025462
0.496254621309452
0.456886978582878
0.652639911603439
0.608191611339223
0.499030533077142
0.194784548928007
0.564793918191311
0.548831190638517
0.612341795154819
0.590363374475183
0.524687154602476
0.40050241496705
0.383573712251459
0.623498043567517
0.293230803418826
0.596327962814868
0.329231345847277
0.553970250098922
0.591447629396192
0.557818532692169
0.392957548780406
0.566079034956452
0.362019167395771
0.518842178449221
0.420270033387213
0.56968208253051
0.622122448183809
0.619446158428961
0.478959920616044
0.411748439016909
0.511574160533408
0.310785696075844
0.343266633867393
0.491203126746065
0.515726443276036
0.523378940766862
0.555114711990082
0.524870742201735
0.539486543460017
0.636455906407732
0.487177910463879
0.603109486393376
0.558727470694936
0.56022336915379
0.610124623592226
0.261547694833359
0.623990883985088
0.224461090684614
0.597150720414087
0.601118049242164
0.537832703770649
0.611475530364156
0.361885051649962
0.567946273161549
0.512199159289641
0.631389084389219
0.311616357374285
0.601285621294149
0.423041998878353
0.62886874703432
0.628205685289763
0.543435813563964
0.538325566546334
0.511794551904608
0.397341965012049
0.598398725337226
0.52128642237362
0.575294024050505
0.608066481204663
0.495509458826847
0.639845746914132
0.610087952135878
0.552665163420456
0.585157006611968
0.568373087344831
0.550565733477979
0.440471571864208
0.484161876762908
0.543124473928674
0.629509151629022
0.375824130245488
0.628423779062994
0.611990815805059
0.599686569201655
0.238288992350267
0.424271512691686
0.416304896904719
0.63327342261451
0.591852876632449
0.507549655678155
0.605353369008467
0.611244545007309
0.609929671266901
0.463110095512464
0.607608792359299
0.59470306629153
0.599458310681691
0.497657291225582
0.428783071459243
0.569171386964473
0.53645712008913
0.201277834735762
0.328737159317131
0.554972237753881
0.490987565559713
0.367802168774691
0.567599202165436
0.621492146454173
0.258214331638454
0.541848006649509
0.492359505234251
0.418067048787842
0.630458500241331
0.237914939704423
0.529261233134739
0.617170031248602
0.607680344461556
0.564459935597761
0.567378427797367
0.258618548957413
0.629740582136321
0.46952923172362
0.616942501816675
0.581232255400635
0.34130829801134
0.313622019901029
0.475032082594389
0.636031003328637
0.59432215108094
0.511524306201855
0.418143080206916
0.582750148562091
0.575468148405427
0.517998452266512
0.620818419010621
0.631938415792129
0.558796213322081
0.648778564494064
0.561306658335236
0.534252189300606
0.582475323412445
0.44076121987848
0.630006586640042
0.506969870529425
0.567466742363619
0.648397955870446
0.33318619860922
0.581480413899973
0.543302153113961
0.301942104351275
0.466499221281086
0.467299634448794
0.438866733070761
0.541823810272024
0.607241507711724
0.575764291647583
0.620210506511431
0.634057726649817
0.629246211372936
0.462134280486715
0.404911582749013
0.643542931379739
0.577090088960866
0.628719886604868
0.649978434401834
0.49323354578558
0.502975701574145
0.467890407163904
0.44312210427231
0.577448476008137
0.626279560958286
0.452689586594846
0.481677807707446
0.626487818447414
0.241925311933147
0.631021303536005
0.430870535277472
0.636566438326659
0.263537928624687
0.385800900682245
0.525361313149315
0.547977492838123
0.482992479642942
0.589990076801546
0.565160819352244
0.41123780430771
0.544230458164474
0.243397314444566
0.441658259828789
0.557455771710426
0.473527537475975
0.422733959377665
0.624688912603333
0.554941489034139
0.642536774594634
0.617472457576641
0.227212769515986
0.426995538524408
0.41859273756535
0.525350998577198
0.469457547790876
0.53013377265778
0.486087883022918
0.541292807434285
0.527525092303804
0.511530514084894
0.541801828429983
0.52796219133899
0.555851119869273
0.47993188908917
0.319117628521162
0.599014108948729
0.431979157661673
0.619357726193128
0.558793902705135
0.576387639501582
0.263743301941653
0.595330709631505
0.641300654452186
0.556091361781816
0.440482308956869
0.405673281820666
0.619521841980762
0.545649839117876
0.284065786085539
0.40887759028689
0.53709191725499
0.595223320846185
0.388714093447321
0.60295704565803
0.471211888740207
0.418154664354854
0.584576046970821
0.598459621670834
0.309182773908565
0.515339540705899
0.602951585263397
0.384548709841709
0.620977758641451
0.461380412588391
0.510613410014885
0.534742889368135
0.401654028189765
0.557063914407415
0.535340741106874
0.285985840273801
0.561858575768985
0.31044686927665
0.579292305660392
0.481500132364105
0.36523676707159
0.375489269736443
0.610227583506506
0.559635655312585
0.477801661040641
0.322268722792131
0.639074225865357
0.473529700540281
0.598933058201112
0.428874380068854
0.380011612221928
0.622895834493698
0.560216523451031
0.561723645295094
0.524074466662569
0.566581780683853
0.491310284713208
0.64736778217391
0.400331382918473
0.53023515156545
0.516820619886043
0.551701478899031
0.540594665640753
0.410901394830432
0.32918413312949
0.427277243078184
0.649983796776531
0.513937460879328
0.556067787552706
0.621085452305799
0.642849219428385
0.646757746041214
0.564703562594797
0.46038432701959
0.556708019577966
0.315320326038692
0.62525580366635
0.350968498116929
0.605423170578984
0.531893337891221
0.454201508871603
0.510544902516186
0.389048400233283
0.45318142247153
0.346131738348978
0.367730350451123
0.345104691499096
0.528808745652178
0.641890086645854
0.557627243549306
0.539957873893161
0.473682463402093
0.331619109548092
0.619363519312956
0.3927092194015
0.412344296732595
0.585671499186787
0.568657901903678
0.625302087449799
0.629882315851729
0.63527569070389
0.564517080112351
0.5478626785954
0.563502179895767
0.322610067871045
0.640929591087825
0.474437836860742
0.504545143489678
0.584836013538903
0.632780797045198
0.202967349788776
0.59075376788717
0.591061319398421
0.497546161564987
0.571335227814207
0.417399648015043
0.59549307772899
0.626796186920447
0.463701386323942
0.595186825286193
0.628004522878691
0.56051029651173
0.51595447331613
0.631047361839509
0.605256540702013
0.552481541271029
0.414215722166271
0.487657969313408
0.608660811177501
0.506058736724131
0.535234224701711
0.581613544715024
0.477307157653358
0.532122030462841
0.35858550429434
0.644025107740709
0.575402771147389
0.635809394192715
0.357126779203446
0.501730625927733
0.647540941177849
0.54670498271441
0.524591154189209
0.612707214549858
0.588054084764622
0.63477851233321
0.579746349521765
0.47448721567726
0.542610494406503
0.576425637576787
0.505420249996553
0.461928119112457
0.589072233248357
0.50165081529275
0.599139409330511
0.403404931057118
0.455621705439481
0.388113777509114
0.495489868107627
0.575979637037908
0.641508811239933
0.612071412683942
0.624270830128378
0.520698427623434
0.50429856704892
0.278408934214237
0.181662301349165
0.610882022982742
0.631604283693906
0.417816969700041
0.614975207495672
0.4555563234465
0.611164363120291
0.630571220701628
0.51529656737848
0.605024033434922
0.618835828810155
0.540428725226758
0.640358666537263
0.611824698507243
0.537788289673027
0.58790562504917
0.441049606559872
0.572176129208608
0.528306179382131
0.281533391468428
0.532911810098407
0.577331569185473
0.640416587065285
0.240089360465665
0.60966794518892
0.595250665370309
0.579114673226786
0.462709080519517
0.47916225733789
0.484967877570381
0.60051830996519
0.497939589911495
0.644192264157324
0.632123073828545
0.453667772641963
0.61842603196766
0.551419400916257
0.533952905570616
0.614583677876606
0.626408884053613
0.631766176176635
0.602536123924401
0.497285003895003
0.362698457973661
0.520284466697874
0.603591143276445
0.567339088414147
0.559699040249152
0.61293914122588
0.600884276196467
0.604518074651372
0.462675069206916
0.512565212902279
0.608441580581318
0.651868278856029
0.47281710492902
0.406205567941918
0.533599412120485
0.454583380661726
0.567665194608529
0.622389434121084
0.639346855544027
0.445281458302878
0.366639935615075
0.476409764880601
0.47770670511519
0.478672748977986
0.380612411554497
0.529985513900869
0.598196439512153
0.624130869747531
0.650243805791377
0.338707848119371
0.626418590923971
0.557359194676354
0.579854680405727
0.635736558398318
0.461088441159272
0.528376397418592
0.566550923644658
0.547227009204385
0.564885029908418
0.471823111844813
0.645784709147534
0.608477267139382
0.492640139966088
0.508867941445096
0.531357620982186
0.548176341096406
0.603538013447107
0.49661994089185
0.600122694992732
0.527355960967029
0.556116148757087
0.609249100094882
0.554654742850599
0.534853662371954
0.463266746693412
0.374254574150767
0.629150562703154
0.495932683669921
0.645022948368363
0.509860269660794
0.639139381772138
0.606142469871441
0.599237219551891
0.643963709746488
0.468894012992634
0.491923355041517
0.534962301759319
0.306442953518198
0.495829453470575
0.241185754650886
0.536726676428492
0.554335406700446
0.577105697455687
0.480599209326002
0.422600267112889
0.331629211218645
0.552110082419347
0.614691763774769
0.529605450406563
0.42436456228486
0.476227265195833
0.405061459242843
0.580862363440537
0.450209613194596
0.498526017546301
0.474423243686565
0.505184266503772
0.536592622438629
0.584773786927385
0.652500618490968
0.486160120270985
0.510197660123166
0.58901025397776
0.430852015137886
0.349512164532796
0.55252164702577
0.525781846572295
0.477444082262886
0.632583350952328
0.367387650571639
0.577282451046107
0.443762905142895
0.512566662781325
0.451393206367851
0.44593584787937
0.608167320685183
0.609726933966438
0.472044850203035
0.468822195763467
0.546759414748512
0.642811197801515
0.418412310704731
0.504512932806916
0.616850273488056
0.37790798267649
0.518134559986339
0.493113384297254
0.364300292637666
0.64875713498558
0.604563056102453
0.576410698245817
0.587496325504323
0.585728280627747
0.492349713280502
0.495761708654332
0.497714583746538
0.522103957251155
0.280641839166234
0.219351809161427
0.506269741417632
0.650329997215043
0.489143749546236
0.634944458069558
0.474359035886284
0.522036334168779
0.493162189467585
0.455253803636597
0.581718319774838
0.599295141171755
0.573080395013961
0.338907759567411
0.539597626204871
0.48665657511716
0.186971562562297
0.572704627431229
0.533797050076845
0.551489893124703
0.503642084123869
0.382048314607947
0.525021485481256
0.3492581151786
0.649693539694333
0.554337426097225
0.403891315415826
0.489442435126204
0.580330203204207
0.391621936743629
0.552163881007272
0.599694097820987
0.597447074218884
0.403837686652712
0.441214466264647
0.552199115751196
0.635743232319255
0.410038835579548
0.638569231933207
0.520980098712924
0.599623569703287
0.452200694476893
0.345047465758074
0.630724349642522
0.622034634684959
0.37577911652901
0.568873817403403
0.581282583487401
0.462942402514702
0.538948930628916
0.277361488094365
0.602498841347441
0.607735405009657
0.586583417795404
0.538508177403867
0.444127276011824
0.543668417714619
0.591448265870697
0.530244735297958
0.610691857554172
0.307412218591641
0.409191530630501
0.521322397922766
0.564928936287113
0.485534561236161
0.514507911320079
0.333574805597291
0.434861063238257
0.536270101725517
0.579059007294592
0.566876186566019
0.496570571542571
0.50680724161931
0.490859106597271
0.593314836447943
0.47995882639951
0.521358613591899
0.46227215370434
0.486844169847338
0.375217951596792
0.635950230141669
0.600626868647974
0.444190328511867
0.527807342960017
0.616456791636954
0.541720883849408
0.533337948486291
0.593890660274135
0.356469737327822
0.472206134642678
0.641512004048444
0.42351881559424
0.508154198461695
0.494672245711238
0.47991916889708
0.47104071283304
0.426789801669419
0.614099351223139
0.369154754220086
0.383202856068471
0.64695380407363
0.573415842875521
0.604699570706608
0.489124230550099
0.523077952279533
0.625426498666571
0.563231085797422
0.588092640430103
0.413946829242851
0.55315866279183
0.553331406865486
0.557891264836274
0.649363583287835
0.614475404503808
0.604288695889819
0.61065989390652
0.484213759806059
0.603780757870477
0.6441140568273
0.551917536699178
0.55446314703283
0.603059013213474
0.642304723625382
0.631789799286092
0.641057324506167
0.627760386343471
0.562201359729048
0.484083214822297
0.377570647285249
0.582191363329488
0.6259570239538
0.371227245385355
0.386773564518251
0.596797351957347
0.640652488972887
0.289661815101667
0.642109592928893
0.529144808956217
0.6049906775629
0.606017384402511
0.582627270043877
0.486476673315235
0.393732337837173
0.582135643682027
0.55250529303572
0.559844608006924
0.398883583224698
0.507169492139147
0.483815558018339
0.596381437253519
0.593938413868703
0.642160874897557
0.409131583933216
0.634555375587316
0.589159031039105
0.618938673100423
0.503245518334521
0.57435898492814
0.585188110023301
0.635795987790116
0.555428403879193
0.458821363817306
0.504410646821223
0.483395348321468
0.427309154121831
0.636387610019563
0.517839939061846
0.54273047574026
0.534445560785049
0.625741351356838
0.533432438085053
0.480830760764254
0.585093619596612
0.471552182439448
0.117638277809546
0.534088739635798
0.575900243021118
0.477772960794339
0.345079539443147
0.510304438735298
0.590730472926832
0.365529499408355
0.50160775204109
0.610532814359485
0.43416162783015
0.614867073513553
0.649469719330711
0.50955531746999
0.511946365814966
0.641626833063173
0.606509178285319
0.580059709449485
0.365935164665457
0.420921635814845
0.486754157733174
0.520111082998595
0.526688619044431
0.366135112060957
0.598293148843013
0.488393080254951
0.566524835544928
0.551752148748357
0.0891320300580613
0.617688368437755
0.498645845037692
0.370749401815974
0.433879392225741
0.491611674847367
0.488597519060872
0.645720751559115
0.649267107313156
0.537664674101456
0.637470999994999
0.461067328952124
0.590647246905111
0.434873586490682
0.578773548519969
0.644926010358154
0.60055419012264
0.630775633341918
0.516660464401571
0.373516800807082
0.623801817376685
0.551611148879891
0.562819401267963
0.397422914215442
0.253846957765791
0.552563867475723
0.484120083204964
0.560245280588465
0.568522839752871
0.638859843344577
0.637197246825795
0.47376243333439
0.580366681447843
0.386130603592881
0.637087027342514
0.418520103743782
0.305438289533085
0.609826203498256
0.185443996208889
0.447841968142932
0.330503254498671
0.319441803771047
0.539194170671396
0.56824103455761
0.604436465867647
0.416602370244775
0.481112845782756
0.45964649241086
0.41576142081256
0.547005982140136
0.563949026591014
0.517677341434234
0.491476592162044
0.250568637542486
0.590221194667045
0.557373743162427
0.467909006125704
0.436850612733496
0.568626579203808
0.425388402438024
0.598278851002246
0.602952476664789
0.440692783205984
0.23167973913727
0.520060288794594
0.533082161390011
0.415261352668711
0.645406808219086
0.592958617033761
0.568623348102774
0.489005275236
0.494937650548069
0.62795767459459
0.583262193319047
0.593921803187506
0.453403968272227
0.455691151586797
0.610554634661423
0.372330412425968
0.620481306062276
0.231734425716927
0.619006484922997
0.572307968563159
0.455281677489506
0.652320273112555
0.566311928515437
0.563713178108526
0.611779453802911
0.43035302830306
0.590897896933104
0.502948970904198
0.419271570185278
0.522853956100162
0.632897396192138
0.573417560426251
0.550429856353554
0.472679937058853
0.537113602798579
0.471727857443133
0.645674516946349
0.310964067255037
0.518521108386818
0.346094090952438
0.397814125146297
0.472323154587903
0.223401165496805
0.395766082403796
0.319892352897583
0.50779475805287
0.457980096943178
0.589651926421633
0.633276906178577
0.333618600332101
0.63477279871266
0.465715047342346
0.543756203204671
0.559885573915383
0.642275377389707
0.496589487820174
0.631860930626514
0.544855442141384
0.365180400015443
0.603051830815685
0.513079521357501
0.324015466174161
0.590574809516917
0.527238613550038
0.646552404330181
0.48734362513282
0.617558820710572
0.506895885512785
0.290180552788448
0.317736217332581
0.602588952080929
0.38465745232551
0.498898290039775
0.382480075282942
0.448249214785368
0.557550286360005
0.472347435992248
0.622386515574037
0.627604026636956
0.627490970426165
0.493484691712575
0.634287287554411
0.635776035460806
0.631683328540994
0.564623110744409
0.308701248316993
0.639982729144489
0.521145798724234
0.427042306385224
0.585555444272508
0.454011592389468
0.58237613090529
0.650454205556749
0.645671610419108
0.548561228533695
0.578421488194439
0.631604457377625
0.582758513219496
0.589499714752646
0.514542249331667
0.605037993079961
0.480006288922952
0.610652222875475
0.581251404381833
0.584865795033456
0.521477021077233
0.201581143750745
0.563052499306474
0.641186906252726
0.615781454875322
0.648281059088053
0.573758993205922
0.509769283694438
0.546420794971255
0.618477077377171
0.496691570061762
0.522913262437461
0.525969600274752
0.603121271268627
0.618505057430497
0.573499853047019
0.575267628996273
0.596687922944837
0.449067865645307
0.616385295772516
0.392492029446043
0.597533898859485
0.521903892792644
0.594074183068153
0.594624336835471
0.595174917902903
0.408056501255289
0.469129726536981
0.442208644927328
0.623427928526691
0.494801501969507
0.504952481137273
0.500845159850978
0.632060113457516
0.577459261083167
0.545422959503712
0.591885939426982
0.561330421773331
0.448569000948716
0.61144903709027
0.64967474824815
0.54070270868528
0.435024566692884
0.644049148994051
0.541783943390721
0.508370387921004
0.538998417741077
0.534608139724091
0.558112685781202
0.602049655747062
0.614240345754563
0.497919104649162
0.271248183872463
0.595414251640369
0.645676677201816
0.532137318491368
0.645601800198846
0.383213056727293
0.597697165157217
0.492365301916837
0.642760800371082
0.576198571694414
0.516380032253928
0.647347301570383
0.510995829177725
0.539423821757128
0.479969450844137
0.555504465237278
0.538031886928635
0.493408774108491
0.487120078161414
0.511165710696997
0.64684584522724
0.56012549925214
0.548493386772659
0.634221626934386
0.609051407055625
0.492114379527249
0.564009982535296
0.624252951847924
0.411447190552255
0.604968110272353
0.397036787114491
0.464037482855855
0.594776917676225
0.616108377284125
0.476749059286854
0.518750384090681
0.351808436483879
0.582732499577745
0.51652010571591
0.638587576134868
0.395104562508468
0.53683964606446
0.616359056394379
0.618652822493291
0.612118630325379
0.649510940324013
0.647483247628267
0.570348091918875
0.447973440094993
0.464538816562405
0.627232148329966
0.596628975274916
0.531920935286804
0.593446451280355
0.501524057579461
0.576375316511777
0.629349343898628
0.491459759019528
0.446704085525182
0.562886821174756
0.29196694374485
0.276387356872256
0.570594696421804
0.495252522921584
0.489330318584016
0.383743095763766
0.567515285984189
0.579665159651567
0.5503013451787
0.584249461042455
0.326723373170817
0.60776134718749
0.422235772509836
0.533103056883401
0.501257051060279
0.519803718615647
0.37812524232623
0.628166315297601
0.604117990857935
0.359178770929152
0.652631743246685
0.535954033132975
0.597514925664716
0.420064060465043
0.565645391075268
0.619261522972117
0.311630948197152
0.536946911641302
0.550273835834339
0.463408019190647
0.583416278948792
0.623894733959423
0.555040553761723
0.43413251111765
0.598404659913427
0.200769899924784
0.492930929225784
0.495435595613045
0.616266367766548
0.619830731988288
0.58069300070129
0.440502566482803
0.497684325184371
0.606057300695928
0.617690629040743
0.475464028989603
0.633095010085
0.468830122517761
0.580724099380581
0.644722163247419
0.630552767744376
0.630544740591219
0.333766557734563
0.503909910833124
0.615310646416995
0.426738914668493
0.578323730848808
0.646030663666266
0.517546617319325
0.53700172095821
0.606077903220191
0.548613205275138
0.493371421565367
0.529790321743018
0.61792529806552
0.550336836884965
0.6026592738021
0.487327039285825
0.404891692931175
0.576898223163248
0.530669428221658
0.648924802111141
0.403038848018991
0.604824018500131
0.423781479749258
0.613223876238847
0.501894046107611
0.341957456178834
0.575097469696373
0.58188571548118
0.444981720693495
0.628371858434491
0.57225836143737
0.652897931006429
0.493777180871901
0.432889462492686
0.634481816633915
0.491162945425471
0.422062886090444
0.494919181731663
0.597074085486246
0.605005447650592
0.586376704508144
0.585897250994036
0.450319707617999
0.51666380087041
0.329419180798156
0.548768975540035
0.599722325378997
0.580316212756987
0.443880700099791
0.592494188579606
0.512562864713519
0.435775619627985
0.267958902795904
0.617623032463852
0.573436372145571
0.52764985797456
0.461625392660772
0.595452517005573
0.473076727147438
0.394474617455322
0.593892744641753
0.52112258746406
0.645111587608183
0.587594258573127
0.537532045028332
0.494630433055137
0.634589134143131
0.540903217221347
0.541938657076387
0.640239181968471
0.524571996586735
0.413697843832232
0.412488570733745
0.512781734560331
0.554954435576414
0.457817388171239
0.650824891764342
0.59083001616072
0.651199984789034
0.531636164943426
0.593499150293584
0.581168881860824
0.42415139271633
0.569651898490877
0.580027704511467
0.0494844807984242
0.533134164795876
0.637208154014998
0.609368419503961
0.598259767204416
0.52773592066658
0.611264456065606
0.588766610706427
0.495401949116868
0.537137257333174
0.479241949600243
0.395132359905591
0.425136978718101
0.622691552093449
0.579664475580678
0.599100515494961
0.566231701186903
0.601548724835105
0.62269026908297
0.394642445668696
0.648032729189234
0.427427164267248
0.546638500267362
0.600382462768479
0.62267767828376
0.609125685880692
0.235673611852832
0.647336849231147
0.606642001645532
0.563629993290189
0.584738399552385
0.490200618895654
0.620854087340624
0.377042663168133
0.625983088507895
0.447109880333324
0.571328922781026
0.449748297482984
0.563351877676716
0.430266658554616
0.209487755050656
0.559993202450356
0.606102619621506
0.610870668606473
0.414722688714781
0.520591390452583
0.472573562129539
0.600304207986751
0.644585784445263
0.405106669336393
0.406723022717174
0.43131222364385
0.628257102138328
0.364065026143455
0.60904423441506
0.468106744692812
0.642580074716046
0.467849285998809
0.42621147605513
0.408019568943306
0.488616377839867
0.293318202925937
0.495694908903106
0.48346689881713
0.565350322884549
0.640271549442452
0.638588889151965
0.258492201391014
0.635020521114762
0.518373523845161
0.459965491826293
0.296009780434667
0.574084001414772
0.474085167070415
0.584783257992981
0.570770463001284
0.601029860224927
0.468515672486855
0.467508912289947
0.205651860205826
0.573749450409526
0.592492828674307
0.520365986554347
0.427982607446295
0.399388196362516
0.513492390305134
0.504664200823069
0.584951460001521
0.504588083095934
0.468506993162667
0.626859883571941
0.585850874049251
0.637385599967888
0.541907711308601
0.399878350150861
0.495381403725977
0.548013008031314
0.520980292560947
0.564299660383441
0.629113639093008
0.516667280062757
0.583754041401167
0.504192083378777
0.474308309837168
0.447021987481546
0.514319101978197
0.635980761751532
0.491880560865395
0.485912153389811
0.608814315366931
0.580661242308453
0.389981505766081
0.567149827499252
0.549878929423824
0.556492602801995
0.45340634364998
0.337179928899896
0.455831135319051
0.555311277413347
0.55207116325137
0.42660264659982
0.614701089189025
0.517839443861445
0.578359731721651
0.39494072636223
0.366897961628804
0.578032506553153
0.59608219805863
0.532547905840204
0.141969004033728
0.552339101053079
0.523390121828538
0.46776553991163
0.345868467884366
0.593741348408641
0.433641547913027
0.626058878928387
0.488890017721486
0.606991059934991
0.600074952905669
0.562551227325535
0.0868828222073212
0.618499944484597
0.565587362859103
0.577028443685539
0.500690543070735
0.565759313497968
0.56191350878496
0.596341443045264
0.644414004578303
0.632908330188994
0.493507834940378
0.509300552201819
0.511609661121396
0.583837519121823
0.438236335458809
0.507212146459329
0.513640033900302
0.621135021338095
0.462755656395724
0.242512679215436
0.465687850567892
0.456388798399565
0.510954105729343
0.637033115606038
0.327870831499192
0.523824512714246
0.528142147057293
0.570164809121923
0.621392843373659
0.584965644375711
0.533533511484758
0.388519168794519
0.556941248934665
0.647451782417427
0.568052507880945
0.593922757399846
0.611289827690778
0.327336895886119
0.475654017334636
0.594824690649933
0.55992035422489
0.615408022117656
0.452149537103338
0.537569763375573
0.431271413072205
0.454185646026306
0.51460886678883
0.650965649945089
0.599155161065642
0.491019756685608
0.191020358112383
0.271507082948106
0.613865665985512
0.59109658312419
0.459960661567785
0.479749674186669
0.62296071251733
0.559302882656445
0.39756878823864
0.624109676960113
0.60272919037628
0.431314059099443
0.524420446805818
0.571715928515166
0.626425693169474
0.27133223271376
0.366055746511757
0.391650559441279
0.622024468935993
0.559875755073975
0.560211195480099
0.477671534258504
0.477668399303117
0.202291608660169
0.433133257329561
0.613198484931673
0.325001668768864
0.562421055145297
0.603479210679404
0.64014031589712
0.520669632159007
0.507747636884308
0.627555518925944
0.364784857809369
0.488776820738721
0.547011523180268
0.451602684528738
0.41777992063837
0.609053630222442
0.631312130605822
0.362662872868684
0.467124419750851
0.430116512869047
0.52925119514229
0.587842019100401
0.622404449392329
0.461434976583908
0.601559951965108
0.637363631321952
0.416415983598476
0.556518505641255
0.529035721543578
0.501408269833755
0.299639499635353
0.528268907856025
0.519282584323923
0.610605994336888
0.522312513409025
0.299438153553553
0.436360037060894
0.557647114161209
0.65289274310445
0.350811566190749
0.633911483402464
0.477576813335559
0.528716122873135
0.492965731308779
0.470604930834903
0.596823101664214
0.601994993229098
0.365375765996894
0.593763092919988
0.570095492467916
0.64491571193056
0.63405659353367
0.345920024752702
0.652211545226546
0.549857853587662
0.551088003112971
0.337904799916101
0.407879447715518
0.640379186242348
0.587306032328442
0.474502182453174
0.520731970069881
0.574348327022073
0.324395508392129
0.584537370594922
0.55109013042554
0.383954227222598
0.617306308768856
0.6423990172455
0.616248770622774
0.626044483666291
0.621316478939172
0.577555875864769
0.622632748638217
0.393182559709058
0.550542197477021
0.613440424255869
0.435935196414478
0.537605728335422
0.487682783199479
0.541839074801544
0.639277560319009
0.636702945575001
0.511636433554779
0.569097558997146
0.613855306683157
0.600462036258364
0.437512182440743
0.557783487430698
0.635846204907177
0.568047855397812
0.512118831857367
0.401879595889656
0.487150734606611
0.648421884999786
0.457690282831802
0.508080926891145
0.553638678156586
0.608303812975447
0.47961996438543
0.4794204176137
0.548658861723472
0.631535238655704
0.480129123341762
0.626114306461388
0.543270349151675
0.547429330681521
0.418487010062841
0.324164405901361
0.613233325856866
0.561728077604658
0.464557154694797
0.44925164831624
0.378599752174891
0.625416453487471
0.652715395585548
0.436981186823474
0.588936272570653
0.579881991078064
0.566959605112282
0.286550324862
0.64372328337635
0.490332448482816
0.618064539334749
0.416061554740683
0.63783819542637
0.566078731045615
0.625304660840948
0.503153056156527
0.566748727721653
0.647899650520339
0.453181946876152
0.470797782558701
0.631659631300713
0.43901593951207
0.590057325481813
0.592646540463363
0.537167648853677
0.507638250313875
0.385142638811956
0.105771684631824
0.517213909158638
0.509101723987528
0.624443965836793
0.501085931258805
0.507189399364055
0.543023012201784
0.461282802251825
0.58272480957659
0.401247813370287
0.353149932562417
0.616800207242409
0.524616943329423
0.564713474466913
0.539742187619333
0.476439327382571
0.492946751503241
0.650156351735704
0.629344269985326
0.550949739004225
0.551647609840465
0.651296218415405
0.453341373660436
0.560363140009336
0.625135083645421
0.535450686749153
0.560864156395122
0.555543472947097
0.551388647193284
0.562203169945688
0.604474539416531
0.600017216726089
0.607706418806672
0.422266660634769
0.489671157044354
0.469751025783698
0.634161621296613
0.642783584070088
0.569046917957496
0.567109957339644
0.416655070267358
0.628509451720711
0.60047786479877
0.434739867188293
0.633163665271891
0.594454333940475
0.493578252693982
0.643612911825487
0.642330267534115
0.558714189684095
0.314809087807908
0.647208316934605
0.533270939708039
0.469824333924313
0.46697586238322
0.309599176417018
0.531553276745389
0.569554054341946
0.444545323879558
0.651868013621203
0.402201385141557
0.420047993045284
0.578931675480063
0.569377789976204
0.587872345094441
0.552580061697614
0.531845854177361
0.583164853195668
0.545566319720539
0.563240644617891
0.419512892755408
0.373930666157171
0.496637227406875
0.410936608144272
0.414718781046687
0.53020830054702
0.498995812112597
0.259511461150922
0.616213544652895
0.636803809399573
0.616584256927276
0.591674754020061
0.536427479964886
0.480543226652078
0.41254932724979
0.399617699738426
0.521643573634562
0.433490125376253
0.539435959862924
0.404158947426142
0.624898869559161
0.618968456180854
0.547580649066635
0.651894711263268
0.606032173879839
0.571199685476986
0.53544469488205
0.211479090765503
0.566998404928639
0.413330504311079
0.566200149718353
0.208498204263306
0.5856285417951
0.466884277046642
0.456128284067773
0.530253519317539
0.349109209429328
0.449226582806588
0.606367038953914
0.595918718173255
0.446683592033616
0.526932781036249
0.583571942727892
0.439625465742335
0.47242859451872
0.463653861494523
0.63358705695947
0.576156315976225
0.387561982374564
0.417295564135125
0.552812366154531
0.388641342002672
0.615547627754492
0.577989206815251
0.620629899708222
0.494462573671764
0.491936726322983
0.535268623100972
0.488694030881514
0.489848059886473
0.637836429713056
0.490095056756194
0.389706441537153
0.524832217924737
0.469264069345895
0.609459038260255
0.564769728292285
0.499420810583189
0.537972256308807
0.620598229281624
0.436646342694633
0.52035407018956
0.470287615823751
0.121560892132848
0.620092305368372
0.626118077796647
0.615832519948079
0.429770019015979
0.397570052221801
0.64381214491731
0.508331449258128
0.561865173447662
0.49123405994256
0.50246329228556
0.547551938702958
0.51731821120435
0.502104865164219
0.623926789335177
0.252060092659459
0.602680443631376
0.572967308553556
0.441830099425898
0.583848432175374
0.497124812888904
0.493716856580446
0.63016758147974
0.50232875389731
0.477587842511885
0.577186663479091
0.548136516975399
0.647085192680975
0.445018545013682
0.607483119997323
0.479130065090147
0.41239198996791
0.641673164683368
0.578588335147021
0.485423514892434
0.554228358532425
0.523346275218513
0.556428341955638
0.642391231612416
0.613059109436376
0.390193537327055
0.517942208064808
0.594466473370969
0.575717698562257
0.606240108309533
0.622670166585747
0.482426577312576
0.401811840424973
0.643150927497556
0.621620440282684
0.518223962422173
0.639156234146616
0.613418971475943
0.443521489725092
0.354941972902261
0.619741359184909
0.418978724032106
0.516492063586449
0.541282683674432
0.554260983384389
0.603523217380662
0.531425638061141
0.649321191328035
0.646905822271029
0.527748746472071
0.61922342759092
0.478044281864821
0.648388761453997
0.646047150381776
0.419886723808464
0.371276192086919
0.542354628358102
0.327932684616418
0.501474578664193
0.645585500066817
0.437976941154619
0.48785833146971
0.608605128059349
0.509342248839332
0.191424741817253
0.565337551393595
0.617938769510929
0.630285620795935
0.594281681814775
0.629354015458955
0.436201237493377
0.460744653420443
0.59405768218894
0.558225788902266
0.586228293793458
0.459245226861212
0.611537998192441
0.650806875016501
0.463479072848736
0.581706116358484
0.602477856656372
0.576334133309429
0.586921282254999
0.268288966392869
0.547589088380608
0.514992822681948
0.489549819383248
0.526942668009542
0.634814877495285
0.515547863658274
0.468067015774854
0.582047939682924
0.531049897369972
0.521779996295406
0.530152290612468
0.493702673801257
0.506162706204678
0.521297592026391
0.610756803635571
0.482683814524415
0.548972039115192
0.46184196592432
0.578492344643871
0.641599581528125
0.221736287653684
0.649835238784537
0.641159763948059
0.584753017265843
0.521589816550884
0.625511567554756
0.391270528369413
0.54675710570502
0.413164716064049
0.52036231234422
0.597395340030226
0.603053275639301
0.525690705426199
0.393043051537581
0.517160262019721
0.632294255222475
0.638177224513177
0.452359562612322
0.372920856353976
0.468360153344905
0.34514340658575
0.448029443458624
0.253206821891252
0.539418384108594
0.609426126143517
0.500770827938414
0.46327212942974
0.647502957655683
0.421414193510326
0.506969589153928
0.605941409216479
0.571848285161679
0.641411832265556
0.540872079200125
0.544770404868991
0.618172137390496
0.326975673475056
0.6364422658529
0.378482405578359
0.479581014650539
0.578001209510438
0.603425433702415
0.4947212666745
0.60519664858
0.585167331705402
0.506289412395229
0.648026664993427
0.423004986745201
0.490283921899736
0.650330801585186
0.540000501387142
0.42080094497901
0.639949751445657
0.411412841153988
0.409639030233515
0.41331537186549
0.554377785122168
0.5679566709951
0.377786683538144
0.607961601793022
0.63717993834151
0.561509973890166
0.610581266303059
0.620003686538621
0.550246158655948
0.596331966464014
0.440854338602792
0.572726575516064
0.240330576879512
0.557999059326486
0.450340038581713
0.515992110049298
0.563380193646899
0.370877852642648
0.55163260208027
0.559355138072757
0.553251671670842
0.326597890384664
0.635902941230558
0.52060594623177
0.544776673528408
0.597490366514072
0.510499478058746
0.530097770554325
0.474894450486941
0.511154042038002
0.393151232801251
0.49182953194296
0.538782142066088
0.638609808549481
0.651197362010036
0.488781176689892
0.473690027566606
0.335058947331613
0.561929946706495
0.558166614382017
0.572556752497097
0.638379711935758
0.569860536993601
0.621389853902304
0.570655794854335
0.622924493757523
0.567969058343791
0.598520022867412
0.375546877743153
0.290280065795699
0.44617675341963
0.532988311866155
0.600248599197685
0.370615872412613
0.524538620401664
0.319715610973734
0.621451124154375
0.30377425724083
0.549807066337175
0.549049598865289
0.524719445591549
0.433084282938835
0.489837993602572
0.624321442849907
0.617874611041723
0.438341102027317
0.615595069702197
0.620021360935077
0.265089148318987
0.447279889988739
0.512062836490147
0.530857891792767
0.557862410133759
0.581574508646113
0.540367626103637
0.571364728064748
0.188314125494412
0.500661360574006
0.612109054739759
0.575289990983554
0.492921201570837
0.507621210452168
0.546740475212579
0.569800466618019
0.607382281470038
0.476715252480417
0.626139166636561
0.550739851677066
0.492995962442635
0.465870391877202
0.517427481649864
0.476805506286106
0.394746885823957
0.638601350216346
0.554585185813089
0.451566022809371
0.483073099272948
0.422699965738737
0.462789444466124
0.571813681976822
0.608054241704945
0.513874336163505
0.564219264140136
0.53137223420188
0.596597276836045
0.162826342060435
0.532860004756534
0.652946327656119
0.545743695609549
0.494497694741942
0.551121561970482
0.529628233132103
0.344370515390075
0.611824227417858
0.554027252085332
0.568549207817294
0.382440525526161
0.483019710169482
0.571155226946875
0.5990106152991
0.383793824607882
0.559258761180259
0.59286654697356
0.565333230827964
0.516606318926226
0.49833518662693
0.458945651235094
0.375188438203231
0.571706535221481
0.610313780880703
0.218009009595689
0.499760143109879
0.425158034010897
0.309971000228512
0.482379286218875
0.535937710157373
0.646573911715481
0.640302411160722
0.583649095210948
0.264324296409542
0.439201232098336
0.601396381375109
0.553767352702005
0.554125962524954
0.527687778732054
0.547154371369897
0.591152609295341
0.55626419499206
0.570204693632714
0.595474378149507
0.423260970144831
0.588983719021055
0.647046754704179
0.424560862788837
0.449169806471346
0.599152966419374
0.474472157790374
0.462511166527619
0.609480320101981
0.553743876546307
0.452217685555989
0.536583290287503
0.556930052369472
0.558501486204897
0.635275632933222
0.572993553774874
0.624840515250567
0.297734231812535
0.643467511709138
0.474763764317141
0.448041833542236
0.647408988793164
0.577815943795976
0.354446742348224
0.494787433777917
0.617388857658448
0.630929213330062
0.343165898229114
0.287762397173228
0.391656449765559
0.586368407199326
0.437894705241387
0.570924547258044
0.571060105935322
0.557775928316346
0.617711809585216
0.530732201432355
0.334902277578288
0.641245766557781
0.641876541000902
0.466367240798913
0.528117983242387
0.578740523178317
0.627365441181444
0.537199029834289
0.566004661914458
0.531430322886249
0.527223818026563
0.553913290578165
0.469018151565727
0.509247516534345
0.524492145735618
0.595273782552992
0.497262793074283
0.652738622683029
0.233396095202707
0.390826752275856
0.571712192323091
0.36545532701018
0.470554998186985
0.649421731775452
0.63568941459896
0.25606888141025
0.286924080752118
0.601125912788609
0.555531194285081
0.569809818752495
0.60903631500723
0.339072949374601
0.522998545531023
0.550694159420103
0.577914933130908
0.53898063110281
0.528877019166826
0.503637305725544
0.284469806068279
0.626165143110172
0.587277348807327
0.628110032080413
0.155668169980516
0.529449695666255
0.558553141614421
0.501864618115585
0.605929874138668
0.447172924336039
0.641830963028953
0.572923529832646
0.590778317098946
0.612190742105754
0.540658405177751
0.596143450629967
0.553710011595791
0.597178321242492
0.598049559824378
0.593217865037573
0.427067520240345
0.643937161548777
0.583524399560267
0.530639938880991
0.604808981648643
0.338003840374003
0.556665726738626
0.497474308767434
0.503299711522725
0.63174997882056
0.581889945462734
0.570206359955491
0.628719625190363
0.567790506688046
0.618630390860904
0.57717364408891
0.215196873980283
0.622408551715129
0.645092765752761
0.584383013210981
0.624229708185325
0.567845982945771
0.500236958039648
0.431831809818516
0.598908768942865
0.480143417161094
0.636870475606001
0.647020308051776
0.594266739883754
0.607768937030412
0.513390624847997
0.487207280990012
0.575495110258781
0.506731218001361
0.64454681147312
0.593974919664918
0.559683729011383
0.546208600542599
0.425700369337857
0.574521777424147
0.345635694240528
0.529780565522799
0.587341599398203
0.510625204568759
0.538517600159632
0.530169123460639
0.553102347240875
0.417107821782997
0.651415441038279
0.565093919555055
0.464296050395539
0.585694380430701
0.562351632571812
0.561431759537247
0.390995826724715
0.481426437281235
0.57079306261776
0.645978158549273
0.476203952409058
0.470808262677907
0.641007250384339
0.586534333405568
0.520503356021131
0.448682830568971
0.6144469280573
