0.435732303578714
0.530909667923598
0.559565085572389
0.539780621123232
0.533243697189116
0.447301093248857
0.641109892222328
0.572588140837227
0.501235417981691
0.593819616886688
0.628245799921568
0.146282028953932
0.451979397408224
0.55729156126097
0.596223397673555
0.610056101068837
0.570678551538647
0.563700666468578
0.610760591648632
0.577852588300595
0.576501314488665
0.595086411185674
0.567254201202886
0.513859838576321
0.564420076965203
0.544196679092572
0.390248537035455
0.411510399066037
0.463241574594878
0.629370923167363
0.555124877445516
0.614916367486581
0.547193649780905
0.604125828477755
0.557382781816237
0.639095037846011
0.622712735496509
0.431709129563183
0.470273455350001
0.651869756893699
0.58721673382802
0.646003744442164
0.531828938199164
0.639508300559997
0.506446448275714
0.633123592568303
0.517324163004622
0.646142999453438
0.632792459089489
0.569592929427356
0.540047794524393
0.550724308514936
0.500302368990354
0.417674418672679
0.563291605527898
0.60970220019349
0.486819618250452
0.53740759501549
0.56651194812881
0.515712300261198
0.595529438948889
0.545379209080682
0.442677005462669
0.621462361223708
0.633102489474304
0.572430036913888
0.288118207856418
0.272910826296433
0.437537457384121
0.575107977223457
0.530297498839513
0.586193940094509
0.597041616228339
0.627164023714563
0.586045166111079
0.643738308838772
0.630991959461305
0.607319458935184
0.514707498499957
0.554102954776811
0.622748250641962
0.390820269473542
0.488767837751357
0.551626485844176
0.547046111325813
0.605565754358415
0.424349268740427
0.409707034668813
0.447534139372283
0.59138570399263
0.604774387244081
0.549161121825017
0.548457445173559
0.647485017684531
0.612767111572717
0.635126570140762
0.641280181129843
0.569789445771884
0.631742384919928
0.053952914828017
0.209787043356268
0.301716927024965
0.276912777568413
0.488270293590742
0.592463618411551
0.504781616481834
0.477636044120208
0.477052121417793
0.459540054895527
0.455268987257255
0.430259833318365
0.547039786387572
0.375489568881124
0.582325514427318
0.5434718466311
0.514230246282255
0.613830530679494
0.574190590207757
0.512546415692527
0.652853991194357
0.634114843359889
0.586215553561453
0.472990779572459
0.512765778157403
0.378858245314445
0.647061511398652
0.583512818772527
0.616095156594131
0.633805742263001
0.610976306424968
0.645213969899717
0.548294535932589
0.457266382542999
0.444942852506952
0.608347905989381
0.59990384691355
0.513021769755287
0.421687955280776
0.521131795893834
0.441034315385808
0.552326244549095
0.504603578701044
0.647074506561025
0.488869535860414
0.52336582277112
0.648612001104542
0.631852362464839
0.580602797220317
0.442787224605678
0.603479114227145
0.637323032558321
0.540669734505845
0.558192952430587
0.452574886829873
0.599176244696523
0.631944464339135
0.520975561734502
0.44159524036078
0.554143695530665
0.606838843801473
0.392568002929788
0.523914210758168
0.575018078252577
0.645687070959291
0.585170873137929
0.578673318836935
0.57224230796748
0.579644370064926
0.639497957140095
0.521750846849978
0.606211776678509
0.55467229399257
0.464302386508572
0.643308649807284
0.453407248005288
0.464485301254482
0.608368489332251
0.597838404587783
0.424847722283641
0.366808685734218
0.329240143579291
0.645933013974006
0.435955871054628
0.459066898568514
0.457015427991613
0.539529363414531
0.600978755865203
0.619667541905339
0.265978725404845
0.587048942307974
0.530540676840387
0.466441859390798
0.613033091904449
0.577549517067703
0.613531687652485
0.4719509321383
0.499897793524191
0.449091758708267
0.35523367867563
0.450791577291182
0.566889971703432
0.610357525807529
0.650395778566855
0.545020639699952
0.588149220030269
0.516463919702713
0.522672801961705
0.443759151102203
0.461715563677625
0.58247039280534
0.576216633053183
0.584011465779437
0.446711865097766
0.240500784329875
0.255192726275904
0.470638088398548
0.478978876849054
0.459253822394467
0.154342722569892
0.436188932066797
0.631596196150638
0.382236210377215
0.288508902137895
0.21031002373702
0.556721419019172
0.512559852769246
0.564399036099947
0.549166076870274
0.594942922867343
0.607487646853959
0.4526393626353
0.51973423768783
0.42954831458079
0.535721573559122
0.466804453431938
0.446549179277669
0.391107486809378
0.599470082048508
0.374862169232297
0.595502178961586
0.53116624756635
0.488978361177756
0.474751157891408
0.573005695138518
0.51619932422573
0.438690535892714
0.19884424259807
0.613961630822397
0.559729262952014
0.466012926514247
0.547097488230804
0.464790203723908
0.62834984258068
0.565365037925053
0.621094457827688
0.609199693025133
0.386762601571703
0.443028332764209
0.651535721757881
0.602957548591682
0.517486772326886
0.46774307714765
0.37506384576072
0.471560888449684
0.40446709949452
0.638389715598183
0.527710463933318
0.23342852600615
0.613198982745572
0.614322769348309
0.611023987080311
0.600874649709092
0.541358577128692
0.523180537808582
0.471089309084795
0.474389036696545
0.503339913495576
0.571345604755171
0.48799941015813
0.369404302628966
0.564112742368004
0.64662601567103
0.590016143308322
0.578286764379974
0.629286378202428
0.590642356682246
0.51136150949594
0.544995607270631
0.552037279476651
0.620207708369988
0.418560594583469
0.632928602763471
0.592930626660246
0.54731171793977
0.616312559262034
0.431093152420409
0.533470256492852
0.650314035643898
0.577655202538509
0.523842080029354
0.575763568596191
0.554369059582518
0.640971743439195
0.541950690326041
0.635821779339515
0.563720244046109
0.557027599761162
0.569168511300507
0.640539515723525
0.607043124249757
0.554874915325312
0.646462495192395
0.543523414777406
0.435191729296956
0.485126511414609
0.474000356245735
0.399532096354316
0.452370786744114
0.343689348104499
0.528684172893361
0.52304021440711
0.587754451593341
0.570668673162438
0.434395915834359
0.652566895305392
0.341014187446318
0.622261307241477
0.628847773566564
0.491285136980538
0.645908101870279
0.62790310685741
0.23802587407976
0.209289151442969
0.340313608557272
0.42249994655838
0.608652732898622
0.608546703122193
0.63772433507382
0.52683392613986
0.502549421123025
0.598729278158639
0.463556475516583
0.607915154434232
0.467415037280687
0.632587571016733
0.494012928869736
0.382949487511882
0.50071384252576
0.397776553054936
0.470061583433015
0.501639171490899
0.561498527419287
0.578060267416714
0.56535291882582
0.500713918742373
0.520853182515237
0.539566550983962
0.454944935766642
0.37301050631113
0.543209317308154
0.530037598917918
0.512158459711128
0.58169660731505
0.536049192293672
0.568807587448037
0.493492573156662
0.517361633585118
0.422043158231298
0.296310880578894
0.289892202108767
0.361204684821091
0.297134076406222
0.304458413300652
0.353251680928597
0.327172499937284
0.488995319527839
0.425333433153586
0.282449367513869
0.571474906512847
0.482162924460267
0.530068751101304
0.377972513558409
0.388718951225788
0.616054351023747
0.488819916039146
0.550053430801285
0.439207587239141
0.615696556002883
0.586822551848999
0.468231978289351
0.318063891906824
0.382932744130965
0.543255168681749
0.588083981352695
0.591898542746797
0.620993095136693
0.616759073890753
0.606926394663066
0.570279136463616
0.380681755908487
0.596560657485846
0.633668110168403
0.564353750092682
0.639983530064472
0.348582470438013
0.371844763722708
0.532316639095032
0.536832776943906
0.41452438086682
0.532587743423591
0.413100151164884
0.490325696202076
0.578540543927095
0.638647741641793
0.629206172503048
0.598778858694749
0.532532013947245
0.617205556591826
0.471077907109681
0.512242467890514
0.531412323280167
0.490470418168276
0.237035641023753
0.560032448431186
0.495255469831903
0.301745121863434
0.490061953945758
0.354739293376397
0.375147148450571
0.421427066600015
0.531792623100951
0.617585670086979
0.564245448588768
0.629051311026922
0.599062352334182
0.586197686639566
0.58164139989437
0.502726396160916
0.574090617625008
0.449716237735739
0.463361162474496
0.420976689311711
0.6444462745308
0.592872169661897
0.365084118371712
0.466611909532251
0.503970361581156
0.508149079626238
0.499002056631328
0.607019402352636
0.57984988093045
0.594061446092972
0.608470830900163
0.63864100455221
0.504694392160148
0.0508552173848972
0.647761656650674
0.568840147941655
0.519090736877326
0.387334371413698
0.642294433299043
0.574245381296611
0.475658144310544
0.445030464089992
0.484538083208241
0.575460838328006
0.553757263975313
0.608862539634441
0.629356701188233
0.55299823982495
0.465582292021658
0.536906582119774
0.48481864148623
0.487675540215745
0.572156873830974
0.543888465854456
0.616090473762298
0.40499132341712
0.429161162268725
0.446962908907021
0.469440343408256
0.456851815333823
0.552034564367029
0.376604812746356
0.54613695643251
0.530635234874936
0.531476153927162
0.474442191200579
0.401383930519889
0.560285372549053
0.238135371387973
0.538187074151568
0.56978056307937
0.576446627793128
0.425326035756696
0.648780753440083
0.406817894323704
0.510022576986974
0.616848469657022
0.498333195834466
0.57420180615238
0.45471314486305
0.597174232345007
0.613549748902284
0.536645899607258
0.470450636380899
0.527845829356912
0.496214349411612
0.637871783966509
0.581684243428397
0.625820486765043
0.638115894518331
0.632026117194584
0.563679448287033
0.624101921314808
0.571901493286352
0.462786198862559
0.4017395269414
0.503062690067519
0.590905516585179
0.481973722581029
0.510973441752784
0.640570848934283
0.595049797623457
0.599858451744177
0.622491944125777
0.507799715265478
0.635782257915332
0.644635406126371
0.514539981616276
0.476491242525774
0.50396642789965
0.652634136209876
0.439156686404512
0.450014749593646
0.474368367133469
0.64035997325366
0.643863235569873
0.573849609377591
0.650089197959623
0.643754856763627
0.550269823087359
0.619163355960464
0.595855140002647
0.583938890317522
0.596108981306227
0.629652817760405
0.527826705290333
0.385611474860465
0.427190426098957
0.297450510468033
0.478328911476737
0.515377271116651
0.608679432143532
0.60719839674128
0.254107035899363
0.617487972532608
0.629710904333728
0.46509313756249
0.582484820585428
0.578080558779127
0.590148264502572
0.638894568949152
0.437157976685479
0.47590554631688
0.605525859228638
0.535617929977581
0.618180545330409
0.511284330385361
0.278890606269996
0.45603406064547
0.526183059005455
0.579344500489415
0.585039193497998
0.645459771137133
0.384468730944324
0.339972040185243
0.530002220202722
0.476401714014253
0.514746141412406
0.526016152293602
0.542834403271939
0.52241892965422
0.434773531072283
0.350895981466608
0.550346651076516
0.645649087902083
0.645074714371289
0.417746470766524
0.420131521253059
0.399174583227643
0.549634658572499
0.584631073950425
0.63392833763101
0.576020099379365
0.559943039617859
0.628323479553881
0.635497940723542
0.608393189101758
0.464445926562593
0.473870793395239
0.564881653539984
0.424600559118358
0.390939910795656
0.329036164704133
0.514803020215442
0.541581013457582
0.608287632610345
0.646599354295769
0.616648101099668
0.4556048034481
0.510262458945297
0.4098650760413
0.450202344103025
0.58877394324983
0.614985150671137
0.472746003450865
0.394784300707312
0.454422352814313
0.461044727694131
0.406935176262351
0.38712282909853
0.344040020556966
0.46107724403056
0.507698370295154
0.482216958533338
0.506426962637662
0.566269968800515
0.463526705737747
0.484696593335864
0.614707888980111
0.650376948693059
0.605557599750548
0.585657168663023
0.331082584303137
0.414692749636968
0.487494642690386
0.557490044812757
0.427537510436861
0.538928553807582
0.63372196258533
0.55251779770192
0.59206534571843
0.553317085586447
0.500338390247285
0.402444920914214
0.40907646616619
0.48679921384978
0.579193084910881
0.615978364807821
0.495892639122361
0.439943348913746
0.535314157297613
0.543586257342269
0.553420766162928
0.51732608259046
0.467698268380036
0.410917561798878
0.45328486755236
0.410802292388835
0.466207035598593
0.439240316020603
0.475286517215121
0.179460374994715
0.383508344513777
0.584966112058018
0.578221996926278
0.636628386403469
0.536325194052337
0.549543288460287
0.26754710461311
0.612270839871706
0.603281733070899
0.554684408186035
0.601760253052452
0.639987951280999
0.323605240535792
0.444933029446534
0.608385938398371
0.589532832548928
0.284455623620602
0.513503136670465
0.361662914624411
0.324294382323798
0.34619221531089
0.626926692621403
0.560609890781654
0.558074142881348
0.55928718489642
0.515940721461294
0.483207476789492
0.431368723299982
0.470281139595435
0.564214224765591
0.519608772392763
0.578231845592154
0.594006808000474
0.54537961164643
0.592540697177328
0.600200871944878
0.605370999699731
0.53328985631197
0.541099207599265
0.543821531638429
0.484943826481668
0.436412889182052
0.430984454105321
0.537215528593592
0.426702460967207
0.520599643401971
0.605863799160788
0.614136743216556
0.632785616157926
0.404110166503895
0.549849442817416
0.548596105548221
0.556111766340748
0.635632779703351
0.611039844159106
0.407827442386554
0.324293065158404
0.287987234778084
0.439937905298798
0.478867050275708
0.417315422736194
0.374330766075244
0.474531324075234
0.446983887053583
0.504133523658172
0.405453418865935
0.402316641665032
0.545171438751246
0.515152168932064
0.389016770022211
0.417858626603287
0.521283574084282
0.490152694653405
0.489452898752243
0.365391613851997
0.530405894867882
0.561564854949283
0.643779904311263
0.449190737773123
0.521301313969717
0.572032363524754
0.445870603592071
0.454005825324499
0.413921307009792
0.355600187350493
0.250155803487901
0.348944467678839
0.42009568045745
0.23850246571482
0.425416603214725
0.373943803142792
0.437434761726835
0.347687578844242
0.540644406989313
0.603290797392277
0.611919785963619
0.649269097036676
0.651037014098697
0.649545683498227
0.607822804361588
0.223584226443087
0.226872324692844
0.137025016335352
0.530501437570504
0.649352460988291
0.595745839721828
0.468150772436322
0.639402864349959
0.561309094499166
0.610894999061748
0.568554098767744
0.508772065289521
0.558246168930539
0.544695908344349
0.498162818088165
0.419860567805997
0.46666620031494
0.548286882432087
0.484207038360859
0.639028269633901
0.459716404383601
0.455125081662751
0.575761224327661
0.631828101969712
0.492097878047116
0.561549351792757
0.639756140841164
0.54763568528192
0.617303643784011
0.558987744267204
0.651808950735866
0.587000537896302
0.44162199912229
0.499944047926751
0.496771698038446
0.583215025016567
0.570342610703182
0.451419079567345
0.306349530116171
0.422288595977479
0.645979953250808
0.461187732157875
0.512115193029419
0.570787018654504
0.47754923949211
0.623001023424127
0.546780856145558
0.481510332992335
0.627301493903788
0.49351297902523
0.559464094429403
0.638505101528214
0.494611187124498
0.380196827131766
0.488020015516912
0.642702466672784
0.531143314567522
0.49182536904884
0.530453561386648
0.593171423833385
0.588019174427674
0.593838886400343
0.6236256749153
0.64069672390351
0.558605552525482
0.505317561491281
0.527223902678018
0.594252706694854
0.558723573512466
0.435091358943849
0.379333947803001
0.256797109093703
0.461703049057451
0.624664396989159
0.524014143068968
0.614058938681506
0.517669334151834
0.434344901172384
0.588841651886716
0.554769061411547
0.643241888214432
0.573097246004825
0.380247161997578
0.438640638067171
0.412962293699117
0.47117477698534
0.450498433860185
0.451434807993565
0.461349634187616
0.57671840974248
0.509757970304031
0.333529697472208
0.558376343207965
0.379690810704531
0.54647243280878
0.543981980381859
0.525682054646143
0.54547564444372
0.534838256142916
0.651078172085514
0.575065183704573
0.524235598675586
0.64078081777893
0.428257253115287
0.473759748282394
0.498071016549853
0.462165880911635
0.532974915745344
0.550415469500812
0.541393852075232
0.590679389010347
0.357546228180047
0.392316429610718
0.410225537308845
0.513181327608581
0.463704884858927
0.366649518347294
0.392823168805613
0.550056837870419
0.478107988160586
0.534781547997743
0.614687589583465
0.632578463529272
0.596594547867609
0.49773367946772
0.545476218305016
0.634093719598254
0.382122829545694
0.268407334027282
0.396172278731092
0.49060916156764
0.40035814298196
0.590712178826375
0.580439922416467
0.540096880701075
0.592147065911812
0.570335487091717
0.242937022240111
0.216123965226762
0.53312793833311
0.601145145841823
0.539478392567419
0.522495626149807
0.645015183554309
0.553171983485756
0.562779900607782
0.485717682394031
0.496038112825232
0.298651049032269
0.212331872577786
0.50654285578125
0.508705370634628
0.605764447221688
0.528771032248121
0.554466859361015
0.624290060344407
0.5752979770402
0.618716012596862
0.604228400656794
0.634377982831469
0.440357624454026
0.409934682573754
0.507482851020445
0.508077319931724
0.503270184677052
0.352231356428965
0.581089248242686
0.421458972961052
0.536001675968742
0.502383693565497
0.571655666210817
0.465128604904457
0.530669630241922
0.572060989229001
0.526844749593355
0.498812584271635
0.559393035447602
0.254617433428631
0.236842049442266
0.497516326258051
0.589183590696359
0.578970133009609
0.619365457425175
0.591276452557573
0.579528885239861
0.578685285959984
0.450638215423503
0.41825101551246
0.318301150112028
0.451003543616362
0.624884193248722
0.602736542006246
0.592796884301041
0.587437694504459
0.546175991366798
0.491142484138402
0.648180210839974
0.625686311967805
0.560412016648958
0.467840786461226
0.564108642499862
0.612551216857211
0.536414003426777
0.574358781282353
0.47990153962648
0.647280911511164
0.391719291652696
0.487791365262579
0.341037731681339
0.328298691904742
0.338963127440556
0.383912532356042
0.632163789180603
0.422064875528506
0.204044201112165
0.204182528249213
0.0596759113454236
0.167358250000867
0.355962336019651
0.576986812556972
0.490666951202583
0.382205109484159
0.473253029019144
0.477494627598182
0.526100896600398
0.268932946953236
0.226172688105823
0.312847611004324
0.32724088466482
0.586836297237768
0.644301473490248
0.526665482348397
0.400998661158065
0.600554042443447
0.582070723661517
0.481311281903464
0.276610061467137
0.643839496228611
0.421814963398902
0.460610097004258
0.590862139186267
0.523678276456187
0.465731397486947
0.567899285410325
0.647379818218411
0.647112293147144
0.612545655645016
0.487710689007571
0.473286323661114
0.506619518057877
0.332173004915526
0.400425321201214
0.526519629682598
0.511164590638803
0.596968069430059
0.448708519349847
0.446419149333188
0.552196930878994
0.277017905780933
0.194173311184637
0.425450767463483
0.46079769889799
0.365068221842914
0.549885586389213
0.515996474447024
0.476038852786724
0.457202010845304
0.511380499579781
0.640047615948344
0.452492977372989
0.43722332756471
0.535858803132858
0.484142741815813
0.388358835506792
0.63409773556877
0.389062026037475
0.643457224471963
0.594048552152088
0.507437585029121
0.584426459739591
0.573324410042135
0.649985355647736
0.403147356564577
0.465098411090926
0.554024585621299
0.560017215884007
0.556042150539139
0.636618574726005
0.440751720120748
0.616045112493055
0.640573964917241
0.584616745813725
0.627560415672848
0.538738679565407
0.600434862393457
0.590318971879708
0.38908181979787
0.322694895495778
0.374077416857961
0.479067686949223
0.566828353094131
0.529017167235751
0.47745666054832
0.608161552092494
0.633434128769769
0.480081428089285
0.492091545394802
0.572777379406778
0.424615580879179
0.395334638451687
0.481863680917687
0.609099130823608
0.533630079194311
0.503596677637214
0.487322647772899
0.53637829087651
0.456698838929524
0.601969225436236
0.544889873012251
0.52167834781091
0.531505797732204
0.508392947598038
0.568083841765297
0.552062825420756
0.474686402552896
0.59205388879797
0.63983768373069
0.545637055469139
0.469343410726271
0.499261381523082
0.451477410778706
0.576221830588333
0.574949039572336
0.604964105664099
0.649295358176444
0.540818601456301
0.548967252641727
0.646188095526831
0.495496023097941
0.49361383586126
0.488440136578527
0.565038554416001
0.597958174286148
0.5523500546482
0.47974515197851
0.494946062042112
0.576603506710484
0.642883103335188
0.366545127372237
0.393676572818246
0.54679878768142
0.531091076306753
0.440988615862343
0.431109318736178
0.453621157034393
0.624629284276998
0.576213848809358
0.506905687188699
0.396233145883543
0.430082945804636
0.320333855900465
0.624767764600499
0.597703322999533
0.633662053128058
0.616996148724388
0.641701313660827
0.607143775705397
0.574861317871243
0.602860078084959
0.37974679003361
0.649365348301826
0.505428675077661
0.498066189507945
0.41871427910921
0.505276368906441
0.477933221271977
0.604994537525779
0.518142570468718
0.564382215082123
0.504313234142345
0.537144940957229
0.572713522597621
0.555479625186279
0.647401963035433
0.585471106541418
0.52379516944316
0.580734444323719
0.590759142931423
0.525654208075331
0.542272016206891
0.614627182432121
0.557412930192095
0.598124397702489
0.456557995057628
0.598680232130105
0.575817556526311
0.59297051829702
0.537112268430042
0.476855729516252
0.483265906482326
0.650548473888866
0.624369933097659
0.595466138584441
0.623602984926318
0.623349068204317
0.537389195236366
0.298724911992853
0.55558027232571
0.592661908740831
0.636103178629226
0.584491966278448
0.573570917085713
0.649192890631692
0.582063675754465
0.579551371434062
0.621967938319857
0.639815955542795
0.307817591474088
0.491809804545178
0.29514652956102
0.450229518934599
0.620211685168399
0.520460358270853
0.537887469910779
0.598371518583068
0.570269680767021
0.558116448584763
0.571735183965703
0.64185407133736
0.605767537938582
0.435553819106726
0.53422294142324
0.631137747327483
0.563897794397552
0.53152897097171
0.56868298588322
0.570546174233579
0.636614008845391
0.643273568854551
0.53725702177478
0.635341374524638
0.519937914528951
0.389862181700064
0.638229029580723
0.644125431658954
0.622947995003702
0.608778206325375
0.582199130315522
0.561515678015396
0.619024376489006
0.538343940601801
0.562518231100587
0.588185552901028
0.513185539680904
0.485203883712327
0.57773925944226
0.549133672152985
0.595952274611004
0.632311992474074
0.615565496691355
0.307649735056688
0.511693011374945
0.60492767847957
0.574742184397932
0.649164535047538
0.639798340654214
0.573168758373964
0.492875593801362
0.226121073647678
0.374292087653827
0.494630717908441
0.463203518705846
0.571686628914861
0.347164142961414
0.638043868558907
0.493378642227773
0.520313906238317
0.651393027207756
0.605551176216065
0.611731767472994
0.54530970319766
0.556506072260501
0.412740532826837
0.524870567816563
0.319138972254994
0.444590746481107
0.593995575851962
0.471892836221193
0.474524630373424
0.382711179358832
0.627967188218597
0.580532071533071
0.52648916833202
0.421575909813119
0.470632882867019
0.438064400362112
0.418748065942339
0.408277771475126
0.43147710199677
0.530064861078628
0.475113390003467
0.497734822947438
0.606845505677343
0.64451876994472
0.432762095124154
0.450345735611116
0.553163076467095
0.634651906683595
0.540194355480059
0.649971362516493
0.611475733503877
0.529794592258176
0.645623199707569
0.514294560960789
0.440281542680999
0.357262670585335
0.334217148215549
0.616554164156492
0.514163436395265
0.613131753813714
0.37491703809186
0.422331196993627
0.493301445256043
0.556105110751325
0.545191606900621
0.633007025026378
0.452279847957708
0.404503528811136
0.562149011884815
0.643301539283056
0.592811465067164
0.577244478691102
0.587263354297768
0.539381305710223
0.37628614395551
0.41690138316501
0.341701200403471
0.629559467529498
0.564766943764222
0.273312256135886
0.202730814656478
0.37862635325321
0.440322585657703
0.387681679764946
0.615872917353666
0.484343289783708
0.58681425896505
0.529766795994363
0.388970455762147
0.533093794934824
0.570086232894199
0.552369787135608
0.560331480706607
0.398890443697496
0.279659137513512
0.265331422154671
0.473140760519729
0.441671152469919
0.59048821563496
0.545364325364276
0.602827501270482
0.630935611459248
0.629262326642266
0.351146902884952
0.604271997684383
0.585874542300936
0.582669753211493
0.47522519627979
0.571021050603292
0.643090536835363
0.643740326884026
0.602191451134817
0.497136928573411
0.552475724679706
0.511458068329855
0.602642408313559
0.568773069827414
0.646368809923093
0.605401910986776
0.491157602939662
0.467443757892461
0.484840130049071
0.285299623541842
0.369175004368974
0.624366830577445
0.549065343714372
0.502106281576238
0.591208780067126
0.530110914757082
0.539805581990089
0.652715085481935
0.482549862984791
0.540385189561911
0.584833625721548
0.63911162979433
0.643603715559614
0.634128460858418
0.547183859861044
0.569105138005088
0.554263649106113
0.640776922800485
0.610324874517716
0.541562330314355
0.595688565259414
0.621191348496731
0.638225526127478
0.478007817545488
0.55824261122344
0.467117048811707
0.387422196948125
0.588450578382082
0.528407960329566
0.361502046470251
0.586626564399321
0.644227023984683
0.44714515449889
0.452443779784165
0.647368722528728
0.62694457270975
0.594193302959825
0.592861354780883
0.557554168214001
0.577004742689661
0.554535525134855
0.605126401334599
0.525116435601763
0.579524767860097
0.45777295530123
0.40092368088619
0.419267123123762
0.411297155392777
0.648056796006703
0.6497435188682
0.510827391067544
0.592423563306167
0.534884279900447
0.492742833990367
0.625015696143283
0.645506143243565
0.433965832421804
0.387153956899161
0.583394170437618
0.50327100160012
0.454181512101729
0.628188870442822
0.436969337395201
0.522585541217533
0.648315391780737
0.563552683470235
0.592595725599991
0.511456242738128
0.466432558021122
0.46165505570806
0.631777449868923
0.616009037938407
0.614217815824167
0.524979389591997
0.484520484712599
0.499766142287727
0.597965792650634
0.595889523626835
0.606570469690882
0.520608602814522
0.615525612775546
0.596548142057148
0.594037175753889
0.501737577618577
0.441874891273876
0.415008719677528
0.434227356712035
0.596143349956679
0.641869753700661
0.605737428144099
0.53919092924266
0.384547321426878
0.581873278697876
0.536111549264316
0.512213877036856
0.44551429785136
0.497898596922947
0.623723209353509
0.399059818510069
0.467247999921577
0.616035357093041
0.523365889148214
0.630205294238165
0.486960826948716
0.383853098655922
0.586364489947635
0.605930239266597
0.544233067000302
0.61006615962828
0.359382949519818
0.646481452669661
0.353298247154353
0.372096083444842
0.398992100028623
0.401435776776805
0.579954307434587
0.56480213564915
0.543483714856929
0.611112957647625
0.539664374729584
0.647583083792043
0.317659268565913
0.639011202743354
0.524108052108778
0.515113603151578
0.448280652985297
0.457539717362323
0.553526688506024
0.635145957818868
0.528072193542409
0.465187816722334
0.596949284171325
0.591791754090199
0.619335930367135
0.609912937006422
0.570427182788113
0.427538072540859
0.446442890436184
0.637226565678095
0.522145334063499
0.349329192530707
0.581709202898571
0.311863617757017
0.623894461966342
0.630710340227148
0.602995929652561
0.526478784151647
0.490355895687775
0.470911566497622
0.594823516463929
0.571115337011997
0.51654912202206
0.501120527549896
0.571405365416854
0.508700704202928
0.336955692626784
0.634643610626895
0.371792557998849
0.299621024754172
0.424520417627005
0.611063115235996
0.421389170073932
0.611931792970936
0.626350045110658
0.574285637261896
0.63475972339793
0.614293624704871
0.530071998626043
0.481738759249551
0.472999718214727
0.543451842690116
0.616611597154594
0.450014385461567
0.509124183311687
0.426197847708599
0.581543918135858
0.638919710655343
0.646342579776714
0.578975122824253
0.51710695101883
0.592417029937393
0.407087025724792
0.431299128903832
0.482630246912616
0.520728941948791
0.555065939323581
0.626984894453503
0.463377896749623
0.44356972599646
0.554162494440942
0.605583314207859
0.599505714076149
0.61273602204785
0.613604493035407
0.596070373829263
0.522595987213765
0.619063957469619
0.41087492819242
0.367078881112255
0.643362678776758
0.481248167259765
0.633082166133722
0.484708664535406
0.645468543214523
0.553726545300354
0.649050652799321
0.562001109216183
0.616774484313348
0.572209555368017
0.582767275052271
0.628280314854201
0.584470210241717
0.579314942522955
0.440339586688231
0.300301697495148
0.621974420021679
0.618895830005452
0.442513547102259
0.595926022955744
0.512930735097091
0.502293090270955
0.568784082579494
0.43743357698321
0.551456351854647
0.634567296443165
0.580997399880109
0.59173540942504
0.602881157402864
0.574689453359656
0.640715318899338
0.626259891674405
0.556423400154586
0.574125277333379
0.477494810936556
0.490203043924932
0.511374901399441
0.50295364236912
0.582576920289546
0.492068222002698
0.6383585864572
0.643132205370214
0.505052744736511
0.638222071901476
0.60271445596176
0.483943353161499
0.508866712670605
0.560914113268176
0.540628869420728
0.651490061592854
0.555529679109616
0.566237428210367
0.430855027753358
0.587674141014733
0.594030775502657
0.59764936089808
0.447583709084715
0.469019164626483
0.648580850030153
0.593311502579897
0.533521897544282
0.56804224351095
0.586192449500735
0.311880359368278
0.525009293526629
0.400783993005303
0.621346371515898
0.525269822661206
0.528083558042947
0.561713398556315
0.651304659167625
0.650695531680871
0.635313606926057
0.54033785633678
0.601688445392627
0.52914585881476
0.396173425253228
0.361201658204928
0.488569717097446
0.482356020844088
0.410788995870582
0.508193101735344
0.591008972140116
0.574529560445173
0.562130349413524
0.485149746065205
0.516226281731638
0.462843747820709
0.492676377205906
0.646968541649641
0.571333188354611
0.478603857139153
0.540686089149615
0.575285988673886
0.64378265987315
0.487657566715678
0.452884008600808
0.639398618945361
0.512204666332764
0.606941980893475
0.468753464003588
0.379203707166866
0.219913093734748
0.16155700660773
0.168900454123107
0.420155257517075
0.350288441069423
0.615632557123084
0.186536369315946
0.398889412179123
0.486208471217362
0.533828641893658
0.623141886821534
0.599059163106386
0.595369694448138
0.645380234855665
0.641739271805933
0.607311484081368
0.54591426670443
0.652512967571299
0.530698740147779
0.357949981537786
0.594083030052915
0.561211986002261
0.559084169242147
0.6462026357519
0.507504168697602
0.596021122059348
0.509535891292384
0.549016581631109
0.634447036227805
0.600783675990718
0.629300245368212
0.480026678846296
0.61010928033123
0.506969862055548
0.468647872192633
0.281269493768703
0.486815540557176
0.414053475796632
0.342474161249158
0.329725147091411
0.505114292166143
0.334071591354118
0.553345463425353
0.627490948969447
0.633874982659701
0.359516372648007
0.501896590320508
0.554289176925925
0.546329511222788
0.553718793487343
0.439964743823963
0.610330927713968
0.646860101098569
0.512976614720203
0.554928304679945
0.489298201562115
0.438353590473908
0.493360206049151
0.630638551149581
0.596112922973229
0.602139467568825
0.609249941114471
0.567720446320915
0.110878964327468
0.329245141357181
0.41896024771727
0.520279438520959
0.493858504861356
0.4378811942009
0.599166175682463
0.484428274233797
0.536068084381698
0.554043849376446
0.602633071844411
0.475079500086118
0.193245080996571
0.388557938930311
0.43929659892287
0.478146949039557
0.400271699776578
0.532260930906635
0.56850611077161
0.558736278754391
0.629087798906451
0.597509825792
0.613803771389816
0.417715294209491
0.57477287320092
0.561468238148775
0.406256530707786
0.545332854673305
0.486319124784874
0.602866510075761
0.637214745152026
0.631094866074408
0.575029092077448
0.434031558696444
0.462071694325164
0.585336384751452
0.479468377639675
0.629163023353952
0.617800869987605
0.439525067325266
0.437131544304397
0.642011879770801
0.540835882589819
0.352318941048193
0.595444299770848
0.591019558705452
0.316291917901421
0.61992309640511
0.487981164979768
0.636063482938574
0.641471825096361
0.612647935805519
0.406349208614006
0.571369184682563
0.556227892889036
0.490652309825993
0.62862391280983
0.626213466392691
0.481353346365229
0.5278919703206
0.623184150908869
0.4789841603443
0.517947861612196
0.543557906494718
0.568679374531085
0.592824822839098
0.559042971158153
0.406693191705723
0.600087292495686
0.645338716314377
0.511051449456634
0.43286089958371
0.462877798650798
0.399676625903402
0.377840347490899
0.404704521885662
0.512301002362036
0.554778235789482
0.616220878986163
0.597429516849551
0.560779741428137
0.630882752793967
0.475551906892387
0.648565724650691
0.64601606453729
0.530962895690479
0.52869272672095
0.62347873677839
0.651248704389047
0.592645967003368
0.547909406679234
0.553767654611423
0.511179087133663
0.596321979041974
0.571122513600738
0.640432183290342
0.514223797587677
0.479807280016237
0.522030766669752
0.490934486983123
0.510471679547973
0.417419238730973
0.562971138948782
0.333913373757922
0.32584088228978
0.469735687473014
0.412348742543432
0.350959674763296
0.485909685174053
0.605604553515033
0.525325124831318
0.545620815711267
0.645612442263213
0.643524869221794
0.59061761183837
0.643133893511445
0.414098071902734
0.19155184350181
0.427817026881093
0.597496340443669
0.637936190607342
0.581129937596599
0.411279652234674
0.355677455706967
0.262823133618269
0.341034121659374
0.4088320786172
0.626910518647458
0.48397641858903
0.592959851593687
0.535469496673666
0.341096919989636
0.537952971173501
0.552010828544108
0.585044154777524
0.522805189801841
0.545351681635099
0.394336234641966
0.586751015864462
0.497251332310126
0.484138456298148
0.393162485316581
0.63001402956568
0.635002321804433
0.575056115904623
0.594558985268284
0.57347298072873
0.50134872994136
0.527714208229941
0.470766816876148
0.46259300745566
0.426969627204261
0.551271295241566
0.404127370677215
0.399921823634296
0.426951697716479
0.571145938939639
0.32712180215943
0.576114129676121
0.627993999133582
0.591416982967791
0.613918743153452
0.54887190904593
0.640388020995238
0.635113788472201
0.489816670922813
0.642863862167853
0.576617289545816
0.646343175635736
0.596859937927778
0.598363047533952
0.622147927647544
0.639746100601755
0.505005795512024
0.226535192136791
0.272573879814559
0.476891089015488
0.417172210513384
0.606925823713077
0.631394674734567
0.623211766618124
0.443803165375219
0.452872680459493
0.460814927097456
0.465891449954867
0.512756787872497
0.490307067512754
0.642883831631087
0.493562675121937
0.537361686925458
0.417851984850875
0.586372840934693
0.631323059816541
0.410877825499139
0.59392613781343
0.521934340429999
0.483960464434942
0.463761858921829
0.52065527538527
0.505596017619359
0.510262848295675
0.460840022761536
0.350794592013647
0.442560167499836
0.364512990312814
0.398528031912127
0.459683748988719
0.58249040298001
0.579599324026545
0.533453101730906
0.630227528057641
0.408628963388072
0.534702479810481
0.442852258084937
0.52434769538024
0.49688916624751
0.476669438824552
0.514027958858715
0.469171565297433
0.37127413501958
0.413630155581813
0.631045588632459
0.570412917028902
0.588775307974229
0.552035585864308
0.613399874627703
0.604193356959778
0.640713484472811
0.625122664891513
0.602216812569848
0.64346099883944
0.472041757276197
0.4954713484252
0.625348055842657
0.480746884253837
0.21182574200671
0.286834566917408
0.175813342903566
0.645767087911152
0.625113904334999
0.578263087773649
0.634503337746139
0.58170051905287
0.447677902455908
0.625231490847224
0.636216159451036
0.491749771725807
0.577654784788294
0.453795690442786
0.583449278862005
0.591207493132706
0.318767186866537
0.56868074042783
0.568116020554769
0.415309230133878
0.620279566287331
0.437926635291134
0.599932255424305
0.62736349392906
0.49402473255149
0.444658265770161
0.648668468963597
0.622927545449033
0.515816389590077
0.406918004449675
0.556547695758966
0.442927417927953
0.547496031865543
0.587930891841433
0.480504225049169
0.378774883563887
0.542639622436947
0.571273643807459
0.435842629344265
0.524745644460064
0.4896438971015
0.601412363559886
0.541349610602352
0.571087506146916
0.544850025736697
0.582624465965384
0.528906917180782
0.544850602838744
0.348563389008442
0.458089068427205
0.56996826748804
0.493750255870447
0.442238955817349
0.587573749517187
0.578904897420233
0.642690581455189
0.428393534520919
0.60595823402421
0.506632020687792
0.627898424809054
0.638195302410253
0.343549461561293
0.341549822136612
0.585041532006367
0.518684368545711
0.577601415793721
0.426991575828824
0.6528091134337
0.570816511947706
0.571204340720791
0.498540339057658
0.511906674004064
0.651808484239948
0.526732619283096
0.641486209677251
0.301595379834026
0.524952411496396
0.42416724576214
0.460113365948688
0.499929615263682
0.502725235584519
0.490938415893631
0.604319544971518
0.360335136060069
0.616078186817978
0.589700080122248
0.577373836841823
0.601893344305943
0.500921277873916
0.473330410231158
0.637593309986854
0.572130854888404
0.417788404508483
0.419006337683878
0.503845701079099
0.528171403095905
0.449957256449824
0.511413382581037
0.0537514535859931
0.585848064855299
0.63076267949786
0.588849843434699
0.475456232960527
0.330293442446048
0.496478456740174
0.430086438279129
0.412917410435997
0.341317454220967
0.527711052610297
0.443478296558134
0.479716646836753
0.434928197382438
0.51477132744003
0.505277250770398
0.505919837951721
0.593892635500094
0.437230015634523
0.581350512938406
0.588998001809834
0.569507669175072
0.445065360773036
0.395531198298102
0.366921349546556
0.537218113877159
0.472504772455663
0.61775114387368
0.507711278386524
0.627941290128222
0.351540974558571
0.483289463446058
0.342315431505817
0.427724502455838
0.427219603353649
0.523525069482209
0.515704926205062
0.523206538138487
0.40361904094842
0.559262995640539
0.640384502258619
0.615146054186248
0.631862466995684
0.420143881394511
0.403287990181218
0.43290503375868
0.448192612075623
0.623961909743887
0.565871722844397
0.540604225291621
0.585689632894329
0.571126395782001
0.542490264867777
0.640069464512815
0.541355035412555
0.575694178219044
0.59573008493307
0.651382660490365
0.609662942540607
0.558802325039288
0.529370567609807
0.523139256807396
0.552046021700436
0.506978361087336
0.296793935529462
0.465375071767996
0.560885468550579
0.475009670230469
0.488008885669156
0.646044851162909
0.37422105896864
0.447404540588858
0.558521751990431
0.555499310785448
0.486703565509898
0.566663555036029
0.526480041036473
0.473734793206173
0.532638298411163
0.560887306632139
0.594580361484949
0.454152719674345
0.386086348343417
0.592910074736522
0.592734955814023
0.650074022932536
0.641077422678295
0.617449840123675
0.634643490430757
0.557249416515669
0.639275444310757
0.630073905584074
0.505847957655642
0.555006354621432
0.610672587164303
0.504694665981338
0.612375894604294
0.586409847902158
0.570404523671654
0.450618776399574
0.511886282915563
0.518090866650923
0.447744215836236
0.619309224291234
0.315636481347119
0.467338185918132
0.500766870802467
0.600524447926411
0.593417143159957
0.486816910832682
0.506917984198333
0.499775620984467
0.612120356969393
0.644482201665011
0.540876187071262
0.544368923213339
0.425007564526122
0.528758472360313
0.456434773867733
0.350171780319123
0.586178772283761
0.647171093832556
0.629403785663188
0.553426480289015
0.607834861182727
0.56322146577326
0.491171079006916
0.4490580413179
0.445700769482125
0.426160090575086
0.602793690359008
0.589576881771526
0.422692313065578
0.483234104585763
0.587203762487646
0.576775661324266
0.633822881348352
0.397729510821473
0.449144261123444
0.544205535744259
0.612372186864845
0.630354153538031
0.499982443670358
0.583678267755857
0.644665824391528
0.634483495293471
0.538290786541971
0.479628588171061
0.424314425792173
0.537478537238781
0.523475488165436
0.573696699205371
0.495314953498356
0.371176655501881
0.4694153881319
0.515921057092856
0.503136979269407
0.380927860951283
0.637107522861128
0.61908649186883
0.505094404576997
0.618326637467331
0.588080578695206
0.633018841491376
0.633330839977092
0.627722174919537
0.613414367446354
0.492657781413714
0.624575535689879
0.555843199659229
0.575907108298352
0.611069365142502
0.608928058075366
0.511253557341193
0.471729350086554
0.5364261247366
0.476834832152422
0.388635517560455
0.515112361013743
0.597541088846872
0.631437926246759
0.246148840198982
0.514503659767471
0.606477386240773
0.598231117843167
0.573595859411861
0.562642728175701
0.549075916842015
0.643238648819904
0.607480319241311
0.549849995225219
0.519744596065226
0.532861792417203
0.576242915590274
0.491796874453464
0.585819768433145
0.534241309736202
0.466183391192031
0.553051236550942
0.556182101350249
0.539831425752039
0.441802396120466
0.581480825163892
0.622191301760215
0.599143027092454
0.537583461370768
0.389347441154822
0.492925791239497
0.50734390947541
0.513214555888246
0.635804527179883
0.339622833561513
0.303156928466016
0.63681609791558
0.629209809101349
0.464073500827665
0.576052477921526
0.58922856981416
0.444605426945975
0.358414993344002
0.612341076092402
0.591817143264398
0.636557410719536
0.44921050656838
0.577355135900404
0.549696990978898
0.360650508973866
0.400849608529294
0.586775170689532
0.471491260441862
0.365295661889365
0.498064924306771
0.520032515949489
0.444322428717526
0.409266398317082
0.538804915781494
0.543303530734064
0.552404144169079
0.50659119481027
0.541974786483381
0.537376906243379
0.606441424291536
0.574889230533018
0.63545919858062
0.467640254173934
0.461093030179467
0.423531756708165
0.591098875353137
0.5351959845032
0.51842632718433
0.590690303979707
0.619683622872954
0.526200866569987
0.609529403006598
0.464876779708435
0.625026003323823
0.589904319836835
0.528524377549084
0.545332118974373
0.644937617955388
0.5726455357813
0.472817964146178
0.374172654482981
0.37922984451377
0.607091180145733
0.575759088448059
0.643096917282828
0.614855302272213
0.587548667530206
0.454335358646025
0.542259895704235
0.564769614952535
0.637776527947419
0.615957436030371
0.23013835362473
0.218101772406888
0.51291988112925
0.636579374080653
0.505507321650789
0.474325917466913
0.417600014733304
0.419664763489103
0.450719409108575
0.355466086598597
0.493647434440588
0.438216146628313
0.356831562399879
0.337209448959905
0.327004020733954
0.648914999679695
0.482612792750229
0.576022838821892
0.582421018908442
0.558059495297581
0.597056514586731
0.620406659482341
0.487133411953524
0.549919793975469
0.523545359936021
0.621647111475597
0.570350079954745
0.510086520240408
0.510715673247951
0.532046072371784
0.648308086054854
0.373578071330384
0.390210243308388
0.270190041907478
0.558735440466081
0.570721853352339
0.527390355468907
0.398096588389271
0.397208260299014
0.448529599517616
0.438697542891654
0.565711981405638
0.626002582259351
0.625371528416471
0.475732440488683
0.523260483948844
0.291227498516748
0.409725555343353
0.408677953035169
0.393604954817526
0.531623523784663
0.548604351080231
0.610111542904779
0.490822004147575
0.263233998640601
0.42597907146943
0.56356493507427
0.638226028817518
0.548947175056444
0.594507525746064
0.62849747065578
0.54969438884138
0.581895835743092
0.57201670043961
0.651300924918985
0.587524013220564
0.632192416944514
0.508613764226591
0.310787245658351
0.461693027523371
0.461726563814627
0.201497921721794
0.328635963375345
0.605105182615645
0.45397015930751
0.571495771513528
0.640600955208298
0.536144749998302
0.597824954911273
0.605636919522059
0.311836391513851
0.338699952059325
0.463884117619657
0.552850661458874
0.50733054031034
0.624731903001493
0.611354519088039
0.562115520745421
0.529318053126682
0.643409966253504
0.524166092567651
0.460222437516591
0.605184433009173
0.53621361649007
0.625752194756748
0.565787475089996
0.413411719773998
0.36440517105295
0.552292483640511
0.628908664650051
0.623515468323124
0.614512554743476
0.395264186970551
0.649660867283661
0.554472592914138
0.533743056425318
0.580008021163765
0.390227103734139
0.584362407925627
0.520289621313968
0.481020549135812
0.529535831288205
0.585730432329478
0.434432771623837
0.321626642121014
0.363016669906994
0.567124893536095
0.538804369093976
0.600366848727061
0.523659763165959
0.590875375905476
0.482429757500158
0.486201253059959
0.643586885419904
0.535180383599206
0.450537047321237
0.584106137615054
0.522298306986342
0.550890908601277
0.575026075192127
0.622438536594819
0.612103388919671
0.559100282198973
0.539682142867447
0.51017865126444
0.59083936751355
0.637959245434618
0.593905271002049
0.37934617781054
0.370770639357637
0.339874267543696
0.614118855878646
0.60520874026255
0.541653171419699
0.461691899776206
0.642324652789816
0.422687967698763
0.424870063976426
0.602991877001216
0.563002165555007
0.444977906802752
0.586422841172804
0.572148572791889
0.539380866858995
0.608472668532703
0.630350492064729
0.627931402330874
0.580650153269495
0.51514299026465
0.57798927639054
0.647628181034791
0.579112550430942
0.441689012031377
0.408623767654585
0.543742370145006
0.615414147786131
0.623680763200334
0.623690996582533
0.6158670189713
0.560911170159547
0.565344164101078
0.626425026039556
0.624226964550963
0.442912264487648
0.450569107150462
0.585941656102571
0.526250935408798
0.471684126091492
0.477490847665362
0.567697608264017
0.641217632455724
0.61245149668713
0.579250797616576
0.493602588040993
0.599517714470784
0.400850268470548
0.384830879418049
0.425774727579007
0.462585664000087
0.573528460571868
0.639894296804556
0.566200143788855
0.30807268105613
0.141742148574993
0.13852541019681
0.356943600937554
0.418151762898477
0.550448559797285
0.551614733931663
0.582519207547179
0.544263740305604
0.601014554936466
0.643392070402072
0.4919359297059
0.42102993728153
0.642094893062426
0.62045212654654
0.570372140653218
0.507377601682522
0.61958751053749
0.631133814245657
0.507133948612926
0.631327609447573
0.495896659930354
0.573203861916066
0.400143101519609
0.422350072922711
0.368744381837507
0.625613214614696
0.645292816893344
0.627032657740852
0.47604469448917
0.458201852853807
0.599413419154703
0.586582299694616
0.425531016042846
0.542591873869791
0.402453615830709
0.410505744565835
0.184020027988862
0.348954801120003
0.3961009905017
0.45199213569962
0.47784873917432
0.635149189778395
0.406345477555917
0.450453142098443
0.430016851888754
0.446907810063959
0.588204897553656
0.612216909160661
0.591732534845923
0.491814724923756
0.612827555491938
0.550401667362048
0.495662632515381
0.561178328737323
0.616649904731238
0.535801793832749
0.550756867199801
0.620536152521829
0.418138014224057
0.44219667256505
0.453059945554903
0.572464425929954
0.346184505766811
0.35542270510692
0.554208843379617
0.604221808985999
0.622871997569793
0.584329990948119
0.633077837104586
0.643457865327652
0.598494539400531
0.447785114626704
0.37891945816702
0.535318631343512
0.641916260457789
0.536121427963686
0.573890049451686
0.471983835775321
0.547561475348118
0.622150522955574
0.491090117394166
0.372731561837989
0.638440466015472
0.645779165231941
0.645492457876548
0.480348394916356
0.63383976021699
0.616880873652227
0.556556615595638
0.535271835322129
0.647444272404965
0.543808973076586
0.475349985955469
0.523987351790021
0.396537271887006
0.512527974588754
0.593554257942663
0.526270218137234
0.378143610143771
0.47677782167181
0.470452947534647
0.625403537763413
0.614288013694161
0.609038357908786
0.354721848591663
0.312496856550301
0.47315879456573
0.633831284578268
0.630658074993536
0.569425911401046
0.592075813690872
0.608465412613333
0.593190553459386
0.590777815644072
0.577724202695483
0.43120629314905
0.348540048653548
0.402461621453761
0.403450359676586
0.601155991818122
0.644211959019662
0.549767335922916
0.586060484631532
0.544999062502917
0.491655276233866
0.607172181255965
0.589741483148966
0.427340442956376
0.486219454479787
0.5235645543704
0.437924108511837
0.520591390165583
0.484597815578546
0.41716769482988
0.548942669504047
0.651079587419446
0.435691018762703
0.597300696951697
0.60524013425223
0.485694917886271
0.636983852614871
0.537089129022448
0.488673009717834
0.56828154820636
0.540411376794297
0.590354305225802
0.587984824743723
0.470114543107897
0.484512020062022
0.620627757549406
0.583262801776794
0.534664160655845
0.424882754924625
0.519716196980951
0.650937507031377
0.460755197166484
0.391446244033943
0.476879800172029
0.330681906952823
0.509424697343247
0.636147522657338
0.495793816779209
0.579596254243055
0.613687924187334
0.638064443295164
0.427693899554976
0.640799483620899
0.618537808010191
0.525963140546
0.252122522676709
0.262882044045491
0.472521866591076
0.626899486864428
0.517193718159849
0.44482540222833
0.606298012650595
0.509624190062383
0.522602166306708
0.528982910434194
0.489274971505923
0.638498984249958
0.521179930683502
0.326267924550231
0.53096334869961
0.535079515986318
0.583501670564194
0.571388310811429
0.412702717455516
0.618738189064506
0.59774115562784
0.533368477781033
0.54712973164148
0.514981853060477
0.563887288247365
0.53562953284591
0.435267660851049
0.513426495578735
0.479117613961436
0.61082673046737
0.561368694167046
0.60832846042661
0.59950706650489
0.438339206126044
0.503099395129987
0.543330967813643
0.559226114735526
0.514620825218533
0.343089303042015
0.260613741655522
0.633780469216022
0.636115352813341
0.631097918127283
0.555911068093018
0.56251198600967
0.4502453776477
0.603186818436733
0.349808232592445
0.311974619029258
0.410983439453397
0.495346870224957
0.572027102096741
0.464430022404994
0.418608917189682
0.636116585119918
0.356309394533682
0.569437698313672
0.447548862766751
0.441773324691248
0.37254318593442
0.364213801056489
0.47865585898751
0.607840493625255
0.524065343140865
0.574867847013403
0.496107249558975
0.329290624658993
0.545320974458262
0.593607928967303
0.57089744724328
0.384146852367961
0.575769271513915
0.520162068796461
0.450070161796298
0.489822002657917
0.63013878328788
0.587400701864641
0.644384590859282
0.561150624294182
0.635984746592028
0.603921676412152
0.434964361636105
0.580878566687525
0.571140208541313
0.636772375515307
0.142064438092383
0.542380527313766
0.515136596579391
0.588855925615516
0.282592221553897
0.5814302099925
0.538782698855204
0.565295444809937
0.60357754132602
0.523452993430742
0.643620640424036
0.566022813020215
0.640432872154253
0.28835496629794
0.291482145593221
0.294367484619904
0.316477394117032
0.381049277107266
0.577875628882649
0.544633209170473
0.438063764147486
0.612669878521314
0.482871236661818
0.633269055162781
0.446592318683167
0.645563087711648
0.636638073201716
0.599603153005536
0.215402399866772
0.567379580912346
0.483028881913286
0.57718003278669
0.652036883207853
0.581150536407927
0.598209186529118
0.372524089453046
0.313597713860632
0.337918666105737
0.522778802243667
0.513820584595507
0.538098277655104
0.32792129359409
0.555309050080199
0.606231410037997
0.604524200560613
0.641323649560652
0.586897452273522
0.540684875914001
0.465364424509817
0.507289856104248
0.568420767266606
0.562643317739207
0.513811756772121
0.416964144758075
0.438719688506959
0.624196103556771
0.607312834753528
0.430678716859676
0.309253406786076
0.367639717904366
0.443462337770201
0.465437323776764
0.390582043222378
0.366298788259306
0.482370493259098
0.365673041848168
0.367773116198324
0.183246102270249
0.445188309414788
0.575687325609509
0.580785726320954
0.465367775047327
0.641923075479853
0.438238117709503
0.609957615751968
0.551538826629227
0.558458020459053
0.255803939871774
0.282461866462153
0.334165945477438
0.360141781354437
0.5941390759112
0.650791897878714
0.57722461038522
0.590550061714915
0.482620960391723
0.587467280693165
0.56255125867461
0.57531037152525
0.640038871616585
0.641717984617948
0.585559483302833
0.51505352560536
0.618577287317851
0.59764913147669
0.598555665172383
0.365925512202435
0.649134762903666
0.536472030145042
0.544775790038371
0.575248752270614
0.600747550644328
0.646587946663611
0.181893644829951
0.10759395036114
0.360155716568835
0.544272829924419
0.398887085231141
0.369292187506423
0.593091374851532
0.517941019506364
0.635856136158971
0.149868277549418
0.323419204340362
0.490275573304731
0.566804250652968
0.541257480009896
0.640422108024685
0.54874309843036
0.493313504071356
0.510597720786799
0.553060124238197
0.443979463321429
0.492976267243069
0.594795048157065
0.569475731221249
0.601137113817165
0.458744295091791
0.6412177040252
0.511062946903921
0.642464187770096
0.559376807543207
0.481512416735895
0.395476571217356
0.538940176000646
0.551745991756949
0.464463593867217
0.59468614837829
0.471780120125064
0.432478060336323
0.541324222901447
0.494380023419494
0.449385085069561
0.418478161092743
0.451180973425057
0.404338973683889
0.429882424064774
0.164514305565733
0.42446194836476
0.548000643810166
0.642080463248244
0.649225985320919
0.59808952847618
0.489380126642592
0.522513598841135
0.585809354161702
0.579441510722669
0.510779437315242
0.600618096013219
0.568304813161085
0.377242361828781
0.588345063094695
0.647870983168046
0.441976329728362
0.317122047813932
0.512509768748431
0.601236783007571
0.482933563707904
0.464788578889338
0.520727042081652
0.483780886603037
0.400606147520875
0.620619152759384
0.55453335977154
0.482967881727596
0.426670767136012
0.400808050330073
0.578244234977477
0.32643867615126
0.638600284558921
0.539030164725777
0.581402305763923
0.588486954583308
0.536821536005805
0.606732056376494
0.563250372404949
0.61058780744746
0.637721648210672
0.500533118898151
0.390120206950668
0.371937043338879
0.346718328050499
0.371037120595691
0.435491506358324
0.515334138952374
0.588533490018252
0.476738418373578
0.633417136665572
0.643682518865103
0.43292766534244
0.650716309592368
0.554669740248401
0.559977502092177
0.503214529766379
0.650290036531707
0.626470903195416
0.510412018933026
0.559118293118804
0.651930804724678
0.624294232296974
0.632516736676997
0.574323190792516
0.631814626788581
0.604734668815534
0.497878735310141
0.58680430520748
0.546153136966974
0.545914333896889
0.585690419516945
0.608804764229086
0.254652624568795
0.503561113959116
0.569269227380805
0.646547739505286
0.589293150645209
0.638033201666267
0.566258511562694
0.509883201191044
0.456698558735033
0.518307285984027
0.352169575769983
0.490295780822058
0.57641843693278
0.627642266517045
0.521041507029821
0.510588089804655
0.376404132026091
0.401471658643308
0.407072578822052
0.52661198255962
0.424279661143704
0.54450097421282
0.567781076657228
0.586668004068817
0.646565038832581
0.561153761278374
0.435467415891095
0.598319035122371
0.639640246006593
0.648925289918489
0.415908553942967
0.217427050015383
0.48711175320536
0.504391921130172
0.468710561607451
0.598987818468238
0.526788722985884
0.615566343597452
0.435187805960901
0.391255828839078
0.467281966520392
0.6420483014935
0.566033070887314
0.513205679569371
0.490055240729772
0.625508649337438
0.60949260361595
0.619284836651214
0.45089814829425
0.601870643535884
0.566159897312362
0.434827371220825
0.456198268980592
0.539810502026524
0.497338391574304
0.471047444844355
0.441729349343969
0.589260040450867
0.50096733595023
0.623597316405559
0.43554207954946
0.417626887226951
0.410329424326662
0.448238531507786
0.644251693027176
0.59808843354989
0.644043161863054
0.651992283910851
0.520578044260934
0.47202987329584
0.504105992384964
0.44857022369645
0.585086698747904
0.546053933352642
0.559152067156376
0.598287680980206
0.352761289563922
0.598617737194637
0.63754131368998
0.280834867473611
0.328998371602423
0.570696217950275
0.585778611934025
0.55994988482339
0.558717269937178
0.618472034457022
0.61939848526029
0.645891014377359
0.413198390063602
0.651975228224613
0.562823955279121
0.637885565721064
0.639209867947257
0.576838333448715
0.556894593817665
0.598834655452288
0.535743840187246
0.568428660192952
0.574113139545075
0.405709919230719
0.407785594757044
0.54433915926878
0.634370057686482
0.489406907934386
0.5320426778771
0.55739049675484
0.526911983957642
0.48726823777982
0.412403135941144
0.363021327440235
0.413847368142626
0.553059647673669
0.553969728115844
0.604118578703979
0.541145420635055
0.571459172824184
0.509868599905117
0.531446785204412
0.513686757434589
0.617749287949134
0.574992746515477
0.572987486303134
0.56496830251264
0.590860351691944
0.581639826585145
0.573574004189135
0.400778289024568
0.442510510035141
0.629552191959946
0.45065498830174
0.566634051023088
0.612727896516119
0.145907707632939
0.363154120652251
0.531520097249462
0.561774316501919
0.559062620055936
0.543372457871303
0.652148608026583
0.634327717436132
0.526578689947112
0.629330427298024
0.507122836154696
0.501477753380868
0.476959654039184
0.480365392213513
0.544594451676882
0.26113295131685
0.465371583125156
0.402775478882978
0.389555305084132
0.383251973756745
0.414223074381566
0.550228915338968
0.57130523005512
0.587431212632641
0.487265961519379
0.627324087726838
0.458441260938018
0.458427799866353
0.466986210595614
0.623373774168022
0.603982879219009
0.544237591384323
0.598327544975664
0.348039800169943
0.349166991601768
0.521801942531672
0.442199665526171
0.602571120179376
0.593831568065068
0.618025141554398
0.644947540328626
0.631688133974866
0.632675571831064
0.518892527833471
0.617333570001232
0.617196455684163
0.31619929290457
0.480563225177385
0.64081355858576
0.464958904659137
0.555412084083239
0.384257717626194
0.456330233126662
0.448424923091259
0.399775153335704
0.138748054647491
0.200070554219344
0.267377325848969
0.571597660968511
0.565506940739566
0.286753905823643
0.370350820772165
0.492685067444456
0.585065335200073
0.64979414491546
0.53799457208
0.599636796545631
0.383458512590401
0.291354838141428
0.340597875577639
0.528283330155738
0.531247245393751
0.541826859311541
0.548436721710187
0.639763388012819
0.578227767225202
0.58537493342466
0.539417024728843
0.542343354457653
0.415626319067062
0.63738647365908
0.524728965792908
0.427213833282394
0.451916516578399
0.444070056803192
0.455491266747882
0.483213041943571
0.617068530175393
0.620694070229457
0.598928412345264
0.599452732643309
0.55358796316378
0.571849464355019
0.429936478074591
0.544518234234712
0.409776615832824
0.375892532572254
0.284137045665063
0.280508902275435
0.357225320645865
0.272175736050017
0.638275564707424
0.608572085047784
0.476287915563852
0.468901619402211
0.634792314734678
0.57746497955901
0.526955261990492
0.516123996436503
0.627598594912446
0.511976111789012
0.476904514601051
0.515550595940678
0.51690428960535
0.497869256381831
0.506313694203796
0.549630845545034
0.50687059521717
0.616580732386079
0.5777800042126
0.621680111198561
0.638880968811724
0.592118552742683
0.622722568786823
0.639161302480678
0.489901080853094
0.586990225831985
0.586476259317962
0.600712073674509
0.633963411300976
0.586990840166042
0.560862272410086
0.4600957421284
0.407320012224503
0.412507291950455
0.479643078943193
0.313165251030665
0.325564171459141
0.319926046092292
0.428900550024192
0.294352284211962
0.349519771801143
0.320398084124489
0.360845366263477
0.273886790983899
0.311528446648584
0.486183414837148
0.267568075576136
0.505130149012914
0.63097570706046
0.515707495689014
0.605161874586755
0.5044959281064
0.39740758814153
0.606932620214526
0.291875502064848
0.411448979982117
0.484657869336518
0.256304990687277
0.479034496980294
0.497610533114389
0.442590088542956
0.512848058846688
0.455984432006665
0.486926525714286
0.501369719646387
0.649567591205496
0.617167933414351
0.632489764058413
0.518796366742526
0.566423478726985
0.516542476134675
0.5429443826698
0.572953576663261
0.548150737278144
0.494139474435458
0.500695584607248
0.48025304676195
0.626334996414802
0.643930088154336
0.647976648040116
0.652330471916995
0.635275287434336
0.623427907726933
0.51410779969012
0.635989520602505
0.562412706554024
0.393792805804348
0.635068516041676
0.357726565767178
0.127149258745845
0.598640622929495
0.589309673153831
0.549450641755719
0.648048591565292
0.520914650778808
0.645753935822203
0.591900732416711
0.627805879085761
0.601377051116998
0.648886847581972
0.625279709893037
0.62126019841952
0.508914628690715
0.506213119043188
0.490933670254587
0.565657060415898
0.621771912440855
0.629579821163505
0.293110573683632
0.613167275459023
0.627830068538118
0.57406614147987
0.453289908268956
0.609932956875213
0.63380550891839
0.621140292459936
0.495554724616786
0.59838521044922
0.603061570601931
0.621155109987234
0.543753437906146
0.555591945703107
0.578376189209257
0.625503992139184
0.624796477242908
0.604763738066765
0.634904652832783
0.405134819430302
0.430253683792615
0.503394752257609
0.355235777549266
0.412572215399744
0.600130541342124
0.555771370064249
0.601196450154032
0.603152582677254
0.626428039509713
0.627911199817061
0.43668130955917
0.584246581801571
0.581913456769001
0.465642897655368
0.58495509123119
0.266960641932765
0.514508389606366
0.579712013045983
0.335955561845369
0.445806032500434
0.565374440590218
0.486951565665057
0.517696505396639
0.519886791667774
0.592221877274265
0.495784816977387
0.637012634847758
0.608483300760278
0.613286417090328
0.644549816013282
0.247907226074883
0.3856254855369
0.604126694759074
0.484916931984777
0.480704645992156
0.619756496864237
0.648322467205677
0.452298549331201
0.4789267437973
0.625093779390624
0.50831441830211
0.639234487681005
0.493857200633888
0.539733282053499
0.55147840468894
0.606899211682992
0.417309950719491
0.590600838431332
0.583083937457025
0.565734924727913
0.560580437232666
0.615485046320058
0.444015158707316
0.416628969302901
0.483090937761803
0.495616040812309
0.473548466594127
0.616271204369546
0.530452282287524
0.587244776117828
0.562073149468239
0.548123615908713
0.597281727170021
0.528653404066085
0.491118803604499
0.552281264876091
0.611023773683577
0.617233634315339
0.646787384446325
0.486836028086745
0.427139699362084
0.442184474729387
0.602196348371632
0.513303407257194
0.598983487937543
0.413593352087112
0.43450710215292
0.493625927267868
0.59299363557506
0.650433060173986
0.534854804364452
0.541051639039156
0.633636511056045
0.603294938543196
0.433143385295658
0.51936295049726
0.58816336824275
0.588261083498006
0.45047710059083
0.514559126204182
0.594734394883955
0.609519997664434
0.611831042845778
0.611398425877143
0.547730759786833
0.623368574758215
0.596403224614415
0.58739360513521
0.571202771488618
0.619287249705084
0.490832554359043
0.549686349356624
0.450391655879971
0.587619206041447
0.538928835339505
0.329661206103716
0.384349362997959
0.532386779514507
0.54191098077772
0.416495604469461
0.541822521207895
0.620979638795605
0.511826398813168
0.611794598753676
0.522393729611248
0.543067642253998
0.334506731658418
0.233005727138056
0.618606859837246
0.611739399168067
0.639898286247124
0.487015383502282
0.542047459275602
0.592396627012472
0.442052382499708
0.440011071205652
0.441941167762153
0.506926022836575
0.626390858738092
0.648304049763059
0.558103433727569
0.58083769580604
0.60180497690066
0.570997155644793
0.619400125298326
0.304776088604104
0.593944744900453
0.314869126554438
0.356053926699147
0.618229233353092
0.612401328114895
0.475565057361954
0.430476897565926
0.62485446660135
0.575086888734734
0.593195518127274
0.649454977529844
0.62756912549138
0.632750042497094
0.531488193604842
0.529340723990379
0.4223209669331
0.612551564012314
0.600880963291563
0.586584697830634
0.443998874051134
0.633139773767765
0.529941609433465
0.60621964411415
0.576444557448314
0.527306045572628
0.509116895796454
0.469839896667397
0.457697079253148
0.651279940640536
0.587411908923978
0.542764279731711
0.412706779472087
0.47015408179535
0.592296696953176
0.421790788439052
0.187150570162646
0.400954348251341
0.531133908768212
0.504095853507632
0.485180806595374
0.543179621284414
0.632506105447411
0.626191242114021
0.479579859207192
0.589834902905314
0.589074468491903
0.480797318646215
0.573807147542519
0.545613383185758
0.487787399444509
0.645526692350067
0.384344568056453
0.505320789646891
0.639493152674039
0.452635052038838
0.423780454098092
0.561277645207681
0.642961487282116
0.555108656299906
0.618293914481024
0.621156195049651
0.579112396324352
0.624700509900857
0.603593398693754
0.490405675139512
0.640626577765923
0.513037139238493
0.539974405425036
0.550876915511146
0.302680137454874
0.4991629260394
0.537487374044576
0.648734277857951
0.404783012373342
0.388560811355395
0.47751368755215
0.266266150536565
0.488405638713658
0.531623909434697
0.412154617872504
0.409162328552046
0.498311958336467
0.548473619172107
0.452359159807822
0.622750618106483
0.505471766414151
0.496918580185784
0.464044271622833
0.592068984003865
0.617371630577647
0.563904885691027
0.476770022138904
0.553899744096351
0.445883418355531
0.585763170192403
0.641265814477693
0.564421080747462
0.538186835603291
0.554399193628999
0.61366431694347
0.587039124229013
0.618668658581481
0.387718810891386
0.35338508130171
0.394162210739157
0.443092312379039
0.413736024789399
0.644937506279138
0.589460562883596
0.550588372368579
0.574685870932947
0.617551275303144
0.416611923435463
0.497368224875208
0.5378909118281
0.45211112461624
0.501268552358928
0.512260237823969
0.423144230989698
