0.241871075193677
0.321012383542151
0.512817086255462
0.445086210422217
0.419715500954572
0.462679398578728
0.584101649574498
0.397941583278253
0.630892680994152
0.631735153390036
0.611401172667831
0.618200610756791
0.620211505606831
0.622203986579174
0.510334729055109
0.571511861334664
0.599466224387317
0.575339517322926
0.6168729348792
0.632799066953368
0.597711007811218
0.498680063706063
0.566115046313652
0.580141612967386
0.644411492704318
0.433396903356262
0.490766218683702
0.556035955162288
0.632685961769574
0.540217932440806
0.494132711472863
0.453241913464227
0.594538533087097
0.429094070169232
0.467269013998233
0.610968375370144
0.607403611657142
0.613693667907849
0.383791371369876
0.588305213387509
0.585139810458776
0.601733211564815
0.48306831895255
0.546900912113104
0.608876925104565
0.559768481646201
0.539583565856885
0.460703858557704
0.36283407848442
0.651465599097508
0.470872468694689
0.551736757456482
0.646047901974147
0.50362252617467
0.612464864213654
0.533567065827147
0.464905755289799
0.417897730743321
0.63690170500644
0.361108823420945
0.572051615468667
0.60515956651989
0.652149745697102
0.619536695619025
0.54380680904835
0.506340723485051
0.516462623048985
0.647023961625892
0.603433463456273
0.403090369135231
0.480565557138029
0.5697732369714
0.641804387234479
0.645825908217821
0.627952053798647
0.511721101080764
0.541636556864549
0.521706027013369
0.355452445842584
0.595824573930094
0.565581510352512
0.601900933881813
0.389367159570653
0.608821870145763
0.571908963179929
0.622109137005801
0.465501711590531
0.621644422414431
0.521486433437819
0.535981071909071
0.630757474421691
0.639343011283268
0.430513433871379
0.632371140181299
0.432224039136572
0.443111417330377
0.571448122487593
0.64093387160293
0.633686784463685
0.610999633377012
0.615884594354099
0.395307651401706
0.637972493820477
0.628692039302838
0.518329016680604
0.521126500437933
0.630891727448532
0.373828508099632
0.602362486172108
0.401198216961052
0.592833156256195
0.453590149120944
0.450163570944458
0.650917855279185
0.581172345504082
0.650752451868964
0.616234412402317
0.551353615737977
0.646198453099706
0.423816951984522
0.455800879798923
0.60033420257401
0.497417476504304
0.625500418680973
0.649789191095367
0.588494106049797
0.544529709614354
0.62008233350048
0.648268315644248
0.619832865257378
0.626654108239816
0.615099462786007
0.512302721108242
0.578706050876519
0.554309951207943
0.601107118181525
0.617384565603466
0.449217308152842
0.584315348901111
0.638856131060636
0.549793648925042
0.483107365806867
0.543937570066587
0.53353601958165
0.642428188552995
0.569135430211793
0.579470688626865
0.524551273987969
0.382963557935858
0.649845071032125
0.374873076164303
0.488058909400943
0.633075716988418
0.480468573508426
0.551609712877036
0.604651075809456
0.381874405047566
0.442344585116178
0.622186997450423
0.536605879861178
0.54828169066697
0.46010077926958
0.514411032727336
0.479039750059663
0.622997097475121
0.600936543182497
0.582551575059698
0.65231069976539
0.632004164275651
0.619808164484112
0.359824393561476
0.645228880135785
0.616303203832624
0.60652510205245
0.546087550295615
0.503452741848968
0.56550860180324
0.462179515495743
0.502220171579466
0.364668012202683
0.574411969300939
0.478442545011775
0.323235633161767
0.596074187107456
0.575561106917827
0.594204397401548
0.591718145940013
0.403760382363144
0.426789770972035
0.554226889333188
0.441115114819141
0.525947881031819
0.501922443543476
0.564989323945275
0.512461841725161
0.598157005552484
0.60646006759157
0.584906022025468
0.561222640707386
0.562814686601215
0.576093380323011
0.532513397808195
0.508501515327095
0.60275848647155
0.533059705522683
0.515782071012062
0.447416650002339
0.56915971078036
0.56901338664009
0.50813482402826
0.389014329915671
0.523116831431003
0.60607884801681
0.591617142181114
0.521199342934902
0.433741502807297
0.311607497863308
0.546336173242173
0.39000469405739
0.599834308099434
0.571928390057186
0.450953306073856
0.480203387396858
0.588742711822149
0.59093460494731
0.525706801770957
0.558754298929403
0.61286852524635
0.578688948717504
0.493919693681199
0.523682664584497
0.640749739071971
0.479664332999086
0.613461716233748
0.61578506488375
0.559497093365452
0.480979585819
0.570859728931806
0.584650710256237
0.472695074202861
0.635649192962916
0.298972835061968
0.470675457313074
0.630174293060839
0.427101880201183
0.55294934526865
0.625833757001358
0.616934417183587
0.453996806320357
0.554353246677487
0.629490192481512
0.649069273334083
0.481617493185982
0.528017961943145
0.545020424974357
0.392671037519696
0.652613127147437
0.458613218899366
0.617877563482489
0.42027836028717
0.559931531688498
0.553667497801503
0.639579172611815
0.59709672220061
0.500950164343558
0.569043249428039
0.489001707198414
0.582694236954014
0.614039118657082
0.521555247424667
0.576868929758866
0.622538936421089
0.606244529834774
0.545213108021609
0.596062805254553
0.398613134423973
0.403469487100403
0.639249118378181
0.432620840097809
0.403496567220003
0.261974802037645
0.564611985727946
0.442048341756234
0.176991214856546
0.642025071969674
0.543371959881011
0.602566443011378
0.36355718321075
0.520785160918701
0.437426912227133
0.606743645865395
0.50086526414464
0.575507502234227
0.649416726202845
0.599408456979187
0.571191945316678
0.465175043509903
0.517265416024808
0.508725786554017
0.591439464797407
0.485799098502555
0.472146645586444
0.454895772985162
0.495888398283057
0.620631807375466
0.569531797941113
0.644926864591329
0.575200685667923
0.537859670978283
0.646162367207674
0.318542053286919
0.544369740487744
0.434736977617111
0.496193825680896
0.63926792632278
0.411947561299916
0.58500041444117
0.532540612557309
0.598691639354532
0.481751404955353
0.637669929460752
0.425309591791787
0.373041915579401
0.307757135962947
0.649149203189424
0.523780942919777
0.563790260300754
0.509052584722518
0.41662665504784
0.6071536783189
0.618043064287549
0.610639240035546
0.495494820750189
0.506249633199561
0.473725993075166
0.540780200809073
0.647662646413558
0.589791568394203
0.560498624980025
0.651263542396673
0.532698729184239
0.529865514234879
0.572408648660019
0.446867223240739
0.564987235719461
0.594889389398985
0.564639014380499
0.595049782724673
0.625226080841266
0.379779976297817
0.649905527292669
0.644900262984979
0.583814573920589
0.535987565715202
0.577867715733134
0.584689179394925
0.625674596500127
0.496911455021788
0.278118756635976
0.51439228169744
0.532089807534406
0.542421350621302
0.641992222934018
0.499357137662014
0.551243714348381
0.637408091003744
0.380904308142328
0.426206417771307
0.457311786703788
0.642817166943276
0.550827660400922
0.642136204109195
0.630231673587218
0.649865490340101
0.522492916804101
0.61838415667784
0.472350631194639
0.545492684962909
0.599755076473907
0.485324878653112
0.644379443763738
0.643534735966724
0.590499558192219
0.62655120194339
0.612834721006365
0.432054206166756
0.604844476054127
0.527811994958439
0.529425049664548
0.615892491338869
0.618666790414004
0.451753491338711
0.539791657031584
0.619006059190643
0.456095848984154
0.608656384768197
0.484933762187983
0.18185890435559
0.534443697910095
0.463343887963477
0.565761223016618
0.553370008399222
0.641941535933386
0.583711252476916
0.410326070327171
0.632992831541091
0.549307618158633
0.441308647639397
0.638425413108453
0.607366818295894
0.478567379467193
0.543927184806018
0.553493511487013
0.593675559369687
0.625335525188219
0.519757013915872
0.558474975652652
0.543253710437529
0.521205646744962
0.505880378888984
0.64088524774046
0.520081736391178
0.632207219050356
0.631810489049907
0.461190414444072
0.577726310797592
0.551484088001774
0.359166003398392
0.540268382480793
0.50658550229741
0.240961274032235
0.605588278406763
0.573294163908959
0.646052976846699
0.280699656059856
0.538697287698633
0.638178230883843
0.566039505420085
0.469399498129059
0.601191713829426
0.482277003684031
0.574065985170739
0.543559577636928
0.500505819807111
0.610880104502904
0.604251550668618
0.570991298073086
0.429657426864011
0.609290148421738
0.489411570433502
0.531691729585602
0.5094691314771
0.643500491670921
0.489913696642227
0.339941566997572
0.41997485467588
0.584264267431099
0.563580368250822
0.633304701219437
0.64450351818204
0.532454653676387
0.597535956333969
0.572727371595269
0.570156819849419
0.652161347726025
0.468015698267175
0.548442572686521
0.568063944813127
0.635234304354292
0.577358383619671
0.633000692858196
0.613872438069922
0.640280997815988
0.628286568144245
0.63871433336921
0.482093112623786
0.537812729872774
0.631796019102052
0.46459756809837
0.601214271186776
0.529745866098895
0.582616147321567
0.575898367942511
0.418768757458753
0.472249466717958
0.573165158189908
0.612526866880086
0.476249627904651
0.64121726723893
0.570074571050077
0.329831472041539
0.520290007373814
0.644967752725478
0.611077946433614
0.621088831207593
0.636507810797206
0.515757188413293
0.647138452841139
0.550061755894895
0.476557628809014
0.323440037421567
0.541609017293655
0.505502755891223
0.557531946770531
0.529528602088511
0.645532319308893
0.538416102385336
0.133210073616587
0.640881831805265
0.54756479673417
0.376896096348314
0.627321305713023
0.618221834059674
0.623276115811773
0.570291523958974
0.474029497481216
0.412759762194508
0.485809067966545
0.618183566955096
0.436266588912962
0.441339408354586
0.340998892533539
0.59729393355679
0.533332867115325
0.526515375524573
0.634098769101823
0.541181259078998
0.539200081346235
0.565189842625309
0.585940171249107
0.528388416424854
0.633641533399208
0.50204955373991
0.512273512623511
0.577453350715562
0.524156534980641
0.59815124811536
0.57570361424856
0.646022382117484
0.538591471441166
0.557728136903774
0.614772993375923
0.591655027529864
0.535113020080806
0.624544763035923
0.509127079829209
0.478220420533124
0.561966733487723
0.616225969238925
0.567248374806277
0.416591782968427
0.441206893647796
0.599426332753991
0.47954032863611
0.620040141281384
0.635207223426807
0.578139411159068
0.363817166729358
0.648346037633389
0.638068768285286
0.37728032898204
0.408116750926442
0.594116339813115
0.412020731101496
0.636789557661162
0.548389341236787
0.39064795075435
0.587243866726569
0.553331683299076
0.650610236889201
0.553249400766066
0.542454932756279
0.642129318399314
0.567719717575472
0.535052566207697
0.644825022906439
0.601660018623491
0.572808373041355
0.461389305065993
0.54813402857417
0.389210519799343
0.619791546731754
0.151099720923403
0.437750347921376
0.618933715220358
0.586558406678674
0.65203818973466
0.572790026158667
0.594409302728728
0.600420036556437
0.574040881889743
0.453227412361669
0.54370143868702
0.572981913525065
0.431442110993628
0.572071471506371
0.489997571301296
0.34465849206363
0.46053174833134
0.487898078527716
0.652266846575892
0.523653185320736
0.406161563605089
0.566386392218845
0.594399738907011
0.623352762810718
0.563221447196498
0.542433733998383
0.506816622164472
0.496902891076822
0.614546626852994
0.502546463920204
0.53130809098961
0.429358054646749
0.535792747303586
0.562878383681792
0.614211402423673
0.463188557143304
0.57666828694546
0.227626470822116
0.586348269598074
0.531281385992983
0.557740973900334
0.494163110290171
0.610654220054718
0.626215460235088
0.506146265849337
0.482183963493565
0.584840815364966
0.641276005265362
0.572490131521532
0.502299034369514
0.633062675806674
0.571968581986238
0.621394711996176
0.600879579496642
0.552012022950338
0.617452191871133
0.310044554412893
0.597287043461024
0.545061098931586
0.314453300957143
0.634565774088424
0.565066638799018
0.229562260412367
0.546572407618513
0.51137954157855
0.548451303380526
0.372742580750341
0.556502675076507
0.635552542665811
0.580131725533074
0.64577076509268
0.394555198576879
0.621770996168517
0.313109386429728
0.608345392592309
0.453545512795537
0.615933743780688
0.639709160656285
0.619829729416486
0.54009340585564
0.566010366087238
0.596393223096181
0.531402998101909
0.514012872846722
0.564576407978421
0.521961363225401
0.426678555073715
0.636236134038084
0.628528624459093
0.623225406792761
0.631008384128901
0.57616078032191
0.52751160132685
0.48404163623436
0.606683652988271
0.600491059447804
0.64193710169971
0.643494426366926
0.62516950150873
0.558674931539664
0.623862247352992
0.525814880632554
0.619782597058594
0.521502340643082
0.423725375748677
0.317568937984263
0.22816140696073
0.543283236554491
0.286879730435031
0.530112281013957
0.62738734537353
0.619654640530637
0.48448214067246
0.427108792475804
0.480768856932975
0.642213505634588
0.626765270482617
0.620924768899022
0.508508179018903
0.59852900305462
0.611381470970711
0.613029217389387
0.487163963605479
0.552209962652653
0.535675336535726
0.447254349422852
0.542285043314632
0.634491635093876
0.362902241646467
0.440769066824469
0.576335184807432
0.549891741117567
0.527170915160922
0.487179382047344
0.652029525368272
0.55787476704021
0.636833960304139
0.37516255492843
0.51214277032366
0.524262461704263
0.637425989937092
0.641981995908023
0.345592053211283
0.562206975662751
0.617954158197716
0.540838740541325
0.45693708358217
0.489386431518982
0.474504462683303
0.563164448967442
0.563599621222522
0.630420575259156
0.542817408266715
0.632039051954041
0.514594226825682
0.505779898734456
0.563801731516551
0.448634053358061
0.615305690605628
0.574420548897347
0.628413842678795
0.635366378733595
0.638228710420097
0.650708963202122
0.549999630280283
0.538234140988603
0.590514165446251
0.626688112044913
0.601303518602008
0.583879709169217
0.515219427336744
0.504702355780427
0.632142809936231
0.290751411345157
0.58012534342424
0.607471250174372
0.533519120993477
0.37308215006026
0.437179753558102
0.580302213550675
0.648793798812903
0.576196414620629
0.526739998324069
0.479656599570107
0.464897541833266
0.633217737643117
0.622693851522478
0.523015788675119
0.536492561287352
0.598939573341996
0.558531385476466
0.637791621699106
0.49320320996374
0.51862698637392
0.594180166472434
0.361809339156346
0.475270965508269
0.516775356455577
0.584270727141096
0.606386646995323
0.562696421770739
0.568641601534677
0.57713600481731
0.626107324724394
0.593988961473271
0.499565391039849
0.614263229279488
0.597857638365413
0.588051160250424
0.493810282424577
0.217049759232055
0.577569320801938
0.58677135230695
0.596321561626654
0.17228247711406
0.422714543306017
0.628475906283519
0.610717244965515
0.456423214162871
0.397150460005807
0.651051591906788
0.4250542787942
0.385764631860038
0.637084398894933
0.522066676401411
0.43528459795599
0.53565957001182
0.642700304289965
0.531476059890696
0.636118605570646
0.579073872437553
0.603596815445588
0.360259842846722
0.504442821785281
0.471719314927146
0.461723266884433
0.606483666404756
0.637994882175451
0.476974599256892
0.651832919569277
0.639083457078243
0.470548247509493
0.621380901991255
0.604153140958364
0.411457125538377
0.549945031315948
0.529502304958323
0.607633642266046
0.601912437670919
0.593529052557667
0.431252231391121
0.497496343182878
0.435100251749356
0.279927437845731
0.46147041681254
0.637649091775765
0.475625822566955
0.556059934857412
0.543469096349199
0.430355614087537
0.65243739798337
0.487400671936053
0.608296690606699
0.605161258598034
0.640926071176759
0.490966667234732
0.606827573250256
0.480797269936241
0.427570371874871
0.499290800687272
0.609045355470487
0.550063969756548
0.609208539672516
0.625216035998113
0.438723291587872
0.514651035946488
0.356001433763024
0.649816956803771
0.643677882520008
0.627606185161903
0.542312882374702
0.581678441800037
0.570468716558214
0.563978987324916
0.59017943655886
0.533107140831496
0.559591938259975
0.497408617775202
0.460433896685487
0.625411551795534
0.649608349771968
0.491955701286014
0.525636222522704
0.449797372043948
0.564168693417937
0.619066266874034
0.636491711360649
0.548963011474281
0.51196510064157
0.28273727934257
0.647817688202748
0.53577399975038
0.430314568365474
0.60315510949116
0.579455888165066
0.621928193766478
0.495663913404256
0.381663167493962
0.546946756469222
0.575365022366408
0.459078580225613
0.581771036756238
0.572244715404091
0.63156595465732
0.50921744135568
0.626090065019143
0.450852602562944
0.495396991448145
0.63546003375596
0.508549229543712
0.624118445862666
0.549753084473676
0.5233559183784
0.505963467351596
0.590365645063395
0.568869252253744
0.651171121798444
0.559587581473616
0.574311333441631
0.403342515110793
0.648778536624585
0.555177569013795
0.651613114309254
0.486504915330584
0.608840082626152
0.58429370455169
0.614010568071104
0.583468768680432
0.563449354522704
0.547376469271736
0.613575831469999
0.300232752988368
0.59407045760219
0.638028275069869
0.618370046415718
0.621360470194208
0.315531465209342
0.401252533337658
0.364881481084173
0.506129060363886
0.590085116589603
0.622197191753158
0.619247677745651
0.411869599040103
0.251058096849379
0.644212137118151
0.460476139673114
0.630973164763679
0.648563679066737
0.574795407065993
0.550572373788709
0.631817666255069
0.5905345372217
0.552285579441674
0.646441561732098
0.610660427616715
0.616220886892161
0.584066773479546
0.629450609701248
0.505127105355356
0.485635824650768
0.544601830417565
0.45877105403856
0.592628284138595
0.595808003212413
0.594002253728228
0.121866159087317
0.277792119884109
0.48974149981558
0.344563461314844
0.61392139727787
0.579644639841068
0.504430875542794
0.527820012359713
0.508935912345304
0.550837716189957
0.62857311142345
0.645979369328085
0.465121504931631
0.568127026241138
0.577270206259501
0.64802283060118
0.560576983638938
0.605881796481883
0.606437655046269
0.255600586055527
0.651974608094985
0.612573324456687
0.537176577154075
0.468383539134119
0.638046181909226
0.646109350410987
0.602307101861111
0.502863903744439
0.58090982798505
0.397672408581414
0.566785404465103
0.432369808255551
0.572795163053457
0.625938072654343
0.530680621079302
0.631667947136593
0.276898140734342
0.640932717858789
0.623655581294078
0.598087496996424
0.650069452083985
0.613963350833016
0.549105247348566
0.4191231481346
0.650094629459475
0.416530564908509
0.471220848916782
0.331119595534703
0.621850416546351
0.588469484927711
0.624707887900687
0.535616782448089
0.545976223521174
0.63243400395862
0.483525956634533
0.555779233376159
0.552797761597888
0.605414823662926
0.624000616830283
0.60081106455945
0.579320142746063
0.612644583565605
0.629148859488829
0.394057293151023
0.33836217219665
0.632419701968855
0.602480957428593
0.562018271747716
0.651575354870531
0.398204464663875
0.584273019413359
0.612272133434488
0.551557994120536
0.462439116145795
0.637387160931817
0.620182702188809
0.549501413751441
0.583569591423285
0.55038467655401
0.651042912212851
0.592553869934933
0.565756341312832
0.591638707624314
0.547679989845186
0.650744170029397
0.569632689814974
0.643878517011584
0.577568221045898
0.64450307917827
0.557197473806579
0.615560366108496
0.641044551954553
0.318432668082648
0.551164980135697
0.493660026326836
0.472894260645078
0.597906271611288
0.516084411947419
0.609618167202822
0.567831716264902
0.645234274538207
0.568577778889439
0.444786266448299
0.475005346563176
0.391021590621273
0.518073707652796
0.556064056001125
0.497107663411506
0.540759331949338
0.43442688171724
0.427277097635818
0.605625441769159
0.633203918106235
0.466615606867551
0.563480303230078
0.547474851163402
0.63120621311569
0.650489189015085
0.429330287332268
0.622297353762323
0.646349790600257
0.648122861919849
0.616617322884799
0.564764607539875
0.622009608727419
0.62583246065244
0.460087976232664
0.540150040945785
0.595995379962429
0.599033393949177
0.619172880165502
0.496025750249561
0.576862384084083
0.572594880548244
0.580472934410277
0.453589536374391
0.63713656662088
0.602689639586867
0.567188155362502
0.271860859013642
0.169666690954862
0.524107570149365
0.621272961894464
0.577619628621471
0.638519410574522
0.487140016387013
0.410764560730907
0.373754528192342
0.557160689883405
0.534120781288679
0.548279704671832
0.6081509089107
0.39057488890448
0.568615210325042
0.637731298568768
0.46362629505486
0.290217089059217
0.540514326622759
0.536773993942755
0.518170884535941
0.589585058781712
0.568570011785735
0.556072915693839
0.519057910025982
0.509265963774824
0.598804669323543
0.528749114032591
0.50198545520281
0.604873220750976
0.337372515982362
0.618545991411601
0.555344601692948
0.53906490835783
0.475203306533626
0.524239580745673
0.444217507158631
0.292700136211904
0.648770192480875
0.550068436596819
0.625052065498332
0.624138341238043
0.612841242152966
0.651641449383657
0.563269044401076
0.435468643876137
0.6072301607439
0.485136044195219
0.627119798931316
0.492294493436598
0.609563625090631
0.636783277088186
0.514072079654347
0.632394398836963
0.469700884370064
0.523905817635283
0.595214884094567
0.378798570314803
0.559975658367198
0.633171391008629
0.634025680190357
0.549075128188486
0.46320072912407
0.486711998562785
0.424763016217103
0.359846533237975
0.533898219538813
0.274871744490264
0.626276283193488
0.259254581601581
0.453172849003071
0.61028518890059
0.211698230882695
0.457214408014304
0.550557082824031
0.587448196247135
0.524925946899797
0.638306090068693
0.616639859615846
0.603231217756135
0.442796963270289
0.479121070505374
0.652819775101773
0.631003777010666
0.574794832891943
0.577534728088468
0.622990139912894
0.587281221398966
0.589273225281047
0.58652616814873
0.619767827514326
0.595620279352171
0.635169938156952
0.598395782342454
0.566476170052597
0.487670262927243
0.497321038840054
0.577200028758514
0.421215344356254
0.570333135920511
0.469634043716565
0.328611205879815
0.367879488333147
0.644437935071553
0.530937249737471
0.509208006266427
0.418674912545823
0.549236722179892
0.552217272110714
0.382158818831925
0.596056184574701
0.402930403647826
0.623975057526681
0.564800662593741
0.482853279742899
0.635985560351224
0.557031343076283
0.512028330501242
0.649198736441536
0.576566776921652
0.610917017163927
0.407149051865563
0.264379480590905
0.582587823634571
0.604508462048815
0.617050773653801
0.525912860793614
0.588268828234525
0.586385998762743
0.421386609005308
0.139742175629915
0.638902151634227
0.472419772153406
0.543451860862043
0.604034792236899
0.571225473768783
0.426284404128079
0.317242922065972
0.540729595915734
0.533361935105461
0.509521257239433
0.498766458478106
0.507071750555917
0.555772641283628
0.650540084591655
0.560858065843461
0.609899450312358
0.341052615528695
0.637999564289507
0.309485262875124
0.541504497688132
0.437651234781863
0.54645259888126
0.199670885053357
0.536930056159406
0.605171103187552
0.628632088968306
0.518350865971991
0.629715185172943
0.614735896157332
0.357084975755533
0.625715859723131
0.543069561043316
0.323237695517887
0.561929178824122
0.480000136765985
0.604722463149277
0.407759740016662
0.506248155188008
0.331695173104898
0.61448529414224
0.608798770594444
0.464921951341473
0.640338738046227
0.554645372349433
0.547352827044142
0.578834155696513
0.514668755243156
0.510445294264955
0.643700138552645
0.383277630508353
0.52631477197625
0.629146989337271
0.275024426900901
0.230631047157631
0.597355288322086
0.629871875339445
0.329433037613108
0.586167203813361
0.523347074804933
0.475948562894504
0.628729445226164
0.636236878068017
0.58376685080941
0.533458386127075
0.376977372831676
0.615406864537771
0.54580884507173
0.648595662189032
0.560927072792004
0.623067571630756
0.432818713993368
0.313777799071926
0.225415457725854
0.48516110762802
0.434462371863146
0.496884117635085
0.557451698995175
0.651123249055339
0.564567114070165
0.601828612723036
0.636683185718475
0.647903373734312
0.646229167280848
0.635640792353385
0.595258304679936
0.526960053331524
0.467195758456997
0.493749593921219
0.64244741435535
0.601928281467449
0.513428235702213
0.501895217717673
0.517284236055093
0.627706679057367
0.488478296692328
0.638031935151117
0.47740179548682
0.300359445315033
0.415142872865725
0.608908989167766
0.480144156379904
0.620626073396118
0.52087330065783
0.302173198515191
0.602198461798769
0.564873906379706
0.568810793938266
0.611580793904188
0.53929413737131
0.546478634138028
0.622506645229602
0.554452710943995
0.532209827928926
0.652720090132316
0.644538781481552
0.565973777893825
0.306432683777687
0.546364867592422
0.642901001201382
0.606463941041818
0.484239542745008
0.544583209535133
0.637945545556879
0.439524249358579
0.0592728918608654
0.452647739574017
0.367002619265642
0.567350523590235
0.517319320687785
0.431367432950155
0.601234276552156
0.592466859372087
0.554050885552688
0.560590081335065
0.521495494049057
0.538650641965163
0.471131917462756
0.352133806603689
0.600721589859597
0.547854974546897
0.626610019379633
0.627230886782214
0.183066377352645
0.60120014695595
0.614701732718454
0.583753471865254
0.600702986168118
0.572890368595393
0.52480273998684
0.54235506799679
0.553542422379243
0.573482158560911
0.642068352440732
0.519888898239408
0.628551755252504
0.546584128744551
0.629061782622105
0.494430519246416
0.650605401458347
0.518386518208053
0.597497369466517
0.515129936188857
0.330202159228764
0.545295300446316
0.478765220930376
0.640304144301523
0.651867682239512
0.542139977986951
0.420888556441949
0.288278610800604
0.60433214308533
0.475469714841037
0.543427330137005
0.577372380276389
0.456995213993525
0.530229801628
0.57247722260496
0.37591228961451
0.648338060416094
0.574088399171176
0.256369617722407
0.540813026618948
0.546045650761072
0.574476785056842
0.587238836730392
0.522310660019209
0.559359390126601
0.57626860889914
0.491811499382289
0.533555639126239
0.634795291284738
0.570999741818278
0.533715325437082
0.507334939448086
0.518856092139673
0.475637180153065
0.51341775059001
0.437933782075841
0.64422092560977
0.410492453912
0.641442180725347
0.48914681095372
0.582731475001606
0.487016167264305
0.596648088265126
0.523038583947981
0.644299878500962
0.389615820477413
0.612943227612359
0.365062998377092
0.552552175439679
0.444700397417602
0.535021919983175
0.423737250699996
0.594216111060418
0.584279992976419
0.633043664208861
0.586561864040959
0.600407118230518
0.609492429150833
0.64628946897609
0.55266775288675
0.5631348943615
0.463450714521313
0.627147142591923
0.447852170506129
0.643876334067181
0.577706339467142
0.514946863851265
0.555342406515533
0.596125854381339
0.450331716920249
0.372950572968727
0.613198084909592
0.574402680278234
0.651027384092555
0.586268760292566
0.48229400832652
0.50364182647831
0.485963673096155
0.164873590895372
0.633211146622075
0.492548996709565
0.13746924674525
0.54028167150139
0.535085843160249
0.64457061602201
0.63201240607768
0.437122805440227
0.604687493178829
0.45087226457997
0.643735000299834
0.646718505023814
0.48821045726257
0.501568542774591
0.517788637862273
0.605065858919484
0.56855030282047
0.38735827428557
0.562962701420797
0.563358373351056
0.631672058066247
0.614579979047056
0.608882941118736
0.622283059155631
0.385059128977409
0.434731893203002
0.565979552691369
0.64520810964108
0.491897698888726
0.565534537928004
0.468737802066561
0.652408093914828
0.582652893631455
0.604070049226417
0.569854683155092
0.536930508253525
0.48544013817382
0.448173795216053
0.585711424636702
0.621765448344762
0.480310112345841
0.42308960247497
0.58183017250236
0.561327810710501
0.461585659061834
0.502408533222875
0.630961374856989
0.61535878960343
0.561508174298222
0.504766697201775
0.613712951010859
0.348743782023784
0.615281319726611
0.550909433580546
0.484466898856888
0.52872322000022
0.597353155780501
0.627380286057986
0.642440262379786
0.62412579430915
0.637670435536991
0.645609217907935
0.370514788627854
0.432645198767952
0.582703620781657
0.632055401976126
0.515564806479176
0.648741539316101
0.291400882915241
0.282039036827888
0.408656259736376
0.47426084195645
0.611494358278289
0.612689117073619
0.585474045475047
0.301231219874712
0.406473552707759
0.411139742569082
0.649726656364164
0.520926119523645
0.459382888120636
0.504848088972699
0.626380213655706
0.566945695033694
0.413413376912005
0.573284271084882
0.602726014174655
0.476968504598014
0.635803162635085
0.530299240266575
0.624646637930341
0.54475536693737
0.530943623436166
0.480862700078842
0.623734816925908
0.639398257737227
0.566370022144279
0.517938124258255
0.54564632096789
0.57579360126062
0.62628734141357
0.592445785136555
0.488751363195173
0.526453211051624
0.616221445308752
0.193434778489274
0.508430981690319
0.482656191747247
0.171895077600418
0.630765396878669
0.589619238842465
0.418214960715201
0.360653053620208
0.538028378254943
0.351103836891121
0.59171201941811
0.621999813683554
0.263370935816028
0.628513916023895
0.613529645334258
0.409458343737184
0.555352586353181
0.484894222171455
0.495783316562028
0.539714598459013
0.636095844854776
0.455908314442662
0.608273511941291
0.624775895317736
0.568268385594003
0.616874302519433
0.645560786374063
0.607811249894254
0.46737058317146
0.524550440745077
0.60482278295963
0.295711181575672
0.542041074787894
0.536359098360389
0.429776464066427
0.610550910589814
0.433442834890706
0.631713717590162
0.601757250578635
0.516120135502189
0.547017043239098
0.607652204250346
0.531471125168145
0.462893942737912
0.532504968674294
0.595961830747416
0.612801155028781
0.137184556176511
0.463682682944526
0.626767856072369
0.646599364262795
0.559135739083185
0.546440763515029
0.591684276962666
0.568931755238524
0.627045665790149
0.609613237464786
0.468158984016643
0.600810489288213
0.3305194661026
0.422988693664933
0.429891074474562
0.432322506843928
0.541373263935878
0.540499250385408
0.368956679945734
0.610508298129583
0.430548436453859
0.566586343569064
0.603212547631626
0.610072775463176
0.600991001856543
0.527488961742191
0.50436101412708
0.531501385437887
0.443342293457525
0.62130538044153
0.582861214185737
0.529853034631326
0.618601099410577
0.569478622572694
0.4662388429478
0.616534990738731
0.518015456919851
0.537293108476784
0.611424553335412
0.443254528504735
0.604185632359508
0.54736253813054
0.548173613035906
0.618049729517992
0.569735629189296
0.554016714289062
0.633765757852782
0.428241394124909
0.548924623498995
0.643970618996278
0.613437187890513
0.507694812265258
0.629778749839022
0.57834042831599
0.578026139640699
0.589021230239285
0.564750266752388
0.588480677205182
0.213930817285462
0.576148807448557
0.647831092752007
0.567055754047552
0.579558619455031
0.381475025112574
0.389738761988623
0.573162877680007
0.549985652256313
0.367474058151153
0.550597431049346
0.6040492554162
0.531563871718155
0.526166033051334
0.494935604478261
0.47077341368059
0.543178059655422
0.411453601685298
0.608143961958807
0.557364165063369
0.628444397705243
0.620905149310627
0.473723412927145
0.633729239415863
0.554022717448681
0.53236346185508
0.446206865694531
0.560500010675163
0.569890745918049
0.584965725995214
0.556790383817146
0.413807609534924
0.615518956685658
0.579321593409308
0.506076639088429
0.591762365753098
0.606321674115281
0.621976808068752
0.633936994551609
0.221383155171689
0.513462817842115
0.5948265497824
0.594151105276409
0.649120820809652
0.625812509613345
0.533156588900489
0.425587054787742
0.341317225099072
0.6162805192483
0.573235772651397
0.608238459916925
0.602531891196119
0.50952020177856
0.53683896849824
0.590158380967441
0.623955811963097
0.493136334496401
0.489305470378496
0.506189317685479
0.534514115912603
0.273637917805736
0.464060274463828
0.318020996395817
0.494393232902464
0.598810997484412
0.572329383048831
0.646332454257496
0.534248066666417
0.573491189656173
0.604654521505509
0.600628916685582
0.609872871108575
0.513025785879109
0.569251348887271
0.490042324996087
0.442332185889178
0.524047546767837
0.368781371823115
0.51149387961518
0.478216094957093
0.266587395038581
0.492649050566511
0.548635865601539
0.636915704972685
0.505489485076431
0.525020233332731
0.449655852042703
0.482325801963324
0.621625901246012
0.59458456779353
0.53548036744025
0.598989958915119
0.498720106102018
0.570174237109025
0.593788995216321
0.635160773435057
0.608857256686004
0.609500629215249
0.367774145802488
0.643310804546228
0.55425900572805
0.423468781090143
0.638231851016643
0.541548211019726
0.634400136392044
0.530585736313966
0.652450516351388
0.570410454549347
0.623225507232142
0.28492572929144
0.610532256248822
0.457578610400299
0.441849734555074
0.531201502233742
0.567926437994144
0.517298555746142
0.589781957198784
0.481887943603316
0.590797032309407
0.563944761649253
0.543728905805254
0.583990412871763
0.640373771586226
0.548899315276083
0.473425436684743
0.581076134777124
0.567305862791612
0.396522701701198
0.509098551188479
0.491358197283275
0.550732227895257
0.265981738046091
0.398434102447926
0.649333264126218
0.590242964794252
0.565033495258539
0.618552860044009
0.621508343234282
0.569644555609201
0.503934593852416
0.629010397979405
0.576183983595204
0.489462642373338
0.548461898230769
0.514225775368446
0.464112672045767
0.605384836388824
0.452191657465386
0.500315188027043
0.620863578537857
0.539785520654221
0.473758881260838
0.44857697243882
0.311070662475545
0.462819806412323
0.646516725340504
0.5207562653056
0.651227831971295
0.488101046663946
0.148609270218464
0.502604015802282
0.49639563308885
0.602361830241076
0.652371398125737
0.512384669409835
0.592530919585477
0.459527563967392
0.606874654937286
0.58187070692541
0.648325821682312
0.520181334630055
0.573086489676743
0.618213325497359
0.598774075562835
0.582997569208963
0.480269437825724
0.628199354219304
0.647087179183342
0.630756072317608
0.40570288209441
0.437665814753969
0.561588941978423
0.509624248669903
0.544914265752266
0.621644768956144
0.331590706747926
0.527422549314278
0.447526458683477
0.535522450088767
0.27655495896086
0.412443112264624
0.643568741887868
0.585893263509562
0.572436195855921
0.623856849633442
0.407321429374595
0.418276560651213
0.425579699197403
0.552108195444883
0.466132358567593
0.650738273036918
0.431767408321291
0.651275558075841
0.596407232132221
0.533927822967705
0.500523539426347
0.358219565425902
0.612370903217532
0.586865486514875
0.575150799646895
0.509869271441285
0.59653692813282
0.594166809779097
0.609011061088717
0.466738146081691
0.637739086168086
0.512291230596276
0.282836969446545
0.628432061124595
0.600396423041107
0.573415994414689
0.378311959140416
0.380929722509669
0.445331673873586
0.638807841843998
0.478421778143394
0.534896568468508
0.650327230188908
0.495883011209431
0.584594806368094
0.546671666959413
0.338290317023961
0.641226339439949
0.350781300603853
0.511330825762319
0.575595265369354
0.642165646737666
0.600140684587011
0.64792766325395
0.546368671627454
0.588861563040998
0.579310234290325
0.622629893272547
0.41316579589387
0.506513738875031
0.630371038337802
0.610546761064252
0.53403004780814
0.615477081361611
0.534116468781347
0.608264294132817
0.601896992968485
0.619036060760215
0.615475378370683
0.365926794190373
0.645681022336579
0.610180287280622
0.584802414960201
0.620641581654196
0.553101637638147
0.639721318964962
0.55401867844592
0.488355830119311
0.269151974561999
0.6472929591199
0.565188329976436
0.251068343912914
0.39260256200855
0.651295672877319
0.457239346501657
0.480947964660204
0.617183715324692
0.309742404968576
0.594974748013715
0.610342811809204
0.606731312427157
0.45984971307879
0.614401297294926
0.616048058726454
0.646533356613137
0.602079366446508
0.646794891180549
0.530097227321058
0.579294452504208
0.644687536757228
0.589655482181046
0.553989211927592
0.510653698160522
0.47721986509993
0.461958408374654
0.37136086862008
0.562304012262964
0.569383429064644
0.516806184079658
0.634954676264529
0.644560170435807
0.569724588885236
0.510517961392445
0.619574895329966
0.621081080593137
0.477401970141642
0.401982594864764
0.517966771938339
0.349803713045495
0.570738908769136
0.487946310324555
0.579573257426584
0.353511761342745
0.410251421404256
0.649266594403611
0.553300409272892
0.155603815445896
0.522846525068184
0.34526475424077
0.505147426455001
0.284053486719058
0.27244242042812
0.5447062361758
0.588588384618141
0.529975067189153
0.6222023761456
0.599343866291811
0.616466640617398
0.370179505318249
0.453495876234706
0.569727322558527
0.603464039601507
0.528162265255988
0.54945187703561
0.591032588076908
0.377061727265324
0.443409641598865
0.443731898865547
0.372477143573281
0.648220964434325
0.627446954833701
0.580454491602495
0.623152404516885
0.552644562902392
0.647723614733833
0.481180508086262
0.646602131195304
0.60955515809628
0.270810842779385
0.564816978541187
0.583417516092478
0.599187638923802
0.336976792365353
0.480110175922013
0.330534741858539
0.613532103591756
0.522080933180133
0.513027137664029
0.638651529829047
0.499434663914964
0.541289068133559
0.507843109163961
0.457864383088144
0.495578987515632
0.508644275511371
0.54437356117574
0.556836566431389
0.517812364192479
0.590824917634154
0.537225481524372
0.590946749063659
0.468159259796332
0.599419827761783
0.452263347836392
0.46049482331819
0.629192230351374
0.578591963581995
0.570447110746629
0.546375286615638
0.610572012659333
0.538907423052179
0.525489189791901
0.585009251469317
0.593887973231595
0.619090536901117
0.481392169369547
0.407443654340202
0.223577792153422
0.639948605692674
0.589060176472066
0.644644916202213
0.456828673017808
0.620422590572062
0.607093966308111
0.596991867165381
0.634982465946198
0.553941748673069
0.52808161038658
0.477494113892714
0.500559754101413
0.502554969542067
0.34578549171622
0.596333619054153
0.576587162862664
0.53379917672706
0.621517968060101
0.555457567564943
0.530757731315821
0.620091870328085
0.639731692735616
0.63969986633252
0.533926581727609
0.651738234692149
0.455883762872686
0.520900484295899
0.549151090094175
0.646443245123193
0.611156736172985
0.595469331929432
0.612808427255654
0.554366783893709
0.637549442147902
0.418818415706734
0.610892907773313
0.327452752383676
0.544760843887258
0.613964717354314
0.342327192492301
0.396435752407097
0.552521542142408
0.623455478573
0.551223059378022
0.645373669804708
0.608583299769036
0.557665923940012
0.498644257089442
0.623330119048309
0.570697916519867
0.528257929309193
0.635449786110229
0.520925272443205
0.602746236692236
0.620901069681007
0.648729154732321
0.613495320817543
0.554417756081758
0.415243748947018
0.557986613416459
0.426472845265219
0.642779607958896
0.528184398369827
0.512226658570468
0.469067091149316
0.582181060446115
0.625678782488049
0.630443528762793
0.367885076317931
0.56743204069344
0.559613640452968
0.613666564420844
0.540910154734345
0.43905298562071
0.648342662724694
0.575280855720281
0.601712100532111
0.55641111240967
0.406339251161917
0.447251322337956
0.632035865692257
0.629303185035024
0.611336682178886
0.582161543256942
0.576677736948234
0.623891643959824
0.530126417260206
0.505001010165599
0.637493282653299
0.456639726610803
0.559527379531984
0.462043694992938
0.529887339957889
0.582817053975689
0.338598497571541
0.607339985542865
0.625973559349843
0.507183951200531
0.324165554395047
0.596622032611048
0.552632240084751
0.558663237661416
0.599601681768005
0.413961520106996
0.632946523669403
0.352100865765084
0.510527755521302
0.483908954629581
0.317035720704456
0.648829477402916
0.540218492920948
0.407255165476128
0.556655960027934
0.578618903532167
0.615563439994341
0.582903789974064
0.307290396721429
0.515341333807807
0.642587664598027
0.45918825152846
0.408912449538765
0.613147497390135
0.536051353249159
0.514820735212582
0.652539646372024
0.57043392085579
0.584260760383878
0.631018435328644
0.639359301390298
0.640441091496097
0.583166055746727
0.580444867009887
0.638558643407702
0.43437363404097
0.587843754304552
0.541134223585387
0.626775893597022
0.397073096934588
0.575551461341132
0.566278760842556
0.306821579788544
0.356293508077518
0.606494743420823
0.642791019400299
0.550126829128103
0.603441898608567
0.623897573246914
0.455933952203576
0.640915731761036
0.613667526642989
0.641434592038951
0.533023729872526
0.646678624045132
0.619008369688507
0.569116862171785
0.425968099285415
0.535261138100764
0.646108873832653
0.310444793845118
0.57905459611889
0.0476040295105516
0.442921827113885
0.634622253240719
0.315782732574457
0.537030290101385
0.647511707487475
0.234130008521034
0.48944089616642
0.623669919664922
0.558544888132563
0.575324435687038
0.612588185016759
0.587834353582595
0.576458728170447
0.455429175691736
0.590337286420832
0.62618501741786
0.507609963665144
0.414029175809326
0.490418033508717
0.601114900435258
0.54489771749456
0.307113503346252
0.646400127109865
0.548444600296105
0.597609121021511
0.608905215171243
0.548113487423038
0.564212671634926
0.619077820881546
0.487804798286734
0.579325532156378
0.646561250285488
0.640925530251328
0.62650520710593
0.409800280500758
0.615248681411132
0.59951692942941
0.523032058520517
0.647459504067158
0.599177533496874
0.629409270419032
0.34613580665039
0.546331326726955
0.58294185791007
0.577467333976032
0.628347141466151
0.463879708256319
0.625237891497731
0.640063507849569
0.505735510182512
0.566713781536274
0.46543094188329
0.56308021651039
0.616406304229916
0.636188546271347
0.63193298584319
0.558348568677786
0.381882182970918
0.596472285602808
0.557702116832543
0.542241323755401
0.570336073428459
0.561219500844287
0.51480702921532
0.642707551966752
0.568492741144051
0.649476233074264
0.439690236406921
0.599350098696743
0.578402697792624
0.599421647683047
0.525909293345228
0.420530780245644
0.517339662076179
0.594749945370273
0.619912729026242
0.426951080136426
0.498695388361105
0.542221240058757
0.437425458428229
0.542339115014318
0.61542652103472
0.591273962031324
0.423935083472732
0.539757049915085
0.611773444344263
0.606581097237057
0.537100215332567
0.495136727054981
0.31104243283015
0.57613932954762
0.608692056759392
0.498882154329147
0.524298527074534
0.220701853919258
0.548320644595133
0.578354002831111
0.321876792571029
0.636777718365098
0.625793278892676
0.475806103489052
0.263065334381673
0.55763448892929
0.634996881689846
0.467759127387288
0.581324879088418
0.399774602538628
0.572873877883305
0.467494083678995
0.449200334742123
0.606404514159408
0.504039419626579
0.619610741550468
0.618778730450192
0.585388209524641
0.428689250500731
0.631767862481779
0.407980465559611
0.572081296938982
0.603732464731571
0.556043464789922
0.609530079184393
0.65107847112448
0.555675654826926
0.591060108845508
0.582026816982462
0.622241137169271
0.243516086881779
0.510698587441057
0.645750545098462
0.629204073188436
0.544163184094671
0.547675813474585
0.608848618537222
0.56111521068936
0.430503866292491
0.512107776420988
0.490146646634305
0.474435589999764
0.49359101785159
0.464244089657505
0.575265531864209
0.536646720488909
0.652879664216686
0.501247113976021
0.601340751640703
0.519965689572008
0.626572489631834
0.364932351950772
0.54683810481623
0.589788924347107
0.345542027750924
0.273760507085171
0.366509773795966
0.588167959878466
0.628024515706247
0.435072455833581
0.581017837170378
0.603322293348061
0.499577208834016
0.57059495881623
0.471362271866982
0.461038566977489
0.568725980912475
0.533091818455791
0.620897341009937
0.48831407270821
0.59950514521765
0.623641893700178
0.46323374717679
0.528364541259088
0.582401581224177
0.556873135887844
0.602299827655912
0.624620719593464
0.40182299355245
0.511150903801059
0.537228029952485
0.535818760962923
0.591825978410152
0.644767096119264
0.648444919822572
0.6199971366819
0.644719504720834
0.54739965076901
0.322008476656108
0.543553432606602
0.607787183225425
0.494523259350061
0.529536657313062
0.579201192840353
0.61051928817267
0.524977598888058
0.465701085038601
0.602330028459744
0.508266772400659
0.418057341401334
0.603318276873604
0.626208794310386
0.401480542477768
0.315747793081808
0.615976202300739
0.217702205494758
0.612977567393569
0.546797039297242
0.451490686013145
0.540213271790688
0.651652073760664
0.644312683608466
0.380458411624969
0.640859666929647
0.557672053831321
0.616868137799763
0.557391836270485
0.487872157678392
0.562670851596131
0.613248143377961
0.468241944167592
0.584213162149614
0.405205506914935
0.58889968167595
0.563144491819534
0.397171057562479
0.527094309210889
0.651823075375052
0.530994290299074
0.414737103272176
0.527502005187526
0.480397961037442
0.510101015431111
0.382225255347038
0.563138897228961
0.650954258625974
0.469360646165865
0.386515602549394
0.432388455001823
0.41337844027072
0.574571608928131
0.584989325221253
0.560930672564714
0.622135232576432
0.315754265853416
0.566843344954107
0.613970173260105
0.536494488781224
0.631205907109971
0.579511646155979
0.456492800573704
0.617980555021293
0.347983685830749
0.443196670592508
0.413910406264878
0.630793440188459
0.586168063687412
0.547015455985095
0.624644608507413
0.652640965195364
0.509510825859674
0.456630799038758
0.515440053907312
0.551878655679902
0.528668671928996
0.503811606437837
0.559363330550512
0.651003327028037
0.462629058143697
0.610496671330721
0.278416351382788
0.618703193436001
0.616523787599032
0.570305453183443
0.587392865898916
0.535937367766856
0.591973988053797
0.644410550319142
0.535878221790622
0.404661019798042
0.549075940838363
0.268411573706208
0.649572744059407
0.573475094804266
0.472900447961973
0.574191320405028
0.621071693583916
0.642525888676284
0.611623897485887
0.482455786714995
0.612247572476433
0.425415442480336
0.627802106392532
0.566814292662835
0.568136693068051
0.523126474077371
0.351321028379671
0.542504463030474
0.586683482663977
0.585804127272977
0.652037867444539
0.593287030440015
0.64303298497783
0.502610594505911
0.548399601397365
0.612101167739718
0.383808760058081
0.543612091898432
0.446852858330254
0.591868589717357
0.456018989190887
0.578527304608934
0.613993527832322
0.526478986201869
0.45876084097667
0.600374754268664
0.625354949557095
0.480557965408325
0.642827499908423
0.469423243140282
0.492092777332265
0.381588933657824
0.496980127710003
0.649047380412649
0.574769820279734
0.592311240099537
0.537581045433038
0.607044355154055
0.505022830332312
0.35923342956057
0.520955345979094
0.604095784334842
0.522332484817453
0.645848210897437
0.469775338218062
0.547748669863158
0.632499028311376
0.648747414671201
0.293784879573913
0.649724292087177
0.612471620117296
0.500958696033668
0.608467123767055
0.505291703034729
0.609008617503001
0.627510282726241
0.399900527255682
0.591016597923159
0.570874361512686
0.31983285601064
0.485825262101104
0.580509681026464
0.596439043084088
0.634840840113847
0.499122347263011
0.540137095634713
0.321306448290369
0.527040586765027
0.478713656439751
0.523733480089912
0.636543533653216
0.641384751063308
0.321241722723611
0.637843827142268
0.626203422169187
0.253407327734335
0.539105946581601
0.496372351193905
0.590983002315616
0.477520853117624
0.517093634256335
0.502774004670413
0.633845947302169
0.612310709462699
0.453440593274211
0.526204825818279
0.432563406691796
0.605768253809924
0.640506862128486
0.611423482149542
0.420914722709745
0.572324581121666
0.576583323059681
0.539603833373284
0.598616735021285
0.60114677420244
0.552543497585236
0.557130888141161
0.541150058538275
0.631700852205508
0.618536066787859
0.503691904250317
0.445350739491161
0.629760997099248
0.591229027690282
0.519277595201968
0.54293830568888
0.541406348834634
0.430312661562123
0.64510566757231
0.59899598252931
0.478164196329919
0.447479945243296
0.292741940313523
0.577726153445355
0.514479086992977
0.32453345817443
0.560442408060289
0.491614264692149
0.501321384795716
0.416388700620095
0.287472348618612
0.50249581476801
0.482757426952085
0.642549384770304
0.638849023211188
0.586545972768426
0.56890766749666
0.561294279973337
0.587021381097701
0.652334752398693
0.498056945766725
0.349057053800386
0.543409007045062
0.385603412772516
0.590109626595583
0.504788520056757
0.602723166399462
0.599439170965773
0.493825765982473
0.634141320517959
0.564192046214814
0.608942112425357
0.472591560851616
0.628620706319601
0.650851475259974
0.642554081769452
0.337388955608737
0.599841852838463
0.611783473590582
0.529161819470501
0.582079201669864
0.606547908604647
0.473173158060408
0.603954701327853
0.598103289213133
0.380820897673665
0.419503719255446
0.632739102442373
0.508716644910958
0.604206191479317
0.625311691811631
0.554354805724552
0.645271262997205
0.472489052636041
0.563437985862995
0.474235282999915
0.458266458833368
0.531286635575946
0.484764337659111
0.398126198838918
0.53395986325347
0.418975450433843
0.517157453487802
0.61866293282199
0.479728099864423
0.38902435809422
0.42850035970781
0.494115638893584
0.5768996735396
0.536612677187707
0.576463299508773
0.314742940011558
0.519160761768047
0.647907203005373
0.482000301271459
0.486262062201937
0.47133605339004
0.510123445050716
0.440098580857678
0.234570798810918
0.627694266009792
0.645189592152353
0.536345588750104
0.377895862725448
0.602935324939794
0.339461264767671
0.347157156492045
0.495748814339566
0.518527424572233
0.30945817431605
0.639553136578292
0.584319085557683
0.63340142018015
0.533077165009613
0.556133893314561
0.64879659286986
0.561319048949181
0.542769523347575
0.604501235898973
0.451549756131216
0.605597091330664
0.641801959194097
0.631407467577687
0.428410880716072
0.60612595898796
0.569283563358268
0.483729751234201
0.298003867212405
0.292027566785164
0.521138687249703
0.594900522799989
0.551982176970656
0.636523636973159
0.584427299935223
0.648480031261656
0.404046150124073
0.522007998273022
0.615951277041807
0.487546975634618
0.607332515804198
0.593372625664859
0.477458110278123
0.625893079019517
0.585232918336354
0.499411229906691
0.586574903735859
0.600394865200206
0.590209313499129
0.518558916837404
0.542738214000583
0.439431010272662
0.640719945035118
0.466498995494632
0.452568967550258
0.565509409636039
0.425385689762203
0.610707012730683
0.576114162067777
0.610487262820177
0.447915960260162
0.580873580085492
0.600242138150699
0.551288550541888
0.496990297920766
0.642147755577131
0.59076103572331
0.553415186766699
0.526434859505182
0.634481918986011
0.561112146889884
0.652862275264672
0.613475970502034
0.621219634293985
0.561271419805402
0.514925754989394
0.554709339945122
0.544640477823145
0.55373891102725
0.475804204249952
0.557919868080023
0.500972100044647
0.401673944388755
0.627010342166777
0.468015329627004
0.530502959495724
0.504735293839346
0.6076674195081
0.350108136806115
0.409635040905083
0.320606800274973
0.614290446496867
0.633491487215792
0.65180036236116
0.566674203297053
0.644826623305806
0.638664458610363
0.589167841963895
0.538389032444471
0.472569368105947
0.6128435598438
0.585326522301863
0.581376730236774
0.534465800703018
0.584297315569311
0.542343957854165
0.64049818647626
0.557230183717077
0.43609205521018
0.567007979540668
0.444430856140831
0.632398199363847
0.281234853504816
0.534631786875183
0.586752058442059
0.398916204657332
0.575800545098332
0.55784376747714
0.369026628100672
0.489121723388227
0.491753714268467
0.582284187400428
0.651615513352363
0.613636014408606
0.340806821640306
0.526199110937412
0.588289007250572
0.243898138570789
0.531842145329846
0.574707979570268
0.481688786108575
0.626429980340201
0.509613953374194
0.403787268543414
0.588758554657245
0.602446064157339
0.442387801065235
0.607453293880899
0.415745398063367
0.398887302978128
0.57997831887159
0.602229774156962
0.624691382122414
0.643814626662286
0.618442114352705
0.460465128744352
0.434869624930568
0.504957238096149
0.647566163816622
0.46602478258618
0.46237990305763
0.599314938059539
0.550526232378897
0.597730222882638
0.638643893859036
0.410943492899939
0.603038516568061
0.621521373268864
0.47061770982052
0.641899613615494
0.520145892042282
0.587656566483827
0.564040952990732
0.646589181660741
0.48949367624023
0.506505715684544
0.566391630550488
0.613628419169158
0.584648282927489
0.588488255495738
0.626795933965294
0.621094710447548
0.0734015743442642
0.651992837268302
0.583587993042742
0.452938513744816
0.609704664880596
0.614142266986745
0.511117257876303
0.564808121382007
0.642095352133274
0.622032295269826
0.58424845061708
0.40852790591186
0.478472790286024
0.612803120885522
0.497889698625893
0.585259615045843
0.599332386935162
0.51687847049014
0.483579441659839
0.515996905097112
0.602657104162593
0.363898529958797
0.592860899064665
0.62561935282233
0.599189279419201
0.557357787198985
0.61461224283141
0.253955192394946
0.543375133215805
0.632161390447081
0.57845474336581
0.457788823339407
0.598741110529569
0.636397583413217
0.501332008178866
0.632779944516049
0.531580672216672
0.6225753480095
0.5791847712359
0.541107699385798
0.538108217127673
0.517281181719512
0.592074787608245
0.55687786469094
0.59232380105218
0.55071212996669
0.480859220866747
0.57290106335206
0.507107517144305
0.497513118204229
0.635131497196383
0.570289857194299
0.454697896922832
0.553014075777011
0.594563744944601
0.594880163550586
0.632813339764908
0.609239056242207
0.298446888916882
0.530716069942803
0.36764061971571
0.620227182058677
0.49739332293279
0.522047771522291
0.308799543434592
0.523816173686961
0.52006849080423
0.402943365764157
0.601240775406698
0.623306007445515
0.609119436061791
0.566983671228924
0.630464629349567
0.595480524639354
0.609246212870257
0.644637102529086
0.369906484395392
0.520521032639125
0.640107461225782
0.540585221480366
0.596940706516679
0.560686654690612
0.628511427473675
0.596889379167265
0.503579214166528
0.444042220849493
0.617663141566779
0.644076555716787
0.467917252075349
0.558407181312259
0.422558871537515
0.571849114856428
0.591301603094298
0.518951111360275
0.512656142518734
0.406711520513507
0.641622800264132
0.542981875324242
0.624293646795644
0.561922843639728
0.549646988817138
0.637438608478407
0.627550130638474
0.638949144327908
0.599036292608794
0.617151218826617
0.490729594319769
0.571094323827575
0.516516370416132
0.635069524463261
0.372240694808102
0.626665952360506
0.38906144786621
0.547743371735836
0.495318630999717
0.516519355546689
0.615101718265311
0.558341174556032
0.608977907731525
0.435653649700945
0.568289306033591
0.510637542626528
0.236350360544369
0.608696967038319
0.54155294798734
0.602447375705849
0.428187921817446
0.447127184702815
0.412441687028131
0.575171938024013
0.524216502023608
0.616082890079161
0.239014982963707
0.623999850498241
0.497158035720238
0.449623638357945
0.402447798131962
0.611791410764172
0.620022651491002
0.457481738339242
0.565674962442564
0.584562627244892
0.628124303128978
0.514269166156253
0.651937299389681
0.604501243862384
0.357744811318564
0.459183680785427
0.567647574169059
0.374337610187497
0.576624877984624
0.535726794558385
0.516400835062464
0.399650488522905
0.485907502983074
0.599279564291283
0.477378329269284
0.502712809828168
0.510933849334755
0.473532139000292
0.470588374041525
0.441225434732831
0.496231655649596
0.587276145313455
0.53836839244429
0.566398809256001
0.646148429302004
0.565472644065346
0.500030308402477
0.648119090606453
0.441046164307375
0.536430106192047
0.597836030301846
0.493834625406853
0.445928614078768
0.512281945329522
0.625071420260937
0.614785490720989
0.644234572289577
0.490979345499961
0.449717902650134
0.510136889199836
0.649794009196806
0.486719697291238
0.474138894715899
0.627930336634161
0.556941684500179
0.559242397133265
0.621447198236969
0.477701517586051
0.510006854668323
0.569201863686381
0.506937087597305
0.603414789883011
0.606702823323503
0.58204077440994
0.576421193512043
0.571571511479298
0.518629603365421
0.388703173665232
0.634738563119931
0.636733107155936
0.588138737382925
0.484452767774516
0.608281458973026
0.600705815554133
0.508812062309335
0.486005599669489
0.638478760327634
0.15026678773504
0.620633914473433
0.629121171978868
0.499571371471008
0.611537074899154
0.487279971019115
0.650025360992427
0.597045131960062
0.607122133204992
0.411407998088948
0.643162255196804
0.442822005832086
0.636387210654663
0.603519629911564
0.324974341610601
0.434146597008103
0.649453085918787
0.329757101407873
0.435551914790673
0.572755672849525
0.652882682292093
0.494263319267372
0.566089511174124
0.560824840266202
0.517413626640987
0.542347340114718
0.621159289886287
0.588137257897656
0.467036764791823
0.641554041113608
0.503080623554711
0.601418027066693
0.585538217408842
0.0679310248481699
0.592649476955765
0.133742236269495
0.590263896035981
0.621041880375871
0.462374247763725
0.470522003304073
0.648047543094491
0.646524763454904
0.564313074286833
0.567376283369623
0.470988236720857
0.489325503533003
0.617737025700114
0.615765676711207
0.603025371251369
0.597883590494703
0.649373892665968
0.568892807329912
0.64396579262288
0.617654110370052
0.631068797029502
0.596191932848672
0.592651408181189
0.346045873307941
0.472864047963104
0.463475444253439
0.436475755020966
0.521808405692772
0.534716007343061
0.622907319998537
0.619126464324519
0.460427899210781
0.635878119703533
0.455818906774704
0.609904211707393
0.609134796351788
0.528892024616047
0.583881261068458
0.612729954848104
0.573093285135088
0.582074312904723
0.493430213875422
0.330234637629327
0.559900217196133
0.606474954299347
0.592436688347634
0.495377966504126
0.308191003178758
0.444230754021022
0.474069401484317
0.612772578986478
0.60169731048709
0.639341132841812
0.561545291350321
0.461037648533899
0.567491907340781
0.387768290882186
0.36369994565271
0.423267741605557
0.597134341156534
0.554608120711196
0.49605584553441
0.581581560168375
0.540636135404532
0.560474839253963
0.371241054385477
0.525323647530022
0.589924718080168
0.604423194946838
0.463549876593141
0.600593435155357
0.645099703343795
0.6335278758386
0.293434859428026
0.515724377524497
0.591338428752007
0.472733581018374
0.56822178905018
0.524229516505747
0.580239073989346
0.610630487274898
0.558789418355058
0.637349682399242
0.591958518585485
0.63438939240569
0.580940466521704
0.47811756316583
0.417151812003112
0.598339323183856
0.544488376765648
0.460587841075399
0.43643325328946
0.613191998812053
0.621383800797714
0.622159313025939
0.605139463915301
0.595885571999732
0.593816711409989
0.450160095116181
0.613966106273164
0.420194099072001
0.646223835688527
0.546463119982541
0.462543022777699
0.610808364452108
0.530525745184272
0.583015563466563
0.391329642310156
0.317262893426563
0.422760795982845
0.556642149079956
0.60576957430977
0.531586118114416
0.623713551583667
0.581282235929004
0.587437377592357
0.485904824809917
0.586412390507584
0.551402708646526
0.544557942017872
0.58941708998536
0.436262815334524
0.533558391460178
0.51934147167416
0.617407760902962
0.635430799430306
0.495974541761844
0.606868583587153
0.496571909552884
0.398554715024242
0.59346196984023
0.504644682895414
0.572857740358187
0.605825482150886
0.605437178880111
0.627582408137588
0.413914882705349
0.544241369070766
0.637764954646411
0.621328901704553
0.479201397760191
0.645088505020346
0.536493853807797
0.530214219967043
0.455887102789133
0.546673165658765
0.460334020723696
0.601394152408555
0.585345785128507
0.535459815401035
0.457359387176016
0.650835028286591
0.591094178679809
0.437665173280215
0.590789631662293
0.583233677106502
0.373042911606326
0.586173514187124
0.49369093347269
0.568679670519984
0.635314906997292
0.477402090512602
0.548601199441384
0.564079012435434
0.6143247684501
0.646528207708243
0.6077488749759
0.445807365897329
0.597823378943697
0.525224066087625
0.498158217709723
0.533109804152536
0.568648114832
0.633436354442842
0.645674658729646
0.450058879629407
0.496461512451525
0.51600144491811
0.591114714646451
0.640360203235578
0.598572021046125
0.623356143223187
0.476196222032828
0.631841789496285
0.422098537920857
0.465296976386813
0.379880992125447
0.199061936677872
0.383319460137966
0.563785391035632
0.613722649746549
0.32387260363652
0.525088220369327
0.533769012276772
0.398076575116238
0.568114674462739
0.550223420035596
0.643660999752462
0.546870465380639
0.647028458633219
0.593032865574666
0.495354971636461
0.587887006311095
0.612566256964525
0.560591070761342
0.626507039000964
0.54976744685846
0.447923339593935
0.631660315637566
0.626715339485671
0.538315105022174
0.236769931235152
0.5678043334577
0.392231824434573
0.517652011313234
0.562575296420299
0.496841242029982
0.519418524896273
0.5894754113303
0.61503910367362
0.650758210165391
0.530689517030512
0.553252217224897
0.603276259135687
0.515751596433401
0.524216770773398
0.457606085425294
0.612416593376597
0.644203198701438
0.55981079504139
0.593122646005304
0.582870933099594
0.477923635319174
0.485148086751969
0.445409920458656
0.566605119929396
0.571397093006548
0.406093232067959
0.585021013962739
0.587098068314603
0.561538349732286
0.435331964891412
0.542177339603632
0.528703095486447
0.625804495620633
0.628996625536918
0.564909637230449
0.480851593871505
0.541218841526545
0.478454852881748
0.437084914217861
0.48986744200077
0.63569218282742
0.51929585451946
0.519432668422115
0.59232135841455
0.621353608646417
0.406712562546877
0.420727582574435
0.422525143125279
0.604527569730281
0.498379821305397
0.639217958580964
0.596153908261939
0.384249307563687
0.573093762567377
0.526778659133488
0.533584334544125
0.623703171802539
0.37058955505924
0.600378094555118
0.592797735688436
0.588537534757747
0.426567272076241
0.573836478568145
0.618509446886246
0.651699781061309
0.630815037363436
0.634487124502634
0.577503879341485
0.607324360554681
0.435744087933668
0.585710263108781
0.430815092719977
0.635649929942975
0.515726627300572
0.399209905342436
0.564686835682782
0.34555494295839
0.585457823439554
0.554726814460766
0.642026464649377
0.649362703717406
0.510063684281323
0.554731313859221
0.582908208685951
0.44805817729726
0.445795212402335
0.580734023049357
0.48692803329116
0.574479999304906
0.62484393965226
0.517175427013147
0.539211257175252
0.289736526323994
0.513628837335109
0.640929239805308
0.601338108726132
0.367928298466393
0.644551958411422
0.650990302379568
0.600646773613486
0.530376969770419
0.497534663763645
0.420130513614472
0.582986084656157
0.484941493223075
0.479443314488418
0.651391865473951
0.430880895352996
0.420901350371685
0.513962340517135
0.406154268755831
0.633542914794033
0.60975948178472
0.510078284733807
0.650097869432595
0.621128661588934
0.568719535850049
0.3270659239359
0.543027366023672
0.520049287508779
0.573018974990106
0.578634677357381
0.560836968840587
0.564593615656635
0.451467535130976
0.328720193295227
0.638056661059675
0.533098095599627
0.601707876763976
0.608137870282089
0.650923108496173
0.477092919558829
0.570018914955405
0.578229627751494
0.526284779650641
0.485706838833774
0.521522575694697
0.630291381545218
0.615898782016056
0.651916486661562
0.491334808896367
0.603654657557054
0.625309196549944
0.641611713940639
0.640349148217241
0.583540674397921
0.579356784156806
0.574064121399011
0.643471449542685
0.570155862463503
0.631707172485394
0.557129880068963
0.652663589005332
0.559836966281301
0.589118392481591
0.566829092040895
0.443725856390403
0.480353582748106
0.633021096109015
0.639580043027936
0.581440363709823
0.390770963065399
0.479501008755202
0.48455511780612
0.550870866192465
0.410101230929852
0.170830515018619
0.446968420957316
0.577050620198567
0.524782134745785
0.529235105219448
0.456744733562671
0.371070754370586
0.47448290515782
0.493391742849283
0.45888993998992
0.502922013746974
0.601067786471982
0.589389123588585
0.577102591078769
0.589708297839754
0.508430019721075
0.586033363038464
0.471109354436795
0.422243498644439
0.62900303342147
0.528454509817655
0.510289135035447
0.496007314223979
0.572844353698107
0.529366853462117
0.319723386123
0.570003016987333
0.461084813479514
0.277933885065897
0.650695959766813
0.521520836429112
0.549220246089113
0.218908969840749
0.530585189212367
0.397115225215485
0.585902755693565
0.574383637793703
0.595139717152127
0.466104594393344
0.4085766861181
0.56401576405514
0.615026743334575
0.542269523195131
0.53830058025674
0.650415631839486
0.560598928644534
0.618716635369317
0.556914033145672
0.351913644636292
0.37025832188193
0.602295105913494
0.633552014298258
0.556218283611749
0.627988344714859
0.640123706688972
0.562202346730856
0.300898761697799
0.56303333431353
0.423634052960873
0.63276532730192
0.391838152671286
0.501241397636521
0.644818225314246
0.544795463854227
0.641324996113093
0.643714550895685
0.34119344979664
0.483177581661634
0.620031958426638
0.578231291001659
0.550789617763669
0.577526186938462
0.513246222774548
0.596403162903204
0.590019789983313
0.534648692958737
0.649155748075172
0.38130554354654
0.62927152495367
0.522888058007629
0.59665057224982
0.42011469962958
0.626176261848049
0.601108726835185
0.620402837944025
0.380149726296856
0.211485344561737
0.594086017753187
0.533255316786728
0.535974063759345
0.541426265259195
0.643103577163259
0.223908505991327
0.596757823104185
0.487351851551483
0.449104491804736
0.599676519355903
0.643441630539559
0.593204187131634
0.0175785465366993
0.554910960562071
0.435026608130477
0.611981906099831
0.520727020162757
0.616514861738783
0.599683835056983
0.378078321702569
0.564257366671063
