0.382304479867412
0.101939280668825
0.418492729169974
0.588148736231365
0.621262853812168
0.503604961030379
0.620827901570974
0.608963011838925
0.390827649885193
0.590343476578553
0.511159204025073
0.592223513307373
0.585898425869814
0.400895805845047
0.584512451574821
0.62778845866397
0.620563326966153
0.505963277663908
0.589108388846867
0.539685722544268
0.537230277344225
0.303041574928488
0.641260905221373
0.405436969518486
0.475398171484778
0.417745898782776
0.517014019452908
0.652540924762329
0.518151902873208
0.586610271604717
0.578978738561511
0.475416996900257
0.432276124609735
0.570834568519054
0.322992452875113
0.590971828404148
0.614061774756221
0.535601968387203
0.61849915460919
0.606147433001979
0.495211016827255
0.474571135531348
0.512991634855698
0.647123920417891
0.552820838736385
0.492862857521156
0.574956477781978
0.621451101593827
0.565257324115874
0.552284043255789
0.579831250943672
0.649552577489893
0.475546896993935
0.434443804291615
0.60687208335949
0.47202598067266
0.540114719479643
0.636004425090017
0.478316076199454
0.634337390353945
0.648809782317413
0.648384880217271
0.617815399560533
0.454544518832928
0.555893438157796
0.629943013336271
0.465790887661493
0.571520844513411
0.627734203773481
0.467470723280197
0.632706444300673
0.221604204739368
0.610446848493289
0.485428287143749
0.636061638030792
0.450519295092979
0.612575156302137
0.430902660767028
0.437029585731334
0.485945499495758
0.505134327520535
0.638493915558694
0.5464345060653
0.648743129179637
0.637004273797324
0.567985147538288
0.559436525871661
0.568608366644136
0.640433197652617
0.4804615733556
0.496331499138465
0.428042280013111
0.618770661163213
0.444202898245236
0.580246558874553
0.37459318183072
0.426837639302624
0.605563446583971
0.619466514503206
0.582700806385197
0.469384674210614
0.621240138893462
0.60108793646814
0.578778249312501
0.570492327801063
0.545195264707423
0.537534915840828
0.604613762415923
0.435514721833997
0.55109696406552
0.431803612013383
0.62756545115132
0.600345002174787
0.539558763175589
0.641556094908777
0.64940745708399
0.558731454778962
0.579122221935747
0.588273803752603
0.300820751886251
0.531724597435379
0.26820744942365
0.644765814697974
0.579341036785198
0.603558013816666
0.511372125360473
0.465732000684891
0.564280292138085
0.584273783753696
0.513513856795972
0.492395307306718
0.593384575431849
0.616893054666174
0.473043957811947
0.611276639929047
0.579197446036914
0.622486013350469
0.541854290337643
0.560396514304791
0.472295744839163
0.551748393579498
0.599480080727902
0.490573941828392
0.511473075274645
0.644613254401732
0.633097255026277
0.428562680808045
0.521232085057831
0.51068508031961
0.332976847734904
0.477995794836927
0.433865578980279
0.511417336532335
0.561217994739594
0.405098407555535
0.406313198922934
0.595597337571039
0.62184159262379
0.540593492201121
0.504951089123066
0.386949689827998
0.630803683309781
0.371079508438599
0.617320494400813
0.482068902221818
0.514004587361113
0.648167454789353
0.55902679672877
0.615315999688768
0.572510191678056
0.492517518686568
0.558572597080542
0.612844043089906
0.532974404128405
0.450002491152272
0.579905877295402
0.585133616109563
0.52097734326809
0.407595639626783
0.570594182040543
0.50107160158709
0.599239454097197
0.63750179679241
0.503592198480039
0.555939165003064
0.463376704093898
0.484713304595875
0.617536927222965
0.386118165513916
0.518004282970393
0.524081719217267
0.415864579507576
0.588966432552789
0.494355672520559
0.649007900535025
0.305611880254597
0.520515628143744
0.549359633115878
0.543602981455867
0.354711914113197
0.452503106339519
0.318950104078423
0.643550381270565
0.52765043169141
0.489723848293897
0.541701859369405
0.564340987100175
0.533407384627682
0.512708413732872
0.563209152965458
0.395681978598368
0.590009967845416
0.636747616906232
0.620098419573715
0.481976234046057
0.548342208028856
0.558565008723755
0.305689444498486
0.647724018865613
0.551652361575893
0.580111108952689
0.531674610122025
0.51623507703771
0.399333664816513
0.558716829712338
0.462301409477529
0.50432137715324
0.612984408129486
0.636603925110916
0.427047153060906
0.484670028847301
0.520447801822385
0.502004919211676
0.499004143634194
0.64881502653644
0.59322111398761
0.500343868180533
0.467148556968307
0.602033771027584
0.624543312819677
0.505284096272917
0.477226420997533
0.353249253217557
0.546849289323879
0.525940086677868
0.408706743400237
0.498057765471054
0.618871010553862
0.638374223974329
0.452278649951023
0.648207855137529
0.539539817855902
0.597731982485334
0.644524277074024
0.512995055587879
0.651343546413161
0.498375157526935
0.437267629251984
0.650281497060289
0.570630159625693
0.59255561412139
0.592293937505637
0.523550671181982
0.577301654517543
0.463586136083332
0.382686832783246
0.567096824512513
0.599946113281092
0.643596324292235
0.513980616816697
0.569463577093278
0.575970951346641
0.613851240896633
0.434005861278442
0.617371698606145
0.543862606428345
0.476614626535404
0.592195134361626
0.352576550990092
0.638094528220559
0.339696499493138
0.520775425963404
0.56532604993735
0.541002087106551
0.373865767339426
0.601921147505426
0.48955566023746
0.498014832555839
0.603749781046677
0.540532057387211
0.57241766836957
0.517413780918726
0.581855712827991
0.63235805849452
0.590130256895487
0.563543770012651
0.511854866182679
0.523588622148948
0.601974106095391
0.496027522741287
0.338857574944938
0.53548763045175
0.484732457415054
0.534822009402457
0.602712024291302
0.488481037212749
0.60575575303328
0.495919604938243
0.606688390087147
0.459817797665606
0.585353787583468
0.527135152532279
0.529124606243316
0.494791152020662
0.649668800176304
0.568555509501371
0.539501406742328
0.651484177565367
0.357509247466569
0.552389927807815
0.417172741448816
0.580528877260709
0.586958075145092
0.399199762978979
0.648451282169188
0.645449999434645
0.54324989158031
0.452771761390368
0.47231542330987
0.518830775897831
0.596605677554843
0.582928589698359
0.518290604682834
0.373332559233838
0.380620132913345
0.542570882989733
0.563892338445441
0.550427082492567
0.556665650422348
0.45577144549239
0.498040968684384
0.388592230703984
0.333409381276444
0.536047356635034
0.303567499944826
0.378582994177067
0.596112206188792
0.518329554494676
0.539228911023031
0.53581294562368
0.46308298668155
0.206982858791816
0.337013120368471
0.610621175090302
0.608526443582002
0.50850312233258
0.425833438430297
0.427856018754691
0.559216078461822
0.567431092306502
0.391610740999745
0.379688993018251
0.621118703675256
0.605670563578717
0.607393259266074
0.40268570129094
0.499989043394297
0.220716237892392
0.18919431025498
0.584064760417983
0.651031729503222
0.448156635400043
0.592424418937643
0.486772762645966
0.540363790163886
0.480230838853169
0.580708139926729
0.64685218305276
0.525170114532721
0.484037686309973
0.604982904332177
0.504895478571529
0.290960428065581
0.499611762239652
0.564514646802807
0.455608322603739
0.427695397944885
0.651033004233876
0.541003875752628
0.616021071094646
0.564735385446039
0.636149487965182
0.600393481919153
0.541725245951154
0.436718585764399
0.478994841332358
0.638924676015633
0.623890131989398
0.569331928937187
0.634738727546936
0.59051372143135
0.45520841820914
0.531541579284826
0.450487464156241
0.420550517264872
0.601028804990788
0.53412129055298
0.296284885823376
0.627280373645351
0.62118288520889
0.539712454276204
0.488201226145694
0.544691959062
0.622616804318254
0.446332094396808
0.506836034622655
0.467807574125001
0.177015989212628
0.648159612896892
0.64308136179925
0.564755765495353
0.265488275772091
0.428618735377923
0.520292474678164
0.506497655199114
0.610537259506702
0.585651213803576
0.650294969628246
0.622233042472432
0.470577979572577
0.590115682233952
0.481426378388018
0.62243173719933
0.554264248042933
0.559461861561714
0.579228219329875
0.540149874686898
0.294072043503631
0.537962475482408
0.637979830068025
0.652230472432486
0.563581957109818
0.510336313583179
0.60205804244438
0.53852490426065
0.578067867212053
0.595447799555347
0.546542246460941
0.615414269553321
0.599691126359602
0.607659540895451
0.286770218713157
0.509734766602655
0.395995153880739
0.561920276405188
0.182992380102727
0.424671406089436
0.547735727364511
0.604818231172172
0.647793805783534
0.528742952902897
0.535606885207706
0.340380149082996
0.557108469902232
0.471257704245533
0.59175593478396
0.391509474683313
0.418710067475693
0.495106083858651
0.524318674100561
0.623039844479555
0.592086197934605
0.632634349068612
0.477208770704555
0.578211380055801
0.598039873013795
0.466448525702146
0.556967647213325
0.515626967973113
0.514634489537827
0.623824439324359
0.62690985464683
0.52589060844057
0.353106222885683
0.137672724683688
0.633731641729431
0.311802307391328
0.634786671909638
0.480730044948691
0.511577854588673
0.452165849248063
0.325255157645303
0.622457751938097
0.652700112583261
0.591373119668013
0.641500892906991
0.60681424201591
0.531027766681753
0.432164450671876
0.539612100377471
0.59868382296309
0.467874125170127
0.481849679285037
0.520325344396527
0.528727643417564
0.616055226214966
0.603301388314807
0.52599033846983
0.558509365268505
0.640277779154894
0.630764791615558
0.652605325792543
0.302891334481286
0.57796144289992
0.622172603315418
0.598344337862081
0.648399632656976
0.509331555025448
0.558179957920553
0.649729875612029
0.41597080538811
0.621935266856626
0.607558727820446
0.5370854031958
0.588993122341258
0.620341681396658
0.475583787638723
0.581543934882405
0.458321895422171
0.600121796441271
0.306671512787387
0.470379390524465
0.498206103273637
0.497593120360991
0.589274855003167
0.58321158505115
0.591930374768635
0.64038606557219
0.614687405762823
0.400696286147187
0.490943256335203
0.500025278805998
0.600623621618135
0.439112825394556
0.627505140028231
0.565005021427288
0.376326828136104
0.612783161322065
0.463749958417483
0.56966521506301
0.587035224224574
0.511031273056157
0.569215075737136
0.652410683764009
0.404340679554935
0.643618097544162
0.521615685739569
0.603425418770076
0.583100548595158
0.520299441099862
0.65104909505993
0.540642362323499
0.648994900665727
0.495424732016374
0.5311098373369
0.424395912406116
0.638716373115261
0.569104536520635
0.525900018513374
0.621251420635333
0.531894462967106
0.430780988951635
0.527681346211169
0.341851032706506
0.509213759211698
0.437028969387683
0.426753378181443
0.417710754527708
0.635312368483276
0.415644218961343
0.492626076642001
0.625050370177821
0.632050356404611
0.54154640768926
0.601321698053711
0.308229150751278
0.51644794388203
0.629068185611769
0.596137377585648
0.293814572828922
0.415718187557568
0.558477585742329
0.596005298161205
0.483903404467349
0.303235366400321
0.566923959534117
0.648063090846296
0.450183872734859
0.443652999761533
0.560428882700276
0.542573653209055
0.617716651574511
0.392997298086589
0.634782627518108
0.651121368611987
0.521454713544478
0.376040851294248
0.565400601786589
0.404769039596203
0.646522167094497
0.605415099355006
0.60524222857193
0.576983544932838
0.610707461193938
0.497144503778091
0.527826526618209
0.369494235091541
0.48511875177829
0.362409125868021
0.606241885030482
0.495933852058207
0.413844032419743
0.370846790584415
0.523109653089151
0.525278998503935
0.372286530240193
0.565818241376242
0.620718065822615
0.549391890386349
0.584129637236078
0.421294804410886
0.358289495791592
0.603847821558026
0.282359124419451
0.388886624764513
0.632203599507613
0.607426838592328
0.458212936325445
0.571876393393096
0.588702440812332
0.584056714834978
0.64696511806421
0.444335415786286
0.604908443668823
0.652529645535334
0.538624382464249
0.435580931849506
0.491295551248005
0.599085796983529
0.431036210417415
0.413153049587466
0.631902829895858
0.573574401070396
0.623480531604752
0.539826723276298
0.464734679241361
0.595557117668147
0.525771879587422
0.340478886508908
0.588641198201208
0.593605763465756
0.636458151621257
0.599172570293771
0.629089218190623
0.368421757653779
0.508602622851344
0.571787191541544
0.547681191118324
0.570746117343173
0.552055198341546
0.494804161335482
0.534747031663014
0.580306548215884
0.625609131186963
0.509999728746823
0.474919765604089
0.475999408707803
0.512256527728592
0.584079694963191
0.542038486565697
0.567141588700613
0.403275101610793
0.380995676775254
0.584369364252583
0.640784249555614
0.521596078245956
0.462130831039095
0.429293869761779
0.419265101418228
0.617495437870745
0.506681654216011
0.527494388728037
0.630811570620332
0.649501188165324
0.609791197527996
0.535977064332721
0.458164456857327
0.62993911286838
0.44636198540811
0.620153479339853
0.394031446289347
0.482463979371476
0.237915988668262
0.460696527208769
0.63148978288713
0.526028863015075
0.606769680011807
0.349694750643962
0.552361860378769
0.49760184984449
0.583072004345369
0.629074510039679
0.378227863014724
0.643585290479362
0.412985855483813
0.605387730211115
0.439826932034801
0.451112740856467
0.496754029914714
0.458312007439343
0.566648908624992
0.466618263630636
0.622361338148742
0.576140246621373
0.619425832636704
0.597829284691497
0.62970529923233
0.596570729522467
0.606997000099946
0.591246016825779
0.411007003826167
0.627841598675599
0.553934469020652
0.497889714257457
0.46452960565193
0.518500246479133
0.629552464147298
0.514930766616824
0.444527676696665
0.62926248512244
0.622228298028579
0.629668343661422
0.474973879357627
0.506797050084527
0.529796668635748
0.344322033325905
0.33216587173089
0.542513881799221
0.487273822330453
0.435742303601559
0.0648715355483069
0.600923083918184
0.577468484375047
0.517355180470156
0.600960564975091
0.510627415826513
0.569721725922573
0.543942430141418
0.599820542520291
0.479307415831378
0.400086312504135
0.616574662932913
0.392534021716754
0.616016285411854
0.454505023819186
0.497929301581348
0.612290620969015
0.469460021455932
0.605138144688386
0.554049576874181
0.45580936141984
0.486638639145027
0.495396914404949
0.365828293972948
0.284638584371848
0.636327096662641
0.579780657783091
0.633050954139557
0.503897412096072
0.651398594858291
0.59519331294216
0.606687901975621
0.644774824686154
0.530866647006893
0.650765336417398
0.396652840473764
0.504551334923703
0.553849423365585
0.43675392682685
0.630657001718599
0.645201132959415
0.424324077951118
0.454928827481316
0.607564467775032
0.633526931020471
0.571048626165391
0.458054147490728
0.596381479317274
0.363782294437689
0.580914312622136
0.357438009650704
0.301062800893729
0.609397740232463
0.424937076608341
0.458343206313724
0.527513782221936
0.619141693061838
0.580709631082094
0.599961583395815
0.563542205216875
0.319988339767925
0.548263621410585
0.495248928226944
0.639824069879828
0.429599656322289
0.443846774562667
0.606623401879238
0.239493191734347
0.426514773458137
0.543924831715161
0.636228229913191
0.516217751160099
0.549452270089501
0.500504473228307
0.551346488505153
0.602248969301723
0.61560850305659
0.388449688908536
0.482161071010906
0.530955238646755
0.51666354727518
0.52199157043409
0.22077651411998
0.205569667933157
0.569846962771425
0.534699512367155
0.550094030488413
0.539009811656339
0.647935046239381
0.563481953376614
0.651720528474981
0.641855194478115
0.231438280479506
0.493005260960221
0.62612089693271
0.620582525804476
0.438977590911334
0.420834153918159
0.648791104189639
0.366698018337569
0.604264255347188
0.370291584746772
0.540001829031012
0.389451122611505
0.560534950834758
0.640687981952859
0.599671700650294
0.545861453808188
0.546234246078814
0.499641838295577
0.462799762274037
0.495570602783074
0.363569043528606
0.412657147060241
0.558799944133123
0.496644476607317
0.625153557418516
0.434499056941155
0.548613897115507
0.622399587649242
0.610160043830352
0.300459205404975
0.529054258675614
0.442598340866144
0.645247229409165
0.541189202518819
0.413117655383179
0.615577681686484
0.64307955378379
0.454915501033374
0.440279105962732
0.603678403863475
0.580284547729366
0.649086274004263
0.494531059068446
0.64415987945936
0.312098752800767
0.57572922877434
0.528036349690408
0.401060381452189
0.477446394284221
0.455377692749389
0.637929308766103
0.585095091119867
0.543078927385113
0.484104717026384
0.452263690403489
0.545310095464413
0.626394629125665
0.418791961015146
0.454507582671975
0.559223327386164
0.592848091750842
0.465859762051974
0.563681324644207
0.224432301602075
0.586517550823663
0.554046609133851
0.535536761284025
0.597649100155302
0.541940431021134
0.539462935932247
0.60587649811159
0.509111839905042
0.500462348481562
0.484770091363144
0.435776085453598
0.457878423262235
0.631504542138909
0.534591998084152
0.583232762766247
0.439050371051057
0.64393252365744
0.578106035130334
0.507561298331212
0.519738121357171
0.453551914129929
0.593553463998046
0.175732639035493
0.511819511556112
0.619983663731734
0.598532380875574
0.599185112042441
0.587752783287603
0.490294938348971
0.579358485038756
0.449666845947937
0.557674073311424
0.491385569227696
0.604752846113487
0.588270375751768
0.491235353422832
0.643213091529024
0.550420995789665
0.435473213408428
0.485536751367416
0.540320480591078
0.420912480751238
0.488138859305709
0.55528148871395
0.542460324668176
0.469181738416951
0.271783494206916
0.492604471271096
0.602781605433341
0.641689878833828
0.219306654145192
0.631329829005041
0.50878944283916
0.586704051316913
0.645007052054857
0.256509822489735
0.541331058650012
0.468741934126784
0.634623346034357
0.500699872730427
0.639404633331165
0.560115146758077
0.5792772716614
0.346308538707946
0.474820337630909
0.484032104768855
0.524108135242443
0.646321535601781
0.323976585112882
0.377932999292238
0.580343370139933
0.610571012085045
0.520568926798911
0.33704811206461
0.495375225819569
0.479945796445219
0.450045051220425
0.614657476147347
0.640026667011939
0.577336215371078
0.369435129482417
0.525787103902017
0.46038948624955
0.482377592671146
0.504388837337673
0.338557494691652
0.583517495202406
0.4025983777767
0.649904083207494
0.501174881913299
0.588216344895482
0.431447005448625
0.597891500077631
0.356844811966004
0.436565150802989
0.607141246924334
0.409878156148447
0.535753937916453
0.651143157693738
0.427194540622985
0.179392373854903
0.556815907116906
0.4716937251753
0.393820700525005
0.53869938812509
0.482501269694185
0.359390195230431
0.643826825497255
0.630523480024931
0.502117205209459
0.534439063838184
0.614274508585509
0.571104271229643
0.55456724883906
0.425794912572309
0.51254532394569
0.634873471762662
0.520161288167386
0.536627103092935
0.571745985141994
0.640155837133689
0.524309550752223
0.573570833585306
0.266439418881391
0.37891947724094
0.603641811737674
0.564996790728842
0.448121756336052
0.635117448390096
0.593005504240491
0.595669655820693
0.45439851307714
0.635476986052736
0.550598769036761
0.446973102372234
0.640512998260568
0.623023997492636
0.464702624845369
0.633082757689172
0.490744878606874
0.40669395083824
0.581027075644693
0.562505252493101
0.622838200636541
0.603286592442791
0.617003086997579
0.445625274805831
0.601489596323252
0.606835489307629
0.545710025064574
0.615466819919654
0.607797982553069
0.571304495309853
0.55750908825055
0.574607893048708
0.576458861811384
0.514565713961109
0.51564556949509
0.438467476383925
0.615057670681723
0.587971926776894
0.622985563611398
0.417806592247265
0.579683406598166
0.651542599115094
0.608181892911517
0.445727667531922
0.634723816954855
0.555702517631303
0.631886399547889
0.563132782580093
0.371128866190511
0.629974333306507
0.629858818378378
0.612974664093073
0.575124007317825
0.512955758008223
0.551111804087473
0.538789696204581
0.39493355883351
0.478102703539041
0.494219711760455
0.434198169367886
0.59733134303147
0.578326705024334
0.558168507247178
0.645208705679765
0.410284990186868
0.632205793958394
0.555457774820555
0.646489333855429
0.519213041021794
0.442384049679062
0.476595482848552
0.426583690550972
0.460113474018645
0.353810778154927
0.535426735621846
0.536695343895264
0.46946379200869
0.626078596444552
0.506843270537496
0.482216369198195
0.421855780468416
0.44947077786307
0.511652954560607
0.416991479895243
0.560821898215117
0.439417602952361
0.467561869399359
0.549659802787512
0.448489595115739
0.489766888275396
0.4270332277098
0.451897668203904
0.582021527662923
0.489895028012393
0.629206198457792
0.44951075866757
0.458808930272064
0.331075175461916
0.621793166205748
0.38487107705343
0.536400093530138
0.641201495413571
0.539210108127841
0.29427974680422
0.300412726218018
0.59622335953738
0.249123407072311
0.247047177586428
0.594153976420179
0.385631966250827
0.364699682542946
0.576884951316302
0.592479259034406
0.503365077151394
0.300157421013251
0.586627121129703
0.532878040068708
0.577917298557888
0.5770509226804
0.480045774519781
0.485274494511563
0.483876807444946
0.523063505790152
0.570342761206262
0.637473500788087
0.439773042886894
0.376341739510369
0.551751541897561
0.485188122843209
0.642131857545584
0.648932630480997
0.0524661097042148
0.463857614361538
0.415491338115465
0.519629919355655
0.317578874606734
0.500873542514268
0.422296340061969
0.567282013034819
0.501812507121501
0.591016984997974
0.426223685035131
0.635699117927307
0.564564621070503
0.547136355286766
0.644315919370984
0.516629540185999
0.549558861073639
0.379343840764553
0.559607575068198
0.505368775617376
0.612584932672483
0.566907413736624
0.556926018638213
0.596807216884179
0.4171418629554
0.56558474117117
0.480410854428314
0.601346531685227
0.529498776785347
0.616148723361304
0.598563705329556
0.276959555380416
0.624834403209859
0.554872324496896
0.46634012918893
0.522874938308491
0.638332136074101
0.538442221679255
0.475246946148146
0.612056065141182
0.545858645159365
0.608647144048849
0.648269169403004
0.598006030342652
0.56914354070237
0.584687412120324
0.603572316748582
0.636233388191724
0.531938969534102
0.619717965163378
0.468364137663678
0.525103394435604
0.187199807804208
0.602562552942614
0.541053705030114
0.645940987537616
0.597717160609424
0.524211877376297
0.543484013949942
0.512550986667538
0.614969983624069
0.587553815258599
0.595223784004854
0.519517739003723
0.51070533578219
0.493048810411849
0.641953609994462
0.465502881022053
0.454305787848217
0.499862747696701
0.380839418379264
0.613033900674264
0.537969567142431
0.32901803093002
0.622641134960183
0.537472200417107
0.551425069020375
0.514857706698683
0.334238198542629
0.60613115353172
0.568613999518511
0.581248077122429
0.536480015171345
0.548896825163273
0.426873049763403
0.466418006743769
0.515073996837439
0.337938722253603
0.602664862582295
0.486237192937735
0.616202165115674
0.373690491657595
0.619432558341038
0.308291350996446
0.566102465645234
0.566518484654039
0.616860824650166
0.518547856650242
0.493456157342503
0.365905367416171
0.370907202473288
0.553293143445745
0.574568458751375
0.605116372706678
0.304631787931565
0.498063089945911
0.495080341016413
0.387444301575286
0.258361238259653
0.636009368914179
0.51769129184419
0.61339681159764
0.629218427286154
0.483659032350192
0.510082258378133
0.545032940411428
0.424551875456259
0.504047784401071
0.640806313222122
0.476273276192099
0.50929413325693
0.55240943738659
0.559475134876806
0.446179005216221
0.650585680708248
0.637030579575654
0.412669344032038
0.200472910221083
0.531409407633039
0.402307352732838
0.412045955821458
0.544914855879204
0.589105436503968
0.582243350012439
0.468638462101063
0.357321106076687
0.491081244888226
0.615399966727105
0.526740479044621
0.558140893800258
0.33113279364063
0.51056176021177
0.601630790993092
0.491409892804282
0.435898840055445
0.539178768752884
0.492691551207488
0.626651170964401
0.529814181831197
0.382377554865678
0.495247595947711
0.316478977000254
0.561300592611325
0.539252085326806
0.393334114188444
0.37877193407114
0.588872496528663
0.425405628625623
0.442222306011547
0.591699919405064
0.532434412921765
0.543233206025756
0.277047178325202
0.594945395797587
0.592478051316082
0.381753039484568
0.627460439274733
0.505553430134381
0.56738327847601
0.511033958368595
0.606105744439618
0.595355795159282
0.621693894545392
0.446167748431588
0.447369587245601
0.388316059606555
0.589329442515917
0.62510047034053
0.57675494843466
0.513271600631729
0.459654001417528
0.544298820582662
0.646773486822628
0.643357256641451
0.596668987874961
0.310253641901947
0.407390908346816
0.599145187960984
0.611441806766813
0.588159449393006
0.43441003684121
0.497426571520889
0.400767519186634
0.428469865358896
0.432536712528122
0.590308276343188
0.642125306206519
0.483439149525329
0.627893692662914
0.474917009463901
0.586214703161638
0.421361941738819
0.585511742191958
0.534824355373548
0.470490591712605
0.531032783137879
0.327847721848165
0.419921798449687
0.606173468459839
0.587041774652567
0.505986199499138
0.529781303348139
0.505961269565911
0.549818121354601
0.508555442022977
0.505684981682126
0.499654752469412
0.482792636409837
0.573053316686725
0.321775174072398
0.64401570766146
0.531850863310176
0.604221692661331
0.518521269710333
0.475912515248089
0.572336870791716
0.552011746368405
0.561504927864387
0.554631057171581
0.578462516691378
0.488185312132478
0.422983519687087
0.39413383381944
0.441511279845331
0.413641775742778
0.378283228379165
0.289421052232752
0.267739293488155
0.62588780354841
0.632418113319429
0.624813445312447
0.610391768270804
0.626911223902552
0.561323957787489
0.406681954236566
0.644189368342182
0.321286517948724
0.480594280544578
0.333143213297424
0.529137644304234
0.455167811783589
0.43918239624045
0.535050594041546
0.61127322597741
0.511220772601173
0.591342840913057
0.466714957502448
0.101941539503597
0.525205562740388
0.428854552082548
0.487331258571343
0.492265676919199
0.227574613829963
0.52665090568026
0.614923605548697
0.411173334697274
0.52996124234228
0.526714535513107
0.126045268113123
0.287186686220307
0.636886748951963
0.432308264989618
0.561687841962574
0.54363656924257
0.642098687789293
0.631845942932323
0.486811131082934
0.652226592538186
0.577951055495725
0.529907080986896
0.609847090388864
0.520828577834029
0.456869526170414
0.58263306204152
0.247197003897711
0.57441610419082
0.597929206589999
0.57539281253277
0.550513148217361
0.602139586397529
0.571422181017886
0.367288381605229
0.255791943888582
0.503331268211177
0.631966599432361
0.523462250727829
0.398718264270226
0.581410279644363
0.579938400203337
0.400565984966169
0.536436662221962
0.30408992166343
0.532877764894295
0.534743900036631
0.622740355566483
0.621075557735636
0.604217962695184
0.605519694586099
0.586252643771399
0.461691621408871
0.559592246431203
0.272524317570976
0.609889180479305
0.516940692237388
0.547124978504608
0.591255149101435
0.259869050339973
0.555758290225004
0.486539838043574
0.636772279438098
0.487129266639515
0.534016380018775
0.382654105208931
0.365930807506448
0.390722805910174
0.471729212986593
0.621715917737091
0.580216716351288
0.430008235132796
0.291317563582611
0.632774542634303
0.644626168363086
0.53487942829661
0.468244811942736
0.557063754108671
0.637949212089959
0.605573040840509
0.289537982521362
0.451748232708063
0.649174106811261
0.579157054024943
0.566939964977456
0.595723800095159
0.595122128903221
0.483347040541423
0.507568547037704
0.610528417299587
0.643820672867883
0.532212481322805
0.534483634109973
0.594481910465573
0.478011136456147
0.633808488626784
0.617508870769023
0.511834181232538
0.609283860699085
0.638404152311663
0.436737301230154
0.547473058925
0.538956840420357
0.514365556403863
0.643976264874561
0.576685084459967
0.614326758988427
0.474278354267333
0.502963093127675
0.528893662844197
0.621957919698403
0.56713763198394
0.596604721094307
0.541105864757404
0.568967261269519
0.524180240424093
0.364889516799017
0.569051060852731
0.572204168252065
0.386331793999126
0.364194079697218
0.513712726204481
0.466457130076671
0.288629819829018
0.551754684759857
0.506513221365109
0.536176620136187
0.332419197961732
0.264826413770182
0.601631083237197
0.578234735769179
0.575051548772893
0.539987826884464
0.486401133243096
0.472052632703201
0.561391388390751
0.525713149526933
0.356334226246346
0.44193085269182
0.329171400029094
0.400892502519917
0.54143239119112
0.650041705190361
0.590102793691695
0.51827794135311
0.618361305637255
0.565762007382814
0.535993097932652
0.604863269061312
0.387641217157765
0.384602163432761
0.613402804661571
0.509070290743518
0.420855176134639
0.503695995249266
0.631868047354933
0.537325416602425
0.492395804306251
0.620993193718551
0.549559121628438
0.641094330048731
0.516554469538385
0.642076679613572
0.564438943717954
0.378380428223901
0.547857981562722
0.61393361864677
0.581181002388197
0.378521581131281
0.466102181759459
0.640782914726312
0.641283288118877
0.478408016598753
0.623940530605067
0.640730361050937
0.433140411682709
0.358405585485595
0.362284471841874
0.553231364479493
0.640266275472097
0.564683679147635
0.630288507272973
0.458464103618957
0.639292487264804
0.408603779077081
0.532442094800419
0.63773483186491
0.606892961357975
0.567807095368716
0.506230505980872
0.420905586624009
0.484605973683075
0.541340979581607
0.613782441099678
0.477625649099037
0.383573201734155
0.513188671047664
0.595844030251391
0.385427211717176
0.651135046597157
0.499672612028872
0.512912380687772
0.414824113262448
0.521663951242982
0.223497810742863
0.388529478366052
0.397775631277473
0.398811100671885
0.566934279528231
0.651735770854169
0.541006856523642
0.312517767324692
0.435855257189914
0.599385941979153
0.538705645418208
0.428268625146913
0.458360223133438
0.589009871905216
0.459895801161957
0.422213667036137
0.356806151670329
0.635220900602929
0.478888111198956
0.645644752169395
0.536707055414577
0.373241171377133
0.524209051857582
0.552760517009242
0.428105240710287
0.644121204799555
0.467550488512401
0.598023945376971
0.538275357083249
0.338811185891312
0.631728623473443
0.40674952762627
0.453638978516196
0.608997322635561
0.514941679797338
0.606259341481355
0.586648338701569
0.461078831996107
0.525608372260185
0.504984311634148
0.495541676375705
0.569325007631816
0.448066200464514
0.610430108678763
0.465307233625069
0.442040668459619
0.591549262408458
0.523979026553354
0.567598542178414
0.619456944792208
0.448373439363011
0.387058771059405
0.610005779741631
0.572569253712754
0.605762372129265
0.582564629240065
0.55250032428025
0.393493097568994
0.482261311578332
0.382900081568118
0.462209129732854
0.486943183486813
0.42762828463914
0.509834185416947
0.604167644770929
0.58419053978838
0.360073283357343
0.36718642579107
0.651325702592598
0.491496849960961
0.597923291632345
0.549203653090434
0.58520833891304
0.576943809036704
0.649577448857037
0.631998236550833
0.554362466949828
0.603954285545788
0.601776492225358
0.58219022456174
0.506194567721086
0.518473641172887
0.524550253017868
0.608532522741883
0.621530957557829
0.605653602523779
0.557476485931016
0.607363976717165
0.567238826471306
0.42015963619323
0.352607374184027
0.612444574160581
0.501323217905279
0.552184019715505
0.641528888602382
0.500519986290754
0.588219078808107
0.613052459329346
0.585162783834491
0.606851447555416
0.463440974353554
0.341599359597933
0.445389606122892
0.569984766090958
0.53943332743578
0.543209033685278
0.64789319787728
0.573687166844266
0.629364884208157
0.579677365138651
0.548802980360802
0.607888692705902
0.321479530135808
0.589604926539516
0.573641549048583
0.462097544284677
0.332403685966732
0.535479946561011
0.422243195219975
0.43555257105919
0.449599551137701
0.518182863561853
0.48770861166063
0.525861731593737
0.573354495157482
0.588678798216207
0.536340765544593
0.546983841697602
0.635504915104719
0.594794473913599
0.522309181566831
0.562960537435826
0.549943892855041
0.244285403174102
0.608596915546621
0.3296512008499
0.566116265775356
0.450509990935232
0.566714990592585
0.25645071929519
0.623900107499553
0.375482290454981
0.585000295394136
0.521503373592091
0.535977653712604
0.427008742004647
0.589803249597035
0.549888449613424
0.455489753755908
0.573739200843302
0.620992460207837
0.63671878984198
0.574361287895926
0.634433663751578
0.430884417954531
0.3914624226806
0.340250305233538
0.421353546590285
0.34110484263343
0.650115706697355
0.388564358211838
0.534153177274724
0.439516442086922
0.546618098319943
0.624123776337538
0.598244771046949
0.620140694195824
0.556831117260215
0.645857450921888
0.476243423833202
0.513941811546502
0.615623722427078
0.531538067749401
0.532789143525097
0.565784214626118
0.500543930505152
0.5916389460255
0.592396816836184
0.634275102734474
0.521340223488622
0.392695591299954
0.567560952234942
0.550465403807441
0.639584945871586
0.613980209698275
0.347595818038781
0.355475578338051
0.623030953990863
0.607957416992698
0.529110407527528
0.642653929715794
0.611454315529548
0.530143088745201
0.560427026134641
0.505207963491384
0.52371467841262
0.595394453985369
0.567685092624839
0.558995179002041
0.647974422971478
0.381146135308607
0.393480639389011
0.241565930667267
0.410347868781835
0.580229655327331
0.53333085512191
0.604583774861271
0.501145995672919
0.535135892417584
0.377164178961224
0.614970367532569
0.574594851826889
0.451160044800102
0.645879638314592
0.430345871951482
0.532911171231541
0.412814678765217
0.424771598074808
0.544796312625129
0.594245250050002
0.633021081525093
0.593505120508133
0.62854804320687
0.587229813034152
0.595378453873002
0.38356326873255
0.438652801993282
0.510646462659117
0.222499072736739
0.508031094344705
0.417850400774007
0.567962102201717
0.437069562194512
0.255843113634355
0.591508282782775
0.260802341815756
0.353332010506142
0.473571661305359
0.543353077311762
0.54285829259721
0.525145586984247
0.499819546076243
0.451901798472318
0.550213922554837
0.431114433171419
0.619596397165454
0.581629311735104
0.422206763350034
0.406148750471674
0.109235295850243
0.616122722369241
0.604058974506375
0.342888500487154
0.182726227897092
0.363225415099887
0.487938237189428
0.321083093025516
0.558995120563075
0.632218549596332
0.515991412784023
0.507691579612368
0.513111773493761
0.420103596991338
0.50557350105213
0.64266746489161
0.5227288137784
0.638223128280896
0.427502221567246
0.553986893729937
0.428815107361937
0.386125942723528
0.63175544503918
0.46516120923905
0.632569953906135
0.599986686579926
0.496240752927012
0.504435627626033
0.645989785271202
0.435223196855612
0.636942318195433
0.560716488831339
0.511145964013664
0.644350079240185
0.549505747868034
0.594544875655867
0.599111382250113
0.556127698831227
0.305819157554783
0.619688761416418
0.537811449204226
0.30228140638322
0.309006446941621
0.59695333462681
0.648639121595988
0.376667963996963
0.584645222971544
0.497431168019931
0.547825635561053
0.243195182713121
0.544722406309159
0.269649478017141
0.642503971468341
0.51134833699362
0.574124019175957
0.560036766709847
0.418927391143434
0.627230876001222
0.326480445028921
0.557875500086919
0.591117131853967
0.270409859568013
0.588144422809248
0.598384183738784
0.421225391770151
0.564804714119863
0.611049839851532
0.57514931782336
0.507438616805284
0.56073760686941
0.547200998756054
0.573235222444509
0.607321433390328
0.35916126735428
0.273754271272544
0.447314765484227
0.50939966098131
0.452406536631589
0.472573372387507
0.580914023677208
0.585308878637988
0.385793431642939
0.57197343572252
0.531524100565523
0.555185895115972
0.482469610409731
0.530008622135921
0.629625475008529
0.586254094693968
0.63087976397923
0.581793746597818
0.455950002294067
0.564760892962396
0.574341573681078
0.546862033643088
0.451691405027506
0.627375795918396
0.442296616995404
0.505860389532978
0.537567863714412
0.53539830710222
0.619829573674912
0.541203526792967
0.587558953655731
0.457945643924758
0.567559130085878
0.36323617837092
0.54098915674946
0.548024434590731
0.505734556075484
0.530693531463319
0.623812619842203
0.609351747730649
0.486395777689834
0.418474559664616
0.561886734671823
0.458635671660837
0.451985887150528
0.45663648968697
0.639117905212264
0.576353622785606
0.337594507783644
0.576073540477386
0.651442755914308
0.508504921747843
0.203237512211059
0.623683386999574
0.424878131125503
0.448539863890192
0.505796509170145
0.568117103149732
0.511874343867515
0.347267901731591
0.440976172419501
0.477276843318378
0.376470801979985
0.626443063395563
0.611216035347421
0.611462860387904
0.488859987324075
0.511519153974195
0.645535918859792
0.651239093302838
0.503066651376165
0.368661097184873
0.405829542366682
0.549334571767188
0.583642325700401
0.604213703538507
0.628267680605317
0.438140755067587
0.400978772166939
0.389894778398586
0.62827232322195
0.609711977750606
0.596338805079978
0.58227707438187
0.482713130738344
0.506007167240178
0.598002709160574
0.647295517808292
0.548481775121347
0.457192554563597
0.563379629828403
0.551404522623925
0.497356714308387
0.508215557822221
0.545905703744152
0.483699597704876
0.474181252283187
0.338938332390902
0.407543632258418
0.651416867874741
0.54772069703797
0.620288979718692
0.565415501228551
0.642268074965075
0.448561082221266
0.321804943586567
0.471761935683758
0.586821001323075
0.560693466619877
0.612307673997825
0.632562282532676
0.604121926465335
0.634006204747506
0.561152637977173
0.640040379914433
0.290421039666803
0.445154940667577
0.281850272700624
0.601042822361066
0.558710820663731
0.485300247219129
0.497082598205931
0.556291513668987
0.607943389054365
0.650252650510583
0.541245538636127
0.287705966125623
0.459642778883844
0.568069192075148
0.48225808320371
0.371181451371572
0.600677421607338
0.398338148768126
0.498972318595235
0.488083303932642
0.545130814795431
0.376266169368607
0.649920773407814
0.157853840773133
0.48874247778422
0.640769256099248
0.509905471942987
0.633685348935887
0.640489970150317
0.616900763774141
0.296289958479344
0.513470210332611
0.449111648484145
0.545076653153111
0.6136138582863
0.509954207287048
0.645309449425469
0.637208334470473
0.453894479404745
0.469262414539834
0.562761925603382
0.499462644693495
0.457210452166812
0.566034646731949
0.615162894731768
0.508060210714976
0.46470600973435
0.643677668241675
0.608273482129416
0.573469285092683
0.585475070069501
0.484437496721964
0.621240530066205
0.464449051282746
0.25299449427087
0.507067376758167
0.398963527234628
0.529217836374497
0.492829044219763
0.612446528612375
0.567984672666607
0.403018366203607
0.504818422737016
0.558100362150033
0.526806676563126
0.412134125179284
0.555349360226402
0.441340287138191
0.514356724618757
0.577072474588425
0.30772966307699
0.652948772175551
0.606754209342617
0.633547414988695
0.434006905953776
0.495448358318226
0.362421147098472
0.48944399106045
0.469050453787674
0.466135001756933
0.480674430615458
0.472785191200981
0.243721843639888
0.517179373996218
0.357651608546488
0.462615763703017
0.581186736654777
0.371961717704928
0.407926625640796
0.488655718309043
0.400494819357642
0.571207399299253
0.336136383966967
0.636456340614129
0.52877474649928
0.607959987719468
0.56970477595235
0.555196260823333
0.584289694488108
0.3489301490762
0.636183410122456
0.553402937492079
0.438968509055917
0.521119284361409
0.409454692497068
0.637788938915975
0.634214200906638
0.558374452762279
0.640376337008339
0.622777029967362
0.358356578030197
0.574130872836854
0.415153013408998
0.595710215679733
0.593380653124428
0.439614319406852
0.613385013958652
0.418112625944053
0.548426540971374
0.317740330490263
0.532393003025913
0.55989728779929
0.644738631575385
0.514816978260735
0.487301950985288
0.458121613390114
0.530472392004735
0.390310441529871
0.638948585280366
0.616923618667115
0.647139270730671
0.62754950550791
0.606293288803966
0.599628005113133
0.573160764940425
0.571455710743896
0.649140948990096
0.44719322656374
0.635396000711799
0.595146462436208
0.463836774303589
0.351296138778468
0.503063527730874
0.631951315970789
0.458265494206227
0.613558536989486
0.452729875896549
0.574004078925874
0.530160348977089
0.304077500350688
0.355691290746859
0.452712867607871
0.601989363341263
0.603155219731126
0.638862261686765
0.637859160141047
0.560700713894045
0.642237701179566
0.367447432136567
0.442912124460266
0.405561862904441
0.553233233790539
0.516894213107181
0.570831868675038
0.264127126143417
0.390591347975424
0.489173301113327
0.571414127944331
0.502634026042654
0.646750340823183
0.638612635095704
0.34184654745834
0.485837479711695
0.403076157017597
0.496284504938468
0.436613320529543
0.299634120722619
0.635318243390952
0.60725138122272
0.3766016991516
0.558898227356488
0.613417067676026
0.60008030695496
0.585598590662823
0.641660533484203
0.532423893424045
0.592585739031822
0.565339716404302
0.599348243221479
0.327549549766678
0.459108190722837
0.609769175748829
0.502267781602802
0.568687642296774
0.492476639650096
0.573683974603944
0.64987847736688
0.377727375708227
0.466445812399188
0.40699193582086
0.568400748897144
0.604674668815596
0.536637789429967
0.326490368677505
0.616391594125894
0.171736744365856
0.524427245056799
0.532711528297178
0.200503585581869
0.219791714928271
0.609774023760385
0.650913039843647
0.497851488094045
0.513074110159189
0.337968861741369
0.6301235464792
0.600039012696155
0.640724487782761
0.569023975226005
0.471021343928444
0.630641928595608
0.646399752911448
0.575168471758108
0.626029577534378
0.165025067531088
0.578489221321595
0.539594290601794
0.514213540616615
0.536260303054379
0.433805887276219
0.486965297985997
0.341774753701209
0.604524084679106
0.625109121086276
0.372483649434816
0.544666596501972
0.552232124306731
0.62756964352731
0.647761608958545
0.400427762735629
0.58010623305852
0.550886456100156
0.4905970453329
0.592938593422116
0.580933718207243
0.191211852610002
0.453536596149814
0.458419504390391
0.404504401263844
0.464675149164403
0.622563931746815
0.483333561533983
0.511980678324091
0.519340949955166
0.569007483409174
0.510874585124345
0.463106267260179
0.570306575714324
0.476849830413035
0.453008562316136
0.425902968335389
0.386430621306544
0.522254510576357
0.487032445709628
0.556629019138387
0.282434834973868
0.565769662904997
0.396262352675332
0.643608125199911
0.417658147377403
0.631920716949717
0.598162123976289
0.578795184367796
0.482646908942556
0.505626639093646
0.529719321811202
0.643265364697175
0.457775860087802
0.34937519948674
0.607526464041552
0.475121547016614
0.649842188726706
0.632780161187117
0.490657140560331
0.481809127528029
0.520772863547093
0.353063655777658
0.369534397210542
0.518983955666433
0.55150185119812
0.630222799412482
0.584527603595923
0.639437701286709
0.602469266584722
0.560840794279213
0.0539741857628409
0.636795699052026
0.539021087343533
0.390669968243021
0.483609386029363
0.368759583803096
0.628517716605044
0.605878548609036
0.508129919920041
0.541478604451285
0.567699177210552
0.545118641812697
0.620808917198804
0.608757616581546
0.452494072868312
0.516457752984292
0.650534299859087
0.557666502968363
0.532374260468402
0.340330814430678
0.626832151093843
0.57118809180791
0.502759853113481
0.572603287816626
0.496567880356621
0.611197740655769
0.614948025228318
0.610711988368567
0.538249731759649
0.504921874015481
0.454851557875547
0.579319683844305
0.4592956035746
0.641333195337631
0.572983539544242
0.517555373425687
0.572763042195647
0.612674782580602
0.607648748556551
0.572336149073036
0.580559651038286
0.63886640717497
0.481197971536119
0.49950797814053
0.427146740507414
0.652268411301536
0.450638600232738
0.583934039530007
0.344263734954842
0.619297922785033
0.504190871172002
0.574462914860606
0.454961219481802
0.522132600533399
0.528235859518371
0.437422109923329
0.577892724740479
0.605450576177897
0.62113195332608
0.256642654095612
0.649627397788676
0.536657343102665
0.616970331448569
0.492509605049151
0.633935117006495
0.467391522363396
0.54224629610524
0.536790055122746
0.638784995592149
0.427428401099776
0.652823626377652
0.652404649788553
0.60994722805522
0.378849945967502
0.337067390687817
0.566799368243261
0.44070258602918
0.557876611804439
0.568650838704553
0.538482946394869
0.636688215195791
0.606416749304327
0.466548408464412
0.321390418374276
0.346458391762556
0.646011205563106
0.517863108458684
0.604948438565311
0.501722298982722
0.346733874464065
0.643445994320038
0.171439705055081
0.348678487568772
0.641042676984304
0.532750367574934
0.549683805321639
0.306192238335797
0.413385053769883
0.372159484472397
0.580719703680569
0.368468663832052
0.451598579597096
0.601262436043608
0.640094426955817
0.533563882806877
0.470022551520473
0.531609379425503
0.596421058679618
0.592797638076146
0.430570517502182
0.459285176036887
0.437279689384542
0.617635124687363
0.452595848788025
0.564941747500301
0.454265472239285
0.553170309690094
0.393552317748983
0.61296178266537
0.630149254353938
0.543854342203285
0.492615893683587
0.65112670021117
0.564891928070253
0.345627795005507
0.598244025497893
0.605522603591602
0.448343964852104
0.583573616400402
0.554122389166572
0.348319791790204
0.561080108469644
0.140647501159152
0.501380064666543
0.609945818939789
0.611383040055897
0.392003191165548
0.432294235426048
0.547809729434183
0.380778842143801
0.237680811944094
0.346726117158792
0.540653020618791
0.509926891152699
0.490805288622505
0.489321692071237
0.520961589275014
0.301412087513935
0.589912785801073
0.622407549962209
0.496675531762771
0.489857067384109
0.641142371800415
0.632987201786535
0.532268911390783
0.587522675308093
0.308721621769037
0.629906807288948
0.559026826526063
0.579736949360715
0.515156759021514
0.34423372319315
0.512914625081248
0.450418402092778
0.530718885170216
0.617635158968784
0.427061945063078
0.391752214802053
0.563444974663975
0.5035791721971
0.357828805246482
0.587511179353652
0.570828642757414
0.582621954249601
0.643222353436491
0.492397052250191
0.606749122210883
0.580717177005213
0.410845882246131
0.555085903446625
0.534778575799628
0.501167433208938
0.209150178598761
0.565953310744409
0.388630615233716
0.524822952380275
0.632697327861017
0.487369059106702
0.427040286549455
0.561679930968602
0.28931451061746
0.58286623994135
0.480207045669137
0.391588927375734
0.579550739870303
0.560398361520894
0.506140448774916
0.488342953773992
0.456783139047847
0.461088436789259
0.57688383803218
0.547168472701931
0.582913733884938
0.328402545206651
0.620743261339391
0.371501765353592
0.590729078096514
0.650611012082756
0.471879008838451
0.586673706458596
0.624343449403732
0.517666625086775
0.569474456379117
0.58676451644929
0.590610556327647
0.567226174014477
0.463588615947108
0.60526654107147
0.508496924375035
0.224705175425506
0.578209899736734
0.632205107816084
0.579967057773486
0.418860323449133
0.389692325709765
0.632191387124239
0.616916862846127
0.614442221724038
0.435263075121283
0.620361832885041
0.598191487456167
0.593073490268385
0.532052698833888
0.604515670397889
0.472923516897823
0.586582300466329
0.572141692061989
0.518100717011362
0.523133280704891
0.345944492954363
0.554361681823439
0.551960087691131
0.562253079368702
0.591429260005776
0.56746624310384
0.640940801699066
0.489489174513264
0.529478462455585
0.614308650666954
0.620402101643525
0.485443767244067
0.342712050781144
0.530976703374946
0.652082192992048
0.624674853091418
0.536709070683803
0.646880697877661
0.513135882261271
0.583565068501309
0.551660453037678
0.2906367139547
0.56295889829162
0.495960886583399
0.543963982260465
0.518598844410604
0.42172872041193
0.636225478330141
0.460408454134154
0.640650512525079
0.496676589808248
0.439036786216463
0.651593354025067
0.448970615278877
0.554788901615085
0.480062211110075
0.587321508275772
0.515511097422593
0.35752564214666
0.401079251148105
0.603468945563105
0.58636571692308
0.48280209183107
0.423802233449385
0.536188716099467
0.55430061268185
0.562721045041065
0.506644384553838
0.520546796018759
0.447349709438798
0.629165819474988
0.379863012361432
0.178205898883712
0.324673420442515
0.46503223430468
0.42969720924945
0.568898782979685
0.563333839970635
0.517429644655829
0.63716223820165
0.539079844238249
0.421878939407836
0.626739774796631
0.538860552881501
0.621320200947243
0.550675258428724
0.649452984462078
0.510358740147913
0.485379190750623
0.639034808959071
0.576232006878915
0.517796663894017
0.507009745644273
0.647414917075146
0.212026854016489
0.631507794226532
0.569332806896244
0.504476291985733
0.556321616515493
0.581759790193091
0.599645496915934
0.636351792551682
0.44503582459722
0.33424727842897
0.559430726606153
0.544101713119711
0.496098963009097
0.637809404884315
0.532235271104529
0.365162045649723
0.552524459104941
0.488521552317034
0.489802233912046
0.442636462031637
0.389526923229782
0.340568217315332
0.563460617349477
0.631428079474
0.432931358648865
0.631672730453833
0.250198402458399
0.58035735667296
0.197607286615138
0.36003845984675
0.632895640142796
0.633211050681979
0.462184707980933
0.652268196068887
0.559435744449083
0.621474071127572
0.543802076357613
0.62010411304111
0.644134698220421
0.645795274465442
0.447839618574977
0.465557572127725
0.504522052349652
0.591186764779889
0.386241201741143
0.520532462753442
0.512256664617077
0.590537048246177
0.392803683885213
0.522309189711935
0.466750675111576
0.515681773367082
0.56276878030257
0.255920049634848
0.632451739200149
0.615854982113893
0.429737516093674
0.524374230088872
0.617798714858327
0.527165974589707
0.590720527803516
0.327178789814624
0.578359348484991
0.492805672781069
0.508291045960863
0.477242697925419
0.487715567606707
0.64841122218312
0.504859223209722
0.438255431014363
0.615410395407903
0.43869977302681
0.582050798825495
0.494374913337403
0.475236213832921
0.595385089401476
0.52040524055512
0.59792951978914
0.365743027462172
0.558532120104013
0.608669931602246
0.441276225365762
0.593118100620705
0.501717975745471
0.641427421745743
0.372560056117245
0.492821834682926
0.416400755959116
0.369637745816657
0.460895848970939
0.447400653002488
0.518221032851026
0.612906134198728
0.452274255707325
0.652148936147751
0.650148151628737
0.595658666510571
0.431502373395046
0.652941277296489
0.485827588282462
0.511141251552716
0.625872815136028
0.474833053959228
0.444532638517245
0.610888746329783
0.380157813580666
0.635085933048295
0.500233268441754
0.595325464458134
0.540328950687875
0.50657294469143
0.241328494424155
0.422300494153767
0.44178601923154
0.463792284330377
0.405882600852119
0.495563854308395
0.514864248151603
0.486088555764415
0.508677408116381
0.555278127200031
0.520290970801696
0.501889861708295
0.632501261153552
0.603438307099316
0.596696299580096
0.605004192421416
0.486990426700099
0.515631168855763
0.481085681340262
0.646798877549166
0.460879005510315
0.33519680651461
0.647210722790526
0.589582191793271
0.414594339811111
0.576991773812633
0.426896675808393
0.622263959445629
0.362052532453225
0.631209754230094
0.440488336308517
0.614195377954834
0.543810442319074
0.303758384638639
0.330970416154444
0.622415521857532
0.487592835366187
0.615810677402662
0.491033050838363
0.461349032949012
0.496703141946828
0.634119988671858
0.559488839247263
0.452984153308371
0.555708473095988
0.597396570472964
0.637736125532862
0.385162653442826
0.537261124763012
0.228942952865501
0.592338069456333
0.344594695527269
0.410088833413198
0.320778239904312
0.16002079629603
0.311171262321906
0.504442486453445
0.592353517662858
0.601601411531275
0.629058336649995
0.585922897404284
0.32004759124148
0.627221877530654
0.363351304445432
0.570993184254322
0.567211222347476
0.584052999863174
0.52722919673635
0.414675378890417
0.651194218507561
0.497707812107453
0.641282963382944
0.303604367338842
0.35872097854036
0.354671992354508
0.542312367831055
0.521663324527987
0.209028613545222
0.644012172464172
0.464634744137765
0.387943789591713
0.451582806502987
0.539895818267793
0.524123280326867
0.497620827951246
0.488106217946646
0.493804539891213
0.570986858757009
0.503179806064219
0.608059361245018
0.578586866654957
0.474690511108755
0.528460487801767
0.586569875823507
0.510030305452028
0.580809486898671
0.604630826667427
0.650002776237214
0.616618916111551
0.551744114282908
0.513531600796232
0.397378756636924
0.49991895608951
0.64769876210793
0.444462717150162
0.476777009961826
0.467292882671706
0.566011105280853
0.638417284622301
0.480301382637976
0.487994229848606
0.595249458780719
0.579433613730406
0.652283248684382
0.459385367360468
0.538524806928826
0.476413277686028
0.502489279707607
0.617298358124719
0.489856771499208
0.457486679380319
0.582811959039307
0.588844853359677
0.425804118576003
0.471505239057608
0.447351013320268
0.623570096641114
0.63012956007053
0.616240037195135
0.478033832140037
0.644152199736573
0.578331202892886
0.562052151724381
0.619816291237799
0.415389826473101
0.48070779390592
0.57266482126114
0.31748553203484
0.576781868407094
0.542151820411476
0.595887717577778
0.610528230857307
0.500185135265547
0.64655873815717
0.414608575968584
0.47337340582511
0.567512926195909
0.430540450337662
0.407619406664419
0.516902417713508
0.613707710456415
0.385077038181032
0.560732512256164
0.575332154501689
0.342921603576755
0.537153590558834
0.607129153145902
0.569775548092163
0.648701104770142
0.551191522018762
0.464338702358178
0.375804590615061
0.605749869482648
0.337523847344012
0.335442422142372
0.481820574681433
0.571224646854016
0.620985820010316
0.526359387625841
0.62359395477739
0.489827958458852
0.573581171501177
0.511133374954303
0.536189479600067
0.207438915205955
0.605092096322904
0.307657164249743
0.637915004222262
0.613558003032129
0.585664775549032
0.604111460471511
0.551155746578065
0.559224304083741
0.441692446607081
0.434853445710333
0.547620029875303
0.487018228445154
0.534562501735766
0.603040185164505
0.508784768524634
0.418018501537118
0.640096682580041
0.320601430734177
0.543643617108435
0.484293754126202
0.410853342693818
0.489250728715834
0.5093134299729
0.557239316755621
0.373640896316223
0.534841677552458
0.582756703365239
0.527312379180361
0.501142300996107
0.561147355177614
0.530882919624794
0.582189684388608
0.583980997662418
0.516312492227647
0.414089607608653
0.593589175085665
0.423171764976227
0.58067778640614
0.610643303255471
0.528998809200421
0.485886059772293
0.572659272923164
0.530860913195307
0.344654168307272
0.471782239773524
0.644874760424229
0.536609925367747
0.63841298942195
0.461259788840937
0.641321513364552
0.544554892025714
0.535990241955551
0.51209469175557
0.383357652019223
0.623322439416673
0.432301606896147
0.548156313750295
0.585103411630302
0.561431267402299
0.646167139170882
0.229661366806963
0.521434027878727
0.244337765105361
0.400328800992689
0.612514897830617
0.529016702675085
0.519744064606667
0.370712967327078
0.608126820838677
0.420857088898605
0.427549671830892
0.426108526100538
0.55272395941326
0.582971840159276
0.385767011830312
0.33112665280894
0.413262051879174
0.524993529998514
0.518426445543017
0.49292989538332
0.557481915951839
0.585523123878469
0.350143094318631
0.554684523770487
0.596666072445253
0.429484379397095
0.556383415004695
0.641030768308614
0.565403380034653
0.562262288757819
0.340147156287366
0.589280203619793
0.454790013640563
0.64925570731033
0.574497468275013
0.535218370095251
0.647817587954891
0.465190345153231
0.618744768678192
0.595103189593551
0.475418793457269
0.456224651781295
0.330975424208865
0.606336168759342
0.487603671486656
0.651562241903185
0.632899403279632
0.64323696670244
0.543954440174794
0.586915980278695
0.53893661458041
0.53483137895097
0.505721289775456
0.485682244519449
0.587533834791559
0.504899807518928
0.540175727380335
0.535167912032408
0.475330548920001
0.344433575563068
0.20683257839437
0.585632273868623
0.609564633731214
0.58456382299358
0.638765383498441
0.456200021266612
0.635388635422082
0.538236901616067
0.478887141394976
0.597165851038298
0.258933464756506
0.632257981744749
0.560192967381368
0.651307092965552
0.441039069010088
0.626052225849792
0.437323704900297
0.454358378085745
0.535498036059911
0.602473430198047
0.641594045965108
0.647453198465119
0.402116643020124
0.595501080637131
0.422766289547515
0.545053476815099
0.543008880075746
0.512671931414946
0.596985574259257
0.241123834724714
0.592198846046606
0.463021020079584
0.627068246882929
0.482569271475444
0.601048895025192
0.617839298446796
0.467896154681123
0.617767505190354
0.447067139909054
0.533031038413534
0.437518298087404
0.527390666624591
0.622638323850596
0.491398911102016
0.150578741976381
0.533716127383047
0.491311670309129
0.592041046358693
0.521890101227632
0.607305567578241
0.454773978728794
0.528097407429851
0.353711603407508
0.364837053324839
0.393649308528997
0.455494170482266
0.639300035869831
0.232506910838289
0.636940399401863
0.526861711832212
0.573292182936984
0.57636486118587
0.649288458825089
0.647868996685779
0.645381421179356
0.388019269658316
0.54589864620611
0.412951963374973
0.374712960021396
0.217845939117939
0.493775212717295
0.605021585464359
0.505518819415689
0.38971897052605
0.581682494850587
0.565720840334503
0.592206104152941
0.478847387264871
0.602913582278084
0.638189273174938
0.461599678593393
0.578583125569692
0.632418670844306
0.496346269001181
0.432730477433405
0.274567054665868
0.647734890737181
0.630061566087997
0.609324945538662
0.496463558083667
0.338166131016563
0.641822385120068
0.626176363811844
0.504828205166046
0.613739869620154
0.573949140413755
0.572653521409114
0.579841175058616
0.426887707537464
0.628082583812627
0.624075355843671
0.486293575697088
0.502448575582322
0.605254542984987
0.374141014247425
0.460248713664249
0.27232467440435
0.374786075828714
0.582100891497015
0.577267906899034
0.634357190317078
0.604365702981378
0.319189254427879
0.551548205640598
0.650065893357455
0.54263452378284
0.608980906537275
0.510084298037671
0.598269080069054
0.58940613487421
0.443246206239808
0.381123238079554
0.454942237261419
0.577903870534277
0.589366582830913
0.606202691279259
0.352300480819683
0.421878169789365
0.565576172953435
0.548258796138011
0.599546814469559
0.55970433604041
0.456694165280877
0.410393832358835
0.618725184950447
0.633217343288379
0.528089443587646
0.435634007770323
0.572377096120973
0.531514801603664
0.623500019268134
0.564245943767562
0.560184420710221
0.404997006976738
0.41695082588861
0.481613821444314
0.51982268542401
0.464741610452794
0.606838254356092
0.571870656891911
0.415558917823773
0.555016640180952
0.527849737693474
0.554735559055463
0.513166153621313
0.638409830950742
0.648113854773362
0.491308009947224
0.651365800846949
0.623307269979481
0.447959913195498
0.339857020087991
0.485518700880938
0.557668377479169
0.428977289532727
0.371954867431803
0.44009199481591
0.289571245222639
0.341554859575054
0.642325692008464
0.459727774124297
0.644001196834594
0.294000041149792
0.479528773267539
0.417117137360149
0.508505418029573
0.49465362407808
0.387820077447821
0.572947024873402
0.495106061008248
0.526736453119826
0.602783052979322
0.316563521763359
0.346827693456836
0.337781309328495
0.439688210311657
0.431487822442424
0.182142112853834
0.615853734306305
0.449921445868169
0.425383527649114
0.451129772469809
0.535461054514139
0.547247479271482
0.507984706790845
0.546520533262214
0.639538100177935
0.644286890270269
0.647268203623276
0.425502189028014
0.613934740646731
0.578609143823756
0.370045448485606
0.561232946513792
0.555672848298623
0.6343017770069
0.569997055636432
0.552615065841656
0.633919220959988
0.5683097470854
0.393741077701595
0.517605469904887
0.562976718143336
0.479040061412857
0.594495601677123
0.614736415985002
0.319764551836305
0.546738341652705
0.652002708390213
0.610362330675445
0.596106007636315
0.511714291550587
0.515243158515668
0.230395771051133
0.486550652211587
0.367850248328376
0.423666955902898
0.429841547906416
0.505282574534995
0.507440730141352
0.361746067390366
0.438117560267852
0.633853457113455
0.602598561819347
0.378074592456109
0.56619553562693
0.399167829600689
0.651519332889484
0.622462848975302
0.592684243653441
0.425503518104724
0.508924133541611
0.574577877795836
0.495538048226536
0.571032286004609
0.550735940336733
0.589699974587093
0.624229768247994
0.570502035847964
0.612675680492294
0.650518683127609
0.564015878139502
0.64417350676925
0.370662062391467
0.602359577345614
0.430687725894863
0.585169000061773
0.503090085984748
0.453800029769655
0.61177027470528
0.439156490775885
0.222226348225046
0.520155950074976
0.365376212998614
0.419291915174392
0.507490259158885
0.515537763666626
0.623431986485341
0.619850389505243
0.620885890422888
0.580301245593919
0.647126444386824
0.563532880462203
0.628747963362838
0.647640329993374
0.631937641663949
0.611086509710637
0.507564398029319
0.506258254182986
0.425556485765212
0.362428446910139
0.602128797709496
0.47301366999912
0.426191204962737
0.608868459300274
0.648399746100116
0.549475884374852
0.610226715716656
0.580341574262121
0.550861398846152
0.377287270480476
0.114674059822752
0.596624288028677
0.51281333860088
0.546026226169984
0.558009004745893
0.52169532194236
0.63966380864372
0.641184129096963
0.487010528968096
0.581857210061154
0.645782169632274
0.52851503013911
0.327490428782692
0.618301547683933
0.39930421703277
0.468348397278336
0.338417159463672
0.630140416877449
0.611054180834302
0.577136078766372
0.615012483876105
0.631893637716439
0.611830349164622
0.628257970636453
0.571322920152258
0.591719240447181
0.533959022462524
0.284787021294315
0.5568108938062
0.569660761823514
0.415960178527915
0.646978911906945
0.488604401657
0.612885773947631
0.563593280290925
0.2960259790638
0.559552284045349
0.600798291900741
0.397166468644042
0.54574088025333
0.462603655548293
0.569119780055082
0.479794030056893
0.617359645038448
0.374397356925684
0.498800393929352
0.607801663666311
0.613322475128034
0.481070727158338
0.621909206639304
0.487981073300602
0.613755205673396
0.491519110209768
0.518494023817629
0.530994400094225
0.477943690015514
0.312514142309057
0.514314287678084
0.649988854068188
0.595100148584173
0.575442238093816
0.601096365038517
0.547728229696507
0.449103255994214
0.634834954137876
0.639017545042506
0.587874819052103
0.496306693099158
0.650189853686287
0.565258253315547
0.626936149899095
0.650511893001214
0.636807961579658
0.425411288962588
0.521480690703414
0.638448238518496
0.601936593022074
0.55866418776685
0.5701870543479
0.608019488879478
0.643953642386561
0.432960190139952
0.46705717836853
0.64635090204696
0.490176917539949
0.479385366993028
0.380719979126881
0.540720344779735
0.585580018884037
0.598278015848763
0.565241777772739
0.607711332216297
0.473124443879443
0.557616225139538
0.582458051831132
0.5155622546738
0.402493506753188
0.553151883037152
0.55290310302922
0.624747208851377
0.355651088447407
0.318530822598587
0.554149339952055
0.566925298904683
0.590951601678676
0.496726830049496
0.395477706119735
0.33132606683758
0.57723133947429
0.469794319424658
0.547443206576822
0.470828623051937
0.610861911772358
0.647093313096928
0.508591252404729
0.269615040931862
0.587658733682707
0.614838585507693
0.651719350621863
0.542430271318018
0.579624299099937
0.564737895523428
0.642013945464505
0.365123294870985
0.62055341560466
0.594838033803904
0.598814442138992
0.317170853058234
0.231082265101166
0.614385205105382
0.535779903927436
0.494686330435508
0.569062980061653
0.554317772392541
0.560716308872622
0.525450295065454
0.403057125452327
0.600978765498493
0.535256950712615
0.364443083707332
0.546375421237295
0.32596181418276
0.261698947333587
0.548738806981186
0.606060941220884
0.474513861982838
0.377050179743683
0.438346388428018
0.41184623727296
0.624867182649486
0.542884281335457
0.450720941933746
0.465875034793303
0.598590476858388
0.542085292504807
0.419369613553305
0.413808872818732
0.459892295760945
0.512361633275021
0.352315365399239
0.597245357121341
0.603239270769712
0.415851063398698
0.614637629613188
0.57220798901586
0.544513842440415
0.563033072160304
0.493986631897531
0.292755758435511
0.630993948358946
0.408795982694788
0.484320906944421
0.461087647488565
0.649789398932905
0.646404701214186
0.636166152631642
0.516254972070291
0.437781912158961
0.529415969843472
0.545781058933693
0.490539675682376
0.558946031518928
0.548360047587778
0.639803235939404
0.500530350060791
0.508477111336598
0.630013540536724
0.505393356629993
0.447686465942696
0.630131805037568
0.472491307929733
0.52062074703955
0.652308228371603
0.599370648992214
0.476865303042063
0.473560900787174
0.573438293791154
0.545601751097214
0.587932645507388
0.583595037951546
0.446000428300066
0.619609361365878
0.633326943843117
0.647260651642456
0.490185435934713
0.601416855026562
0.436996477935293
0.285471457116019
0.553919359338392
0.572348641710572
0.49539812369276
0.561762244181547
0.37153048057899
0.548477864997321
0.53011752902294
0.595228569227176
0.443055325188792
0.382345595080931
0.395470758619562
0.485727759825698
0.583502970783453
0.489630157625734
0.556983556508849
0.579759939115194
0.440905013318015
0.496090697388103
0.597264646091738
0.608917644215462
0.497508373409131
0.401877723629485
0.347397229944388
0.34665561788515
0.413990526452435
0.342220489595519
0.516131070713341
0.53431092125639
0.381936693779154
0.371780855653571
