4.22401237211019
3.99313440905544
3.76301851296458
4.19851093177598
4.28842563866047
4.36578649134835
4.45660478195904
3.94552972986858
4.88486295087361
3.42599196536643
3.82723874744837
4.42775372703526
4.02776689455888
4.04622202088169
4.46951381024948
3.39866763705431
3.88958205401941
3.94519854483052
3.94316861878254
3.89792201753543
4.23030401291717
3.86906153147353
4.20980650675973
3.90285634357239
4.80501740232325
4.01012385421629
2.75933769564812
3.45583757179294
3.43026653292302
3.96502439780945
3.94467807331028
3.85348133885207
4.28232930162461
3.93301972932399
3.03434349308673
4.2051654200265
4.47724841704684
4.32984815102162
3.02534775935904
3.18627041707824
3.77573527775574
3.84699404799286
3.71525528735382
3.98155984834826
3.90420175197592
3.19816220432008
3.28679612678074
3.6159707681401
3.83768488825158
3.14052506855533
