3.89757362634044
3.36169789519261
4.01349621785566
3.60684833524233
3.96077870809778
3.37246721068695
3.81214009894356
4.26239294174287
3.14784973924157
2.81580049891061
4.03106455199457
3.23590243535153
3.07844293876527
2.89000413621153
4.048485977388
3.53810780686669
3.23454007960163
3.2787006058824
4.83430393951429
4.36023077476813
3.69805147249177
3.65086488392673
4.47973165424166
4.30509732319297
2.98357255319388
3.58540901925269
4.70087942166108
4.08066319778415
4.77724846853724
4.05444478153601
4.1523850805196
4.68041937142375
3.32744390993297
3.01850301265558
3.58640380581682
2.95566130073614
2.72492883755016
4.51626891646913
3.99333444797274
3.51153177023705
3.72108214481529
5.8707069979367
3.75288450177521
4.87012357100619
4.67602773170589
3.08067168806674
2.9455678481515
4.78891862248812
4.38152578972313
3.93699926963109
