3.5233027769533
4.08601619382993
3.3179028316927
5.63088377926304
3.59232723518678
4.88192014199447
4.29879729532402
3.81920809055444
4.71815344494533
4.94542345912668
4.61471000766869
5.37098826222609
3.93140412243058
4.41503731972485
3.47542937478576
3.76203581425062
4.42233026175284
3.80749354309835
4.47499213259168
3.79646463278217
4.94352551902476
4.71625718761505
4.00402652635223
4.74040954855798
4.24591595639734
3.6646441687428
3.36015524093423
4.13023857765593
3.45441002180449
3.60111679082173
3.86862949082464
3.67429655032384
3.99906618196212
3.18009804190763
4.29092681686432
3.27658216988812
3.15807187611382
4.01389553467775
3.86144592378646
3.75481446813564
3.55640685746262
4.21475542058984
4.02742420823927
4.30692247522678
4.22630814265879
4.43418564257006
4.09245556678331
4.0837980508392
3.22456969828879
3.34082157578787
