17.4222180543113 35.5213860844231 0.714919786852139 31.9753936576371
22.4539821442379 36.2018085426064 3.35445390335814 21.4138263416873
20.2796989147172 32.3102406089412 2.09974964862101 26.0786912029633
20.2123583395724 36.7962764575547 2.67082152576026 11.36205500152
14.1610637711119 37.7009348769845 0.748718382508069 24.468868848924
18.6260227680829 40.3317300154255 1.1688746445868 25.5321928508666
15.106257982771 44.1777269163631 -5.55077309580559 25.4683610305613
16.091702840783 44.686198448117 -0.0848293067084747 13.6542947056783
15.5248439275417 38.1874112558247 12.0836419261792 14.7866888942379
18.0316821616499 30.141824125238 3.4788219084246 26.1623964373015
22.9924800399783 36.401147795042 -1.92124947154609 24.6108077279545
16.9226618998274 41.9582788670884 -4.93444434123494 23.0471925998065
18.5027224201616 43.5665584094316 4.40645341128788 18.9649523840985
16.9321593095881 44.6934053189567 2.32761398621488 18.3242338813339
12.2133026642069 46.0619816710245 1.99455278269013 23.4700599390481
11.629491172624 47.4364379199627 1.77564240931393 17.6558035145352
12.274156206564 34.8111928574808 9.70852851459732 21.7038170665284
14.8207729094389 36.1684791586793 2.77019688365486 24.1302713224804
14.3556794219781 44.1348286413704 7.13919383808426 19.0450073071356
25.5969752120514 39.0405444821544 1.86888966681336 14.2165214029719
16.4748674053367 33.3839478598135 4.43126896430994 26.8034058334477
19.9630249624082 31.5180937280192 8.43354076878122 16.3109073783979
20.5038854404151 32.2778516703167 2.97240231451532 16.1984032798102
18.6028513604206 35.8380008509743 5.31630615131056 18.3610881789581
15.0867682759852 40.2710816784508 0.050472100522938 24.6634904306818
11.4457439455259 38.0091327353355 8.45493067360434 25.2300637194915
15.7973680665749 37.3027403861188 7.00619370117286 12.3453680225112
19.4822325587363 41.1579577075341 5.47660507898318 13.2062785352932
18.6474816228317 36.7823626761221 3.88584855353086 22.9640842569336
16.9093448700239 38.9589510204595 2.43220219113381 19.855933542801
19.640689810222 37.3574996936267 6.07284611888951 14.0492722579415
16.697242628927 41.6068068214749 3.97888479743702 22.2525405241022
13.3763976467922 36.8564548390894 5.853675804245 17.493305251042
13.5636506491742 40.7384962621627 4.24884716482079 22.3926968930488
18.0170278920785 34.3290480156026 5.59827528804948 26.6394464880963
7.32123969275488 48.6915377380838 4.72200270611397 23.601249005448
10.622231804675 39.7968084266669 14.597010399251 18.3258689970595
5.91144669637217 45.4085714735637 3.45054484531255 22.9726869308153
9.45365145993496 46.0327396585563 5.13791536883183 22.5596408603483
16.7285976424948 37.1382077139102 3.65320756644197 20.0375950137855
12.0915941488209 41.7265262547594 7.98877685719124 19.8022301510389
12.2788368241982 38.1948736173492 6.06876369230008 17.862416462016
16.2538473727506 46.6278075201889 6.97290998376991 15.9035810619544
17.3280082837809 41.6985326235621 -4.70661063101575 18.4247459714703
23.046737668404 41.8801285683567 -0.307584738498426 16.715180660434
13.952075297374 39.7449395694299 2.81351165703796 27.3136635795649
10.6415730511061 42.8178382134011 6.39959457523645 16.0668749287296
12.2664665303243 46.3693466674257 4.2096152368308 21.9330474299093
15.8774598496041 34.7250288227658 9.77509392731119 16.4444519356297
12.8265959166654 36.9313815820185 11.1121369607337 21.1521929012329
