11.9176519239644 41.5751903563408 2.18943595831921 25.760400619285
12.7325266403624 41.0932099655838 0.240302819076728 19.9532985056676
16.3470622052002 37.9176383057819 -3.3839105956664 21.7835106055553
26.1140025183095 34.8826582558551 -4.25088317064792 22.3042358301881
17.6642867843574 36.0335607849299 -1.16956780554926 23.3946643970107
17.091214203344 38.5230004314395 -0.165519335907883 24.1360456068898
16.503813571244 28.6697442523183 12.8696674579234 13.9526408805187
18.3243459462165 27.7538356050231 12.4063959294014 18.4285357791605
12.830096348903 33.7059847595746 9.9060301478036 19.5108588847163
11.0348024539906 34.4596413981211 3.79497980075023 20.1236670977972
15.5100800301205 42.0726648448142 2.51898680523926 17.7689177125297
8.23136584520664 39.8811112210259 7.42277663919554 21.1390720348455
15.6327133266382 33.2604848020574 7.94090680854645 20.2677747608949
12.7356216083118 33.9471702555902 14.0546755662407 22.5871496594355
13.5424546767013 29.5572254705799 15.3782077090313 24.9196979248962
15.2383022315274 31.6450533643927 12.4738098065456 20.320025535904
10.38012564532 36.4013280495367 0.0668276648632773 27.6339574886627
20.5381012327376 32.07519263988 -1.88503497162465 18.8595602286427
23.2845161381228 31.6685651636376 -0.268364425162762 21.9005944051511
16.8474326132524 34.9632768796629 4.12748970480536 16.9002872805774
15.2383654571913 32.0296570332804 9.92974701364715 18.0413142682062
14.1457848731239 36.1229000707762 8.05771751422523 19.6684879624931
14.7950371822622 36.2971913928796 4.53291275132712 21.0979111076711
18.982730568463 30.8077732680996 12.1005264104581 16.2933125903732
15.1668329238231 36.0810081828492 6.82831493285833 24.8750066054782
13.6888810525593 40.6371158036732 1.04585473829432 19.8625556599945
21.5925186848213 36.2900728072512 1.88813498448118 15.3073022658466
23.1405271490555 34.7738503807265 1.67487792642324 14.7860198769296
19.5777047750008 35.3394531179454 5.71005217449168 23.6504853924127
20.5177307898797 38.6172579090855 4.0903099872089 21.9367290974432
16.2894399268797 40.3593861689012 2.37899435298847 22.5419544423219
15.6346830378416 33.5128576476279 1.22255870023872 25.9396809427287
16.9491810115108 33.2468435195389 2.73446487172042 19.1420219446768
16.5384703834087 34.75004511159 0.645895585441036 22.725420120231
16.9858251122304 40.2475033829419 3.79316339601731 19.4343949039287
14.1091364515902 37.6783963130962 8.24614413612075 18.0925526504443
9.80736421057526 41.6750053899538 5.18694081527245 17.754869802091
8.07656970302299 43.4176074127837 2.92347069979011 21.1884657852905
8.48836320397958 40.6573784418941 6.27984902064405 24.7369878811232
8.22741769067602 39.4576652029043 5.21854162756281 21.4155415352148
15.1441820238508 39.5625409156893 0.966355639160247 23.0909985309863
18.2230548475666 37.0096075299873 3.46874357233148 16.1138860091471
21.1933163841052 35.7669392645105 7.90855504762941 15.4360416469547
15.1740827258789 43.0143999073082 7.89341918176044 14.0056191073818
10.8677213875739 43.5810735951452 8.05716770253433 17.4277713131351
16.5746831605311 39.1566645013902 5.17281277162004 16.6935904828262
15.0004118124608 38.0353654563126 6.30374980107816 19.5366568489923
9.32365584064724 40.8688459532072 2.40544519628327 20.5567634488018
12.1228972666822 38.7603176748063 5.97295189051817 18.7357064062659
9.16130175535031 43.987289881368 6.19909103674353 21.6351863563751
