23.2309568599651 40.7477253334178 -0.415926052962551 20.7878913746002
23.2655648367591 40.2597499153245 4.12039611969243 17.8849624514565
23.8776854569218 38.0661238465597 3.24732551238761 19.3006431992292
19.6827286973442 39.9240599383771 7.2430078818121 19.0842576424821
20.8316746094189 38.4536830787277 5.0432115563632 17.1750803221005
23.9825690276402 36.9954346421635 5.5768540618322 19.1866857126177
23.9760430711945 36.720993725308 4.42365790766821 20.4949706463216
22.3575070496567 38.0807144677803 3.96648638172161 21.5887342578283
19.7081731903683 39.8876340842094 2.28051198271033 21.4121252870482
22.4450469937696 39.2633974271172 1.47760234917193 21.1349118646962
21.8456275456921 41.7761504813496 1.33263023048288 20.4384927174017
20.9483207875155 41.627441450256 1.5886033820138 20.5409018839871
21.0220844324309 42.2569800531043 1.76986744900617 20.5318110486771
22.1826760047154 43.4438029436907 0.69384038460532 18.3673889417091
24.3989746701037 41.2691141500492 -0.898668589677313 19.4173523896726
23.2986799902913 38.1718915107586 5.53312759026607 12.7165196930164
23.062246416987 37.4964562166304 5.14788342930027 19.3632931038351
21.6673938206325 38.9841795628671 3.92661159659346 20.329322453377
19.8078189577245 38.8970511599478 5.05263650895018 19.5139392459701
22.3014249014432 39.132617515576 6.23673263429523 16.8561352435384
21.2870693356343 42.1358852884859 3.24546583624122 16.2097352819943
25.5761323487205 40.5288864054485 0.977764236365463 17.4109885999021
24.3504199741236 40.9525532811823 -0.262946920720816 18.0652855019755
26.5717687321156 40.3565113915496 -3.02419976942196 19.4975176811634
25.7476674666514 38.7177531886768 -1.08213107827561 21.6086816462691
27.0959886295459 37.4117138869296 -1.55495449730349 22.7455391041321
29.31837979238 38.2583505487626 -0.943366198144996 16.034068239225
28.5980227227064 39.2149134277934 -1.35281166902753 16.4726087410656
25.5414812995548 42.9752238495093 -3.91122966395602 21.2713294581569
25.0237217141954 40.9437887279878 -1.66868871513597 21.6614411433256
23.947198411049 42.0627475322788 -1.40142133094536 20.9932935600027
23.1875581808653 39.6539272804054 0.0594893923405477 21.4372113818618
24.0946492148712 39.6912038740862 -0.759001413843188 20.969058498831
27.0973277308347 40.3092207398181 -0.212507596873483 14.2229766610624
26.305043454284 39.7023034763529 0.608785613414865 19.1915423893868
24.0532794302076 41.1232774508243 -1.02219885374275 21.3530050438195
22.8191878370744 42.9079187649411 -1.24413299516801 20.2506915909732
21.2501764577066 44.1204455365843 -2.00617147429554 22.0172730962786
24.8720357876689 42.2869985109672 0.219067988838976 17.581641719253
19.7398008691569 43.5084350067317 2.79183632538156 19.570630948787
21.0541555178471 42.9322891498026 2.29375610366803 18.1515307489177
23.3433933482101 41.9681026723002 1.17947989127547 18.6994633317957
22.5753326303366 38.3833774782943 3.35312273512911 21.1088510160563
22.373198479194 35.5723302037805 0.808057010850162 24.6743192521577
24.3986073958484 35.1142332557424 0.842732577104504 25.1407453689316
25.6899703771823 33.5062690425414 0.620474141721952 23.4008224527788
26.3278956687066 36.0763849469023 -1.14980354932217 24.0396442434248
26.5263680189682 35.8028359524386 0.0601973306556705 23.0272910237036
26.9310099393695 35.6306773407784 0.927043925286931 20.8512434820753
24.7525939856765 37.0741701348102 2.46021169291315 16.9748092544882
