10.7718046760958 37.9005774417286 -1.25031901655999 15.7333568713553
7.14974700460152 37.2898153228924 1.32420353226084 25.1428276583993
16.7270464052753 31.5989918604238 4.53469557230431 23.3181533187888
13.1651767857101 35.8173016118185 1.80208870479974 11.8167120195425
11.8454419124562 40.4874900166456 3.27562828443599 16.4471905258814
14.1864479424972 38.076984963524 2.38150897304812 27.5500641293794
16.5545942216223 36.5705611735931 -0.238729449697253 14.6435338879459
14.9603151113109 40.2522461793935 5.68214913991671 22.93593968313
17.1198946991686 34.9656265403245 0.952432953226392 28.383592000215
9.39531115722474 38.3871597472487 -1.6469585975352 26.0819007325756
22.4266532991306 40.1157526331205 3.67054427349255 16.921234855154
10.9057489582273 41.7112691323378 6.24202374458667 22.574483434943
19.4240072499076 28.4623577262766 3.10296446614956 24.2516351238344
11.7496668298614 41.4679331486671 6.54562707304836 25.0163748265011
13.082601442436 31.2320618498005 3.55241898353071 21.6073067387946
11.4182701986767 43.8757484832026 3.07928911441065 24.0736826027389
16.7372892073732 35.3523506583284 -1.55405003441336 18.3158633405905
13.3398322642593 32.7518681167263 2.8373030600867 22.997631063592
11.6292586638237 45.2438316299114 -0.555414830639955 25.1381084500754
10.7581888855847 28.9913169877371 -4.4625984749817 24.8644339331368
11.8867435902223 27.8888943917002 2.9779522849527 18.652982657397
14.2732443768385 38.368636754077 3.6744617824893 21.1430724818202
15.5539712724578 26.4940148022345 -2.77545395161991 15.0339424112754
20.6899107615765 32.8345881934908 5.29489342618598 17.0209138102177
13.9211534471553 39.3772929833765 4.28147264757723 17.6716798833024
15.4628990131156 33.9987590464134 9.80443565718606 24.1653821042906
15.3141866668674 33.7125100837796 6.48987169376546 27.4648465297226
10.0422216314766 33.5320807295807 5.70641080186869 20.0619830942114
6.31771432239181 31.9534423070191 5.54383164794965 12.842853650474
18.731531935723 35.7573959643943 4.08763981867532 25.16257785994
19.3872938123322 35.5549921490738 0.0846024289246188 24.0580156917439
12.8401052976896 29.9445148999358 3.33793734552569 25.08019486043
12.3262334618569 36.1334678738085 6.0483564180777 23.0140286249339
13.9119319671622 33.0440055580118 2.97176018156462 11.6774937819602
16.9934607202394 39.2303373262209 1.63476952651781 19.2308452933432
9.63547252244038 35.9442591860972 7.31915682823425 24.4577592422021
9.43039238355574 28.2612257553989 8.24088177303827 16.3727853371031
17.6360438251805 28.6362780412479 8.28080264358278 18.7270651398332
13.7116443742173 35.9886467348164 10.5771101725372 18.1645545230274
15.535766145052 35.9590838606885 0.959693019863558 16.4158628530755
16.7528701668105 30.3555482618383 3.66370444516465 19.3025127324551
18.3016469452455 43.1322136724029 6.66427969345624 17.2507310230016
14.8409135397253 35.7650055117736 6.3083858641445 15.3000177920546
14.5230312964344 28.0859635573678 8.20127657499657 23.3387614749565
14.5876629488261 32.1977954675576 5.09752306623798 25.700276258604
14.8677963647709 29.8147380450898 8.73488227019557 19.7508594674232
15.7630389580501 35.043854568955 -1.22335069233081 18.8020999730282
12.428809708265 42.065269718988 4.65118985331837 20.8768891748415
15.9047019433537 35.5252183042538 0.908832052024607 16.7734675589272
20.5363320410466 32.3738591008267 6.62815584458554 24.9628881610462
