16.0323706502196 37.6510192659501 -0.191777406106498 26.8980438981468
14.726895718328 34.6216872407747 7.73269156424956 20.1193294810909
18.5253971300567 37.2168905784308 3.48536826969373 18.993050515377
16.7966561816758 37.0674272805337 4.21556522645026 25.0175036215504
17.2249329608523 38.3731216812626 2.76407773899157 24.7812219091169
15.197876346157 42.9437376127236 4.07913652412842 16.6755407643611
16.5164089984389 40.8626353474433 -1.10344188589354 24.8585648469486
17.1308416827379 40.9007527787752 -1.22712600360988 24.9352853033421
20.0897666921846 37.7052054697725 3.55459591225123 14.4833479491043
14.7114521932373 40.170607803149 4.44908556379711 25.6367850621786
15.5928499401895 32.6259417799075 3.56943727669438 24.9059701033055
22.8022040727652 36.283045377666 0.122382708246644 23.5544973810377
17.2362611110159 33.6989933539864 8.6372347217288 17.2600415141972
18.6083052151229 33.7823658207592 13.3949716927713 15.7293255983789
15.2511810403301 37.3262690854573 9.44736321018829 18.6922016496407
15.9139528601552 36.8233615780751 8.38829823061732 19.2368101951147
13.4401822999066 35.2517908801677 10.3100259798758 18.8207201448227
12.9628388853464 37.2489097257888 9.42310380753169 19.7895160949885
15.6218330006433 37.5880695591312 4.785846994398 21.2586737766202
15.3039054219271 41.2264201976069 4.06127199387524 21.5435401310962
17.0121129085621 37.3418264971811 4.30528044943631 22.0203001129399
15.5765922124984 39.2879548292373 6.84397295342139 19.7152547046745
14.4216219033046 38.0543533176421 6.35600094246285 16.9561921328612
17.1186750108676 37.0364660640685 6.55183428745637 20.9245167803515
14.9220898011373 38.9313597504717 5.70596643947653 22.8558488100644
13.6098719938552 43.7383509376524 5.19519962698982 16.9654416949887
4.48714902817317 50.856559226648 6.42102930966969 18.01408164041
6.1505647916341 47.6678457712326 7.64259148258573 21.4366371347826
3.73345465212305 46.7715253946874 1.41944750635724 30.9186261158824
7.07738810670756 38.9728949157954 6.01179965596291 28.6456198598023
11.2075311987261 40.7544150592728 3.58803471105428 21.2442682448739
17.1573260473491 35.2576139917491 8.47435382756818 17.0190629373621
16.4566398598548 36.3456760547569 6.63312955121411 21.4842276813145
14.937605349432 40.7752299204112 4.16548671394147 18.8634943505309
13.8176219080205 40.9489220599554 4.55618532184334 19.4140747596853
13.0198511320743 43.233651404604 3.90603665505735 20.5587735142824
12.7585519179595 43.3107719100259 1.56238034488419 26.7882202855142
11.6637149616077 45.262920458776 -0.0602069895437003 22.3490107594174
13.8771303629496 45.1714296759543 1.69466940588041 15.5379478998298
13.8362700185205 46.904382921058 4.67560161939986 13.6589484858372
12.9045335801608 45.363268006744 0.946833848015295 20.8326903244175
11.7243488810192 45.7470346564882 7.92665868652348 16.7337867654254
9.85659807756215 39.6860672020254 9.61464311233717 21.3332811681193
16.6429720858324 34.2489049626881 9.33451631265352 18.2221174350008
21.5045573463496 33.5718724600003 5.44749044356116 21.383831151788
22.7935499945761 35.0350350614683 2.14765987349277 21.776083836718
24.7485290955305 32.8687382997753 4.10069395774044 15.5082067730072
19.8010146568834 38.7263203536207 4.35081071925014 17.8643859724849
19.8619324461197 38.0149070227889 5.40717239155258 18.0319934050698
11.335644497314 47.9814167757047 4.15338329715179 18.7269760872187
