10.7797615165076 46.3398918714001 3.98913282202985 13.8325989821717
8.14436819869702 45.6248853237037 7.06617133635326 22.6050992955245
7.85097986126437 35.3119506687775 7.78091801917874 33.9170560412499
2.98934313072573 31.3054692640986 6.31535259183166 36.9029817720653
14.6457071096006 27.8282171706903 7.01435865270991 26.1956275548504
18.9978732645058 28.5570845948767 4.76619045385245 21.4033778901703
18.2490406898793 34.7246458957467 3.04838704262865 21.9787331457417
14.7025142765669 37.4627075315017 5.41648738946563 14.5747700990886
17.6057456595464 37.9270862980616 5.52565634800057 23.9949659584376
14.3047577651164 37.0643377130708 5.13216609628824 18.9295485772764
11.1681609562912 35.3283281516706 3.37900824501423 23.3606183470126
12.0335541720816 37.4743560320802 2.25263095748988 24.9385996937582
14.8037764489175 38.6857480119131 2.27364518824575 21.4619363827623
14.6273131242735 39.0173505754329 0.155843949574381 22.6560241273339
12.9619011461228 34.3730878274306 1.99973928871768 22.4104462944874
21.7584914574235 31.9243064362905 6.50299187113129 18.1467628650339
14.5078734182373 28.4412217587144 12.8028531758278 17.8902877762699
15.1780499484011 29.1940624339106 10.0217483400049 22.1013664041931
14.1648200309844 28.1313742242267 6.52576826377028 26.712332738761
15.4079385157476 31.5811055117731 8.98777454677584 16.3517314283338
13.527898844673 33.1335661284988 5.27868330784966 29.3582511875145
12.7825630011114 34.5110724986878 3.67312050575632 20.6057516641573
11.4307240671679 37.7180476488181 0.279032818106692 27.7649394358665
15.7386165714689 38.4540663661191 0.893383194733802 22.6038295604303
12.7590094859072 38.6815360684929 0.0528372749913747 21.4078117956295
17.0290032191746 36.8467053395917 0.548139756773544 18.8502089104174
15.5533221740274 36.2725648751416 4.2201265211394 20.1628284108251
12.407919990845 38.026996257229 5.54310584675684 18.3379275009223
13.2629952166818 38.6286004107748 5.27881332209497 19.2894772882297
10.8433857726797 37.95212203432 4.3847374580904 17.1357405014161
15.4869821570067 32.8358713364771 4.32656616173383 25.447483694029
15.4582871989248 41.5570169423105 -0.207000365220797 24.3151619303364
15.3992573191898 40.0463864666707 2.23261259558339 22.5618357309254
10.0638102185332 37.7244370076316 3.73054612722908 22.4352438374409
12.6084393024247 34.7587480144874 9.16767490960684 20.1118480561727
10.6483821939739 33.3935822006901 11.0774807597001 15.4394464836271
13.5954479047395 31.0438493350677 9.00060213673894 23.4154346968911
14.2300983761583 29.4098902754177 10.591229405962 19.1362230965327
19.8359547449421 30.142620730183 3.10279930173574 21.6207947071051
20.65070656653 30.8426570962775 8.49128651274093 16.038865527167
13.7403099105085 32.9470812524582 7.88265705072951 19.3470513032565
16.5767155790435 35.0276200774541 7.42638026092076 13.3803890579101
13.64196688869 38.1114171636231 7.60705023224157 16.3745507275406
19.272038462405 36.9332372637829 5.64104751890848 10.7839358878665
12.4871871328218 39.9074642892734 6.78324770344291 21.7376200840677
10.0961847395899 35.2910345336121 6.47043600723431 20.289675052761
9.7156148517188 35.8165946984363 5.06567280355753 25.6695883636237
12.7779315670423 40.2621047159492 2.84469534638239 17.2749851755827
12.9889547141088 33.8551689570089 7.63920752260604 21.517613544573
8.9154541295801 36.3153470952764 5.08317692456388 20.6398834670531
