0.529768140013189
0.468503915957018
0.531315345084159
0.54746237181996
0.518387890035217
0.618502545240363
0.647682678712869
0.459783599867455
0.550253663704788
0.544565747724684
0.510763295281213
0.445770891122054
0.552359616686357
0.6196348717004
0.476025882829982
0.643796647049952
0.519806199419624
0.639332421405936
0.61341089683352
0.514718115275157
0.427930779218626
0.403424386810046
0.615456131972605
0.133051761643728
0.516852914747263
0.559511854443079
0.545716324485894
0.544969354780608
0.54396418490191
0.438030368742999
0.604435049636475
0.592575339829276
0.430241760246898
0.5351295491809
0.573712168917685
0.362531646258431
0.570946452708748
0.455571549664149
0.385859233146713
0.605861428972216
0.634010403575393
0.564526029424266
0.562658268256779
0.606141549002681
0.593921878816805
0.374583101301863
0.549518522196915
0.362908046924572
0.367538435463328
0.578984532174714
