0.512421939934522
0.648153724986198
0.621568153606495
0.566803972410341
0.647451319088842
0.428776437298361
0.612236778487238
0.591332981061914
0.456455338660565
0.611056677714095
0.626044843894839
0.574894265027413
0.505583497160114
0.549840158755281
0.385240925871722
0.649548942779538
0.561741314984019
0.614888373719074
0.564399572264069
0.431867919488082
0.496900406223859
0.559194405321634
0.644320945562404
0.468552991518518
0.427426600030158
0.634437864941431
0.610670641323291
0.333557000226766
0.28697059061029
0.543078508960865
0.463430364116561
0.593867090347924
0.225029202046106
0.491239894793565
0.645845685750597
0.568132965996825
0.443709616866819
0.530170242725872
0.646219920140119
0.583869410284096
0.532391343126772
0.606197901456183
0.518723119991832
0.611493873075367
0.588831391534282
0.146979441178752
0.652385421671672
0.520383545762394
0.571546014469841
0.573475895906304
