0.642478652677732
0.509310157547881
0.509609782286788
0.563357194985496
0.605850489037872
0.564668546351175
0.518048527541803
0.519767794504605
0.453084903837324
0.410291438759213
0.494824530513276
0.547752763964829
0.628687368527517
0.582929465044523
0.148388107797829
0.597513897456938
0.587096473787887
0.504640189871806
0.604849881439797
0.537488573759367
0.627107624474818
0.157416104814736
0.355671510014666
0.512789320319455
0.506141261815113
0.460099688709616
0.45018798844276
0.513410467489192
0.240647869540611
0.532385166750971
0.362375237047905
0.616009487600545
0.631133721800987
0.632111293946028
0.352905867508613
0.515258253563428
0.42997515173099
0.581077501946323
0.386594716215412
0.503130248545053
0.50355827298602
0.55346035038383
0.443131593109574
0.45727792101727
0.438554535910254
0.132650946127892
0.129204157218104
0.0168520348549355
0.633483597107931
0.267753724170849
