0.623847278097477
0.496069943237692
0.505738572904788
0.430773064095943
0.576035270302414
0.508228843906271
0.599808726494209
0.605034805365073
0.439880683055939
0.586905011645517
0.638234140449619
0.641550192100493
0.619566749220382
0.597094732458273
0.630695608382635
0.593449737931557
0.617261520944087
0.55675777631169
0.649848997560795
0.587655085889226
0.634835596954217
0.610637348163423
0.592646583740032
0.616920042457703
0.627195632602056
0.313225793223595
0.56105171875062
0.594859211818548
0.635022367991074
0.37489571370655
0.649211716347043
0.503590369010157
0.554893453786167
0.455882059229188
0.44682440691787
0.493883649360418
0.638737055969425
0.479317633917555
0.453829696585513
0.531958305659915
0.448869504317874
0.485743046853226
0.474449723134283
0.481682049513788
0.407656847127946
0.648379086748403
0.434309157848217
0.433063467287027
0.481779328646267
0.467972239374414
