0.419842398958281
0.730501369359971
0.732560802227728
0.587279528583874
0.707429791077052
0.637088711340127
0.547172574743226
0.624618856954011
0.596698433161303
0.535243341725734
0.585738998492408
0.6993756780552
0.715796707608622
0.65413161978927
0.761245824373327
0.682972487945814
0.577520467832999
0.687811938520106
0.689930070622346
0.672496434954762
0.75118012608857
0.819354433418366
0.835218059263471
0.665068435312026
0.589617644109789
0.574200751612549
0.617367803422534
0.902028936010796
0.578986458638282
0.79057671141907
0.705803623685914
0.797004004850526
0.686080005235306
0.714248942552465
0.764248121655199
0.737270490819482
0.829630793090584
0.798630726947575
0.785065400242669
0.794668283394421
0.852128817300143
0.899109347012045
0.690448985916635
0.277178440191109
0.379165561061726
0.808461514065543
0.792707521591608
0.704713857246102
0.836435595874614
0.523427623357872
0.72448371761385
0.702786369550329
0.841432116110131
0.738128510863819
0.93834854632643
0.611891135861867
0.785531398543344
0.856236062264682
0.528415135383447
0.831802189754621
0.777865957173558
0.946454591939663
0.647562265187008
0.906796179791176
0.87798536013171
0.748905127926548
0.377919157687952
0.716915560367731
0.718284732606961
0.624972234371802
0.578588641291243
0.832168160621111
0.688468481467477
0.643395119252089
0.846167196014876
0.718772590683991
0.771834407352249
0.79993726127961
0.792205054689526
0.90708651443235
0.839685549828594
0.876196758901821
0.828664479121359
0.877654875064549
0.859295027703737
0.888694913304078
0.781345879803739
0.937362881100433
0.797171063997775
0.884826884200701
0.708051102113171
0.78492694027121
0.771887670272174
0.954209334363374
0.7350822102687
0.867909601021584
0.9385665544082
0.835006963330993
0.757188538746944
0.836135879013829
0.811024592376635
0.867585426491857
0.803436430462618
0.64183863424499
0.736628549276307
0.647789952842821
0.636025803852319
0.619846960346545
0.797596043993568
0.873950232716451
0.719360460530966
0.771329778161712
0.720179091916991
0.558233888312997
0.746852212435751
0.619458681723516
0.588850661964593
0.756412805708142
0.630888633974258
0.636822458818769
0.495955045294438
0.526309100117031
0.360142389670788
0.878955933707962
0.885201559592738
0.739066760924757
0.913561811675811
0.820727636780488
0.614065903002419
0.729981708261004
0.994894390696016
0.691485670462124
0.788874513528437
0.894695283894414
0.968003139641629
0.675345350932152
0.838511459093313
0.765973433524595
0.74354444987105
0.72011982346629
0.702425063056735
0.480917356696358
0.812920353379051
0.82924895877606
0.888614200364744
0.46803005882578
0.816250236671772
0.691595435663683
0.963599660679484
0.982534738364139
0.533681780409971
0.789710225517046
0.80875773314051
0.730588326823731
0.528728123895451
0.747935732426424
0.834620177719424
0.624618554272522
0.747160358099307
0.899968545844288
0.930561314147755
0.864683891153718
0.99750606868171
0.936397054738808
0.60207658942294
0.856391293709926
0.751532611233838
0.845073456683407
0.820350476362173
0.808890003663178
0.521542762443488
0.753557191931348
0.56578930437131
0.838060073976945
0.987195311954918
0.686220679234698
0.837766234930458
0.628373682910252
0.723304457893688
0.935543052713788
0.956881029421831
0.911715926717893
0.828426648821259
0.983293707116282
0.650382153008355
0.866234650672074
0.843051475096856
0.77700219367547
0.820545353372036
0.723800055323173
0.822254921719062
0.715179325162134
0.963597174799483
0.795152440872569
0.900948152737318
0.8316554491551
0.794378422998633
0.954800139400726
0.862711256293304
0.666373259628124
0.557755097943909
0.648182781193095
0.723738046828439
0.778957892407693
0.787851434593851
0.724369321717812
0.914936997511429
0.822792038089818
0.895039263018336
0.77995244293948
0.733306835411446
0.8435120180196
0.731476009909872
0.876519804554492
0.9522378183764
0.927348141218193
0.874688277744398
0.860700903473956
0.878188259077105
0.81407191840802
0.806448506833341
0.749263124937401
0.631120577423822
0.95524790219412
0.648425349687829
0.786964288159422
0.845671726096794
0.809094309451301
0.887520379008257
0.832554128090051
0.74219321149036
0.652694791555609
0.854452238579216
0.848360737805389
0.84198497898612
0.77700790657614
0.897892630161741
0.772787298881251
0.844150621141351
0.709702163287465
0.849829014581752
0.758096693951725
0.763960427673671
0.72752706476119
0.803875766390695
0.792656253800943
0.728002851573185
0.764517069049485
0.776350118368483
0.758447033236945
0.750392475193267
