0.197395380586386
0.600430206599044
0.351816921551646
0.145309333473978
0.509982677163314
0.679959585882785
0.685180133248055
0.662067595752352
0.578939878133867
0.706545451356686
0.631452528634799
0.698571409424074
0.630585682395635
0.638239585126731
0.811493697058232
0.61398678986983
0.57208950861621
0.567765238897902
0.642785288737611
0.529178259696557
0.565985553907459
0.7558194280461
0.587641517040508
0.767937070823153
0.459741997040867
0.966269233350929
0.590568414144971
0.67435057316299
0.770119640723401
0.842454939208006
0.868402698255443
0.623296647581126
0.700103149102298
0.628497304996864
0.727704508342852
0.969747206210477
0.758196995279609
0.999885725387937
0.725377496454264
0.528111851680718
0.718733550816293
0.698365853620177
0.626358553112293
0.832080482124797
0.767013963197489
0.635893186132985
0.571779116674633
0.7504817416356
0.284569073817044
0.659141245704961
0.435126975244786
0.891626645604981
0.590836992988469
0.898577712347055
0.424452334337134
0.801103023485822
0.392502470341968
0.510585857130863
0.689743726264757
0.905624410444117
0.778333117653497
0.78020005433098
0.288832798353562
0.638966699719561
0.68373077275488
0.773082109946185
0.588977706039345
0.935336934933524
0.669786377430599
0.725248899122298
0.665367220765465
0.832528946058427
0.831726146583065
0.722572608265123
0.729969491351201
0.806036799986109
0.835204157001357
0.559667458379311
0.737543222830629
0.841555792347974
0.768807299589027
0.953152449255293
0.791518908374593
0.758415027151756
0.832553679605858
0.863014766309268
0.830012368194843
0.812954148075108
0.806182797279643
0.904968180777269
0.965431256128613
0.79103763928763
0.84628518276826
0.983221865803545
0.91460096997565
0.850006350649977
0.785056500898909
0.892828531441135
0.839020096498702
0.867417148297704
0.810191459364804
0.81605074629372
0.723425000181142
0.919110939586954
0.923920180579761
0.817693145570619
0.550784141631112
0.493552971049681
0.336547169317444
0.771688521259593
0.665684197687997
0.736060410601188
0.501458260007667
0.680588473216113
0.623084350573462
0.595675134950105
0.82188309358735
0.677804518150011
0.717279742737226
0.422508181406809
0.564599207486218
0.595005345702522
0.677579979730442
0.955463431343099
0.525683609409886
0.555655455077321
0.719612862410582
0.854825211584562
0.736621312393051
0.580948557653968
0.545718309349382
0.719558126183475
0.805235805533061
0.740491467464543
0.654798188899462
0.446197044992834
0.725932169623416
0.732322329692895
0.765683963540882
0.588893937939396
0.886500472858506
0.876672446822151
0.635168874991491
0.546364222799418
0.882350467740061
0.634133708798026
0.87369216132802
0.606579177973212
0.80371986808234
0.629777834421746
0.740797052387915
0.613638790779118
0.713187474557975
0.667320268864119
0.888919546835123
0.679729608389069
0.739217616058713
0.418614634682881
0.745558133137036
0.853081789191953
0.89941252200822
0.741312410394095
0.77654571352742
0.674343348006053
0.758003927284411
0.584859704445639
0.611499850361536
0.956651502545231
0.872902411887267
0.660372820810404
0.687927233780833
0.515715418667886
0.667395276323933
0.904629851628843
0.631854531035521
0.964909007577565
0.740725827126394
0.580510227111214
0.734474214422813
0.711496085318276
0.699965139483795
0.791872951029178
0.883957007536266
0.920934614101905
0.694317337110736
0.611398479084751
0.635570470784491
0.908275701854305
0.519046252011646
0.752461921246553
0.955203218968175
0.850159786057776
0.729741385650641
0.477575717988409
0.555953673607087
0.48613285007407
0.850903827417253
0.722190796453034
0.653147166430478
0.780574980759095
0.712891814645189
0.601494521511986
0.723996781929258
0.518973235550249
0.654135088374356
0.701887249495655
0.603812076825967
0.570656056325856
0.52791030725106
0.606490564158641
0.719695414446904
0.874972699070022
0.818685070503479
0.648247276202482
0.760427060779785
0.795466598088526
0.978858885177364
0.630315741697873
0.72901110540286
0.812484252628895
0.821738982861889
0.652494614368241
0.700351080717024
0.781162341670714
0.691980310848254
0.524266998202998
0.763569909762716
0.809222964781516
0.826262096144909
0.929563787454479
0.693264770946019
0.757617070898241
0.768333036127098
0.86547711337379
0.805983385408249
0.716710581975096
0.736577054532962
0.7454396716072
0.806080147080005
0.695175064795542
0.757188772885674
0.729324424802752
0.777654529186865
0.694949268820387
0.783644454265361
0.796793187674641
0.761456484008922
0.725029349145492
0.691287207180092
0.633567552049402
0.694366068446382
