0.0323400734405585
0.0460263976511227
0.0500678895957828
0.0384611828519039
0.0324975834219859
0.0322059695887555
0.0312392052775992
0.0426874691936294
0.0300759203710031
0.0371817853469783
0.0373940895673158
0.0304307495685457
0.0327547531533995
0.0296813305346246
0.0375052860127195
0.0354163443129305
0.0374202304781406
0.0376805751821841
0.0269930420457339
0.0209770482163848
0.030281475315171
0.0309576318141303
0.033162599202799
0.0457086748493533
0.0367193641030163
0.0435752493860808
0.0233660541583606
0.0480913317361559
0.0299638619310626
0.0350844945629143
0.0398798669946709
0.0419309555492782
0.0248824363609928
0.0310194972391247
0.0289757509460043
0.0287684534563688
0.0161904659401011
0.0448905234939435
0.0338715397013058
0.0334737796337074
0.0294373545605722
0.018329332350369
0.0419686299398954
0.0300696783092576
0.0386200163521345
0.0336910140009196
0.0423821256873264
0.0237002907046218
0.0481545641590862
0.0270650948455839
0.0187206824596344
0.0373717384752675
0.0294467602622488
0.0279536381936755
0.0325771536886057
0.0283876434129009
0.0430825104217907
0.0393911060647452
0.0395452962485308
0.0222483339583176
0.0187282865239562
0.0388570808764138
0.0424027706322758
0.0470494076298912
0.0322243786055841
0.0323002366148964
0.0348247521784716
0.0329402763947497
0.0320360631031443
0.0291443394183733
0.0362522962058364
0.0291018135379363
0.0358842064088564
0.03195875849269
0.0294359539309856
0.0372924200823388
0.0405597458372797
0.0303188395465231
0.0474740715058153
0.0321049110653849
0.0357015079581963
0.0276313941703707
0.0264821153444731
0.0337891469597575
0.0295428482219276
0.025287739340742
0.034989378404915
0.0308362730051102
0.0342395952644776
0.0291910716049426
0.0327642523845119
0.0268268499291184
0.0302318589260313
0.0394047696267053
0.0298415783243924
0.0295290103356749
0.0253873507505839
0.0240050255618448
0.0298745320598723
0.0356119039085201
0.0280723193650028
0.0337272712394727
0.0323253078104426
0.032235155242899
0.0371452746226417
0.0322052769722194
0.0373513940532714
0.0315881913640687
0.0341416489305306
0.0504633978093592
0.0430198846282681
0.0252901199416798
0.0314973076672904
0.0303216695112026
0.0402709201187617
0.034170154421931
0.0312030087597121
0.0377845896259318
0.0276537013220551
0.0286244929255839
0.0261573578053183
0.0432410233041536
0.0445981137841459
0.0373465548180045
0.0389664303778065
0.0411072624283993
0.0400454061323422
0.0410765804007177
0.0349623838858756
0.0228123167019759
0.034421083871357
0.0261520411170471
0.0362720808110158
0.0306530912741061
0.0344521501026029
0.0508054511521311
0.0283694890038637
0.0349815982945293
0.0267217616343285
0.0397619921726411
0.0388268971883923
0.029002348878726
0.036553256567216
0.0279093250432083
0.0295430853189381
0.0353830735095912
0.0266768915666581
0.0237968912169019
0.0355676457506174
0.0310445848848907
0.0362382895931658
0.034457181499328
0.0281712711993192
0.0360010330441235
0.0259475976968557
0.03436303052068
0.0313810130293294
0.0266774092352909
0.0279029467402904
0.0434394587951301
0.0365657777360729
0.0404125937129566
0.0323592344630274
0.0339434527020549
0.0224901149741532
0.0260103532240295
0.0261611435090014
0.0440727528736582
0.0274178321521631
0.0399963124064957
0.0336038756218745
0.0383136454449555
0.0270077581910839
0.0407098426358043
0.0303592314725056
0.0345725791906124
0.032220674884325
0.0403691539183813
0.0287319097844413
0.029905000225424
0.0321913316783423
0.0361093865832293
0.0288233003058278
0.0290411175250533
0.0404860934396634
0.0205517688726303
0.0400385698609849
0.0393956824372692
0.0236982624516929
0.0359708445034794
0.0392933444198077
0.0311872490077398
0.0219099534484428
0.0306070431259035
0.0282323760327165
0.0319625781973079
0.0349921735859891
0.0340947066290498
0.0397571467418634
0.0158519030680956
0.0350905292069141
0.0395721957037781
0.0195835155329186
0.036043206882108
0.0315525108517496
0.0431462087483381
0.0425332598834188
0.0416165704485673
0.0333060051537359
0.0322315637102244
0.0450883101422269
0.0469233097905243
0.0427968819746045
0.0280712852520023
0.0467259467783759
0.0294005626831824
0.0223697065485302
0.0264493091288742
0.0339449221964696
0.0338762342857864
0.031300945053786
0.0215366441091626
0.0366372586497732
0.0276304743141964
0.0235380446520002
0.0375326009309057
0.0311793090188505
0.0423245897868844
0.030398950775843
0.047451080391764
0.0224412462993484
0.0356797602267648
0.0283079905895414
0.0400803973471842
0.0407875671875979
0.0253195900258568
0.0384273129032176
0.0419760883715825
0.0287319395206825
0.0346866076242323
0.0325884832185317
0.0311026416555809
0.0352008765650315
0.0321145082990638
0.0378049708028464
0.0251191011639938
0.0344026159051332
0.0292811702533451
0.0373966428486241
0.0268071913462707
0.0303580389904206
0.0344863037053189
0.0443087665416026
0.0254595022547011
0.0284242250416397
0.0341226543563859
0.0408546892243523
0.0393867209638354
0.0391182199535271
0.0245158782935876
0.0357980868665619
0.0507570380672844
0.0331784734521606
0.0221236046934585
0.037720739653848
0.0276824902747485
0.033104521782824
0.0347601879042133
0.0325603800655685
0.0331726064489956
0.0373939013981951
0.0309536919250362
0.0339070120028717
0.0327427944477407
0.0459666736544085
0.0348650876823406
0.0351161735474119
0.0291252551399233
0.0320238652652474
0.034595519711587
0.0371223300180853
0.0373942909728451
0.0364958286496794
0.031971250355602
0.0304751262047512
0.0307814770615694
0.0210144025446134
0.0247498499891145
0.0201347601740502
0.03528448130272
0.0392353222189723
0.0331454585540187
0.0282724796058383
0.026894922271313
0.0379863636984354
0.0270751048680161
0.030104809111291
0.0260377927437604
0.0146471862630029
0.038378149443018
0.0384365229303256
0.028538504760253
0.0207685049199914
0.0321268284984674
0.0357193437225793
0.0327759298452505
0.02987116421828
0.0396424768623427
0.0366876985794988
0.0284572405883826
0.0448753978245712
0.0312918136647332
0.0325553971278394
0.0303873384688648
0.0332598752999533
0.0352469719643157
0.0472964120966516
0.0368580263086565
0.0268098033598705
0.0468425551082698
0.0265547969072839
0.0364980015263517
0.0294052325226388
0.0259402748858151
0.0430373820070266
0.0151597571989275
0.0293931584644599
0.0306613402386071
0.0328222353649955
0.0359944479483726
0.0395459707556685
0.0360005368185985
0.0299861349486992
0.0445914314355789
0.0451496830439855
0.0335967564109008
0.0116996121637711
0.0332740742364036
0.0414495491682248
0.038875708055823
0.0208817999404373
0.0362792751319258
0.029309691865156
0.0372703591845266
0.0303800839736885
0.0331994741324598
0.0384015860879898
0.0252995697839027
0.0315884518980694
0.0342060519717028
0.0301235787801381
0.0306148850552136
0.0173276102622341
0.0368334753461256
0.0268788775798929
0.033602593578306
0.0363726854800976
0.0462005472102684
0.0291987458452851
0.0347888156543708
0.0260835607489383
0.0356677527352529
0.0223040696080856
0.037532741036995
0.0213712015421239
0.030902134906787
0.024283123772909
0.0254174497462728
0.0359239358143311
0.0414083078322851
0.0290606224337525
0.0437668937541248
0.0304269353149125
0.0333142711834652
0.0311719963373097
0.0391809881544618
0.0398849626104639
0.0272271715957166
0.023016282546642
0.0263569307936926
0.0290380937000113
0.031881505143061
0.0336026700725342
0.0197545236334692
0.0298410401968842
0.038462854030995
0.0410964843315467
0.0444075015375063
0.0482628540987466
0.0321688228148964
0.040981117775936
0.0273510614676753
0.0284133499924932
0.0426288374623263
0.0283470670631631
0.0321640440216354
0.0301041449570408
0.0307764200837192
0.0286544441138558
0.0338812762341183
0.031438649938276
0.0308016240806253
0.0416389003982656
0.0287779051623827
0.0387752644445433
0.0378756886941638
0.0378974805627899
0.0351181818387988
0.0234596787999244
0.0431865678069665
0.0177122345759771
0.0421731551899962
0.041912247393523
0.0302479184202668
0.0237210725409095
0.0356969541904841
0.0336256913061567
0.0344619850760343
0.033922732251048
0.0334849818289923
0.0356536674332031
0.0320674574427336
0.029657665236071
0.0396528472763495
0.0315405270675494
0.0218453603158371
0.0241330093503743
0.0465959324559962
0.0476305130322239
0.042153392782091
0.0357421596136398
0.0242722948725032
0.0388885994038466
0.042761332540299
0.0433151730673772
0.0440320185604051
0.028419865200454
0.0363496551309374
0.0333188360129238
0.0299815236137936
0.0300467840623862
0.0301651644705413
0.0359435202630647
0.0299408173413445
0.042854219121955
0.0272784173216765
0.0270606506744626
0.0234941063218163
0.0321706214468931
0.0331112681741806
0.0309146835123853
0.0425147496826912
0.0312454728919307
0.035546432832914
0.0297628153679142
0.0249383732645719
0.030883566764629
0.0329739645946056
0.0351613588080898
0.0354533993640446
0.0399596633016537
0.0287258490605234
0.0203227173356562
0.0260010017379982
0.0337895142405108
0.0333120772809923
0.0334360399753126
0.0364225463772848
0.0272078412994358
0.0340979780763888
0.0345735952250964
0.0316184925866998
0.0381964083520242
0.0247556699745386
0.0303673215604763
0.0301255365674434
0.0409359532866153
0.040792528570806
0.0324127060805329
0.0246933641693642
0.0358895105330557
0.0341961123835446
0.0360913553465879
0.0186212298375146
0.0319832559130372
0.0429742220551407
0.0250332664012578
0.0363661094898668
0.0172528166669443
0.0294108710517935
0.0346322695730111
0.0358772399655921
0.0355958647612582
0.0323461139564287
0.0351118854525821
0.0330581208374457
0.0507489419753971
0.0267959801636683
0.0410238744246272
0.0224686371972097
0.0291263863175948
0.0419028085711203
0.0325727303371394
0.0381486032744631
0.0374139299768355
0.0243731921071095
0.0363453304572353
0.0418951663378372
0.0378410605483784
0.0295339650499883
0.0299880340807132
0.032708966620118
0.028625354482588
0.027026469743923
0.01573966355313
0.029663789655734
0.0402985990521805
0.0318527583060932
0.0289976089619444
0.0321156151478344
0.0339974778995598
0.0229519893889113
0.0257687385297377
0.0283363367248198
0.0299090617731065
0.0266237810049426
0.0348392748557864
0.0390753728291933
0.0294031574677953
0.0330439546168195
0.0348352532245872
0.0366847461941731
0.0228210354879114
0.0279626244071396
0.0244871734073768
0.04064963624143
0.0471846608137377
0.0298508715888873
0.0333184919159163
0.0265130290210872
0.0256088741851595
0.0333061327446838
0.0333751496513158
0.0253587886505063
0.041523296864095
0.0223220318673514
0.0330907494438115
0.0182161491610605
0.0349150941472654
0.031332523298906
0.0416912699892253
0.0352711741080034
0.0228887544624596
0.0308661150389326
0.0443381881206837
0.0349603132965895
0.0420426463246197
0.0365934447951614
0.0326695892762633
0.0367523428250957
0.0411534538287228
0.033294215179421
0.0271010110556361
0.027224428343945
0.0468851534403419
0.0348082402236925
0.0165235609379326
0.0398256118080239
0.0331690412961053
0.0332389382425445
0.036825339101421
0.0233064972006834
0.0437186435860666
0.0420398600318195
0.0314577941076442
0.0312074576305115
0.0369651949192664
0.0325073969348793
0.0397268829067731
0.0266938402143867
0.0357935205329337
0.0403437507875195
0.0297025018346118
0.0347467039055292
0.0264813063542309
0.02835664855129
0.0458126050639837
0.0290485707995949
0.0339789204663444
0.0379525703784992
0.0335960517408301
0.0380102021010393
0.0408828098618398
0.0433297008320368
0.03064826677567
0.0296751530529818
0.0397836405261488
0.0219567850250215
0.0312840828910706
0.0372001766473456
0.0332983702883761
0.0303445201880075
0.0307747675836281
0.0237185672376716
0.0312405856200871
0.0373303275001103
0.0430358045056782
0.0341997337384246
0.0278723073436419
0.0283328691409422
0.0370729320406012
0.0312776670246735
0.0312354692650571
0.0396186413508258
0.0396400848449582
0.0264132712249994
0.0321298529748775
0.0300135354814174
0.0345075946766029
0.0528447259715559
0.0283281282411103
0.0394148842929228
0.0143896648929018
0.0358547967325625
0.0379095306900998
0.0279001559319166
0.0330114947603476
0.0276081695144859
0.0354852560547077
0.021814807636838
0.0377543242277609
0.0352457834511667
0.027054240245765
0.0234927102678395
0.0397503768947441
0.0360254734287193
0.0342525200438599
0.0367342304614255
0.0410045533753603
0.0405513944145634
0.0233590468449497
0.0353107577949797
0.0338633224303834
0.0374730681635918
0.03644500361376
0.03498789937651
0.0254267243046439
0.0304122354124495
0.017297345006981
0.0267751742923528
0.0484200623354978
0.0280325637679648
0.040093959387627
0.0362395033413043
0.0346758878865194
0.0349179375586618
0.040516827997957
0.026524158863112
0.0298437176216669
0.0238997408289352
0.0379067354131978
0.0352117802399667
0.038555238644321
0.0331446767252941
0.040841089099584
0.0333369337836665
0.0371128625694754
0.0424706867902095
0.0400830088269137
0.035476289390351
0.0310787607618204
0.0281858239173404
0.0352722397972552
0.0201229475361297
0.0346408963285523
0.0352084199994517
0.0344126016094791
0.0271930283747098
0.0461634427312288
0.040704560987249
0.0331910089873912
0.0323444277849173
0.0395758087387227
0.0396455923637239
0.0269618007996227
0.0228474059944464
0.0250920254954827
0.0296412244335277
0.0326362893614767
0.0338929688190787
0.0332849886680874
0.0393823520970246
0.035658835582058
0.0203948978394129
0.0287764856051085
0.0302634111816315
0.0347398698159587
0.0218880411552243
0.0412272367610409
0.0394282161102655
0.0337950203989912
0.0317063037485859
0.0358392268890492
0.0334584284211994
0.0276684660435274
0.0316360296830617
0.0240995566015526
0.0444446296967266
0.0274474192900962
0.038884434061563
0.0401709535599688
0.0278886667510853
0.043214110067216
0.0278287478576803
0.0323992582371632
0.037120367369451
0.0305882819736143
0.0398036868790747
0.0424273693347046
0.0255688056040886
0.024616108685888
0.0320744396138415
0.039616412612152
0.0360876758355502
0.0405371705667169
0.0290025058289067
0.030418398977974
0.0282963565748049
0.0343207214209071
0.0286922630656076
0.0255781111227374
0.0267054155734529
0.034660467015061
0.0335228832694154
0.0343237256613173
0.0289192795107693
0.0352242611769449
0.0349587473006521
0.0366173406688549
0.0372890514684413
0.0336897269941567
0.0236598522567902
0.0386102455611223
0.0290507587305434
0.0207275749180416
0.0475105180242636
0.0268306513708103
0.0292666480702295
0.0284923289963294
0.0257928984013809
0.0278162398625271
0.0242367196386632
0.0349362700095072
0.0298343696267045
0.0401724894953516
0.0370078453582628
0.0268497270045314
0.0281600670543603
0.0396796879396302
0.0404612097074418
0.0295363746801833
0.0298202822427216
0.0287223249012028
0.0403528979300989
0.0346715434799768
0.0370881130055302
0.0309228001650856
0.0363103874503346
0.0323906110950773
0.0292098635734557
0.0231286089623797
0.032325965498868
0.0347413128198838
0.0297946819868287
0.0251145228365474
0.0298116233833024
0.0282927790725862
0.0282001655835716
0.0383364205791273
0.0412673720364301
0.030732948824629
0.0297948358368616
0.0422207272817669
0.0409256449971527
0.0291136737518586
0.0278721536647022
0.0329354127481164
0.0325636988164596
0.027956300808392
0.0330796860744621
0.0218171387234335
0.0293883144303686
0.0338142946687773
0.0290680227832208
0.0421858265568663
0.0320613314730039
0.0316574907480183
0.0302389420855445
0.0385768053364536
0.0344120887257976
0.0350343440783879
0.0275512116699678
0.0279907063953666
0.0288126062647302
0.034621827909879
0.0438153326047868
0.0372625943934525
0.0167860211669688
0.044157956405865
0.0280052744046182
0.0322478932045848
0.040624130550044
0.036224820186125
0.0341020312914362
0.0233101446741986
0.0430113937229961
0.0351158090064739
0.0273481931101528
0.0305586994819947
0.0391034366857975
0.0338107194005774
0.0358387484989818
0.0280949511879889
0.0349606466564655
0.0359754619208796
0.0376157072326717
0.0366751158711911
0.0296458708109202
0.0318911766241966
0.0296310912259286
0.0398377175331219
0.0342962065661972
0.0273583741661851
0.0339799911375484
0.0110259709976575
0.0342156153359478
0.0219167530018495
0.0406852343446764
0.0367810416716201
0.0382292555931499
0.0292748613416452
0.0358728144091914
0.0381778660503278
0.0395273815429293
0.035405097905898
0.0433694144666589
0.0492512058735117
0.0281318607137312
0.0204809327469856
0.0376025888842533
0.0399907026580191
0.0365726140836562
0.0293355722295956
0.0376738896543722
0.024750566030033
0.0392481084945378
0.0404779434316959
0.0156703779964339
0.0309944907568184
0.029945356021802
0.040178067650473
0.0344930986930211
0.0315638707244435
0.0387613445177771
0.0338320724232838
0.0290961509218202
0.0429606959510249
0.0398937974699362
0.0365298071493979
0.0338292577516555
0.0399466083433922
0.0363754756646761
0.0438558148400699
0.0303603573647783
0.0329137222707621
0.0328969018946799
0.0304691669017519
0.0400844761520606
0.0295565394902469
0.019991527771831
0.028328370693868
0.0284267941389233
0.0382600084380287
0.0254969621214275
0.0313032528881726
0.0309037368997784
0.0508080319862443
0.0337863196844357
0.0218772214617885
0.0320485480488402
0.0282546034300156
0.0253814111289975
0.0255975295109959
0.0315962434623862
0.0317950089612216
0.0269885717495398
0.0280406751928084
0.0325463565345642
0.0195900344018307
0.0320707022166451
0.0345249436849089
0.0389603772964346
0.0353350113030362
0.0328946376044007
0.0273665630156035
0.0305374794182609
0.0254232397916694
0.0328470766303344
0.0388393001249413
0.0311208461697057
0.0269708623721667
0.0398653418883102
0.0265863729019343
0.0315308813519774
0.0297731433715246
0.0348584326751166
0.0461635568413025
0.0349718478364585
0.024608654256079
0.0275217748996914
0.0272330477948246
0.0304389240382689
0.0290268019466176
0.032985308484658
0.0244199760832787
0.0309211653107893
0.0212194340040306
0.029341308288301
0.0253518841407604
0.0219491472977137
0.0282176221991671
0.0351224640153928
0.0279855692197299
0.0257723487854014
0.0375840387248258
0.036676085661653
0.0349542540278082
0.0365020234743542
0.0242928420353395
0.0375785548652046
0.0337653572800661
0.0393289794789558
0.0392004895009597
0.0383165913526642
0.0243616288015108
0.0309938415129385
0.031354172376986
0.0172760672983085
0.0320349735514003
0.0307706082809177
0.0287125650871787
0.0356710139911138
0.0326141473498829
0.0172857032480851
0.0293162095000434
0.0279803174427276
0.0374629231525855
0.0232366757291878
0.0314680707383413
0.0310665785994691
0.0270596816489188
0.0315039987534378
0.0363917646572212
0.0249771188422656
0.0402343489864926
0.0271257125145782
0.0342359284532335
0.0366465509361479
0.0201830426347392
0.0346689164493231
0.0350958208068037
0.0334957632193619
0.0328782411556421
0.0246642285935423
0.04011340605704
0.026057262390119
0.0322268017429955
0.0331454564713404
0.032067238632486
0.0441159399532867
0.0384265456515894
0.03665991232991
0.0392953490449791
0.0347485949832297
0.0379950104132251
0.0247006382436941
0.037189275192734
0.0329900613830435
0.0294139880694235
0.0239408564285919
0.0349949200723414
0.0397600673755606
0.050277721551805
0.030255305286156
0.020014497669983
0.0369352729809895
0.0471458247321818
0.0324332713995476
0.0307038370356714
0.0240060763920023
