0.15680603692359
0.207565282989181
0.18504945158725
0.19377100826315
0.169197647929927
0.190657262019928
0.185288388665801
0.135830423836247
0.146873167882293
0.157975567759836
0.172810630779661
0.199617167672531
0.158838146840205
0.24487088280273
0.203073714268668
0.163836693125695
0.20580417120765
0.129128966231594
0.210022601289953
0.215301421541472
0.191382178134762
0.171661167572889
0.156035445909597
0.17044865362531
0.226790377327061
0.209684655944147
0.242829777388203
0.179206092411717
0.191450567704419
0.20028962231883
0.224999424699976
0.18239365862369
0.173600422166921
0.233606568484338
0.177657068430244
0.148377423751494
0.148210287505837
0.20980431818828
0.151797448144068
0.226144121512726
0.228304465814117
0.194481043187497
0.212293969973604
0.131988608996572
0.24177107943797
0.206479362741434
0.167169212217639
0.224501025578919
0.17287691692225
0.184604935428062
0.206075470249065
0.188690564255615
0.144276683510131
0.148369314979359
0.211575950857505
0.171430014820022
0.155776632819935
0.174645342409281
0.19787234193127
0.164217126935835
0.216918807337147
0.145941605405602
0.131832567555645
0.158826253900031
0.128876586343319
0.1563822558032
0.168314120165483
0.135528595606957
0.176108435323537
0.154089409258256
0.162712163370061
0.171914371499204
0.189132079871335
0.201597248254431
0.193954186578194
0.157275999666561
0.192555385438288
0.132637457416944
0.218974494902894
0.207208995148609
0.18327437784824
0.206173589634184
0.195579170189871
0.213032795797972
0.197608684131702
0.239255799488567
0.175260140542034
0.233805676796144
0.158416218198803
0.201577495225459
0.186884815508378
0.231129891582136
0.174770019637471
0.176005074493099
0.193988529821653
0.125021992860851
0.254807970279686
0.204036696392553
0.146950969709862
0.150259395882015
0.150677143723097
0.158847491693128
0.203735455396946
0.190487337712678
0.181909465047372
0.167196271442218
0.186261692614048
0.218434683190212
0.204079606525119
0.227754315648384
0.202876137585696
0.120642717136761
0.166901624075155
0.189056700303066
0.11681344419384
0.169554172870275
0.234158617375584
0.165872276024671
0.143075845817363
0.223548342013869
0.157006415815908
0.247921535856561
0.128362719439512
0.139475303287538
0.176367293603565
0.22169329210054
0.19376713047302
0.177608187604886
0.2031154935601
0.175196777490034
0.241449301329086
0.170816080669054
0.183961632496523
0.154030836912732
0.199067525217467
0.172858427043013
0.182721870274711
0.145558869733058
0.147974152410357
0.173736141215491
0.193173645053001
0.153022298795923
0.227775054333239
0.172503881231786
0.158136086683028
0.145404410949602
0.178806488422745
0.131094162466296
0.217530281447743
0.195334441657545
0.181387927937536
0.222072318909503
0.186990002020952
0.193915696474415
0.160499501857479
0.168327267906028
0.121707405255916
0.144148406202032
0.15299983983201
0.172320171463398
0.137694273082887
0.231404248316339
0.166007646152471
0.181956044189141
0.140331859825727
0.22672923493808
0.189125031032193
0.217719734112448
0.211847428408334
0.124129280190922
0.196642505741393
0.184518957078464
0.21084780108468
0.194843520574465
0.128725119507718
0.213753607470783
0.171935816509489
0.13575322292199
0.187106562237913
0.204200867395926
0.19738192924787
0.162411913777812
0.156485390902541
0.148107286888674
0.144508838305766
0.214765123870415
0.182692188763798
0.18876388837294
0.236614175041277
0.227326982757934
0.190025066199674
0.168550524682859
0.195226796569658
0.17024206089772
0.243024108864457
0.189209429738692
0.238557691236711
0.141398907694652
0.194397802305569
0.192351474920427
0.149962246731105
0.166786657804123
0.201706215882918
0.179638875717288
0.196747761620171
0.179728489184541
0.142465074231201
0.186732141348807
0.17062612080095
0.169455032242006
0.207233619068263
0.186812029867346
0.171359396859579
0.178158591590225
0.175871971389233
0.155659168545112
0.19772288568835
0.131630492095146
0.230644746682012
0.174041739854356
0.15696054322864
0.182283963846362
0.156785326007804
0.161307939674129
0.183269046543192
0.226345399499894
0.193070342033697
0.202247444680501
0.147185541230198
0.217204647095708
0.190382591888595
0.153257206926161
0.137700657254037
0.206819637268266
0.184940089237582
0.169615505770965
0.245464215747599
0.18737129518992
0.163418173500041
0.180562439158294
0.175675458199277
0.138623454926703
0.127652574889027
0.166404791365301
0.223310471627507
0.162120409972096
0.195221397472923
0.203353727867773
0.142377851822497
0.164532844958715
0.123212203170012
0.175188195176888
0.231795817196657
0.173074979161073
0.197870863372006
0.159730495319879
0.143966481785981
0.159084264389189
0.202770130383627
0.219012544637464
0.170214691556033
0.169845671986364
0.169626646476801
0.155708770869726
0.167809604215431
0.197842722096569
0.168631766969296
0.179627218720738
0.203443434595833
0.183046002650758
0.183864663129134
0.21255314922634
0.209645759749175
0.205607827219936
0.202469427432077
0.193980921493288
0.180624946498313
0.180774448559684
0.160893820641994
0.165688928340577
0.187712451254849
0.215289135832443
0.18082417647968
0.224883269735902
0.134132036206592
0.174760210709826
0.176773699130563
0.232236219861301
0.152071484760612
0.173170785215871
0.173007350925424
0.228858440029513
0.143229438399791
0.171723426100934
0.182254908473404
0.18478842982016
0.211615604161726
0.201946374547688
0.131769820521404
0.196245625576962
0.186767442204979
0.259874364991044
0.201023348297189
0.167004346023834
0.181062918620825
0.150014513715237
0.182407419611937
0.177518232080054
0.134470120721734
0.183745411572323
0.141618813462297
0.192716737980342
0.178007844292206
0.177743695157311
0.164212866332525
0.219838499593064
0.146220328458249
0.26779742566838
0.21102610675536
0.173545516237119
0.200810075586492
0.125327991540989
0.163404202579498
0.201509273899525
0.205415885234703
0.2017426892247
0.233156087893831
0.1885205687642
0.206215170379876
0.216291770736971
0.246023888517688
0.218587189110161
0.194049513577451
0.172365539639343
0.155325565641345
0.160737590023026
0.223625264173495
0.206984813786123
0.184944637950564
0.171321239248004
0.142427810301656
0.207378653166757
0.212855721829912
0.174161599389113
0.222679237750538
0.166847994611798
0.208718266097582
0.164480222995536
0.161109173420436
0.159854427375675
0.149668214573606
0.203640897108071
0.174509307333528
0.20646603573188
0.196866438439812
0.18175355220083
0.228756037795108
0.193428914534578
0.174610125160338
0.203340442463073
0.188212029435007
0.222022393105752
0.264713220615225
0.168078599531882
0.195375854498865
0.181911259072747
0.207633056876668
0.209899600965637
0.183679332444414
0.245326377146534
0.163528090404831
0.2053040239693
0.216870060526837
0.16533297018736
0.210816464700431
0.213947623120122
0.225723845958468
0.197957872912483
0.15455584400379
0.185919022522232
0.174059890084679
0.183790910230506
0.151852258430888
0.135287397476102
0.133368611348585
0.122749973331608
0.195544875002516
0.142338334931059
0.272100991571369
0.207141685982209
0.143995924990004
0.179235755125842
0.172409092682533
0.123298666149051
0.220283963051184
0.22316743252935
0.198056001812236
0.2188486247479
0.231937442383703
0.261838327291719
0.194919523228815
0.182994457989353
0.141781313162835
0.175075328896667
0.196811444044758
0.169972926691955
0.134879691539515
0.170138593207253
0.169205331571294
0.14110984576904
0.166878872195392
0.175091545591858
0.176810052384536
0.125239767930027
0.169039579930597
0.142393828983856
0.181162874519276
0.219240687975997
0.204752387498144
0.188909884106923
0.162028613284735
0.218041682174901
0.189922875452344
0.172352158252043
0.126118994589645
0.180532495400888
0.157542441327766
0.169947068934333
0.133985318064848
0.117224994294094
0.192918526341999
0.199804965986195
0.230748242434335
0.189567586389433
0.158332575800548
0.23591092010538
0.243434920187637
0.205584351999137
0.238915698414645
0.199175026282721
0.129947140559447
0.142377222338078
0.204948197022321
0.190630743077551
0.195297771057518
0.209137204215122
0.245922345512691
0.216189498629806
0.225057971294736
0.182841087356623
0.119264844202876
0.177012502601692
0.161021548548009
0.153728884379905
0.195028875643101
0.203167700618043
0.161189860302578
0.115985693515593
0.208133929178859
0.195039522361266
0.165213874936992
0.190682193863633
0.108259303297612
0.219226028269569
0.129518290309837
0.151209361172521
0.219277299867704
0.197076985303147
0.18026162138093
0.163229326479853
0.239948792607906
0.150863546952783
0.193751922875545
0.222327757150791
0.245635069159537
0.197858403691058
0.165276940413175
0.195287060980956
0.191408564031204
0.199537577589014
0.151109786923698
0.182311910021487
0.216967579610838
0.162202526500203
0.213306291484238
0.223250258665975
0.194522108071453
0.131964603981936
0.187612212171075
0.213672813801922
0.174667189879091
0.149016396854725
0.178149419323134
0.143681929052265
0.163773843537151
0.182876430104614
0.177852453707905
0.149977529575736
0.166061674994454
0.246822054968113
0.14981628836752
0.133720401805431
0.158194184683519
0.201677626180285
0.221592276686821
0.207296673254008
0.190537526773728
0.144663501467049
0.22484016717203
0.177548261227217
0.147751431588492
0.232455079481639
0.21403500020139
0.220297785006496
0.17908042891245
0.175408265461424
0.167375616617837
0.150341306941913
0.185379772369316
0.203273898921271
0.140121252157729
0.125484870886571
0.21625152258974
0.149452675199913
0.235274701693493
0.225276331420914
0.144160286086153
0.203667764862682
0.139908897280117
0.192735382155189
0.21392657157567
0.177959376853513
0.182332222885405
0.231053010072048
0.155631669781277
0.179436624207831
0.125068448602168
0.173683994557267
0.191280414298124
0.205067370243375
0.153430497613823
0.182876673747482
0.168141331485515
0.170348672300673
0.166493363810712
0.13147267652576
0.175272054464958
0.18868832350454
0.192446305233791
0.174620433166812
0.171690095801044
0.200577237478074
0.135359295238953
0.220118352825559
0.168442750738545
0.130353678828177
0.211587409130999
0.14918335858866
0.175570507677523
0.192529020494234
0.138724004103844
0.203358767157384
0.170162126092262
0.212498151340776
0.19612334386945
0.150767187105689
0.167955785896531
0.157741693541495
0.184253825439004
0.186808846412876
0.190669982491336
0.144413831941626
0.1860973405405
0.201219090349467
0.151787526371501
0.200974528779431
0.1817194307513
0.187051238183944
0.187009627537713
0.193661288007797
0.198645923592202
0.182849876051019
0.173005176419149
0.193228978856125
0.176121571236782
0.210705453081544
0.172591808574969
0.178085966704736
0.152473489066417
0.208219918617149
0.227787957469471
0.200237706469692
0.219263967588914
0.230912078390047
0.184205296191969
0.218135244047641
0.191737315512102
0.167562140963934
0.126494519230668
0.14953802749305
0.246749265888556
0.194743165655899
0.229242089327143
0.206586050574839
0.168454004086122
0.15106533671995
0.143331950180708
0.190573682206231
0.162777751156207
0.183073641429037
0.188801178593815
0.218082733915742
0.227995971909121
0.180176278708905
0.201087776427432
0.172050701919419
0.208950178878618
0.214865183015548
0.234977969725919
0.204448531076404
0.21295754921663
0.185148623883855
0.197434615967747
0.179278730843822
0.175039484691995
0.167814502307976
0.151303713491843
0.229386033336102
0.172027125788174
0.180489368085353
0.158122125717184
0.171224432925529
0.203393401520379
0.148205790137882
0.165566424041664
0.122224621140349
0.198070514456518
0.178664675948397
0.172865599921332
0.149804692092425
0.124321243102117
0.151461584192499
0.136049167532509
0.209355808285111
0.197128315800249
0.216097979689759
0.159828754474527
0.17399799927762
0.162805318517296
0.215067122090141
0.140249991619682
0.232804948676122
0.203074103992112
0.188486562961534
0.189209418401764
0.117385674114639
0.15223520814463
0.162708710200471
0.130063204975417
0.194254537795818
0.212582506051363
0.163427750706517
0.147681109364196
0.232398313785362
0.162902117054302
0.196663292281958
0.177603970091468
0.164210648841802
0.152567540142983
0.192066131846714
0.198321665551066
0.169939143508594
0.140879578580986
0.164715516271152
0.220977296553988
0.124019650022946
0.146849753956134
0.157228255011074
0.142505382444629
0.184369949119049
0.180770057191218
0.18797768373762
0.197318504425563
0.158697078624512
0.132963364607857
0.181013117850099
0.172542289718398
0.188847920412446
0.163712628439015
0.120406690609349
0.181367795928111
0.116505588163037
0.210150087458802
0.234911106416217
0.142463583469196
0.111747405573248
0.15228370435008
0.157597338469482
0.237214630110029
0.224996426501305
0.149902098133653
0.170814472710419
0.153646273105771
0.189783151185268
0.181606461593324
0.191304552241733
0.211407605967019
0.202783028899635
0.221106793154006
0.222964421897147
0.168364941578557
0.241848456277504
0.146670774193281
0.229425963095428
0.192208490111986
0.168396332481281
0.22131027156975
0.190087725208695
0.202101675222138
0.166345801505481
0.172488198650407
0.211306732399968
0.150495646858557
0.137827937181679
0.200417681705239
0.139655578440141
0.158278825196641
0.16801455544556
0.145291305808293
0.203503426392691
0.124251235112423
0.180308657563824
0.235454057366961
0.160637326706157
0.19549426033861
0.183718107090721
0.18644009876153
0.224236796664143
0.161998780888464
0.206211147335048
0.170527094664477
0.137034599892079
0.12079312682426
0.209270033665122
0.200050662147917
0.167854037851846
0.210734561780396
0.155168889030673
0.180337105535183
0.174803641457166
0.152373730745658
0.186817190760061
0.206292739079879
0.141669328447973
0.188160732174325
0.214456138101463
0.168565820793326
0.160973692199603
0.13114372324792
0.169039613273163
0.184169959052987
0.147944563853576
0.200216365546042
0.13218434636946
0.170833552432913
0.207713061441814
0.183865381342884
0.147277861977537
0.211707431701522
0.149637844326143
0.15077050240036
0.214147295254655
0.159018908654002
0.149685026638256
0.15591257897266
0.190107718756287
0.187764213211229
0.188984182687225
0.187215212555851
0.217150164581942
0.214226412429965
0.229620254419711
0.163201092474209
0.171759091237385
0.153784545309275
0.126402845837552
0.161601460160593
0.187629883641499
0.133626628248394
0.108022000895927
0.187194438205187
0.164936773573315
0.216535608409148
0.175848791587836
0.182806632243216
0.177743166301905
0.181722999005353
0.205481194370844
0.176179285430902
0.160426776030311
0.205456669727491
0.160367355928929
0.1635498985481
0.172591080611472
0.18555827189462
0.179113737547113
0.20833304484473
0.221878657459952
0.192496030128052
0.202420590146617
0.15980416617606
0.205527359549253
0.134110377305242
0.161609232214628
0.142138443269978
0.195233965192897
0.187758342346196
0.180576951490927
0.187540561324311
0.213862747144049
0.153017655238362
0.185238795008418
0.202799359234794
0.154826698928213
0.172013368364439
0.149767743661734
0.180882111424019
0.190641475236748
0.156157764860566
0.2305998163449
0.199146607598081
0.210824873430688
0.177424780115413
0.188003643729227
0.188405339163273
0.214155402475576
0.195308977552226
0.204621290566497
0.215583791789333
0.154053587694699
0.185298694080897
0.205174565659131
0.176866498454571
0.218176113987598
0.185129419740616
0.205377196148361
0.186032148512987
0.154692111915449
0.167492299054468
0.166358847803482
0.118091603444305
0.197684028958535
0.190603215578252
0.132250495881043
0.184205849990955
0.16320519192539
0.134090746263374
0.126752539065081
0.187945761119425
0.156028340973127
0.142739210980338
0.239966292323163
0.224177594500506
0.220249300715667
0.155678418663408
0.154140795155381
0.157733815875776
0.218120123607015
0.197531936298291
0.138782406909777
0.200855871017729
0.159466127109505
0.168726647052332
0.168874128611516
0.195714286513858
0.187429081574305
0.15425875240513
0.211760291577538
0.198227664013254
0.184466102193401
0.224906650284804
0.150134778232891
0.152995019585399
0.193173878291371
0.175917986395515
0.2189335003755
0.218909116133163
0.179870270609185
0.19435885326756
0.212650787714927
0.161916093106013
0.167360070268439
0.219363694199014
0.238502988090465
0.177536858678274
0.215107394627561
0.208329384848049
0.167047605744514
0.151217559346738
0.236209179895985
0.165746678303329
0.180196320313036
0.245114072058897
0.144684196263094
0.191230859815666
0.166852254938789
0.167512940662803
0.181914342141359
0.187472586117968
0.1768876603549
0.192647782759915
0.191538778144938
0.199703324989689
0.153735011756504
0.236565790355535
0.158441760574232
0.203358173079605
0.192625114321676
0.210356931939642
0.228461859909975
0.232644452258424
0.192439276834157
0.238071114005274
0.250703190372537
0.21625853737768
0.153427113706717
0.152204785681397
0.204984138842824
0.149956992190454
0.229494273462787
0.223515520504217
0.15417077070304
0.166869245827858
0.176717058669786
0.149132946846489
0.106309328909209
0.169448226028121
0.197332738994359
0.219914071874199
0.235555902540271
0.17822251965952
0.204426382610289
0.157503620040839
0.18247337324826
0.15581833973739
0.172392806519332
0.141575692813873
0.1748710823261
0.175629574643207
0.229866748871618
0.181209698733012
0.214830335461027
0.217685384037294
0.155946668136121
0.16626982398794
0.202485729450447
0.138895988695303
0.192857176749992
0.266255653507364
0.242318158707749
0.152593273504198
0.183356760886878
0.160519144705734
0.169325852739208
0.209517142352576
0.177174124697099
0.14377438003543
0.153358900782551
0.20483321220301
0.175254497020536
0.188961037086845
0.163418646832202
0.143388959274626
0.225465920787797
0.137511035272362
0.169325268874536
0.176515517004245
0.172379164446896
0.219853843462241
0.178646689262068
0.154435631251664
0.132302947600121
0.187511151338538
0.198532403533418
0.168108837131346
0.190609839290919
0.1753280882481
0.23264340466947
0.184517418156175
0.19125557629564
0.149863151474186
0.187651494666932
0.223630481840065
0.161100287489688
0.159344461128069
0.196866269897054
0.150940701774739
0.190497056957976
0.132716259843842
0.191181049289311
