0.0868733457651872
0.102572153730849
0.0905455690627782
0.0935307663340074
0.126951095664164
0.0856639544432519
0.119555587767128
0.0787973248470381
0.110563238762041
0.0823793774682707
0.0866968892496787
0.0754281662012689
0.0759985151529504
0.103555641033419
0.0922790299895795
0.0954030122532831
0.0792605113201836
0.0945500550233562
0.0716162236731526
0.104353433497872
0.0948401952729451
0.097634393389464
0.0934008482010513
0.109120454985662
0.0921025976984594
0.10150361870273
0.119429298346302
0.0718261776075476
0.120814605994504
0.112100082545162
0.0921821894911323
0.130551392070459
0.101337043338173
0.102377116428815
0.116347653232076
0.0699077995708426
0.0881103079731055
0.11309764131305
0.0767438806532704
0.0844537594609076
0.0843892212833067
0.0832060684914128
0.105659438446192
0.0983850401068165
0.0944068332169279
0.131010324393576
0.0953967008326443
0.10538532704059
0.115528658330381
0.0859398083341732
0.110897844173099
0.0878468121717082
0.0842819394559359
0.0755327886942599
0.102989501665114
0.117142398354205
0.0790247753330123
0.0890842171839202
0.106582995175801
0.062811196185115
0.0713122208212458
0.0772902347037159
0.097717652383116
0.0998971431963774
0.093230934579811
0.0827591445185341
0.0680834193101457
0.0907467285336055
0.100415781333718
0.0828491814595074
0.0739854082878993
0.0777581007015402
0.0987691682931295
0.112425545240253
0.108332811054533
0.0923901888417144
0.106706824159803
0.115326473486931
0.0669501855991728
0.0697751603735944
0.0918442965220359
0.103609692917786
0.0897441235966726
0.0779483010990405
0.0900656619185112
0.0906841984511964
0.0936969973270295
0.0972544669117134
0.0959637134681038
0.0668238268509974
0.100515269129206
0.105244933609516
0.071131658198827
0.0763831804773785
0.1060580824122
0.0936340989862858
0.085961449919573
0.0900204319496158
0.0808388586457862
0.0769858903988015
0.0846509496998812
0.104157474793853
0.0941656297795051
0.0940935270055343
0.118588343968417
0.111848405905204
0.093163488748028
0.123239736250628
0.0879540077945335
0.0940604209029829
0.0713631400239305
0.104938448500525
0.103455271575131
0.0987394502756311
0.104326748346152
0.128712795638263
0.0813918881876354
0.0815193750889176
0.0798776404950922
0.119886696123953
0.0978524451334882
0.0979122412559551
0.0817064679546911
0.111934563549216
0.0969741744695648
0.0894629253772511
0.0968439133196703
0.0968485546713227
0.0786731733908339
0.128629916713257
0.117680101081409
0.120462612432909
0.120984826728103
0.1185999746844
0.102977474943609
0.093086801528224
0.111035128730328
0.0946569659912823
0.11229297478407
0.0956480454580582
0.0927554069605376
0.0881363476291182
0.0925156341329783
0.0966547623457974
0.10860949100562
0.0983864676072646
0.0854264493971871
0.0935074943305481
0.0942350781742377
0.0920925409799659
0.100067170722208
0.0935716303566622
0.0952629322619398
0.111891038949259
0.109236009554928
0.0675036120325793
0.0915568080807621
0.108332519268898
0.0944291364857372
0.0874490034924771
0.100039557055927
0.0863345933106787
0.0914562750057121
0.0779161465840796
0.102812215968586
0.0986549188208954
0.0915107799696119
0.0761878080720284
0.125583406549046
0.0928187882812412
0.0907178955793335
0.0987701444818599
0.108806256773853
0.0936959592763154
0.0964272709031456
0.0995146543238653
0.0671816179189744
0.0958534688337658
0.078456094083564
0.105773309589471
0.121282791402718
0.104183073512246
0.0751406460205419
0.0887893165757486
0.078635768957409
0.108116375304441
0.0948849604975903
0.0913881296857339
0.0816696682783887
0.111591610577984
0.0872712406801598
0.0874523377670096
0.133176490461143
0.0978144678940329
0.076578006620575
0.125979445388666
0.159308373029071
0.081585642931153
0.097422713528043
0.0660548335117672
0.0605758393690519
0.0717470575153929
0.104350505864667
0.0787827352784708
0.119296028393029
0.0766860996835875
0.0943726705405465
0.12462345430913
0.0808855133488126
0.0753776833819564
0.0992274085591968
0.102152269927123
0.0831866017553018
0.0989981900362751
0.103279536488408
0.0894227729075286
0.0934704495655121
0.0778127708234405
0.113237306863083
0.125324695715095
0.0936393093391267
0.0836762287291476
0.0957439688942554
0.0855429573876779
0.0916248597728454
0.096120522322099
0.0976349732617865
0.0987571451447776
0.115868401978926
0.0697038019349431
0.103360498850613
0.0833245385604908
0.118049953874732
0.105790926583509
0.0744173976532718
0.11290050049378
0.0709512790206473
0.0874034323904006
0.106322268243125
0.113123224489844
0.0815317061111894
0.0857726150333552
0.0863195461077717
0.106260004724155
0.0894923854848187
0.105597720390148
0.0976228547196694
0.0721999973857696
0.100189987349242
0.103877671909064
0.0839369421741694
0.0824039662812691
0.104342478842089
0.110439926828131
0.105070744140135
0.080515540935415
0.0759241164252869
0.125486688535325
0.071296610902492
0.097657017770932
0.100697844312657
0.076860309958747
0.101578165585735
0.0838664558876431
0.0758032104330281
0.10232178259898
0.108304044200843
0.0760954602450568
0.0977332418711317
0.0805229012449205
0.0799458449236972
0.100832877497195
0.100317933395676
0.0929931737617567
0.104160414906578
0.097703699850887
0.0867108484128147
0.0820740123766988
0.108219957348461
0.0911632369058532
0.118967011710735
0.0654768068752461
0.127000531594665
0.0737884475134658
0.0877702211244929
0.0922182749586741
0.0858713175610609
0.0865788648145764
0.0814713640179624
0.0838451367108771
0.103581815507634
0.132062677278537
0.0841058714911692
0.0917708166753781
0.120072032249986
0.114947645220841
0.097992688150665
0.0936708771023189
0.0845921761765212
0.077965796974613
0.134566978328014
0.102196300777751
0.0580438457533431
0.105046434068548
0.0688288155514161
0.0867479741172872
0.131753108978573
0.103873130017609
0.110397915258347
0.115387945166467
0.105580576962851
0.100165027710514
0.0948014841620473
0.0755601598625909
0.101596387434772
0.0935480739209531
0.072495467133135
0.128127314372683
0.0968336461679269
0.0819792398196782
0.0933417607672727
0.0880279098213677
0.0786040512803388
0.106784029434196
0.0970363389706802
0.0921112446908498
0.0928735534814502
0.07593629281733
0.120607722429044
0.108023209050724
0.0961117781034636
0.0863898419538691
0.114268846850547
0.0944801604917284
0.0848016535495463
0.120337624061067
0.0942805643152847
0.104282382833192
0.0891295613896504
0.0751848002108488
0.0981211885895163
0.105639848311792
0.0825570012210825
0.0881497556804609
0.0928489163090024
0.0724236257814089
0.088899265336359
0.1064848336777
0.0850373052327141
0.0809437171967246
0.100670937516867
0.0909604243819992
0.0921750146499829
0.099224046439103
0.087073149727923
0.0877659948374018
0.0861978455088637
0.088279171480965
0.122492664277538
0.090521572619032
0.132572511635156
0.116996766565693
0.111947463598069
0.0800319814608566
0.0988531066006371
0.0951234655873446
0.0726923605270569
0.117988160717262
0.108471119557776
0.0964256181573956
0.11094160464629
0.0845546808145489
0.0980218998743334
0.099816614383984
0.0952310980346916
0.124292265063337
0.0767142624420391
0.0742987780084127
0.114900415689781
0.0897664058983
0.110577484517871
0.0692576753171932
0.0736202240918313
0.090749458139903
0.0889980016513301
0.0745399057094648
0.0753616698370234
0.114722572361464
0.0903744923597432
0.0996827823415793
0.106352926421071
0.110086450648098
0.0894726155388267
0.097733736877244
0.0834352969064479
0.123738142260176
0.0985563799620289
0.0949551366930408
0.0977688445745569
0.0845094550953953
0.0833528108908977
0.0840148524677488
0.0750198371617489
0.116573686898137
0.120397810689937
0.0965896565414427
0.101846808856411
0.0789720302861032
0.0784547051233763
0.0855248363384473
0.0975717914617089
0.104128957563304
0.101409216596072
0.0667417267113047
0.11752052582862
0.0892374421589956
0.0977937195241087
0.080682055851904
0.102669184186552
0.0900590333930014
0.0709823713295326
0.106101519013005
0.0899876132813326
0.0806666019491531
0.0767452667154677
0.119187256006895
0.0762894803232906
0.0952280313530529
0.0776664372534882
0.0924011742687133
0.0927574081900977
0.109990864847122
0.104618248850965
0.0761628566644954
0.100497037860756
0.0997453233190867
0.0789564937477251
0.0770250785473873
0.124748628456148
0.0738099290696932
0.0893430308656593
0.0816658944692427
0.0678808266452912
0.0848287197207273
0.10603916533638
0.0866913611834268
0.0954594812527884
0.0876291163502798
0.0863684611988004
0.0882780781272813
0.0945690941549858
0.112635860911085
0.112141222171045
0.0927018277714512
0.0844740878283816
0.116604761183965
0.105752993109121
0.111562797695618
0.0846028108779487
0.126445235411895
0.0931722163521608
0.0954727369593863
0.0950994759038629
0.0892597606904519
0.0752727399452694
0.0857674877457547
0.10738693338622
0.10778999176171
0.108934308952209
0.0659023100337679
0.100524193339713
0.088893717590258
0.102354275573045
0.113909716073987
0.10547970803429
0.061950770105021
0.0730080907945021
0.0877389811866017
0.0938741767969014
0.0708119589175876
0.0858945309382966
0.0842547093562631
0.0981636704365366
0.108515574922133
0.0681588681980597
0.0651883603717738
0.121222135561402
0.107345379425293
0.10442324519361
0.0940615031360501
0.073116772691384
0.101036384330237
0.0758355272988712
0.103168031922265
0.0683872692726625
0.064922123862708
0.0737660414849046
0.0901489229834706
0.139015281637682
0.0996849439219461
0.115701010000653
0.0938463554393488
0.0777542979604891
0.088226835019579
0.0758169523673008
0.0849390750072415
0.0979706846351264
0.0866184050365842
0.0915628706330777
0.0954799698493988
0.104461325682042
0.110848479837072
0.119721341784528
0.122726946609609
0.0789291178329886
0.081399715981236
0.0860311213343329
0.102950724611551
0.108238383782082
0.11887508690244
0.0876440150396568
0.121694204745659
0.0832282046630583
0.103934343584329
0.0785897691119826
0.0647685939564115
0.0872624736925595
0.0901133795760417
0.0934432684877873
0.0862249769032547
0.0961574183643359
0.0798141628500088
0.0936299340695037
0.101938073737798
0.0979011938509513
0.115711424094043
0.0641428241895342
0.110382904122808
0.0913907601976957
0.0933293022235522
0.0847830375335865
0.0654830121949907
0.0879515466124058
0.0705393569576983
0.0728747318119512
0.107126910609624
0.10344002798377
0.117208940303149
0.109829372119344
0.0877770746837696
0.0923134503415898
0.109979207654503
0.0918511765156704
0.0855530508078092
0.0954641497562529
0.116202703114117
0.104113593724904
0.0867090297350816
0.086006573477836
0.115566380922292
0.110625782160564
0.116793065159289
0.0826077638513643
0.0842162571288904
0.0802711301207466
0.0834228548515793
0.0957626590559147
0.107541722749233
0.0831561623812238
0.0925927132713438
0.0777964268223378
0.0957690587792182
0.0975811970007762
0.109883415086858
0.0955825744329009
0.0982731566451163
0.075121843310922
0.0652083804785642
0.100480757814323
0.0909201045388131
0.102249571063875
0.0936394925180066
0.0799403143936034
0.0933059971818745
0.0759683672337966
0.0801943439303034
0.11351167255846
0.0837204690560873
0.0732475901607482
0.0790414865351355
0.0739604029166099
0.101277190672275
0.113816281264941
0.0962048070308038
0.0753727081417177
0.0819586198876812
0.0940857235945123
0.0906893070338726
0.122059485363519
0.0838201442013906
0.0984239110894343
0.0997606955673387
0.0761644659310248
0.11442148715604
0.101157786154318
0.0604885119570404
0.116513967842464
0.0774976967330272
0.101005068936075
0.0892358897508687
0.0698488780822508
0.139169370075908
0.108008422782674
0.0983579657227415
0.110789180515356
0.110018744841235
0.0975989786846221
0.10843299278038
0.113361719713482
0.106393513029173
0.101516165511012
0.0831332092195836
0.110629962107671
0.104711053299726
0.104154075595643
0.0605495672090608
0.101736347918185
0.0892278599156045
0.0975080317877939
0.0864705077729194
0.0786816751451404
0.106671541477633
0.0943951503286295
0.094453202564506
0.0785966708509418
0.119290365155843
0.0984118132815328
0.0951127513891803
0.0842212779691203
0.0891431561568326
0.125849106716659
0.0885827880550291
0.108497492721915
0.129456456604726
0.0860950975170065
0.101348109374745
0.11495829907509
0.0996185418754172
0.0813888875462706
0.0990032308545475
0.0684850123826329
0.104447843472025
0.0950180735938829
0.0959217291582482
0.0965528237808022
0.100042679432021
0.0697249500232961
0.0910631993278932
0.0683845169289172
0.09242518266766
0.0906849162875089
0.062243753564545
0.0654258956552607
0.0987286460722361
0.0757755365339704
0.101700370647042
0.118198392400038
0.0922740333379009
0.114698953509455
0.10994522228183
0.0915365235937456
0.0820266180424835
0.0941993476330942
0.0783849242844279
0.0924628095259022
0.137518929926558
0.082900301157089
0.0662664219708543
0.0757907838541047
0.104240070256281
0.069721961529803
0.111384506192264
0.0853639045999515
0.107709006023835
0.093964652917264
0.105450945363001
0.102517688375267
0.0749294564914564
0.0996521062210571
0.118905913902223
0.080617735540971
0.0840174101868894
0.0883557274915906
0.100834245697454
0.114707339127927
0.0852314512330073
0.0610110775618854
0.0810153469028331
0.103962927982441
0.100002429734178
0.125719500324662
0.0862349559089837
0.0788916339361996
0.0851627672042533
0.085345525790152
0.0785146090258158
0.119849399550899
0.0913827497026614
0.0914478073343378
0.100087942626665
0.114333452548803
0.0937594692888531
0.100984341412049
0.130458718967322
0.0870014397564954
0.0899867047423297
0.0853294051350576
0.0811717440064198
0.0590957555385054
0.0924390759965118
0.0900065580177708
0.0795280674231198
0.0739036631156981
0.0768220360920683
0.107296481064075
0.0928976251648471
0.10141978464274
0.0755054890072116
0.109232119972946
0.0759849387371075
0.0999794335297342
0.0859752163766083
0.0852062563234452
0.100624895143286
0.0964376130846953
0.0940500338482163
0.120128327694267
0.1064418145345
0.09680088220136
0.100833279618413
0.0912529772676219
0.0919347924347306
0.0738300807095094
0.111686368731924
0.0954251610373055
0.0872120762204431
0.0785039625992356
0.0934884703569185
0.103555407446712
0.0951998863718621
0.0819288701639901
0.0802619598372977
0.108487370365617
0.0894612710512795
0.0957752464473559
0.0924603287071143
0.0921892562792777
0.0631517667966479
0.083918658559314
0.0689282598206034
0.111870853251593
0.101368575203964
0.0844229893222879
0.10990983428936
0.110413624447382
0.088635075732773
0.0928734749329778
0.100227223614158
0.100767200755526
0.12242294913903
0.102117786858496
0.0986846763619249
0.0661106537254273
0.0925601245320636
0.0669518828182202
0.0889750542703226
0.0727269569284872
0.0916906954811242
0.0921607816466416
0.0695776659541761
0.10203084164433
0.0940452738771554
0.0935154702836964
0.0823486196155272
0.0737562991520175
0.0855562350182594
0.11553127261173
0.0727709194099381
0.102444922279737
0.0726563961626243
0.0805758269674683
0.0787756230045042
0.0646871468527439
0.0879008905275555
0.0709538635358155
0.0794403114481639
0.112698326255922
0.0953197409628057
0.0696421772958652
0.0710653628420443
0.0961259966621432
0.103771582234821
0.0826363997169274
0.0962406065590991
0.0919788775227261
0.103517225250177
0.106936345442353
0.0828056991495456
0.0836517218633867
0.105128986168814
0.0985221335186315
0.0875712612169794
0.117882041305713
0.0883257337570501
0.0907493389074331
0.096419243996346
0.0818535572127184
0.104971275322237
0.105021509668908
0.110083979500801
0.101844476152428
0.0900107929764989
0.0722749029083471
0.128220805958193
0.0977922612327978
0.0747883723288413
0.0886946918172103
0.0937300812200027
0.0892829775177785
0.0769393300472192
0.113780654676625
0.120697201636027
0.123383426415679
0.109329019431673
0.0815171067559378
0.131027585261829
0.101843106657599
0.0908686927473371
0.117322183424225
0.0777294401405637
0.117078979993002
0.141538527671663
0.102294418767765
0.0789209409378722
0.109147755264108
0.0576194307211108
0.115825785361198
0.0886787034362956
0.107452947202899
0.0886441264393684
0.078904320069957
0.0897927827154304
0.0763233320718277
0.112931303985884
0.105822454251503
0.0759219638121542
0.0799148608131864
0.0968842187709945
0.0638852852639623
0.101374108275129
0.109918173005115
0.090714266162142
0.0879263397304101
0.110985518167842
0.104944289313316
0.0997780466359458
0.101926880985904
0.118031490526888
0.10030911724705
0.0902354397697619
0.0763018873613994
0.0861104980861246
0.0871906416171222
0.0725533491687464
0.0915175214325038
0.107839482493687
0.0932949605387822
0.105612807560239
0.124948994269684
0.0852696053774953
0.127198297352151
0.0768887469287893
0.110897211642119
0.0838657095886132
0.0755106162442929
0.123909765458479
0.109927634783024
0.105472341017239
0.0812126046010271
0.0700182304406161
0.0883962712450322
0.0701107506325029
0.121550344277918
0.131107533391772
0.0775107810859874
0.0679812236966245
0.0742668587476392
0.0861103403687935
0.104113760070949
0.0878026430319538
0.0799802237298571
0.0842809352611726
0.0828407688506715
0.0907382150990174
0.089635440920706
0.0743903746540596
0.101928713163707
0.103587426708534
0.0981560661944989
0.0979269843503422
0.0860787234454881
0.0935630960874258
0.102009803180651
0.106243819096948
0.0883795948934646
0.0924639333528126
0.0876328202335702
0.106942658497481
0.126212411124368
0.0990404085326225
0.114053695322463
0.111200824970671
0.106402824275496
0.0834961872857516
0.0796763743850845
0.100970051796005
0.0844043871586549
0.0943303641243886
0.0866230350567809
0.0865821517630387
0.108729275050643
0.110636851874386
0.0746806375801669
0.114748516071044
0.0967628210092186
0.12945735856345
0.0931205948295262
0.094411364808505
0.12818611001361
0.105178746712118
0.111634159868102
0.095614620801855
0.0951082432938203
0.105466909563528
0.110066390039756
0.0773776246334083
0.0837503244112239
0.0792047601043764
0.0974244305993478
0.0942641670690722
0.112332276507588
0.130021050879911
0.111392722880275
0.0918925845238176
0.0697454422622965
0.0897178500492076
0.0962675847979566
0.100652554588693
0.0875782650177201
0.133099933814461
0.0955752624918884
0.116901382875473
0.114378552569331
0.0873371242944673
0.0798152355388885
0.0797612887278142
0.0893183726019935
0.0955993781123491
0.0880999116662927
0.105888101260755
0.0898565068768298
0.0875455141543114
0.0647618549954278
0.0901384822091559
0.109710634534751
0.087523935855906
0.0811104961618347
0.0995758777377323
0.110948855840947
0.117142379572331
0.0782665915501602
0.108933049907496
0.0954413536354778
0.111066417863243
0.096101875460195
0.0810829144699112
0.105248380819581
0.104677287551958
0.0784331077880892
0.0758005149714231
0.0683510253035956
0.0803478930068707
0.130228390986752
0.101241281560159
0.092691663373765
0.0951736271683402
0.114128795373865
0.10811660265904
0.090043868404817
0.110229011948059
