0.163526673524597
0.182781130204616
0.123194554427894
0.127828783789005
0.120831698295977
0.156772900151425
0.115522005563524
0.153487570399665
0.144345895127723
0.157635502830602
0.151476195426915
0.171703929997764
0.171310443972804
0.147802269452573
0.128179660760254
0.174478224126702
0.132490289980491
0.148916604313125
0.201135628072074
0.0990202220316517
0.19280738921585
0.169433449262794
0.124487531932965
0.09281383661843
0.147341725668988
0.179278134592035
0.136669769967421
0.15839523298121
0.112931571835831
0.174318589807911
0.161007665825654
0.165891002999609
0.099277983068134
0.200277036013002
0.135102334903466
0.174414921858062
0.155390644180178
0.137251965396393
0.128428829513648
0.106528642688096
0.121405827252994
0.182279880585545
0.178744301029442
0.226977594429658
0.226758835441304
0.110107346677987
0.165166463697507
0.172417629602536
0.1850982788534
0.153686434000022
0.119645780751114
0.136757190160922
0.187679082483909
0.182796369048017
0.207221061851281
0.157661007116481
0.223604431040257
0.118239694324122
0.143122449729902
0.114980455518465
0.203697553666065
0.119003874424157
0.163370178462908
0.174149067090656
0.145678452056983
0.213883385347503
0.116880233937194
0.15825967864918
0.181176235433511
0.103271209472653
0.16311202416415
0.18540524822424
0.153955291813862
0.210764991261804
0.15820131336195
0.127863156152525
0.160751761754362
0.158967387221072
0.19891373355474
0.131525529908447
0.180690314662718
0.14460848301954
0.152684774181701
0.129793755904612
0.203471524243119
0.181688597448093
0.137431227844717
0.193784256449613
0.165930619686183
0.182345069896132
0.0842925454089954
0.206666201247197
0.12039290466205
0.136108733254458
0.168529998493027
0.193326249336525
0.129874527948355
0.143348920990197
0.231192158795703
0.15195068669635
0.120096481500311
0.1843416766935
0.149439275233082
0.176929727110123
0.169812694832337
0.172408904254836
0.161498645491381
0.160448519497354
0.175844867638141
0.188128649602925
0.156964608011062
0.130619658315711
0.125569441991494
0.107540211724701
0.214629209242694
0.158360374124824
0.127563179306254
0.134550068361285
0.228090950105395
0.179515839442483
0.177639643341624
0.193973726256886
0.156365345593159
0.162168367579481
0.180476820861742
0.112488013858402
0.143720476740684
0.117829370744883
0.16570731059029
0.101851435426131
0.14135562343016
0.18125636051792
0.165041802255212
0.170622317947085
0.180052107655848
0.179194320776693
0.0742469040885416
0.142207090707581
0.102840464700539
0.125392854336851
0.159574819651804
0.126457731988183
0.137677261831429
0.126128542651714
0.123938361712891
0.199850159418
0.186604781780684
0.126106066419793
0.106200288121855
0.150964493000336
0.138931823042717
0.141482238945888
0.105984470004683
0.159614502055816
0.154105647125477
0.139801888144906
0.175036810393799
0.128116072476102
0.189388914474011
0.152712336711167
0.138786392005051
0.158455439035233
0.168477069594277
0.146848685278631
0.111187728305056
0.19452361262231
0.181012747867741
0.223126583796839
0.117468479050098
0.14534461248928
0.144470322068614
0.135748953971485
0.140895345276042
0.157673715084526
0.149919700579789
0.148829502118558
0.196149868158346
0.124189256095419
0.121926284824462
0.174687782930142
0.133634149969107
0.128940978639655
0.164064903739152
0.148347647368931
0.143512812928861
0.157712758872645
0.19567611668991
0.153460032219356
0.117672590393501
0.18332727765868
0.156650685295624
0.201954654816395
0.140954948488025
0.136024062301181
0.146552278497122
0.157766416055663
0.191106748583608
0.183494416600933
0.13130512108572
0.121226356895466
0.14710797714235
0.235248029647496
0.128767987665273
0.113464922648336
0.107657646541679
0.155489418744139
0.189072159598706
0.200643069786819
0.20096410335877
0.107721240114469
0.141437723417176
0.13088049102552
0.104723082991811
0.159204647047871
0.25347833281224
0.141805917869615
0.0912001006991058
0.15622414710308
0.177232242212921
0.138463200185055
0.168096208640964
0.146044146127956
0.112500195741407
0.124002921707254
0.146171269023382
0.140236909819837
0.128426257718079
0.190144178041334
0.174330682073041
0.208973762452464
0.256189958400533
0.193806631085433
0.174419204297231
0.230787435174886
0.144005985612755
0.189228090912199
0.153237453592896
0.136670807358707
0.169071540895026
0.190466067082341
0.173415313520038
0.11404326977558
0.16030033298204
0.167237207598754
0.112900145101533
0.149082160069351
0.114130806723196
0.18639832660888
0.113460961570167
0.18829658171585
0.212094321007084
0.135906374687966
0.137250162412553
0.120135516602457
0.122485801967347
0.0848439549917576
0.183859015527822
0.169407448692554
0.210194397818234
0.113433994524201
0.140565258877967
0.158139730016936
0.132037348775497
0.12121325321813
0.103250676736551
0.160854075873337
0.124783572267746
0.162084395916481
0.138794776082279
0.136844689271408
0.13778119377209
0.145110415415368
0.134474521873398
0.178283420817672
0.147903830803843
0.158574137289849
0.212646658767598
0.122549114511586
0.180694400840757
0.158788329311504
0.137600307511429
0.131131706150554
0.213111436627192
0.152674710309603
0.2099382393015
0.144196072967907
0.147564164675067
0.123545624005767
0.143601532612302
0.178010500268634
0.127147454264515
0.167251507726822
0.134243462372812
0.178751198954568
0.187359923149887
0.192153912924796
0.196285664122105
0.202085383251059
0.170335931930194
0.131490411130161
0.207223879534016
0.159941989359774
0.109405499724009
0.111732182482582
0.173439000912184
0.118904388496021
0.155907009030418
0.18370983912558
0.158856976039374
0.129091452514017
0.16643823200592
0.127693061464603
0.191094718696991
0.147702202518556
0.205098383332259
0.14396967999104
0.109759131834165
0.145180683219526
0.109120277853979
0.156220580886507
0.185907111522271
0.206797518222246
0.15364754742663
0.135894349517296
0.207371014104584
0.158791880838885
0.164774548984429
0.130861005587185
0.152723157401968
0.169773813299839
0.155802147616051
0.169622200192455
0.195274271647309
0.104505603836728
0.202300046961942
0.0948008354970259
0.186719372138581
0.172734773152455
0.202244508579894
0.144041805028437
0.20223101575857
0.154542499329321
0.138138952551697
0.195682137830128
0.152034424878971
0.241805680946121
0.152796905742758
0.169600741432621
0.193706166367849
0.160558564677623
0.140919489239366
0.197919065810083
0.186763399762676
0.194964222609156
0.164699595048941
0.232771566122721
0.197042070857785
0.201527180232878
0.136089355924533
0.206350274346418
0.204811497511382
0.12988474178512
0.159932482399872
0.138297455811574
0.15460279216221
0.160433609607227
0.132116160592977
0.19486294792096
0.156442923162676
0.201823738895336
0.135629177066906
0.158139521992802
0.105528816463589
0.131209847380465
0.16848795237184
0.155665600387947
0.132674838856972
0.131226205513469
0.196773418941611
0.171177972658822
0.145545392823716
0.0979596915019317
0.124940287409238
0.190641124099734
0.140126593802834
0.0798237605610783
0.17516929730887
0.119492891222241
0.143290375038922
0.129582593857863
0.0784299997722881
0.118325519575422
0.176856417276399
0.228062371294541
0.178569990541202
0.111720168353237
0.169335892169747
0.148164160463037
0.107595243402699
0.130412237574521
0.141928939716468
0.114308071096843
0.113398058492665
0.134646913406212
0.10279193397505
0.136901546633316
0.130032604457969
0.127299036116955
0.160720620209725
0.165276077923985
0.170984118082993
0.199747446029596
0.142828310528712
0.151073410059455
0.207554086062266
0.18145214863341
0.161568801667338
0.180681907334042
0.200811247804754
0.186084044701985
0.157068935386223
0.197646073458149
0.147293438031922
0.164810248173142
0.176669534157715
0.137127283427307
0.143957515183444
0.0941119892831781
0.124866709179371
0.15175272618061
0.135874393941313
0.189079829294352
0.18198489134685
0.130408969105715
0.158006501097737
0.176251388288547
0.202298608626919
0.185018534988691
0.188571030641737
0.205365228763173
0.157549889962593
0.17388546114876
0.119109205857565
0.176915566881479
0.138406977539748
0.205242719648416
0.163328440300538
0.138541669212182
0.165728248461735
0.115476279392122
0.134348580518914
0.110503949705383
0.173593946945264
0.128574240634297
0.162557468521995
0.132657104049303
0.168194817911098
0.117951645579636
0.105191620590573
0.0659216328219716
0.174777667357739
0.173245574007277
0.186293014398498
0.172187792823194
0.125326586021365
0.14925106656623
0.252606450890385
0.224818987070082
0.123258127678702
0.135700862855846
0.174973855208507
0.159512410602411
0.136962304915378
0.195764408202967
0.118551244010108
0.235004300718525
0.148368401812549
0.216989670211277
0.182279345739958
0.133322173330507
0.117514224267677
0.160060426331467
0.120678534265386
0.120254338085804
0.168535826980491
0.127369986022546
0.161655638059954
0.1633397649978
0.127336795887277
0.180867457925119
0.184473502481279
0.169044975689179
0.180627933072392
0.172068860837476
0.154624735065364
0.150550941247495
0.127821690832018
0.168636141708403
0.171051281002202
0.190021510095709
0.182417282185689
0.198227735618193
0.109945043480293
0.147497247414287
0.172688731861375
0.188316931018433
0.22670802813163
0.11430638543973
0.184588983019784
0.213143833671997
0.168390272141335
0.164549069190759
0.131765975236996
0.166069615281616
0.124322029215546
0.124072770048526
0.187930363156098
0.179747023361023
0.148848128975227
0.0988978881571439
0.0693116621785765
0.170730072704276
0.206904312418135
0.144638815021548
0.152449058516904
0.218102921725463
0.105026563379281
0.0979144709632453
0.180067846429191
0.137402307681224
0.168314721156225
0.115619918345182
0.155794199545424
0.184902061116779
0.173634385489616
0.220202690663971
0.13676435953484
0.159421268394998
0.165471030955385
0.164014716428383
0.170126077335738
0.173223821302087
0.166627651486288
0.19432466654582
0.198465738006716
0.150930955869999
0.176702022489414
0.202617052723735
0.167814411234906
0.182130592318387
0.152773613207307
0.199591204526222
0.132360411082024
0.186247038540992
0.21412215885891
0.176362737064608
0.198715860173799
0.200727109309904
0.17843014575899
0.207287251862811
0.1629727601729
0.204725766496164
0.0826951770131394
0.14919637615247
0.146594680960742
0.135421419443739
0.0940116279664847
0.124778969221411
0.138817754617326
0.133627093932827
0.18838820936213
0.206398602652109
0.133372435235804
0.125238970166134
0.215742815044947
0.185444366615283
0.178180338614644
0.199650246638254
0.0917188885115667
0.208303073022509
0.142616186858443
0.186576104205953
0.0983461888908323
0.153352860238998
0.15690602979883
0.119356069609825
0.196891091910881
0.17533934932598
0.221845700682281
0.162000172671282
0.114629138495986
0.141761473033926
0.234573870040701
0.169665892976338
0.129266110467223
0.146355907264021
0.258097247115292
0.17881660074384
0.133460885581993
0.224527255381956
0.122879419469875
0.169974041496896
0.170573454934878
0.137552272586125
0.144870450766525
0.153405257854511
0.109296245394958
0.165457828793306
0.155068598639519
0.190548832621772
0.134266784322613
0.234751890401288
0.117703606660834
0.113390366236885
0.192124585635266
0.149495543970752
0.184083184487931
0.243695502434904
0.140258287548853
0.108276671182155
0.179037733788382
0.159355041937065
0.161269139784507
0.171349320263634
0.117345484286405
0.150281412795193
0.107883977296697
0.179856867900366
0.143647396600473
0.126970313054118
0.128753473160849
0.145734551736613
0.177941155739775
0.158304262286717
0.144337145488271
0.142643476456263
0.0965372232401656
0.136462431963437
0.102877645129885
0.130223306786454
0.144022249719713
0.15680677924277
0.0813215650542929
0.0970790749806257
0.12170623151038
0.154649722144056
0.108952439448497
0.165753862016398
0.159188385388097
0.171411978283318
0.118546061264079
0.102851067492738
0.178759479113685
0.181496974180706
0.186199578651105
0.232382340030567
0.173035566921432
0.128417144563266
0.136446810368523
0.170837010262362
0.174019834217926
0.186869651513615
0.14896165267165
0.140378961132842
0.111207260639567
0.128885441394563
0.136506473935743
0.164823081348919
0.106581090661526
0.155516004538518
0.146278660023141
0.134156571683447
0.105450309679134
0.19339161194193
0.112456689457741
0.143987778630466
0.18948241373588
0.0975045298689032
0.157490860697059
0.17439647968988
0.207867704781754
0.143824003425221
0.126045717150701
0.131086190294015
0.214657752575633
0.135011217353147
0.128263204938408
0.128339181146937
0.119639978666801
0.137962627059398
0.154436728797775
0.201559557115534
0.162161286814132
0.146333687537065
0.144267108744439
0.113321210019127
0.0997101200268696
0.169789213964509
0.155508141138602
0.154679520946206
0.113193178548599
0.103306162379528
0.234551808642483
0.168220607752355
0.135009121904633
0.185199088423469
0.222423217051237
0.16173875764219
0.191364171992635
0.105492586192712
0.105157901210548
0.192219374527267
0.17068625782987
0.111225281121845
0.204607489768881
0.16890391568841
0.247911887352771
0.112304860498924
0.189836694395492
0.211857584624475
0.136029182324348
0.128405468582629
0.118109367711734
0.135772263648231
0.143989111641696
0.16043246477937
0.185462261350632
0.146958918923494
0.182461059387162
0.126463557772837
0.17204462926954
0.0991211102083023
0.112856713708604
0.238721626709203
0.132345530932417
0.25453938110292
0.116417850366535
0.143967802315437
0.102859942536193
0.117524683672588
0.108933649203328
0.207483163501931
0.128517251379607
0.130156279292964
0.118139594342293
0.15141157886904
0.154266380470039
0.11375688615589
0.108114864742415
0.115437794162956
0.165345894104567
0.122981415256182
0.232741208429621
0.15512552965209
0.123679674182186
0.17718206149911
0.139961535040237
0.158609608702799
0.202835484797711
0.133361957166234
0.164922739320758
0.238536187905077
0.154258278875691
0.188200824399475
0.115364857698931
0.120257141013436
0.205656235489431
0.159644769480692
0.199291243130905
0.155127517962979
0.178851841642019
0.193680926145962
0.177026351671369
0.174506124488815
0.166036194021237
0.09236305528526
0.188556709842844
0.211942924311352
0.114399163863889
0.128038690933545
0.146918534114946
0.140276506841357
0.203782220848471
0.153089334617521
0.113812741616635
0.129648100682474
0.142746875917164
0.175734103917726
0.112727201077873
0.148524301295579
0.130024062111113
0.140781670793462
0.118199851522481
0.152290410760826
0.153690864820644
0.17655953151834
0.169788734437336
0.0970918828728494
0.142615426000125
0.097433667376716
0.19570099422376
0.184600713688208
0.121513973468355
0.22106238330167
0.173628220402359
0.146500292498114
0.20228069973395
0.15872361950823
0.195762521022371
0.182501897249451
0.132917434445804
0.185554880597522
0.137554438679364
0.142619314962453
0.119679071477609
0.119992960066968
0.150637744966044
0.150346050327091
0.134928457258022
0.127148276385973
0.0964387049172197
0.124379669347262
0.163904085512922
0.144718838556049
0.114123635305943
0.138945305548418
0.175542353120697
0.124296890003495
0.173100471346602
0.133951483005127
0.172492758574802
0.10458572798727
0.19199363955393
0.14858892309645
0.145334026396446
0.16145969443817
0.112571812788647
0.159310984372301
0.221359661759199
0.227809295340075
0.174527360614466
0.178174486541941
0.175944770948005
0.126869422712828
0.135246984281278
0.164273365402363
0.195665402373526
0.166274389833154
0.187786492493609
0.135370245103743
0.176435244450382
0.172634105850691
0.201849549102469
0.166239106492731
0.116120572298969
0.114109434764223
0.137266760877878
0.115117119495682
0.160068864393312
0.168938020489865
0.193416182759987
0.158931402256524
0.133866612031062
0.117031873606361
0.149135935372597
0.174109514132474
0.135805627646657
0.128374726898223
0.156703516539929
0.207558758238266
0.179722256014077
0.127977418330808
0.125247009058614
0.137522244164963
0.176894383026503
0.168543070651197
0.18920830858085
0.121589357546343
0.115242849073383
0.202563797935147
0.182787809745692
0.159584099176586
0.143920468146449
0.131552364154824
0.131486935571268
0.192781881089356
0.164516586355147
0.155559357454126
0.215272822795928
0.189417023041677
0.167722550213074
0.1754311817638
0.157827800526113
0.186061920946569
0.143859940267177
0.201448271427533
0.112320726715429
0.155032832363741
0.137150547778194
0.152070595881004
0.118645587236411
0.154538534680437
0.164567281206009
0.132339259152211
0.125278270467841
0.193406347477326
0.145478135029607
0.164589127921613
0.188186757142934
0.122185763343223
0.108925176236755
0.109801073712763
0.130038796096614
0.123821606457922
0.13452526406597
0.148797403920095
0.209088321669158
0.129329608355707
0.223788087986405
0.119341433395023
0.14100198004032
0.109054461400505
0.146108822171756
0.121474262568172
0.134140561451006
0.205528153703779
0.121964449428383
0.109733872333839
0.238633599064435
0.103941400642961
0.162529863224038
0.182190238326956
0.205919298932019
0.153999900770651
0.202409408890057
0.174779796399124
0.181734950268025
0.163880232981177
0.186531209703649
0.122875366282965
0.173282113495911
0.196033952316103
0.156338395317836
0.122173221122408
0.137417603879995
0.204266084469696
0.140228305698669
0.183888981855531
0.199320735548218
0.15391272007375
0.0894984487223975
0.176241164579965
0.167274686161683
0.140537768138829
0.115058654551373
0.143662744748246
0.135738845629858
0.149500909217511
0.167352429399601
0.200475721900468
0.137528708344731
0.111432822537111
0.156017636501512
0.236355046222693
0.183779082866621
0.125651878402633
0.123513673828303
0.102260939587655
0.193862597193715
0.147194830258455
0.170105561180227
0.205849140033634
0.211972794992267
0.197214197194382
0.135487075102006
0.169438121365641
0.0708609547835229
0.132201561362721
0.190734655522173
0.152575577430295
0.161167630359499
0.16082246101787
0.176092739011189
0.176739227482578
0.182561239992547
0.112815450808553
0.154044284013246
0.1282126597858
0.112617765698784
0.158634556190339
0.120562668506113
0.177010415331827
0.143962458930664
0.122848914278156
0.202247771146955
0.203276890171996
0.159124388432293
0.169919183554967
0.168980182744251
0.134426351931004
