0.0981195080563372
0.188500394409204
0.151223791646379
0.113088948205327
0.145771645544498
0.0825298643342639
0.119338934804925
0.131379699909786
0.108890549844733
0.193997035482333
0.256723309920099
0.168081138113368
0.195558580659163
0.0871776672905849
0.120692904120927
0.10883821237437
0.137160479538016
0.124845935284129
0.110566511021818
0.138734081900263
0.178023223417303
0.14478693026207
0.100806633771072
0.157410621421687
0.173723696582398
0.159522800093033
0.150611391393103
0.151775169178666
0.100518384397961
0.0841170019316418
0.102844614823971
0.0714657225140525
0.128192170309332
0.141601299603679
0.145663623620814
0.166404800500579
0.124905005472369
0.115196697113272
0.127821245084333
0.138353051916158
0.161143039871111
0.164321537457799
0.120992211982377
0.146446468536576
0.0870905334383527
0.146896029613957
0.135302126444386
0.0875693848166186
0.110905773662253
0.119870316776135
0.129677717604742
0.137590087780816
0.123588843154661
0.0958977786960856
0.181592688257563
0.142102522803087
0.162171924855668
0.13645346628822
0.132355704431676
0.106597116668764
0.204649899024378
0.150265395299432
0.115254647040123
0.198652511315637
0.0891899115918613
0.184924700565759
0.136762553362113
0.112834397347186
0.170581792996394
0.108363957384611
0.112160545181385
0.121408049262447
0.166611009631958
0.198030883859409
0.102467957930293
0.141143485183638
0.13432889543053
0.210596876899545
0.118596890395439
0.118594426920191
0.0943141525845327
0.151815363233239
0.21636546233068
0.144798025994254
0.104797206717646
0.148064616809758
0.0951559389269471
0.185791597418202
0.0946638774272603
0.127093071066926
0.167167152228607
0.118815144324531
0.151371020576266
0.107127931732828
0.135822629654961
0.126850897985838
0.161448875248275
0.0856102945335949
0.152985583205912
0.151876127810441
0.146052527197037
0.0877356761456321
0.0773098912764041
0.112915961840788
0.133217938883111
0.10906107975551
0.11930039964487
0.110663413251193
0.147673832921668
0.152691665279408
0.176530754799607
0.131541060572991
0.174700661027816
0.0934315268056723
0.176005753062706
0.154626346463871
0.195287137707146
0.2270014339731
0.1767806518206
0.100091710342114
0.178914392073368
0.151650545619573
0.119229602827954
0.101978559779583
0.133066682886496
0.0994655252404297
0.123252316630326
0.124915704093478
0.169690581953162
0.14291866510058
0.149407069470776
0.14036462653396
0.159309239193485
0.143091735613502
0.123684019480615
0.130561461057348
0.165586086403284
0.138399415539068
0.118249579539936
0.121574313813999
0.184239307877723
0.076948213265778
0.228474448314925
0.0900362129971656
0.119826466598867
0.138386419153124
0.12357476427411
0.0758091749022208
0.168220392991343
0.126149071574562
0.13960108835148
0.199564111294915
0.101795576582882
0.125982053110451
0.141078246392564
0.109260432773711
0.172986166977508
0.127746363589612
0.0758982118886468
0.184463450810009
0.163246969512446
0.18665412496145
0.0973545196550642
0.131611554881668
0.118592392427965
0.138767446752812
0.143327929127307
0.128542547078831
0.159558241855705
0.120078762584548
0.161851839028995
0.136147026305937
0.165936973931784
0.140200986220354
0.0907811566621393
0.0835699918686339
0.161910712857383
0.143995558774271
0.10963379443031
0.147360124709524
0.0977661438327069
0.160648246377484
0.131823493450107
0.10576957974271
0.1490991077327
0.224094573357798
0.13160142029224
0.203604393337387
0.130210067587572
0.132209018181396
0.0956537765475357
0.164456755265584
0.110760530019801
0.148653417216868
0.110862494850607
0.175781732469656
0.0926844058882252
0.140922753064588
0.0995280263503192
0.12674640708793
0.0761679723800319
0.16722633879293
0.087143696464505
0.117081842159201
0.121441041236146
0.172480171911702
0.087090271116836
0.140090923540628
0.119421105024464
0.11910902367564
0.104087418571276
0.174672374324802
0.124301308321398
0.110293709467907
0.180896550792378
0.16966851710119
0.151857944097576
0.128218023293689
0.112832195663703
0.113595503971799
0.0824933427160717
0.0905055080273433
0.0797799797395861
0.0828065652235466
0.0969397072415036
0.0763743724711196
0.15616387020189
0.147073043887438
0.111227069349885
0.149067779000248
0.159955046002818
0.118189159659908
0.156558515236305
0.118376935839011
0.154522487969164
0.23674700704593
0.0932012969466557
0.129112884526095
0.149712390116414
0.129344854926508
0.137843656164151
0.161765525648964
0.132751316407623
0.117140333035467
0.109759292227742
0.140635416209224
0.133428379705781
0.14173327308417
0.132225510127263
0.159238639430239
0.15163269454803
0.101163420364532
0.14102237119436
0.117005146103983
0.115624980768226
0.190164329564095
0.149703176546216
0.129278304559152
0.0989364624719038
0.112688710548786
0.127396626967737
0.0929293073391037
0.123957417920799
0.137179499981118
0.0994757604300157
0.100940291058279
0.0934560452432214
0.131323534858946
0.148751097839106
0.230363530462197
0.176043643710222
0.138860296432227
0.195560163610642
0.116779565066533
0.161893663565324
0.113171657102766
0.102976385663201
0.182650023295459
0.126890799636932
0.119447839879591
0.18598563138477
0.127007949649001
0.0977700863687989
0.123773379844063
0.110895177601947
0.113873795403517
0.145212421468384
0.136836431154721
0.0900579365278104
0.177248160224143
0.0858739679571357
0.112138651304241
0.134737017497698
0.209325057671994
0.108979661382536
0.127297934084476
0.163837114578117
0.11628530140629
0.0973017461060524
0.130054851324534
0.162190002995699
0.082811654617201
0.0945231877214082
0.116795924342525
0.0899167610516337
0.15623250867126
0.13524529317996
0.123200773451094
0.0974907247771494
0.185538079251966
0.141441456481534
0.105575210644542
0.155462261250114
0.16080694989475
0.110273864359354
0.175575616485774
0.124194489579043
0.108060372052454
0.132348562280611
0.128803686578833
0.174501995653717
0.139564592743468
0.168320099848835
0.140594053181875
0.104679093479274
0.121163596089002
0.138362156915985
0.110390950347784
0.146804538525059
0.150099696711229
0.122040711551523
0.145197598531108
0.176686086444542
0.112746121189073
0.0998181286246764
0.103853964878721
0.0948654325103057
0.0698184874277149
0.1549000531879
0.103617730838779
0.120361130646166
0.10839224524433
0.117600494953034
0.141699181904708
0.0957190904909884
0.193170507253558
0.117758542006871
0.169042564487112
0.169387341144063
0.165741048314785
0.102718730142162
0.150790331657252
0.108584232090687
0.182748386477742
0.188915560664647
0.117963514641564
0.128967299569931
0.08791663159875
0.104655134741228
0.117583383393505
0.128279942628576
0.114912889586972
0.116318187244778
0.124803278564114
0.17601997101794
0.125437269527267
0.131478664094078
0.158519861649207
0.120170727930898
0.169845266991785
0.174613326186874
0.123563166425839
0.192132771641745
0.152346689736593
0.12570680241466
0.110957421351487
0.0932069498028865
0.12698614519176
0.0991737874116807
0.10603400792034
0.156839285790372
0.210140593148456
0.139247523532427
0.0876026912030813
0.166402853269942
0.141708698580629
0.147705376609464
0.121421296107228
0.129010420037615
0.0870703436072455
0.125776518839926
0.171291385296555
0.147849201855971
0.119299346098267
0.15809610779244
0.209725984495756
0.119541213376918
0.195171858365693
0.140293986497267
0.106170246779675
0.151671743271598
0.1058526138224
0.107025187786599
0.215566165615062
0.124035940185672
0.145794400388085
0.147290666870376
0.120962355033797
0.106972698478867
0.141522996514857
0.135487363066477
0.129011346293595
0.12361536765515
0.127471547930165
0.135936124980156
0.131542877832498
0.161971507013583
0.180274082462707
0.126107059442269
0.202927848230493
0.13755560783274
0.114521593634435
0.115960382164039
0.186550544926645
0.0982042994557854
0.114904007946319
0.122260824285045
0.119956154721517
0.0979489375850621
0.170882680500095
0.129740428513052
0.111135977641645
0.184075108151387
0.173903824935332
0.120555488538527
0.12145058816267
0.108830772892166
0.15390083352723
0.105520068507245
0.178709633065837
0.125587997493799
0.162263405704776
0.202751659298838
0.145765287660486
0.148268052580936
0.247366469488979
0.114387650752371
0.142215801331855
0.161514004174994
0.145933135997058
0.137876963059934
0.0813491894157633
0.23170249840375
0.0853321546695755
0.195885495381257
0.142363026332168
0.103589036999942
0.158065093989782
0.118503971275036
0.101498217381098
0.08437280677136
0.148101711735198
0.105209924499898
0.152205553536538
0.167877399713568
0.134014976194813
0.086581501227249
0.106628315188427
0.13904080468069
0.100650199339007
0.10370557127214
0.0964113441669714
0.12978947769908
0.103415225714456
0.118387560017763
0.131118510778157
0.0965053387257935
0.139020580611282
0.144819938582666
0.148855413363391
0.12167359283198
0.130866295607591
0.104326590111355
0.106771971064498
0.176693375456619
0.162017023650953
0.113796840283228
0.12974087262318
0.0979810756925241
0.153302326690873
0.136834276391835
0.171774688388118
0.136924873116449
0.13078319399547
0.120375039728164
0.153253881858003
0.154176977970047
0.182366603384077
0.133988526903285
0.0896502869735647
0.0772742555637996
0.115059532545887
0.113254813445343
0.107066824156165
0.111202944143345
0.150519255301597
0.185720683855459
0.165150583112358
0.148903234656583
0.102452057852232
0.145793197047143
0.13430160828193
0.147655853021998
0.126063081967748
0.18002055204557
0.121221005692889
0.130500761261645
0.163005388874786
0.084704690862212
0.106117577030057
0.103495863525408
0.123304025804543
0.131557160995878
0.159134102697277
0.121685764075123
0.0857338951892106
0.125747659588939
0.111975657346005
0.10608126173786
0.150748191477335
0.086481155521095
0.160808034449081
0.0993632283374502
0.175781489339916
0.213232121055021
0.0885091044922713
0.152374594841246
0.156598714114639
0.125549649207481
0.113316013679881
0.136634258618854
0.185038468287122
0.0930354946722068
0.107382996268467
0.148892982752854
0.175524418182614
0.149602207834621
0.160264287385661
0.114097697089514
0.125091091515393
0.14308498725214
0.105816066429906
0.185063259526148
0.112089206533195
0.154656520827697
0.0786558946392247
0.112326502909461
0.191533789215259
0.100278673866017
0.154547591289433
0.133302941973431
0.0740994510602636
0.140994295112679
0.16205659541157
0.124926899003852
0.161607600058333
0.0898381179872192
0.109085331217849
0.112582352070657
0.198767792289216
0.151632776063012
0.15634572524614
0.183176235323484
0.0761680574978895
0.145527947440616
0.150118299622355
0.129871028254588
0.20222726516572
0.0977814628120319
0.155626161105212
0.103815140874748
0.1307908111327
0.0967987294407881
0.140316697311189
0.124996164200258
0.167241656467807
0.122460046707715
0.145175957763068
0.109251385304504
0.160699676249705
0.155609826248218
0.103148403279669
0.14147904645607
0.232962731573546
0.136052371044655
0.159706980549302
0.149513445412477
0.138283534875682
0.113832524735826
0.10782172638561
0.130320568189529
0.150017535966133
0.130444658192838
0.133092559833357
0.154059698211796
0.110842453889944
0.118650981467825
0.11262506696459
0.125087250785045
0.109922437040294
0.117390827933303
0.184545617824948
0.138627737867118
0.12850044058618
0.131553557995062
0.164448320950426
0.132709015583656
0.0888205738520191
0.199911237272217
0.159125135208577
0.143080617364537
0.166884552777845
0.184462928253363
0.172669587183831
0.103633544597435
0.137093192120168
0.147445923450771
0.0948983938568221
0.136079706582257
0.111060200833589
0.0941282285946878
0.141762254553412
0.113328307041398
0.182478565570358
0.157016942720765
0.101109111320782
0.116933870067468
0.127298014157149
0.141584822644389
0.0992702664857061
0.155749852505569
0.111775275027586
0.202843312471481
0.162242699078098
0.135066232852494
0.246837206495282
0.142743531560589
0.0910255567113873
0.132018812150715
0.113999689853982
0.103998547037295
0.150222816037001
0.146483657432134
0.144455383749546
0.22649806037724
0.110030364158568
0.13818157732311
0.132628951365714
0.179933567756997
0.1261854268668
0.123841342004735
0.113020913355708
0.199659921792055
0.135607801793827
0.10462852211068
0.104382237284412
0.0876595159977057
0.204369259851905
0.132230619633085
0.16117548843546
0.108200324290334
0.118984130951598
0.130722669425195
0.13471078186037
0.177069538355377
0.104268049347876
0.159603790128411
0.121320834696115
0.123619835042478
0.169403839519302
0.148656471810884
0.151260911297868
0.158057886952666
0.144304472014288
0.170746235783904
0.158539904769509
0.103650606043267
0.111157855792025
0.1189463149652
0.0870391447024551
0.110277698658701
0.0856429826213615
0.110948033210448
0.135947581364597
0.177948722915389
0.163300371211872
0.124835161860115
0.112609742115974
0.134882501117509
0.128005547584884
0.123024870479867
0.128859043064737
0.156713867207149
0.180819403417354
0.155966713489035
0.09055912077354
0.135502429242284
0.135785788864081
0.162281983441609
0.172778660516211
0.10122861478954
0.134049137315711
0.134842290389399
0.192093041104595
0.121881499635261
0.100159549122424
0.167607340460712
0.206681091277244
0.139064989653103
0.0989939683129343
0.0996858505350837
0.102685366888968
0.146672697899126
0.142458175504806
0.227775399802482
0.0877481091209196
0.107096991257897
0.110606039255505
0.11275103151451
0.123289340295709
0.165506802487195
0.122138330824063
0.0951350717726791
0.151656433393471
0.140249976378963
0.123049980477741
0.0970560711225223
0.0984105272200362
0.114154052984596
0.108096375183317
0.124951184772889
0.116409350572972
0.095842782968324
0.146861696506325
0.138922926874594
0.117649397426092
0.0937566482809821
0.0896155692444031
0.187174746699229
0.17169226750935
0.114667591916392
0.119152926480641
0.0794950388288852
0.169010247754356
0.152440138213155
0.187276290110013
0.156935813342678
0.154822656430896
0.203067562122475
0.188542067277853
0.124979531240481
0.158095487618236
0.135424534564189
0.0796758909965592
0.182484894813583
0.155161281385058
0.148587225772092
0.108029306186415
0.180790101261527
0.196341273205746
0.0994885230764122
0.108923109847515
0.12012534295674
0.119667503786258
0.117146054607045
0.145846206576016
0.182919069885583
0.159353494420016
0.155143243254756
0.15059240905276
0.0931042774952953
0.115370906785996
0.128524057434408
0.170727696548178
0.110344840815748
0.103518237986484
0.128054245191826
0.117907516233961
0.104372926264363
0.102616176746209
0.138978719935572
0.110051443139089
0.150365062196172
0.133799056878447
0.114906032875417
0.147629448160971
0.116254318028063
0.124789798716115
0.165580970637739
0.0832605362078924
0.127097999590859
0.140717644396224
0.127976201647728
0.100048091050849
0.149237009993488
0.18549591019404
0.112875592449637
0.115187962113965
0.0995402927982437
0.137086096326686
0.105129823159323
0.114655902091604
0.164748034980942
0.133231823766484
0.151338691782073
0.132379602125254
0.153451816470588
0.123306179929036
0.098315945537363
0.121806815430215
0.182658274998412
0.18287569876923
0.169936767255432
0.155065847580703
0.152671718975309
0.212680661570724
0.129223897665842
0.121967754053434
0.113270672063823
0.160909054357792
0.122250602324378
0.20477532069991
0.162306286156527
0.148578864537332
0.159306688645552
0.15807116531421
0.125338447380805
0.11657460450473
0.18194422749196
0.112771089439454
0.129940958198973
0.136851611859368
0.0907284341123395
0.133357696961125
0.114048216548643
0.126348594165722
0.161213076945263
0.114936200233287
0.155135932683021
0.112221317771898
0.107168058534321
0.120407565441208
0.126126289482594
0.201545292013101
0.0860390411553427
0.105715133506677
0.107567453106319
0.0737042609585356
0.116418136587702
0.134894233452808
0.129758466024451
0.0988562202624555
0.215488357500866
0.113077278021477
0.106677262561354
0.141231151306664
0.105061895095913
0.147497006894354
0.0934221422693425
0.127402993913291
0.0999688057144548
0.136693620585577
0.117472316275495
0.136033797892577
0.107637938539769
0.142472153739458
0.131056389413176
0.18620168492623
0.1219677143043
0.115222763073785
0.130078288551795
0.0959260352767419
0.145999796527918
0.118471530853516
0.122354304347998
0.145037119996526
0.159432817965189
0.131165310724383
0.128959047891093
0.157461719914765
0.104755813062906
0.123167784968759
0.131718014761841
0.230862942849306
0.106640765328218
0.2164716955176
0.174321623924617
0.10055311494645
0.120965294039107
0.145903273819964
0.122649807190863
0.198900086691747
0.14538659149321
0.1283153102437
0.0996267702716219
0.174093490717633
0.143669722775376
0.137022170687034
0.0887523649325141
0.0644101243206684
0.179057352842206
0.133587633996855
0.162134865124031
0.14369851276106
0.113629602944019
0.11361199386632
0.118024664079194
0.105074236139347
0.17210453654168
0.16316030100582
0.121484694822093
0.113438364302999
0.0983808945360453
0.200543622870382
0.131383752903635
0.108607197126925
0.160065348405529
0.200960501796164
0.108592729194138
0.211623951853723
0.0892001320642713
0.117241329052547
0.107820043345209
0.143919687799064
0.114423325088938
0.166395255782701
0.12748940251956
0.197042642840542
0.135468787469492
0.105305840319732
0.234880015437233
0.159434340485911
0.0901383551626879
0.13347936528734
0.186230670065128
0.174939944831923
0.135251628380466
0.201446128587278
0.084196904971538
0.156788088487356
0.152175719077275
0.179349374496358
0.148366217894319
0.135287232110065
0.125839090504343
0.157427281729216
0.172673791970741
0.145589419816924
0.12853347246097
0.155776526448542
0.156816370913019
0.108799948422164
0.135008191083789
0.171435608931488
0.159647078904601
0.0843998979703507
0.123444843770404
0.107022562709244
0.115844493402071
0.0780591260464027
0.149130300961695
0.133297012403045
0.170525635558447
0.134850256220481
0.157319550396431
0.171482869402763
0.145693416529866
0.0942332604820642
0.152602511028328
0.107913315189516
0.14819587450203
0.189105236826726
0.178513878113602
0.125111666477886
0.0964834352557577
0.125179165994872
0.117158604276567
0.129164516305752
0.0835661762823812
0.0749102203597094
0.136541296507712
0.142734269154597
0.164690824762865
0.162058480264385
0.211489270542983
0.125208108493879
0.176597944704771
0.0951566601859241
0.131215597715482
0.10844436323677
