0.216586333730546
0.113564150577871
0.172994389895947
0.072785166810698
0.137094559257848
0.127398856659409
0.175533742105361
0.163812288259987
0.197124278476536
0.190032842436011
0.202193126529173
0.133356720936077
0.191920801999857
0.0879376492164584
0.142333926946645
0.083809107384303
0.104360758484804
0.107916588698895
0.16393687871575
0.164986893980709
0.140810701011307
0.134940812426137
0.152047143007781
0.108758722336203
0.0975049808558116
0.15955342982559
0.133173135626917
0.101363013896673
0.11981564255865
0.145438691815916
0.104412461430229
0.131138360503823
0.102762212775554
0.132469440966244
0.107328720439166
0.13164287301027
0.0834715159569249
0.119353156700568
0.0640511444597864
0.16201920272102
0.0832150520771913
0.187341013553375
0.194915046973272
0.113747865256839
0.136064886529211
0.278737562932509
0.259828097387815
0.101595233077422
0.087611868464149
0.170237158018963
0.0827731667150399
0.0777664157688856
0.127797022447241
0.128300872630562
0.171080126648743
0.164851295500447
0.176243005505388
0.268265236981498
0.0995345933825448
0.235313273403061
0.15336615946122
0.0786063324808078
0.106512462563884
0.099678483037753
0.164022840433353
0.0897951064123489
0.107904502212777
0.140629309015487
0.155416100004552
0.105749719041186
0.160713495346103
0.0810744207780489
0.0966299414197331
0.171927876225472
0.116028529195187
0.0739748187137693
0.105034064727016
0.112707326540187
0.141382863402504
0.108964047296545
0.107860160580786
0.130186704995472
0.0752866430272374
0.182938352546526
0.0653512763613681
0.118210272225558
0.121920388008432
0.180221778059317
0.0880190640461696
0.114566724696224
0.086846290980643
0.167024099215617
0.0908613388017234
0.171194471234476
0.0960396994952957
0.125512955441288
0.146758703023489
0.0988479156850145
0.126144530351857
0.143914030822709
0.148499449884511
0.129742012321249
0.0935571469883018
0.137222967937623
0.254089539272484
0.152911459401448
0.122034816764479
0.122861479882143
0.0953788460902143
0.109906826191849
0.200098853768747
0.0920480814785616
0.133122405631196
0.161374835777156
0.0789367651810178
0.147477057083117
0.0830831240330808
0.123143665413988
0.103430850671489
0.128157929615359
0.14083218095811
0.16296331412249
0.137715455207838
0.151300974380281
0.141534823907731
0.102579509613862
0.128716420157834
0.123655143714187
0.0984541402021184
0.106191849500529
0.193403110938939
0.091349931440892
0.104634960521186
0.153950688658595
0.185792723830454
0.213550174912183
0.100255121833341
0.154811459104661
0.160715359772941
0.13822520880373
0.106050171725855
0.101085157608084
0.0964041887740061
0.130428335233042
0.156706776543741
0.0856013151763956
0.100487021249746
0.151230138481833
0.11503432587001
0.238795948719488
0.193275615625393
0.150031195426757
0.105146076131131
0.209455549647692
0.0860486012953885
0.14879201397263
0.0757639140853989
0.121008155815924
0.162256442944337
0.11282555933357
0.123506000918906
0.119846616832156
0.0702339692640034
0.170681300864086
0.145431455299458
0.18085201886999
0.10728732996553
0.114199415982124
0.154494253849178
0.167260430011432
0.11062661327695
0.0913293022760536
0.0644126692619572
0.152629389379703
0.181177144884149
0.0988140276532378
0.189661308700688
0.120824629312494
0.104360655376782
0.079697436962708
0.131741500011207
0.0652048146076358
0.0657765031991303
0.0886657945118948
0.120999474572009
0.11294352975192
0.129378041236121
0.14643479402278
0.173329203941389
0.117553374898206
0.164396438229269
0.265196625252227
0.247161952564317
0.211170044272951
0.120500293575654
0.113377109346295
0.136845505772029
0.0883857673203888
0.133585545924372
0.171134342344988
0.0782201537318866
0.0909756573435694
0.110311229069321
0.0953983341314103
0.0949235347018407
0.12570345219549
0.174675057293627
0.102971686783476
0.0978300164317428
0.144593300409753
0.128249258725238
0.10001075293118
0.124077514989103
0.225514240560684
0.105633278999797
0.186374319001553
0.261149954703805
0.111935492505041
0.115433467803589
0.0739356460384801
0.199359187183303
0.10265416276962
0.141978610742027
0.0648928383083492
0.194553781830779
0.0945318170914859
0.117102593070516
0.0921086758459551
0.128511541072729
0.128098301127492
0.118264180912873
0.084583060175057
0.100113763647766
0.0821624497667632
0.123303782341713
0.0777168401809726
0.241318041622077
0.104497878288078
0.1432509354106
0.147998962870959
0.124729411301013
0.0717519010087348
0.119445062017999
0.10661620759782
0.212815437169458
0.0921888425319879
0.180558556874705
0.177716141937509
0.0982520695834777
0.12447029180207
0.104067328463466
0.127633240843398
0.0713457520207694
0.1053071576295
0.135382648837207
0.137123005784996
0.110437944817655
0.146759301678646
0.114835283715858
0.118777076256599
0.105892043157828
0.171983513779073
0.12347443147103
0.174791089720834
0.110282995653449
0.119570014948254
0.139071511766084
0.129390491559918
0.0716584636622107
0.15059934648171
0.179568923291504
0.196120194099818
0.268523951264041
0.119189473942048
0.135250335684868
0.0915633162241366
0.0857645622037105
0.112640141741871
0.101087893741155
0.120815531076683
0.0933637896195901
0.157944572281762
0.113434887906973
0.111209336626904
0.114510843683674
0.135857837247568
0.0865769055488411
0.124855217908765
0.15234751487299
0.0827393695021227
0.116403254753964
0.0991705273403411
0.171331834079979
0.106713756718548
0.219856952430272
0.138056292778511
0.168021449232817
0.133789503783413
0.06116590765613
0.0983011589679372
0.135303669060747
0.0933071805976027
0.120751434832154
0.0810435571487018
0.112670182806167
0.0668824357157617
0.119747580091062
0.228830625195798
0.264618279874726
0.125715764293544
0.0833689750258511
0.0835381518720349
0.10759689087371
0.102955541688518
0.0730282156492758
0.100510599144309
0.11224318166033
0.179164625082702
0.132901509582144
0.180628764234373
0.122737236481108
0.0999741775273448
0.127842072524427
0.21540038129844
0.114422878571552
0.135173046564752
0.25884095548613
0.070907473823221
0.0871931601775419
0.151165737592379
0.102215447947758
0.130443534843702
0.184956701073283
0.0673112416784932
0.146031657884495
0.0579321838096306
0.151851488194595
0.140336463691357
0.092399950535654
0.191320080182571
0.102269970421129
0.13899728126409
0.0996348516133006
0.0799822202338589
0.237850885649722
0.144440845996685
0.180172070493848
0.103455945420815
0.100724187012594
0.145603546984655
0.116862113174609
0.101412001479047
0.0949018020060847
0.0655283834847138
0.085803026473479
0.180461015432205
0.0679833518566681
0.156477739769714
0.143114248936937
0.104446274751516
0.113448009203941
0.139470602209192
0.118402779098937
0.0919942408141308
0.166337340218378
0.198873734220949
0.17044274578232
0.0785226910862573
0.120528319995667
0.243326576255471
0.127580128374782
0.137471754395147
0.0859109219263089
0.0775017963523177
0.12669176756255
0.111285972264456
0.136277498475426
0.164895665467914
0.194818054183744
0.0880022522871877
0.171614187085438
0.122018155481751
0.145213442471769
0.0993560385462482
0.0729378275896072
0.198463007071555
0.0990557715289157
0.22093925865932
0.13201557432455
0.134387726476498
0.171561684286957
0.118196195403385
0.0624042837667258
0.193097319990891
0.0643771197987229
0.0726654377662289
0.119619578293957
0.108105473914259
0.112488772034512
0.0876861594217875
0.126755565845723
0.117933659769556
0.0640507273113341
0.193652413372816
0.220451196219685
0.0898810866171719
0.122621760712405
0.176180601553201
0.205152276360409
0.156626716923156
0.0859256659671457
0.0707035364213578
0.0794042079103732
0.159762831778457
0.183945217306265
0.297009375272886
0.164562324078089
0.26328725859312
0.112949724903941
0.101737192754446
0.14103942508741
0.104682054897466
0.0672350965267318
0.221157043817248
0.0875520207349037
0.143261680912099
0.0650340814757177
0.108771380703612
0.17316096768598
0.127427447331838
0.121072258479443
0.0900488779900579
0.132053853717754
0.0810925890216382
0.126480158868698
0.091127305139521
0.166751493130399
0.129428892749742
0.267451445108437
0.139122078355374
0.173514825410621
0.0975733973432846
0.107115436855087
0.139621313922939
0.113827275492106
0.093730804208604
0.103164202816135
0.16115589277105
0.117620401355649
0.0581638463691793
0.0911362234620036
0.0837185623661159
0.14396604000835
0.148095043292118
0.158422446828593
0.0961365520691339
0.200861723264679
0.200987756935009
0.144269504163666
0.0630858630595871
0.0889403847263639
0.127765055692322
0.0674263943823148
0.0967197347497305
0.0948259321057268
0.130591222249723
0.174818388172839
0.135608043976895
0.177132740534527
0.115362988721548
0.163674535621236
0.144814669661339
0.099789834346828
0.130380608099315
0.27148529535232
0.0874988915492849
0.157405051572028
0.0841056106655793
0.100007607429037
0.202342385585834
0.10836683936665
0.0582755496350179
0.0768414132129133
0.0672956367403916
0.144793211138791
0.0986778123095214
0.112296891595307
0.232820275722827
0.179447956399718
0.109027172308631
0.117989412052885
0.162417716712146
0.111446814887416
0.10583149510436
0.17424700441843
0.185126543774867
0.219545161499775
0.0910170776225482
0.240293740785342
0.0853664792399031
0.127159097037592
0.168642702246993
0.148442451038917
0.097104949813382
0.0689323378634377
0.0725930909830828
0.112520820755096
0.0940927646828475
0.0814829958511487
0.124388184341994
0.12239249900321
0.0613934783856532
0.193341036893098
0.187646845346525
0.116246816660915
0.160086219740318
0.0676397141812082
0.120975047532706
0.154746402749544
0.0775011623682298
0.221828641327386
0.10410059631576
0.133114701128065
0.0863631956739796
0.0905225259603464
0.0772968622576965
0.108140957055446
0.127607162810924
0.161149312030094
0.106957913555247
0.116423783885353
0.1292154916614
0.201148981195031
0.0836402952866437
0.0982648127176305
0.112673371804823
0.108198477275502
0.172245947805068
0.140802927529266
0.106828458538882
0.0633466763799245
0.102927586886354
0.104364518043422
0.0880136773708798
0.127972485349001
0.142796811421945
0.154270207892175
0.213260705709189
0.0802465162015785
0.0619568113740907
0.236080283904194
0.0639849255224682
0.149896071960033
0.107519125584435
0.211671510509734
0.0876483033900399
0.168727665330428
0.217079362843741
0.089110144542718
0.147852047098283
0.100114676148511
0.0845395861257612
0.0592728605802591
0.0789254361312564
0.164980839559456
0.232401423327855
0.092461194612885
0.131327341347863
0.205733816517591
0.121965503000601
0.146654512676178
0.126900312390502
0.0716756696506556
0.152465505382422
0.0876502020683563
0.176865019445097
0.197934926211535
0.160124944799868
0.0724381784461805
0.0931769283261269
0.137064629393553
0.175490798263159
0.151871727345301
0.238189468461931
0.123953742404356
0.103531608419186
0.08162363157792
0.114973704092915
0.0816089063478404
0.140474767603089
0.290000787487862
0.126329806124045
0.185508323776397
0.14922234285063
0.118879988030181
0.126295062634659
0.114862694887203
0.124200456017236
0.0760693395992185
0.12786018632987
0.0864099492742131
0.111222053574276
0.142260548257216
0.185005285751819
0.150724071040093
0.180792466823009
0.146142740703875
0.177279916740489
0.0844897388810267
0.177156835348367
0.146276567751361
0.189570651706329
0.0862376000263975
0.127014937583506
0.198649176732182
0.159925299508765
0.0794850339823129
0.111440174802358
0.127435285014204
0.197714143332937
0.188554724119283
0.138627713994007
0.283286376012959
0.0600994096514357
0.156774083799481
0.0722220316546557
0.105894186196692
0.0958330323347974
0.112769022661634
0.111189473817557
0.0896802452855479
0.183501092221912
0.107041008526408
0.131844188239279
0.0953454292687446
0.108386469219057
0.096559939125038
0.116000035683378
0.168678918397075
0.137266647600605
0.126973818565726
0.143227575780165
0.104192546226184
0.132481801121008
0.125694816580845
0.157734296409599
0.115440546619502
0.0969393050022019
0.0694104237451323
0.0812459992030916
0.136855634481317
0.0953288594433512
0.0901493874966307
0.225540815166891
0.108732242415593
0.0795303137144844
0.0751190728235396
0.10042635595019
0.140325343321232
0.120650438327003
0.205110512983735
0.0691944015068988
0.182689999419485
0.0976414500595338
0.0998527611481073
0.23040326648622
0.0786826279908124
0.198027324225806
0.162508299578796
0.104900184064485
0.125330086077415
0.0942498568539577
0.102399326713651
0.136781501335721
0.172347757135208
0.109989312656168
0.114328123922737
0.0754135399932826
0.0959042731184884
0.211657059055962
0.122026108620209
0.141751142131843
0.110511736337826
0.112093529831914
0.163348706188029
0.135668621312866
0.100054303969785
0.112344475784886
0.170825342237364
0.201799291730134
0.109589278890233
0.108209820132364
0.127508055866046
0.112251853478525
0.162724417671711
0.116451676456185
0.110633891949564
0.221181004566447
0.139575881273201
0.188011576107673
0.147427921879573
0.0690649423023458
0.0937407696440789
0.094074890875619
0.182087944088764
0.215639992755014
0.176189530064329
0.120704729717161
0.145192125084001
0.138949838690729
0.117147670986616
0.0782317141315147
0.205342733125219
0.131623663929738
0.10218198733549
0.0890332792419134
0.121059757301701
0.102241273284376
0.0860192041528487
0.11994466113294
0.158574755466373
0.153324170360292
0.103296362552941
0.190042749720577
0.0912977734029215
0.104132838655265
0.105706592222441
0.12517349428052
0.182382686244973
0.089410773002927
0.151507606027055
0.117758514214536
0.123666567250418
0.115725449967451
0.148653604978633
0.150760770914195
0.121788436015746
0.182855509292219
0.0689024212481448
0.082407703936408
0.0950135538268179
0.127413232911876
0.0956026126159337
0.223102954189622
0.13130073172678
0.138322622057437
0.101502123309635
0.120098039548875
0.210819195836059
0.155161771541582
0.105562077058995
0.152006487880525
0.304378868312076
0.0983152069913914
0.176131656366218
0.0567893304280383
0.0693732830501107
0.196682650942576
0.106817372128334
0.117830955524006
0.12352478478226
0.0634326269307671
0.151485963913639
0.0986846080815785
0.106510005614678
0.0817969340856129
0.16468911909486
0.147511729852408
0.12671424764211
0.0679820973630344
0.0706140993701566
0.111434977782384
0.110007885140897
0.0887085854044005
0.0908851529730232
0.110369465429166
0.35078240644653
0.104886346684272
0.126331026504886
0.130223339568029
0.136325147467448
0.124335653351142
0.111385497940605
0.104744417558723
0.133496385466105
0.173509439255475
0.162792366016846
0.0943533022881211
0.108359904507824
0.131614093941611
0.119323095328063
0.212499559946472
0.11713192286682
0.134608817825415
0.187709761494677
0.102122036269209
0.107014027245514
0.140997800691724
0.125063621194683
0.0956193374900913
0.181086322840903
0.139911585853233
0.101873694856395
0.131197591547346
0.0899112601776084
0.154758478077825
0.165831548400042
0.135572246573512
0.0955891384176397
0.103871095428557
0.141249793724426
0.116219715840911
0.118015347698729
0.0868873464936506
0.0766823772783764
0.116348046362139
0.0623156688815041
0.119030797819358
0.0850133028597642
0.123300780991241
0.14536799800906
0.0885267406133692
0.137389357281402
0.090557575506249
0.0861724918632039
0.231648425505351
0.11833576730916
0.0997753829271096
0.176327100294696
0.0921447116881916
0.093892554053791
0.151307478851459
0.127816812963089
0.120085827538851
0.103155485917563
0.0771251716223133
0.103303035992087
0.195110492027935
0.280802050565644
0.127793771290023
0.134448038246384
0.0921068400186724
0.120560624504892
0.147645992076699
0.136216249286093
0.208625418124589
0.196126224562418
0.144420510388937
0.101652748318647
0.0776198405185922
0.139996725376677
0.0903730857974326
0.087493377411442
0.170008360919143
0.2593125768762
0.0609678788508883
0.0739388468294461
0.146354998127822
0.10016095495833
0.105470400100338
0.0730834541834623
0.141607392297227
0.148641892692664
0.079658939700371
0.180021565318881
0.14512366478259
0.126740465421162
0.1959213771383
0.153908054529207
0.114890736562626
0.185214968390704
0.131794854379144
0.160023021375943
0.108076025505972
0.100980338836973
0.10991508847535
0.1199493981136
0.0704486508818038
0.103218616713407
0.100495422047598
0.109350286379653
0.0738004939563309
0.0822116166390624
0.154335399076983
0.121549230042167
0.089611265726482
0.0846249717900279
0.138641639720602
0.110328194243926
0.154212129188417
0.102492580454444
0.0730004453811028
0.0859435383023164
0.260648776514391
0.122238200995457
0.0832920530652637
0.125530523707179
0.0774587141530052
0.135754923861344
0.155920819460581
0.214840538088412
0.121915459147909
0.161992326406532
0.187737021690856
0.142974978248393
0.0798556226285733
0.127345320965575
0.158352799159995
0.124147875179684
0.2140470000458
0.124946494187024
0.1772190963601
0.171137621493024
0.0735036069185944
0.112162451299626
0.0845639230230195
0.1895583139464
0.107854390107724
0.113506862760808
0.0802151212216646
0.187646897157743
0.122798077590857
0.117139608239666
0.325808057086492
0.14913500842296
0.137331421099949
0.161540732151663
0.0747555083316782
0.165988335532052
0.117959878242633
0.192765325311883
0.0775678497092654
0.0638021407604275
0.193030134645446
0.133996010035253
0.0999383275769281
0.144995709830463
0.105821472239543
0.0780909573083242
0.135065839262673
0.074589814087859
0.144967968259274
0.0733773690614943
0.120148632638565
0.142069914092978
0.0670760235934915
0.201426018357363
0.0786937433693863
0.156236834745868
0.108525581267751
0.130339967003346
0.0930053272414946
0.177347439213477
0.0886005175043402
0.0649054382298052
0.179324928752201
0.115678122849143
0.159196162634324
0.0798647823221485
0.161803027256545
0.0812791038893702
0.143210928486582
0.219217943866793
0.153702783192414
0.107439004669578
0.10664179696287
0.0785104668375555
0.0889127619986586
0.0922218557977173
0.113441579532671
0.11708969041357
0.14256487955636
0.0841295223395211
0.0672473653060738
0.08101378723897
0.113083972340126
0.105432861793768
0.0890742362910517
0.111356253108472
0.121381943214154
0.184101867254986
0.103936286755121
0.0815689551311681
0.126589904471558
0.139755839254803
0.17490125780994
0.0910566271244374
0.117061944764886
0.0879709862527687
0.100628959639922
0.104190563314908
0.065796747587617
0.108261125339731
0.0889337913281986
0.154681406269179
0.074848500829914
0.164074308290665
0.12731383301486
0.130358907235806
0.0990300521367828
