0.229870920097685
0.189431381234802
0.152414180580022
0.343623688975318
0.176717062247582
0.294137538641679
0.227710056640849
0.165336362574493
0.15284433431227
0.260208034418636
0.219306851638566
0.0978582807347279
0.0693386634455837
0.0800735439530906
0.128860486848735
0.115886470454616
0.258497060558946
0.314915985368314
0.106748441433914
0.132653048603923
0.116019882816638
0.0721826283980614
0.197401118995806
0.124836571517767
0.148072558329249
0.115124508537712
0.275373740944214
0.155795282936969
0.149987528000722
0.175666014168066
0.124763119868649
0.196218186974503
0.129624049382885
0.25507431349164
0.158929394631504
0.134397925042062
0.0980902402936786
0.101955511858317
0.194668232475491
0.228559452996648
0.0934124447981555
0.173177649477128
0.103555813303427
0.162229983532323
0.104432157211301
0.115387008390795
0.0897843640849441
0.164494417070066
0.26066848631477
0.188692911592079
0.283280116058304
0.0935018439851165
0.144420342449195
0.21068758672705
0.210782758058997
0.265683864510906
0.135138677109883
0.225697284568734
0.0827382074765204
0.221678156123871
0.21316650005931
0.107794139991888
0.377520860042019
0.172905708736758
0.106627458462276
0.180111666743788
0.119738647014364
0.185807601517923
0.162494777214375
0.323772132006577
0.0662077105371432
0.205633081902699
0.154110828579304
0.25476228543672
0.114145519021369
0.277176780392903
0.235364827473689
0.204610088944881
0.203745897526982
0.210017340213973
0.0768032033525517
0.158097960547047
0.159854124905542
0.15124416798802
0.151170622264958
0.146424283382315
0.10702897078635
0.111341652962304
0.116721904103146
0.170702621800831
0.137365713944709
0.123492778754507
0.0988044939116352
0.224208372142108
0.107125434385754
0.0867652677026541
0.133735978391741
0.157136216981879
0.155375895324216
0.131573080056809
0.219187125854439
0.159771671134941
0.169359692566665
0.226978691335223
0.136914847340707
0.286900181262926
0.182555560360187
0.186427384533051
0.199324717623822
0.161099390528366
0.164870680316665
0.102144075672014
0.171424395555552
0.249620567806899
0.182047653969917
0.165185357093895
0.220197094155943
0.173230462738403
0.138000272367509
0.132312587741991
0.295513764891151
0.196106419223856
0.194182274351702
0.191964851407982
0.146298648946679
0.112125274540759
0.219151412556721
0.254340912150549
0.259758477161344
0.171621758431551
0.180687192185754
0.0724395835411357
0.275062029530901
0.084149770905342
0.144957313879555
0.224767348954797
0.140044839593813
0.110238468738601
0.172603311313185
0.132125226361626
0.257133838932797
0.0884479960407262
0.118465005478317
0.308668306727589
0.240913538339541
0.149052485178369
0.278235236729551
0.152811966769811
0.0920741151367308
0.188854952401897
0.151743142211067
0.257430344302956
0.217147756492626
0.199437121168731
0.14608270028178
0.302273781629949
0.27257778639772
0.299467079469747
0.188177404062009
0.167692686692625
0.242938359584883
0.212183767299908
0.161666868730986
0.203942826430689
0.323399049635387
0.130937432015221
0.176032916235842
0.104429961828854
0.199454985185427
0.155576016400466
0.0917143744417667
0.0886628073876563
0.366446922018941
0.18990617298447
0.210813493497546
0.155764522553105
0.210981789368908
0.0917174874522818
0.117912526568977
0.272509710891091
0.0687228578331317
0.181664636277781
0.200738073706177
0.199804866285002
0.258211037902386
0.228601248112182
0.0947448683152089
0.132000867820087
0.103706176929011
0.139902810342237
0.0969284938721706
0.211909829562085
0.126100948378104
0.200298446121394
0.157128023625276
0.110086416295478
0.179793062791023
0.195325785823816
0.0823812904777887
0.16994257839284
0.15104473722307
0.405795645590617
0.141162453811916
0.243888737057494
0.181877164953321
0.20848949136124
0.199502042084628
0.123497939931997
0.0967481288622687
0.139927891941908
0.18275964584603
0.169974739885473
0.102800863983351
0.108190640764489
0.164384575377117
0.169072651591439
0.155478836846316
0.123544783355777
0.12583751047896
0.316593064711597
0.111361033652857
0.267148695744285
0.244629204459306
0.17101619035274
0.172546075229776
0.183765581511841
0.188872080667935
0.148072480105841
0.123443321938692
0.108936737102656
0.101656515589603
0.118449886151869
0.180245647307759
0.277151725548543
0.254856863718506
0.0784777175582057
0.188439127559423
0.234961684629415
0.141662271334032
0.154764168264642
0.165693003550698
0.107165605497547
0.128736585079057
0.137830591822232
0.0879695181904505
0.266748989888848
0.202012107521538
0.245223374292023
0.153581081961624
0.192742015869579
0.273377623227893
0.262435932025095
0.325734506190558
0.197197197812387
0.135630530851822
0.0898415905921751
0.0801998102991454
0.286497400034003
0.253673852808728
0.144446769994076
0.27680076701472
0.119349604875196
0.0639139761199309
0.22754623119483
0.165432322352354
0.210337339021428
0.178897373590886
0.0936582632070711
0.122975432630019
0.212084390804749
0.150975324782038
0.195496765216135
0.0717474959287834
0.117244599400989
0.174190735380847
0.132784218243534
0.135192364364449
0.178576065687302
0.0824957808005472
0.15630660896524
0.271427837824147
0.162922778338911
0.198515372364478
0.115432926225477
0.206436216531705
0.181518972098552
0.193150553942597
0.243177369354099
0.15708846695136
0.130938871242871
0.293842300358897
0.0936727739381448
0.241377142584569
0.120574959822023
0.116432297240299
0.190167360220316
0.146326186868625
0.354637163171921
0.0728686430006029
0.184300189998805
0.239060166138032
0.185671179737153
0.336086424176391
0.164766197556979
0.112120904751434
0.289466422082696
0.15962324478921
0.183109039567041
0.142322028975449
0.077364853840032
0.218145302726413
0.119180606490416
0.190912980699863
0.120307281966406
0.227895764319178
0.166191203425287
0.216120959057765
0.123755340140468
0.12894378608782
0.266661777401252
0.178259785664709
0.27849750269381
0.102340806868277
0.172754288948053
0.200339854189017
0.183307423451623
0.155258890176161
0.187349525726437
0.16331157365161
0.103127377646627
0.149611818150675
0.318170975399093
0.0847404463108395
0.247625240205489
0.202738202374657
0.177085780752213
0.0813472165809133
0.155830985560267
0.0950532899699481
0.0872261607513612
0.16436818789694
0.288240789272515
0.0979423301947467
0.134379170849629
0.274788626987555
0.102258790046597
0.208548961000565
0.110967356109206
0.271670835665462
0.171396134736126
0.0695862627996231
0.078876182918548
0.112206817977088
0.260741795766461
0.124737024334777
0.135470992019679
0.159329551617354
0.14562905914273
0.131814467540025
0.173505553103095
0.122033487532159
0.138416139455831
0.151487061670838
0.200024323713461
0.25097159042044
0.095854210480872
0.111734083608235
0.172019323061747
0.132537383781719
0.105786755126693
0.309544581369243
0.1449841269535
0.292494798755219
0.210821137611655
0.160072341861416
0.132369231285804
0.0654442415015573
0.150001728743384
0.11805455022124
0.148119789504994
0.179362918435982
0.127919422323318
0.164155379382429
0.129166327002903
0.301254470567083
0.271839513195685
0.122578711482879
0.12978947948705
0.22546993853144
0.183081984013858
0.255100073145051
0.214887891770113
0.0914874110438414
0.131279898252299
0.179890184224462
0.0921120950665751
0.124047386931754
0.153511032593492
0.0814075128642059
0.0652228615077668
0.112988373524465
0.106297811335601
0.17046027285862
0.282590893553679
0.249825460439482
0.109333389477407
0.145104764488301
0.180030657458428
0.166498101417675
0.158555438609669
0.282122806286746
0.201212389483926
0.198865834912801
0.118410054166559
0.0977296266127934
0.128877258903236
0.117057507641624
0.202546466852169
0.291717088192624
0.207752466381033
0.0837532054613344
0.154531737971918
0.331486240009622
0.269309121152802
0.206508660212835
0.0751728987873785
0.138337840418758
0.239596355139984
0.196873766953032
0.241129538769349
0.127148728027582
0.216561507644171
0.0943979614971648
0.144927383812397
0.208142940561234
0.111172912226811
0.210772944621477
0.100715409493297
0.113562985814289
0.157445589183891
0.20832041387076
0.227827558767811
0.128862188957597
0.118781794179548
0.394493307724264
0.145223032304581
0.133007438539691
0.120962593144855
0.105535238320587
0.0983903448058053
0.129810163478264
0.142270906563704
0.218229910991684
0.187460555596522
0.108831616812633
0.121920492967526
0.28622221849908
0.123808447422769
0.118083222447436
0.163108675968578
0.138489238000877
0.1957673863254
0.107763438955695
0.277589121661526
0.106152329358202
0.096009450226466
0.213636432479075
0.230210430558117
0.162246987537931
0.205192455215238
0.134061230302534
0.240028445559577
0.166566686405079
0.096336264433758
0.155764858677611
0.172429363177629
0.254412851067108
0.113422172853427
0.378229602549713
0.102883414373667
0.232882544840576
0.179107677184269
0.219653337426064
0.120623361769309
0.199702194441719
0.113350173637049
0.175824919923749
0.143528284318865
0.0808775952282098
0.199522934397255
0.227270122794381
0.129975800104802
0.265190720114822
0.137375427202327
0.112985605336469
0.105430742118965
0.131526256103538
0.0922868251145387
0.313555381134821
0.163066444411573
0.0853862338666193
0.105661734841047
0.142622306011802
0.159446089402407
0.122429751587678
0.226774211444325
0.132598493538464
0.126213644306315
0.171655872815577
0.292765603500481
0.207571197919581
0.341398882413867
0.250357822061729
0.144453625198628
0.316128942426376
0.211908222144787
0.127289284905791
0.209454479220834
0.186118283561794
0.252170517974015
0.161823024296468
0.103408115840171
0.0736120672312558
0.148073948789953
0.0891503586568411
0.105187333543141
0.180337049489664
0.0903403552523649
0.10220713751691
0.137314637100836
0.132054852710425
0.1821852636164
0.3162595380069
0.164081487604856
0.221669701128235
0.187132210214866
0.1723797777017
0.113784742465096
0.123657633849784
0.128359019814141
0.157861116677196
0.157175683436878
0.068059068805126
0.16834103678196
0.281406721605581
0.307396936414833
0.211547124203479
0.144845280589981
0.121863715856439
0.221320395178621
0.0842872473542654
0.202290071264749
0.0720078290913566
0.133447670967848
0.210550314374866
0.115927312735954
0.248866414448803
0.215856313383149
0.172952489973759
0.205006194670539
0.0929272169746835
0.322382450044708
0.215101100184762
0.203883449600351
0.105084383006249
0.0876908496649241
0.0995606821319227
0.250521660984838
0.192540008994958
0.106352272426482
0.279254655567121
0.246533413949551
0.101194787401677
0.0703241786883325
0.181365465574454
0.207421556976558
0.139110483033351
0.11022189627402
0.183285844277222
0.0971303098195405
0.0965227345287364
0.0740581837049249
0.222162000998972
0.113423895754612
0.162943405988017
0.210301558656084
0.276085550562547
0.08654857742849
0.135887485092522
0.264722543755359
0.111668216667327
0.14569417538292
0.224893995063464
0.176079108412604
0.281010884278428
0.142600423342044
0.15186530139085
0.11836234645605
0.0735783711457218
0.129386217757822
0.156341049293044
0.223313830397883
0.0943283006804674
0.205466751671944
0.115609422625683
0.262535549574663
0.143086421029327
0.15788692332621
0.219702139027003
0.15524222184855
0.0792789268035121
0.165878881703705
0.0665485534839721
0.293587374950964
0.108611647979646
0.167666305009557
0.159186820331698
0.205359187979917
0.158348082929139
0.101320618372709
0.155603321637056
0.195602191345558
0.075183034803515
0.177832285722123
0.187908935160675
0.1098706126005
0.0824821279333581
0.179775976477465
0.186875289911224
0.0676144799318722
0.137818132792631
0.161901085305088
0.174003917085188
0.283261974030132
0.119933447509883
0.230422094564428
0.172145362708686
0.163214315460344
0.30189787587704
0.167868397144397
0.190423668136172
0.256249595802389
0.0841430440339808
0.119943996503784
0.166484951075147
0.090131842879648
0.191351230383615
0.103708950533061
0.35748342600004
0.115079265778474
0.268529692357517
0.202477958074506
0.188566665489207
0.324223810208344
0.0770175048382308
0.308538784473827
0.091480869026421
0.119146543910198
0.22383375809363
0.200789190542117
0.224230803499875
0.241558857060813
0.214637307981408
0.153020221030948
0.134218319134004
0.0937202915755603
0.261993920852851
0.171115183295415
0.173897504540679
0.0973510644516446
0.145674037793328
0.191862222075598
0.210321710111675
0.16081440097975
0.236351420113155
0.181875592686978
0.306707305153824
0.173903922503645
0.108152647802417
0.294212002273732
0.128318194395434
0.135731614154944
0.118860971116207
0.0943977848612039
0.138846273963924
0.111883523010413
0.137160994561111
0.154690719330481
0.274554402729778
0.186314831709552
0.120929241995313
0.119786498928083
0.161054196789629
0.174574188847641
0.273265644590966
0.102400822806776
0.285900362319138
0.31321014908111
0.255656724937338
0.15166138350562
0.144199490422823
0.224055053702743
0.317329404008729
0.146627693397725
0.0846446219097887
0.0971970845141046
0.212392409837662
0.0803748866471698
0.183874415640615
0.245058869329767
0.0787299502578204
0.206601457069868
0.15966503119758
0.148737557082513
0.0771815145644017
0.146923748826138
0.23296728533634
0.20873341224005
0.129806637138348
0.143762031945192
0.156363405378954
0.342416647559872
0.229754763299156
0.220154735048109
0.262785877525793
0.101706596692285
0.176881108456246
0.182612515767434
0.201644601205976
0.0796106219744485
0.245803889533833
0.102668802293556
0.155909669894657
0.164197091529154
0.176461752093295
0.16380141902529
0.0977639225422672
0.179804922106063
0.12322154798405
0.213779958569992
0.0979221085834586
0.232684547706531
0.0848254349854138
0.142101497973558
0.0776696309960457
0.219988501669202
0.132855324902435
0.260098131766632
0.179191434742251
0.110092691095841
0.12367532879603
0.0778140687398326
0.133316722414779
0.143553358991396
0.107044920396737
0.151285029385728
0.146634920594715
0.159765247019626
0.149966477624731
0.0963937588601731
0.144950265039091
0.121296717843776
0.140215530048371
0.156282483325024
0.295623030350707
0.190132560064503
0.178974602938579
0.0925251640366673
0.145575021230607
0.0935033198818826
0.137293498238094
0.130334214539748
0.176348675405404
0.0896398239324511
0.0971061997048377
0.108054736477865
0.233585057803791
0.16024023134961
0.224385878038892
0.100078656758867
0.144652289729941
0.162858296753917
0.227134277350175
0.136917741236451
0.155093821800304
0.187770175597023
0.156627846539035
0.108873219383335
0.0773532110659868
0.245125338290907
0.104667001530586
0.181802077412101
0.173914720406498
0.136510051048165
0.0747876189025868
0.178682462397712
0.0910925325029303
0.121879863362536
0.246299831132244
0.179221658987063
0.129668876744239
0.368029139853039
0.302108591302582
0.165555319133968
0.0759313378022557
0.171732254344955
0.156593721738311
0.204410529391164
0.194392936368567
0.202820935317751
0.149662808494966
0.28881868885822
0.128205293724657
0.142242884722494
0.109200686317213
0.0880551989691466
0.0826440938824173
0.184532574682817
0.0985597756719157
0.187083319321006
0.124439699651117
0.148956554788831
0.186036815189788
0.338200814766342
0.116923419101026
0.334963119499316
0.160108866589667
0.255087936277109
0.139992809214455
0.237504711099084
0.290622170972365
0.120183504477593
0.10229906642272
0.231357155275225
0.112845439179093
0.115500848361822
0.148536919920917
0.131702464928294
0.110676525556695
0.304564876069443
0.0871426305468488
0.168502517786154
0.281313940289898
0.135831518169054
0.170222251262697
0.118795607884544
0.224464221570605
0.133705642306576
0.292088567783149
0.22545089909493
0.149431378844451
0.155451225975316
0.141222995355829
0.0825857844306103
0.247819202711257
0.14868566101632
0.20046034371543
0.220312740482464
0.165125530300695
0.126453091235764
0.150103857989424
0.162205738329861
0.233915243903343
0.221891158566319
0.135133202785931
0.179682242485948
0.136009946454018
0.187713105453384
0.223155670456509
0.137794291454865
0.171676578540699
0.0761433360746728
0.107331968726536
0.114949927695172
0.187491738118708
0.190582249344636
0.360005961187272
0.138744337081766
0.155436694183882
0.219788693502934
0.249876959104956
0.218551596891037
0.208035402593106
0.13859603813265
0.176105856927618
0.133557715657696
0.202265806458892
0.248293998225052
0.204799191385065
0.187698364464649
0.10365178985584
0.132568539914794
0.147261194973826
0.14989288065589
0.207210461130525
0.275416676704153
0.200922925972187
0.199223999236905
0.283391367579786
0.30972738644929
0.142821174238589
0.101439924691994
0.1525834177338
0.0989745606286539
0.166610264569727
0.0975717699955962
0.140193686580853
0.210341405527576
0.190024422261899
0.311893890716685
0.189140161044073
0.131893898472431
0.271153782592974
0.237655108204488
0.180164983281003
0.13683812147033
0.235592218426957
0.202420952183269
0.293395884127262
0.183652121618519
0.198228035013354
0.163492721181074
0.108743227406437
0.14626667704507
0.0689237868280617
0.203955200177612
0.201942855128757
0.148223471466972
0.237144672129064
0.162541042028245
0.251181017156754
0.337688251925355
0.169917464373977
0.182822981640181
0.189686331519433
0.253342553320183
0.103372003428384
0.0941870860711135
0.230356190100127
0.353288966681624
0.110028594454429
0.124549008389217
0.180846555803772
0.162502069997834
0.0989809789762917
0.0639602820096978
0.232722695853629
0.149414030935467
0.192840093512973
0.272990281595621
0.117269373489856
0.150114993242847
0.144330911402889
0.176046640068209
0.200289124045932
0.0972771511639019
0.223963978863263
0.0868141342560249
0.179058127795559
0.0901037926608224
0.159691209348676
0.115369166593085
0.163048608892057
0.213456002768525
0.273009691050464
0.0869354227685585
0.0780822480101489
0.179311875156677
0.105667881981364
0.0708783638199075
0.191371668886513
0.101317908957225
0.162723168873168
0.22483880039949
0.107496119416473
0.14165612423984
0.123858910026451
0.114783300017025
0.153306296039582
0.19113677434817
0.146487504400264
0.108899048174737
0.209410893416746
0.269570083699985
0.244600128206137
0.0717202241552284
0.106719479913736
0.259630814645395
0.166376016661834
0.289856572058798
0.306189574402103
0.112298348266046
0.161510604021172
0.133314945826658
0.134534376797436
0.144541341450909
0.0858040522630319
0.107681294334898
0.174044243187437
0.116259840832239
