0.126524863839672
0.140752538105701
0.147367606544465
0.0921398647948986
0.130402449403555
0.153315542864184
0.117305114726393
0.105770360560506
0.105553902820587
0.130703532125134
0.119244951476613
0.203036963774582
0.13536266606463
0.111629856737899
0.0682297339927969
0.0898878465550473
0.171137801402964
0.139972013813607
0.120374230143845
0.202573236715164
0.117391355203085
0.175288903050785
0.149097449511922
0.0991562865469368
0.149097467855122
0.114184339192808
0.179432068974588
0.157147576468711
0.0852955809365382
0.132690236007994
0.11009887103609
0.112422569155666
0.130409075826639
0.191497146308156
0.184185512428004
0.0805834027211076
0.124674416723055
0.125071752967791
0.169251434370455
0.142907932356674
0.14379846723637
0.147566830856051
0.148200078080155
0.113414475520794
0.200449139116948
0.0826455377402892
0.157891027142077
0.135242263661234
0.160954730907478
0.120882003176154
0.134504776409417
0.121905845119162
0.10375798255791
0.0994079582807154
0.185460070847922
0.109474200764213
0.144315106919988
0.0985053487038639
0.166177469745567
0.109992775840387
0.118034543853537
0.0852989079904007
0.129506418873843
0.164009127737119
0.148866344465725
0.200616926814434
0.119277684129669
0.0956292995346983
0.125665824202509
0.128084830024372
0.104542486381856
0.173409404450939
0.140301805961752
0.207626491390125
0.118712167046581
0.125918103841184
0.172634875243668
0.159944981343928
0.0822002381680162
0.0975500489578696
0.169607791867306
0.222561967744397
0.191537930586913
0.157607328720446
0.120942818467265
0.141206606945061
0.203296234030242
0.0955443972642805
0.123396317207182
0.134167176345813
0.157853083682042
0.138016530852018
0.148918675725091
0.0915914767215534
0.080328536068719
0.124186165096397
0.153719290595433
0.124716139261177
0.147830094885316
0.162515476320405
0.144108137470383
0.125781592873536
0.123375737559749
0.137335256088782
0.147323346640894
0.14559121926267
0.167937231918447
0.139618920764774
0.169670834283307
0.105081027956144
0.18956971181187
0.170703613449645
0.152102771257317
0.122387830816534
0.166570581756116
0.142627063578874
0.0889254399106878
0.122680551124642
0.0886508033861983
0.10625075310325
0.152693455993506
0.173705191083945
0.175174784016995
0.130640877672851
0.0951918065341357
0.167137987787974
0.11738927204616
0.185794071786436
0.133177208023766
0.130026499637463
0.151414104266479
0.1206687156561
0.152986069701233
0.144863642582281
0.120752721484314
0.115575031227683
0.0832042517602777
0.154116001478442
0.152000643923401
0.159930633392823
0.157178195326415
0.175633684384786
0.105463362084981
0.141185224935622
0.130567036956356
0.156596565519103
0.118010605409969
0.102959581581218
0.139916030971671
0.137154473663202
0.157160340902248
0.105455254000541
0.0966753104315208
0.138051718266315
0.0799369785166016
0.0873929807035014
0.0890574785296415
0.142980835995219
0.141575661523406
0.102067994432759
0.180009142410645
0.181900570718898
0.200810140835387
0.159119286323229
0.108248475927318
0.137172271121115
0.137759205058289
0.110064337587942
0.0963096259594371
0.102787957017374
0.142310970206177
0.135568114804695
0.151686830847988
0.145512758535138
0.12677222110813
0.172180447434347
0.107650827312954
0.159453655121561
0.128841580988445
0.105551257788637
0.116383511391643
0.148321977162166
0.13285446230613
0.148322075809097
0.0968725663248659
0.118901119251878
0.156206617539195
0.125879713636684
0.171871079668624
0.196210148835975
0.14900534816277
0.152775689899932
0.164157577296151
0.12460135889758
0.146586226685845
0.0960762160462577
0.222285805744861
0.175573445182234
0.157474423939775
0.114104672806158
0.14056697281003
0.175052508663648
0.125152380611124
0.0708450020856413
0.127135976371976
0.173804689168078
0.101329296076049
0.150584803809687
0.121094755683168
0.167946829298896
0.149313634394469
0.153432658719895
0.101174515100362
0.101066255784532
0.085599471215262
0.160967145384717
0.135500052358573
0.0831357192422432
0.112258434305893
0.147397517825329
0.207185229243784
0.140745802705018
0.112288805637367
0.129017915977937
0.156963901815502
0.191948087751787
0.1163242250863
0.188637221354214
0.146821029975155
0.146845459888892
0.198700388516379
0.152739175433655
0.0974022036495398
0.186794014960863
0.137636257089285
0.146244841197079
0.102446747040247
0.198152866450672
0.0879667367403722
0.131755126886104
0.161229873913016
0.150237499392163
0.181848707614045
0.121686358135844
0.0983960218784438
0.19454018561389
0.175897920600093
0.170479032583451
0.155151725357885
0.126586257804429
0.119172452801422
0.159687749694651
0.120056217162242
0.138866152546296
0.169087406839606
0.112954956791308
0.164003376585629
0.142350671851137
0.0940575442905001
0.128595364383021
0.184266875859113
0.150123589011264
0.0965309798826315
0.206590672479171
0.142334561918557
0.195083568012738
0.140808949119872
0.132875174720944
0.125236894110904
0.152635277509566
0.16503013638343
0.226544223677445
0.108003834422975
0.13265718633674
0.130561383429968
0.0649750886993116
0.123074221188885
0.0990217860402333
0.129944415542717
0.13437148214535
0.158145421230802
0.115968720439801
0.199109972458112
0.115825488427468
0.0752677512705011
0.147135113273205
0.229372918906279
0.120267538151964
0.122014779051944
0.107800218056467
0.195241125689606
0.142483585043237
0.122815327849845
0.164810664500674
0.0942707632919498
0.168388485242938
0.168378807972326
0.129176675312595
0.16762666475975
0.107989570824638
0.135135241641713
0.101265152687952
0.175233839969664
0.162977704287805
0.142242313364049
0.102133914578229
0.0708504844574819
0.171718221066695
0.204605856038873
0.164578262003412
0.148371807669242
0.194206645730273
0.110447992986675
0.111945701323184
0.103648457402088
0.0879932771208279
0.0800565271246651
0.0982274040161784
0.11124107425318
0.0993226922331483
0.115740325625131
0.160186702832742
0.139894051329913
0.144378783664244
0.0709895248718161
0.123932018737059
0.0952376553820181
0.14769281673519
0.126639833431196
0.150784592355023
0.104314121380059
0.0951266483986642
0.128799031930213
0.153292199656574
0.111001646090844
0.147114440930751
0.146111901429562
0.143980091297183
0.136070673642757
0.233128351378077
0.15628968060067
0.0834982767558421
0.180701716616115
0.171477297755271
0.155640242434453
0.170884159868511
0.179468535853287
0.111745582138572
0.136329330379104
0.158706343488103
0.130902393853777
0.121233279721469
0.0966445884437688
0.145183497075608
0.122876379349721
0.127409287105803
0.237573754406742
0.128085708613646
0.181501376263463
0.0762705597485139
0.143693457896418
0.0966403174112732
0.143183802950263
0.131813120246279
0.235806653706901
0.139897546170265
0.108408763147826
0.0780656169244694
0.176489723369105
0.148096430440273
0.100782922294168
0.14804783009291
0.190078386989635
0.210199063314596
0.0965346755372351
0.148992045078241
0.126329588111981
0.223742118508076
0.0948014685943578
0.21765977278729
0.130496708330026
0.171976131406623
0.12246187212762
0.147017871095519
0.217175984315715
0.135664755890136
0.202240483981295
0.131419895520248
0.191737782931819
0.136730349410568
0.105322586059184
0.0795918571035095
0.15660990129209
0.0896664470587787
0.164948769856358
0.104290724978035
0.172576432844239
0.0680755389909508
0.148603694529694
0.139826411182507
0.216976369153074
0.137085843322122
0.144983576809032
0.101972026230507
0.163863368629492
0.168239299483263
0.17392455772062
0.209333131084441
0.120986122649294
0.174601857652375
0.126389434332295
0.126551682797106
0.179031398697147
0.116456937183765
0.119403941922625
0.114503329709909
0.168713134156265
0.15773172979599
0.142177371056604
0.17892152951171
0.103910147784914
0.174124680605767
0.130041550274951
0.0959755389077929
0.0673252311660887
0.147976379278454
0.146639400259752
0.148276022297596
0.118135137919901
0.148832004696021
0.105991241688762
0.118435402336137
0.107248860266077
0.156053453291326
0.179526097813517
0.105323172424202
0.135112109057082
0.131040958230321
0.127401696480644
0.168709745714136
0.13762704643125
0.132552842326163
0.15821811543096
0.12360070251012
0.131790923360823
0.110565287061836
0.125192023829829
0.0965899639901244
0.161738586911598
0.096456964740114
0.122346791074431
0.129764693658385
0.163404556719857
0.151814299635385
0.130046125170108
0.160233294703764
0.157508797696931
0.100859045849756
0.189886653191554
0.130903352647431
0.100044717470661
0.120103321855277
0.136880837596624
0.142920591678995
0.136351437846327
0.214211159790029
0.122861117479827
0.137320730855105
0.139045854289697
0.146200456983944
0.130047604568886
0.0963925928581687
0.154851159662535
0.126574924658571
0.212161625141211
0.100007594198601
0.166616643208348
0.141780582138025
0.13196197154787
0.155859834488139
0.186475742111223
0.184866978823613
0.10296094832213
0.10712539929253
0.161308213565267
0.168689006677144
0.115468393966733
0.199825331424264
0.139284917672922
0.173854114895343
0.176909634427271
0.151690703176756
0.148271151618664
0.129339171019392
0.122965327771882
0.210516615232777
0.112383635625113
0.138589499339794
0.122326417184709
0.101469026388182
0.123477957691883
0.144098628395001
0.0972850398189426
0.14863468801553
0.0854228781021306
0.141843860837844
0.157272197842395
0.160970770314573
0.150337421311887
0.22714432468182
0.190875308556139
0.131797374151472
0.132372960055019
0.113326262022389
0.140625339819185
0.0837665763636015
0.14381368914307
0.109366518065929
0.182364411881738
0.126511258108279
0.089921747392511
0.148096658116587
0.169385139412224
0.0969055862784971
0.073696230259166
0.054415441597313
0.130205523993546
0.149965367210878
0.0992820618346681
0.0886522708531965
0.115261076605861
0.127471242664192
0.190931889056556
0.0939229941820148
0.112000533051525
0.103200293513999
0.121394369124031
0.135767885011259
0.121308910564398
0.160347149405763
0.106710997355368
0.154864806297672
0.12689008183089
0.21340515322059
0.136808074486689
0.123546853152186
0.190793431528589
0.142880631827309
0.151110377148631
0.104496442341115
0.151514548098611
0.0707205544958311
0.149538583281982
0.107001097311987
0.117236080235154
0.078840368981734
0.107108567244643
0.161468838266145
0.179815913164375
0.188619290383062
0.188375019692918
0.135415611563112
0.12496308095953
0.134636291950021
0.120025456817563
0.129368728989465
0.123986529926645
0.100974187949104
0.120445791483245
0.148050924343471
0.133017876761676
0.149560010891323
0.112902323290631
0.154677687360838
0.175290904096394
0.181515648264796
0.164810179070369
0.188558914032068
0.231121957708512
0.126713965826631
0.145173272436165
0.0722153660236821
0.213445161899492
0.106619994440652
0.200302683625706
0.212012660381899
0.156974933042133
0.139759360771269
0.117380797391181
0.106246825289952
0.0901907450340033
0.23463822163407
0.168368495601363
0.119608983063971
0.14001794626625
0.155055262007044
0.110613561481558
0.0724989187162586
0.116046760258731
0.10823204229694
0.174597921505425
0.164567399862697
0.123251341219414
0.0912899934840158
0.105520651447371
0.227063292621215
0.174613542799414
0.0667864506815969
0.125521844877994
0.103168384985864
0.101997628956806
0.103918612049265
0.224800422650472
0.166843997297956
0.158272762953386
0.136287581653214
0.0819043551436159
0.137120378819463
0.114339115888767
0.154361376359136
0.16812809571994
0.140930406183293
0.135043849299706
0.130750435953234
0.12025022024742
0.126704535832714
0.148626935686832
0.130714180413722
0.167693100862079
0.137709059714165
0.157537565303165
0.162017744707614
0.122321004516126
0.162302678720333
0.11724113919085
0.140680279840125
0.123039696567923
0.105220632546065
0.100757360962733
0.0921331125601919
0.202561748246123
0.186737702933529
0.180971447094295
0.222666975169146
0.110471842902886
0.180611450343433
0.170507253516074
0.131609136235514
0.0869353269163137
0.147035495997453
0.155137117305296
0.153920324049358
0.135931154163075
0.121818243370143
0.185091702530245
0.0935952261826812
0.128999173077007
0.0848015822621104
0.157899467297921
0.126151571681053
0.0990848975954995
0.187700999520586
0.199370224449839
0.109925620312608
0.0788263110003836
0.204957049611157
0.160955616355443
0.0988464138959369
0.160888841412652
0.11132698643503
0.0800895485741921
0.106575503316431
0.0795391461894292
0.101331536854403
0.0913053981384988
0.136452706106227
0.102410233395979
0.117729456373859
0.144073293588927
0.193753383229669
0.123132776468433
0.133221956385372
0.155781043715824
0.137697237909594
0.163218005373074
0.155471400165194
0.119326823025255
0.164923155382995
0.0909306014471264
0.0754549091475666
0.151851638214669
0.128025188682913
0.157375722221436
0.105692244626136
0.18350458596008
0.1616779792792
0.139948714638363
0.106786246840113
0.170599042121123
0.140304144284295
0.120693048761127
0.153742431842639
0.108540080259294
0.170560845690639
0.11133484941578
0.130933391547708
0.189988405362491
0.147331455563455
0.157304466615215
0.195463005350211
0.110008589610406
0.120425469680081
0.121295046308834
0.1658005144054
0.145872189269257
0.148288427950005
0.110974647871424
0.191160395240666
0.108996011025762
0.154124838549564
0.113886636479965
0.153222685324106
0.145355346850791
0.145651673196984
0.161228256991784
0.115602944211935
0.127830950000664
0.127388237960835
0.13770342937621
0.13274052329833
0.193509057099309
0.111240131640423
0.094084712404348
0.16440723328808
0.161811119770755
0.222503881723876
0.133576414685957
0.182575790622119
0.150681870382365
0.0898758311505715
0.10020759395231
0.152914820392659
0.0991505320709751
0.134866907466292
0.0892306845546032
0.165437634727317
0.118812501325059
0.109031115698494
0.113331691648419
0.107951403148506
0.153273289787866
0.120604341097799
0.113109916825015
0.17645733672631
0.171577629893259
0.171064020976582
0.0766474957937227
0.099172673645839
0.169926905166709
0.0843751615094906
0.0809097000428427
0.125693715651372
0.124053461885174
0.222978545992414
0.130848538391834
0.101876406740743
0.10843461795223
0.112073746164069
0.113631592260954
0.147505821749488
0.10917139554037
0.0854550046665295
0.133366084386307
0.163960370378513
0.174047992412347
0.136818409732359
0.0830789426481154
0.101495464619337
0.0640706903414535
0.158788243638451
0.144377251548657
0.0972376880140417
0.130777707254815
0.126257823154759
0.100318499045395
0.160735430316167
0.208889862501896
0.137737169935266
0.102016540048582
0.137648744115712
0.0625769685963045
0.118789407172523
0.136244835620097
0.155983618566082
0.0871829004274981
0.117710716634436
0.180620619253158
0.130844520587217
0.151109385422351
0.0782823725267966
0.159909063006018
0.178824496974064
0.100183387744084
0.132013571744943
0.168921781050744
0.114679321235799
0.0888690326613235
0.19410835438294
0.105550341098146
0.126945093908392
0.108219838961503
0.103033984258299
0.127620502277644
0.107723400615054
0.123154491203198
0.179580294765271
0.133085907322965
0.125981056060874
0.123484767952326
0.126265058569074
0.0685888045519143
0.14045946384502
0.110624344191807
0.189407792270723
0.158679494982222
0.0832882588155726
0.19010998162221
0.0798276814666989
0.0952399791812232
0.114082798623115
0.187350236661774
0.170881820176152
0.125717105658621
0.13216367884316
0.10561744797347
0.124113249863348
0.148431906548484
0.0917417647241559
0.142700199914973
0.109843983051844
0.0988076218590689
0.100281082351946
0.17647111610047
0.0987942587652461
0.0983607806095384
0.190589301341112
0.214199566364229
0.152659515488426
0.167012480067217
0.108530782737868
0.173859411793996
0.0936325211312142
0.166811389542251
0.12472619087177
0.190369442199094
0.184078023588783
0.148465740156729
0.054715256516549
0.134885187626615
0.14739178270082
0.118266751046541
0.183401177808958
0.11511169467911
0.141172996221211
0.119049994762863
0.172882288080532
0.0822237183176931
0.0967744889887968
0.230720963662412
0.205255289937793
0.132007375527445
0.133721765236503
0.167957304469969
0.111273540178925
0.146676064746484
0.0843394521829802
0.154318284926071
0.195214706035382
0.176506571840265
0.0837530043894336
0.114463227047796
0.0892143262407616
0.173369545035495
0.121434979919225
0.10052861406957
0.153862771283128
0.165441881826304
0.131544873308927
0.147089648787961
0.124052568546481
0.125256792967585
0.112045966976229
0.131651557552258
0.201986753007482
0.198422202234582
0.13230553935931
0.132136145018325
0.120036889608105
0.159105053904902
0.147603277342516
0.0851442709374908
0.196249888163278
0.0945176624955148
0.105672007152638
0.151875478762407
0.0995539471459254
0.107271891799269
0.166711282230854
0.12634653854954
0.110411425697203
0.117536059552573
0.144115039806755
0.119279104655804
0.109782003953166
0.114442529725441
0.196604696111869
0.159846493603595
0.131882553077038
0.224612799394707
0.143673395440745
0.103775096677865
0.164201064021907
0.150806214975648
0.188646859069844
0.14831066321683
0.155364522865798
0.149868611107842
0.13420243853263
0.156228297262591
0.160364284165878
0.124729082175719
0.14728346381534
0.140643538168656
0.214799980344944
0.109555527442894
0.168869787970108
0.168330335658092
0.104590356317552
0.168285046842713
0.123667666985055
0.135833601173138
0.135958692615093
0.119093223102131
0.100762646533573
0.137438172038163
0.118236813110894
0.156702297608808
0.140709074523246
0.129526179396778
0.145063919137154
0.150407726898428
0.148197362412605
0.146192780450575
0.128401671558414
0.147378016536207
0.134404935409719
0.133353885529851
0.187077297057326
0.0931656895446661
0.0923595242617297
0.193712672578049
0.12411297931729
0.133654323719223
0.166425331820865
0.152312507387461
0.137017475867597
0.181717404631798
0.104464969738441
0.0901509849950082
0.0969156408625275
0.0904997330132729
0.196533497664738
0.141513700905289
0.121922039654526
0.0903524164368534
0.149711426252783
0.161529609928887
0.122677450148724
0.121819211484362
0.14195995697107
0.131167235557546
0.244068311107532
0.126733324744918
0.149137171635628
0.147728438947146
0.116198765376634
0.130509665574623
0.175019810925463
0.077458243410185
0.129041492753814
0.172000242131026
0.163770349530147
0.172270557060593
0.0958291446202316
0.139440327478985
0.237846778731675
0.105126185619895
0.149982081457832
0.121413494959875
0.121435510306393
