0.11663737907658
0.0669025279498761
0.151362618852518
0.098082549102754
0.143663085323254
0.0913196079548391
0.120355339207688
0.0887102769370973
0.0710315657362669
0.140433693553922
0.128782750324038
0.294745601794494
0.249972031302725
0.143950317066652
0.187370470194284
0.15975327272601
0.153868077958499
0.141763439429941
0.116952962076106
0.106797722247635
0.0860948407675228
0.162944234193436
0.123863036588744
0.180563321184742
0.218172133972418
0.10122332207911
0.0950216817362491
0.0931514809638733
0.236203602285066
0.112175642671526
0.131149866053991
0.0726310771546132
0.211635617943056
0.0875436761844378
0.17004143662579
0.10519564825562
0.0661270924840325
0.0710289760988897
0.179203154756881
0.177213421556919
0.0728465806085923
0.145505285496059
0.128857487375012
0.123100380366758
0.0887291951952211
0.0864619823510122
0.0839261896552638
0.101607001149101
0.128008668833856
0.124620274508999
0.163236844293087
0.168523775899745
0.11649494809961
0.127342215945655
0.162198789405754
0.0834103357308783
0.113362034570373
0.083569780891482
0.120745945723684
0.106290991932265
0.179425451361349
0.139290434230441
0.175886567962133
0.111086746482685
0.217812550029833
0.119425638729394
0.0943895521517534
0.124076827469408
0.106259164555874
0.0968838854006292
0.181859122148854
0.0930226020464397
0.273757833956756
0.0651981526360681
0.0836520378236477
0.137363607490127
0.0714041230059168
0.103360700783696
0.218056852887914
0.191900274219364
0.1329787842976
0.0825738472880073
0.264024315915967
0.172415197226803
0.111538317948248
0.147859565390253
0.189636766204968
0.0734279936088428
0.124545739789197
0.0665693050022551
0.150965992582455
0.0911668461713803
0.0663189351080239
0.218736777306181
0.064032539213198
0.199765540774124
0.143519623580819
0.131355740359842
0.141208821584259
0.152488445031053
0.107549098446294
0.11973944093992
0.174624875036135
0.0896286694700236
0.215360020119516
0.114110809421301
0.122784783590995
0.104839202399047
0.109150950278897
0.185467446206915
0.107857475260682
0.212392695793944
0.136663751693113
0.0926776376186
0.130042285577289
0.13394444835193
0.0708969413958365
0.120374567295129
0.237089827359012
0.0734541890637791
0.0818659152502341
0.166537444488925
0.200224636849095
0.0894651190352286
0.0923614772138972
0.159524772057598
0.122460314775744
0.094385143603527
0.0893212845080299
0.226840222725742
0.0899591387055739
0.14741725983676
0.119599845591502
0.277173339599907
0.0665860485581831
0.0732055163803283
0.208742882276036
0.134020620071827
0.166061846366045
0.0959102833078607
0.205738989051903
0.115812032620075
0.117442986462107
0.0598579729662224
0.0800052279815726
0.112428730602073
0.140009079953566
0.173516428442965
0.123648839680114
0.245212817350434
0.162883408178045
0.102494737043484
0.148767441683771
0.208434818232986
0.216731415403737
0.255637478787996
0.106723865462933
0.0980153230050476
0.0791638276404181
0.16172742711349
0.2334197476287
0.134999574957768
0.167109297080069
0.0878915119036461
0.189705706739937
0.295519840948576
0.127865410957405
0.0836756341576241
0.0778666923723959
0.0992275714187707
0.0885899417055735
0.0956540411249572
0.063594944538891
0.137284028235218
0.107472516348643
0.105957765334492
0.124896296420046
0.0794837740241432
0.124094703773275
0.137399811516185
0.0657681319759583
0.084485148294105
0.126031703820909
0.125748421502621
0.210066787843131
0.170164087504868
0.199913166502191
0.0907699725781369
0.0920072286817332
0.273666818304357
0.273331375844101
0.105267672243049
0.181458569670715
0.0805423818756686
0.269616712803087
0.107486589872527
0.117563973586719
0.180172017982595
0.123099252132677
0.18327007160488
0.150049510347247
0.075099152166663
0.102779268305513
0.242216169078932
0.313808281288953
0.0920703509569086
0.106159494316354
0.0721773035780232
0.145901922832329
0.130505548400483
0.10506485824661
0.154563163078386
0.182313020189798
0.225821670182594
0.124116765056756
0.137619271616099
0.0920989898716812
0.170519210210201
0.089358797955034
0.0930978591629324
0.0782094435152699
0.0863885185924058
0.208681868559029
0.188634830609607
0.159711147980562
0.201268052128226
0.141690534910561
0.102980432124711
0.0981962959048062
0.193575214309802
0.0763283670624077
0.218416460736024
0.248706010667629
0.150170348257063
0.175456091298936
0.141772123236199
0.0932231767092079
0.081857774543247
0.115636288720047
0.11234699278779
0.14150402177725
0.123822032401638
0.0955018716613696
0.166546069662113
0.0792705273886763
0.195653624691933
0.0900484590260412
0.22372111170245
0.0859321190146858
0.0853458390655002
0.166935452428218
0.134344045343121
0.144861646506614
0.202547323466519
0.102110069873073
0.153546077294861
0.106212833669073
0.115044422326721
0.103749514995863
0.0866469519256842
0.153370245204614
0.102197776568544
0.160871016351825
0.109020387464205
0.083689906403456
0.108633230928737
0.0891032005739386
0.106282028168316
0.161785636025985
0.110306949162845
0.100521084284757
0.114370495572735
0.106519211283467
0.119281569420161
0.0914163128382805
0.123740788690667
0.103405028372615
0.0728017926644402
0.229266697804114
0.170257082755628
0.132684567578554
0.118020854067529
0.176807531898959
0.148918713902685
0.087248600341161
0.117064322661827
0.134002359240646
0.119711432241429
0.0690834559400517
0.0892775281647103
0.102542054434466
0.0765801921180073
0.152891301600795
0.0979162389746369
0.114475157665431
0.115400820681433
0.10494576686929
0.104929322760189
0.0692696263651039
0.077481102644778
0.101823608409081
0.172950539721012
0.0894535304464671
0.120602003663876
0.109574816074067
0.11479562157723
0.133251131323122
0.146796651003586
0.182849276055719
0.196034879203151
0.146020134285464
0.172316482876947
0.175742990158466
0.229023571861768
0.0804930990008232
0.089054414118837
0.123431596155994
0.118668993900201
0.0875844925159445
0.0997829569844738
0.131834307388514
0.0807658163386738
0.153680809205294
0.161806728421103
0.106255471240095
0.0926290916549142
0.102081048567786
0.15482467897608
0.0859965685773254
0.154686247908035
0.109641816012304
0.187489947011399
0.131465465162615
0.139159417997144
0.0772443518716983
0.0990479506378131
0.0807918902026199
0.101597130460767
0.0643078538347326
0.144033256660418
0.147708939309249
0.171194282044839
0.153404563043433
0.170912981581717
0.0968394046409033
0.318567428613978
0.164439941291432
0.119345095781651
0.166733764705691
0.146477616829837
0.104118451887305
0.187646202223407
0.118611881827897
0.120018203278363
0.0902567306832428
0.169057926377037
0.0601722644996819
0.242618425373311
0.151534104656272
0.0896875689124215
0.16470846621908
0.0902847338378798
0.118230882849228
0.157029035394296
0.0798420289962093
0.152448206851836
0.164070484610161
0.123649805854072
0.123060167043357
0.207211449433436
0.0887394206479014
0.0976984096367909
0.117423364205105
0.20150051895762
0.132693111695497
0.236010284953654
0.258247357085603
0.0879444486993008
0.222842297525375
0.11477307334992
0.197732932212997
0.152257843866202
0.212850049162494
0.132923708013093
0.125913393843902
0.0731604275065969
0.0605784509095397
0.0921155851093964
0.0911250750258975
0.0715850423471274
0.0849048757279457
0.0831564670157948
0.0729283271864562
0.102445698451091
0.0811674137821315
0.183446754256736
0.230309193738353
0.0911650990069124
0.171344143256468
0.117129778326938
0.166381118521633
0.0955953872324793
0.246448603868622
0.159544454166194
0.136240681006049
0.246771294872698
0.229376910556673
0.115002884106629
0.0997919408397928
0.0717948923744985
0.171274382322292
0.209240377726512
0.0698156275236083
0.103041888957333
0.140910246494874
0.119522042542834
0.177660235421034
0.117124361031213
0.102133202638975
0.139787550908774
0.0854224928423355
0.127053278089703
0.192351173432053
0.0723471694612227
0.128736404385063
0.081077455636981
0.170099932598439
0.217739423189821
0.0623517223491612
0.123375911467504
0.115389129089502
0.0892644406141077
0.154399550591011
0.161344072755342
0.178253220990839
0.0938915238297572
0.172836724266071
0.157610249883088
0.101763110205203
0.0839709591775482
0.216357426182595
0.177049091244569
0.245397015695606
0.287135314459706
0.0756305237456382
0.0956151921866847
0.27447273716866
0.152806417937048
0.173571959696154
0.131077868209512
0.107677413430611
0.0833961142790688
0.260721071528609
0.149955884605678
0.150526520617742
0.0939665607412919
0.101315134630625
0.0786649728811816
0.151277766705199
0.178882175988323
0.105313528054262
0.116375555103505
0.125508570760834
0.102958386747683
0.150540187425134
0.0893144484488208
0.124811272026597
0.251347930183509
0.126224290321351
0.0855289300737194
0.0974923054347657
0.186213113881964
0.0882008321528703
0.126441719583927
0.0851433279209627
0.133514744511382
0.0809668058706208
0.106697012829356
0.0758032425851168
0.125719829899958
0.0671111686628895
0.115183678009246
0.0710521347178692
0.142955875600641
0.109426702125506
0.072238095016905
0.273183700029942
0.158569766358484
0.18186505093427
0.0935314192207103
0.207838841734035
0.241898476269673
0.117444753569745
0.129488609411757
0.141734478955946
0.0995796395096698
0.154075011640253
0.143669663084074
0.180196261874157
0.102022413977734
0.0925119606717251
0.155140766890158
0.190692101155801
0.176314298211138
0.161906932723094
0.146142241318763
0.161117998166645
0.143963047922485
0.152928443424921
0.339690339951027
0.122734399316241
0.141794392913299
0.254885142514787
0.21452350176628
0.122570423158453
0.246516355161225
0.144208454636357
0.082204604435445
0.0638595206681993
0.121118348047837
0.153740521401068
0.0920473601075684
0.117652553235029
0.15190031416914
0.0712059802671972
0.298083524673069
0.178478855176926
0.0971226689244074
0.11279761003243
0.0767326047414404
0.10874567653213
0.140846630718161
0.111096842013968
0.0991019922741486
0.08959156523738
0.11164250084895
0.0911847473483809
0.128737096597959
0.101494640110887
0.197468434590816
0.165792348176325
0.111635099983712
0.116826505752795
0.0705459683837564
0.200986024532128
0.222951376138566
0.109576351135213
0.0758382120077161
0.10760080874808
0.167900124795899
0.186911153760607
0.128422752310976
0.122625027871866
0.174123151713774
0.238505863055129
0.301369586619469
0.0868511343936976
0.094890558985616
0.139009785275666
0.1454938821804
0.137538548243808
0.0791806353176764
0.100574444267462
0.13180048895728
0.190904162779643
0.145582623709249
0.161282892913133
0.0918317640083933
0.100811484584312
0.163087397750507
0.152154218868036
0.140691110769034
0.100745137772168
0.144602966988768
0.0748409023700202
0.0827195404658203
0.126519501735356
0.253874789248066
0.130286001835848
0.200405523025349
0.0907237295756209
0.106833455175091
0.103908363464437
0.105506949371205
0.164902935354958
0.125298125536867
0.131384232054595
0.0791236491262028
0.0938857293902701
0.0849197916326692
0.104485980689873
0.186079261266193
0.109750374798441
0.136464181228519
0.135670594388999
0.128503043414428
0.191055390899007
0.167286958713645
0.108609158658127
0.0960253100546453
0.203704935511057
0.164172518184126
0.0763978220041589
0.0866317263809077
0.103787231058702
0.122778389800166
0.0773724373200639
0.0676514109645319
0.157976065966787
0.125051767561176
0.100607082272382
0.0859520304671545
0.119687105131539
0.330568336266731
0.137843856342491
0.165757930623182
0.322600992413406
0.0782071512719686
0.186955647454597
0.109279226702867
0.2164083391405
0.131731908364908
0.114108574361368
0.208911410772206
0.132497989048169
0.125267090547282
0.245379672867535
0.112396226704669
0.163203833406422
0.158610934006139
0.095795238011061
0.0770254501801697
0.123972243967114
0.122431189507884
0.158854453516502
0.137867105667322
0.0675147660873806
0.180843628257064
0.104701566706341
0.170434016067115
0.103603409551244
0.156913135002102
0.182088753606721
0.165838852137069
0.135024318737237
0.0965478290793545
0.23061783945801
0.11325218217447
0.136968788575015
0.217718887690849
0.152858070151011
0.116263020775856
0.119575734143772
0.114658967333869
0.156730972811422
0.0832641521228906
0.148154043753741
0.0992020876963733
0.15267880817245
0.115408360689469
0.107094224527952
0.156254235077005
0.26386409553651
0.0863449427242157
0.16052101133817
0.131230590757099
0.0920536010954275
0.104067865976936
0.0819209806612513
0.101787672181933
0.108930619616759
0.0911613359837915
0.115628709444272
0.210836602540931
0.153514719770655
0.103383106028388
0.271075403373713
0.121487215097433
0.220682470025381
0.20668130790323
0.239722499326912
0.176602652457425
0.138403877530183
0.288214949679517
0.175015062121603
0.133682980119497
0.123564926629059
0.153501722224276
0.133206592852007
0.0904308335648154
0.137564623170515
0.128822277414421
0.152438528430139
0.114303285699496
0.156335750526888
0.0969737245232649
0.099991943992419
0.160089160300347
0.0848633400861296
0.10193881201175
0.0916790937871059
0.0787235353203961
0.126354717695314
0.164244005538535
0.236668310704726
0.122488539871937
0.0991298034889192
0.122440921151113
0.163058032606767
0.126184568217156
0.129133498174295
0.300920028381613
0.247651785968326
0.0686110874293329
0.106134521838493
0.0684197661313928
0.119837632488289
0.187480420231678
0.102353525200307
0.133123265620742
0.230857149190968
0.288021565776865
0.264131852788422
0.239503960572712
0.14957813249435
0.162772080140072
0.114666461716571
0.0913143735873799
0.152065582075019
0.247124729537665
0.0934434708031986
0.0812344675732122
0.149752824731106
0.327808265443561
0.166352129457277
0.102860676755272
0.236577094736116
0.165118479273665
0.10455756856117
0.0983392989361805
0.0786513206454731
0.160326400220465
0.0886873065380237
0.205069345794454
0.207041780052796
0.0615478818929711
0.068286031366344
0.119222520535779
0.0713071202708568
0.121412836816442
0.0835421812699691
0.0975065171197331
0.0654095866781261
0.156665862619417
0.116974693354766
0.147424451974209
0.101898309821596
0.109703068188385
0.104289528261781
0.0761249129046033
0.162443341421014
0.13346992089221
0.348060074664305
0.0898470924309192
0.181237766255716
0.101485661871751
0.0787995595224343
0.102878703206292
0.0848422120813375
0.111560043907915
0.137130848269338
0.227426133074329
0.128527587251497
0.089818624666917
0.268193555662217
0.123975937370162
0.104803441328052
0.125627694514056
0.0827589736549452
0.11040736301393
0.0771372842139595
0.123509509395799
0.125909139544894
0.152124694163388
0.134099537632648
0.132417966578143
0.0679654313602882
0.112605202450216
0.0798881114128678
0.0853914126252751
0.0926497949255481
0.0929308561875976
0.0913262354373759
0.243579796236377
0.131552734560815
0.143477074219113
0.16374250271592
0.114885297294412
0.168996595093842
0.0983883894626453
0.106795204272934
0.149463656855654
0.0913589448307641
0.188802745130633
0.120014084184933
0.113496736430414
0.193319860492919
0.100975713928336
0.0877992394285531
0.0943269069979857
0.183620664095106
0.104322811396982
0.0767868314675703
0.193747521281514
0.117369553660303
0.0952289031552559
0.165434792430428
0.134715336528732
0.0833184549466401
0.299929183744613
0.115604746312064
0.0725419300634634
0.148895877181854
0.0745606462687911
0.176364840358627
0.13744718755936
0.15203680259515
0.0975973796949094
0.14835799369737
0.132573377883522
0.15727517522559
0.0768071424227036
0.0738091246570736
0.128727283713032
0.0885413303199961
0.119538291476836
0.16516579384227
0.194682853404414
0.126027753658195
0.0775680182556852
0.184655521722995
0.0880489548493957
0.26192904959354
0.102178122693377
0.20264724493052
0.14784603896876
0.283651592000935
0.0740433478406601
0.0864688250387182
0.0885308587731121
0.0679695809628399
0.095686838996433
0.126428088715135
0.113757778011576
0.10336785742274
0.0947368282840545
0.118757570439963
0.0582085525870835
0.13249847704378
0.171670637948086
0.0582142814031428
0.114667989900902
0.321575960604915
0.245204005456967
0.0932130356416839
0.119957526883915
0.129495637670998
0.110909665779426
0.29283879465798
0.0960451514050145
0.149782711988222
0.0656857732412722
0.0732809962528864
0.114171156977905
0.126602957702235
0.103582777863112
0.123165385054435
0.0881388355648776
0.110497881617907
0.0728090072663777
0.0750425811001574
0.120834644097316
0.0991526449028058
0.1959030446227
0.0731454262350836
0.120125044881666
0.123290585414673
0.0988474825766148
0.0946500824683001
0.109690148085438
0.142401617731573
0.151444909288465
0.0881325515312306
0.119836704756223
0.0742975879652723
0.113924478298259
0.0660305254561053
0.0907906434389955
0.102561103980385
0.184973072787666
0.229097680869615
0.0922356474080624
0.131769148891533
0.111931880433155
0.0912938012109973
0.0670925328712588
0.10795030049685
0.161401481904669
0.0940882306708031
0.108060466142372
0.0879301841458452
0.155040960405952
0.11420690522851
0.236918241035847
0.159791891857195
0.129409741837033
0.0841812660535597
0.0894302997194419
0.0991873239012377
0.153885583923133
0.114408736475188
0.216200229661756
0.130429462319316
0.142808668211311
0.139702082960219
0.0874298371335124
0.119682684155651
0.0952594394867751
0.114457461637882
0.240826308669753
0.0780465895482733
0.211198868433253
0.123808009447275
0.120599874304098
0.158124190676514
0.0852905442012612
0.130029745883403
0.156044761504191
0.156757729195129
0.220152791089878
0.203397200225545
0.188545189379249
0.135677981987835
0.339859231740416
0.142251641062283
0.0946246379426548
0.0826927983671513
0.0968612183167923
0.167603496257917
0.158984557805297
0.141374014803635
0.0756246523289899
0.145666114473536
0.134874063651512
0.0823590896263809
0.174153185764523
0.124892575554377
0.112874493205605
0.131201998510792
0.149443578139509
0.124393508268107
0.124254157270732
0.131837666005863
0.126983149227448
0.0949657253601506
0.134644616720163
0.120567654489499
0.203891137565351
0.100439500297495
0.195492654890927
0.0838327081628867
0.0790108254068499
0.266775078845947
0.142026908156758
0.168187224318622
0.0865494540711913
0.088284746435218
0.260963341118614
0.110623995718986
0.14160245057057
0.0782877361591049
0.082427203769418
0.220506629767706
0.0768564832057032
0.307412582901378
0.134263509200644
0.221984126704272
0.151255195741543
0.155926608601054
0.0767854820383046
0.17769358630627
0.115185762915613
0.241135160024352
0.203243053019636
0.0752231871597219
0.0939507971310959
0.199650773914666
0.0961675333646502
0.155280913655719
0.31748014784732
