0.102065480941481 2.49855501854607 1.72240976109317
0.150170902528334 1.36700027923372 3.26058506983172
-0.290646104604935 1.7352004780367 0.182912173940407
0.0625536965945875 1.92534190001524 0.39295029543181
-0.551470434191241 2.03465909549259 1.83140601450007
1.66116401650169 4.25480039586474 1.44420616107406
-0.646198699993974 1.55652819360488 1.17864501668296
-1.02528985813843 0.806540592450181 -0.00641575035195363
0.147383533046368 0.577893371391969 0.417931819260211
-0.00867069411935606 1.63990787708525 1.10132851944504
0.208204228997167 -0.0499284783832941 0.792117838727581
0.216040720299963 1.48859637623828 0.187882892852157
-0.131058789582566 2.1884736052969 1.13600173908264
0.549552441929671 3.46236276210365 1.87710180755029
-1.01560778701881 3.00620670258725 1.69299176559538
1.11902473598562 2.78513171010376 2.09198433101465
1.2492393433446 1.53490524680455 1.97224133345982
-1.23128969309744 1.55333044951615 1.28303294567515
-1.68601123443838 1.46800728018787 0.351623758736423
-0.856679731683982 1.48314628877367 0.358180024815026
-0.201295649641511 1.91657974021685 0.861375794142385
-0.0549579810544306 1.2223131046639 0.59681929557299
-0.0345731440705628 1.81729878216077 1.08664575125943
-0.198588713575493 2.20085148544031 0.617772239641578
-0.314496036028329 2.73294379976774 1.18496351988824
-0.436311059389678 3.12328828000335 1.3942145745072
-3.142714487601 2.21258800995563 0.629540767116979
0.910803942851298 1.78041730459833 1.72319534601729
-0.267147356691866 2.42284231127614 2.06269259995553
-0.650203446967577 2.62055319587971 1.62392098543018
-0.0511191167844995 0.751840911254953 0.378842874775998
0.894706711981488 3.13301240809326 1.92175363657933
0.0422941768857376 2.65850746230947 2.04468406117581
-2.31356013491846 2.3225419273841 0.837439581445487
-3.8690835908501 1.63398444266272 0.996254566779664
-0.326434099291391 1.52658635894943 1.02838901340081
-2.23914680547227 1.19993287548807 0.384491536767469
-1.17263808652423 0.571252145354404 0.734088974192891
-2.24270367550398 -0.457880385244184 -0.488803080274707
-1.20162104410994 0.162544047714699 0.1690074985606
-1.6215671282461 1.95532528821053 1.39567128094524
-0.314683133962675 0.448193294031038 0.475368307071363
-0.854423901585622 -0.751973160775839 -0.161695100754555
-0.0112175865628113 2.02374802950268 1.99056745694176
0.353646442041463 2.04596410223416 1.56543921401692
-0.435770783471101 0.169041513233218 1.23840510173048
-1.48476835537369 1.76350086117782 0.895639582479861
-3.68835854875343 1.82468017940584 1.08145849828361
-3.31367002818976 2.3571321597568 1.36058531386734
-3.86245975640246 0.363835104023115 0.815758626425283
-0.19085799334558 0.160611776778169 1.23046624284535
-2.64131760232077 0.192154627118379 -0.00175032153044152
-1.43024070049988 0.585150535966888 0.910725782607489
-1.00777337839312 0.798045164478502 0.299879118716399
-1.59329916144051 0.394827165105621 -1.04430576897109
-0.732019526311699 0.617920043679041 1.06082462037401
-0.999358715139151 0.720572393073511 0.204766599058174
-0.229578596873237 1.863086372693 0.789428591368497
-0.31937433732611 1.43019707893324 0.705078678253622
-2.32908706931387 0.852361364403896 0.192016023291945
-1.23116748260102 -0.342701190247172 0.250969404033671
-0.509266511813826 1.70746522657184 0.348074761718103
-3.78807238883491 0.47253492982827 1.68631755087301
-1.05607329148937 2.15939926635494 -0.191140741673113
-1.33465588491403 1.03264313991365 0.861596092452624
-1.02609715272925 2.26370863633175 0.397396321841556
-1.47908989457024 -0.0624215600114545 -0.491133936738047
-1.82144845274463 2.50075480360065 -0.719164972689541
-0.884997896842258 0.966628275291889 -0.560379482763948
-0.755726838325322 1.06716249465536 0.758312071679577
0.219237243240613 1.80067335968081 1.04434676357273
-1.3802846366413 0.996214587575054 -0.0214429717250489
-0.854421583141155 0.71405331897533 -1.1178486139703
-0.650657681476207 0.0468400821070363 1.99653402103374
-2.49894198164306 2.48977430248218 1.64654668346464
-0.370382636737911 1.16143807222457 1.69672679175407
-1.39703980186578 1.50685638655856 0.00881609338935541
-0.0912215699338302 1.94120194607551 0.776453622066348
-1.38372074654529 1.35084154917833 0.926994073174578
-0.186715191398118 3.05810326463526 1.83687231244393
-1.1062685461383 1.92188502766557 1.24372038283354
-1.32911179848144 1.75170171262595 2.30704520270293
-0.554202165496558 1.199641715766 -0.115004615610871
-1.89205170835187 2.11395722753661 1.02215525683993
-0.935600608341946 2.00557293248574 1.49669353892918
0.314923599209512 1.54040154518873 0.851180018361421
-0.216703107621036 1.45158115459241 1.08702465586083
-1.56012084121206 1.18930864761806 0.564272441684046
-1.36204630691258 0.362863865388942 -0.527593726312907
-0.111014987821054 1.64886598726745 1.71638489825921
1.37990645413489 1.96320926881274 1.42948293253449
-0.806304151641512 2.42079524795345 1.85627165115498
-0.560481590506627 0.124896510615357 0.64965837778004
0.422830563502363 2.33710513247016 0.998490575806035
-2.42272902328651 0.703058244259805 0.164043011501391
-1.09150934360911 1.54699688134977 -1.93906176763275
-0.343784216673346 0.836814241105029 1.10113010040746
-1.72782477101988 1.34735268860687 1.44881395404579
-0.354768389693968 0.365041666818231 0.722539353606759
-2.86817421118706 0.92706430835869 -0.065677323477254
-2.17280868439387 1.35374561781488 1.07369583991272
-1.20383640293585 1.24677033754821 -0.139220152715971
-2.20054254691834 1.14239621093407 -0.201190483259654
-2.31757078594061 0.681182305671763 -0.328837051448481
-1.3271282743458 -0.141428671460898 -0.224530643636325
-3.65762541534798 0.521556880589104 -0.501383445946906
-1.72631450550825 -0.21732616858548 -1.05944431907057
-2.16919981708231 -0.13682317374902 -0.230984170088408
-3.30952292909554 0.161118868312722 -1.07060535634274
-1.8672372137604 0.185357841040345 -0.529215525820275
-0.978707115072516 1.03171332242038 -0.296522219323513
-0.523324216909698 0.527137123366729 0.362363919458578
-0.154024948313985 0.532364030844828 3.1298541961776
0.015380841632619 0.581553128194217 2.87903567957914
-0.619306029545327 2.13565727737936 0.810390345678618
-2.250055921863 0.887175871280398 0.508649211041357
1.22136508000549 1.70317043695876 2.52820635655934
-1.31319412756684 1.24331852089763 1.37038241472362
-0.976174517929252 1.33228312828685 0.793055944105142
0.97717078750012 0.506120804492807 1.46708485436271
-0.337189320869027 1.25012470081422 -0.457021595901797
0.278874386866176 1.33760476280064 0.592515901716663
-1.33443914941036 0.0345440900817178 0.335523901781619
-1.29042901853379 2.21960874548126 1.63260699471778
0.013404211337574 1.16802043755694 1.04550083120727
-1.67120276580941 2.82749676211566 1.00793055608097
0.504061364992133 0.336340018669013 1.94672299770481
1.12812679914682 1.37117299123103 1.32997739673352
0.511057284382758 3.25574307605853 2.19742515568904
-1.10612214486527 1.88118335809912 1.28154703457897
0.659342824053942 2.56757384438063 2.26718147839981
0.0766012279694009 3.51342400037764 2.35243862633296
0.624943819055715 2.71487855282084 1.02028077664391
0.673769025239705 2.18295942125363 0.610435955353678
0.983593487852468 2.09909342343212 1.89896241158061
-0.768761687629293 1.7290898902655 1.28670650844575
-0.167888348796997 1.44631624689974 1.12590728712015
1.02307048257371 2.48135831020793 1.22593212819828
-0.286322828759778 2.74137010372586 1.16597351323216
0.118561129372494 1.87013888676712 1.46931050457287
0.242171499073021 1.65081345205156 1.39092292111731
0.854478106042664 3.47441775952563 2.62597224642031
-1.08526960261844 3.53053059461287 3.08459587690893
-2.74157795903977 3.08387623984231 1.8765470849522
0.682483918963954 2.31140497540151 1.54505657827206
-0.716892781582144 1.85480454660931 1.45717249675173
1.70457888145711 3.64744426636237 2.05397430992124
-0.550659722558501 2.68664455187935 0.759595364946274
0.453405708309103 2.25813852206764 2.35833673479362
-0.168495857238862 2.95388227625417 1.15724045049171
-0.843220239192059 2.24289312866026 1.35323631441415
0.398966260150511 1.71533036284009 1.87909093326743
-0.902378650899518 1.48813216082525 -0.215286818761218
0.29823551675209 3.68553439684216 2.11232406511874
0.284119469035275 1.6604116737699 1.5076947638256
-1.06679565248967 2.95536383922457 0.58605707037453
-0.0149509337782379 1.45851979453882 1.74390989905382
0.984909505191377 1.79524864611484 2.91156616753945
0.999847315818093 2.43815431594522 1.91982168828139
0.716071190801583 1.75639951094332 1.88568521796087
-0.648282373760982 1.95487360054334 1.97085088209958
-1.80203950710241 4.58323692065247 2.53309558209699
0.264673634860307 1.41270766612439 0.856783374273086
-0.00524472736588838 2.28040826796936 2.01613453237996
0.917208950417372 1.51341564265791 1.83588505028457
-0.159956395178387 1.19113467463 0.0462908368495772
-1.80141682035908 1.11141622924426 -0.37248568208213
0.0591570716112713 3.41256041019417 1.66308217832896
-1.40647353226485 2.00969350047093 0.796063094590343
-1.61173655948255 1.56591288748661 0.891649991663944
0.628553374824944 0.32762126257784 0.713018281376462
-0.68585566737229 1.62642825009658 0.872315193466689
-1.0064325671315 1.37130361753234 0.23221476790757
-0.588510597130306 2.12269522550532 0.736828724412843
0.570562705088973 1.65328755294365 2.4945858878444
-0.431906967325236 1.69622878126069 0.843922583859964
0.397338356190499 2.50400927500515 0.749776602036407
-0.919483296672902 1.98253755060224 0.430568609149211
0.703257247993454 2.39408828542093 1.88625887350496
-1.0160763450369 0.975121151651424 1.88058892966292
1.3223785271896 2.31570304294547 1.92443826569929
-0.00562979119437845 2.19090805835225 2.91393290445755
0.725498916335329 1.41413195698827 2.38473051246898
0.938651488699041 2.56021550242036 2.05195191336498
-0.377519161642912 0.485707982361212 2.01504316755559
1.10268626782595 0.144342645291135 1.63385705143822
-0.958723675593339 0.203591837930475 0.102487614626663
-0.826787937368604 2.39062410103608 -0.213596147139791
-2.82704488351851 1.54525387212866 1.40490203350541
-1.1276606113112 1.84237061995541 1.51087687668483
-1.71175726051791 1.09999800479532 0.526898155941866
0.163944671970542 2.7832413931781 1.13998682336568
-0.669846579029756 2.93083372105442 1.77576539456157
1.07983550353046 2.93524497344863 3.10351033443498
0.391226479529447 1.94581721977896 1.32867591963667
0.702162140917816 0.540306752874272 0.783215336772116
0.111833133417779 2.91722476844352 2.55264932971019
-0.143485565036433 0.592718229756142 0.737678237422682
0.407859328340035 1.8121991703506 1.03622344006553
-1.075768191357 3.01510529018042 1.49932181966624
-1.12841274519264 1.86835627327532 1.78623722715397
0.915203504475347 0.831412345959535 1.10801020039225
-1.19027219224663 1.59565057257641 0.765060695899287
-0.475800151856099 1.65438376977924 1.79633007858346
0.0890908078976894 2.12302054147473 0.844646142011909
-0.23846714231158 1.88061022010217 1.30063131685385
0.417166619629526 2.06063410134524 2.26540305373612
0.0351458728082838 3.2748586467457 1.02715126188454
-2.44389145294592 1.0188391982315 0.788616891790325
0.298580918066299 -0.528104510422388 1.13478975753735
-0.733845319820393 1.43642975616996 0.619252171061647
-1.22203998033318 1.7659864169656 0.186589332585875
-3.46440703734077 2.47852637173361 1.98359928352815
-3.23654943157566 0.464997156817091 -0.00246393539716372
-0.731737419922812 -0.302161618801283 0.364742716486395
-0.0541960788960412 1.97828993835225 1.04651751753167
0.81361551868245 2.2783278786574 0.786084830061992
-1.72623664710977 2.32715566836617 2.01400521102172
-0.646765982466156 2.64778476159103 1.35120935372786
-1.01247400634823 1.94622809609852 0.530761255483032
-0.686765654125564 0.360600352808707 0.415174831256079
-1.19248661085028 1.10234669137778 0.762766982566185
-2.24836516524637 1.11282648658674 -0.147581941972905
1.25668597256314 0.729729142598715 0.988237117232796
-0.680240188098805 0.580251670263586 -0.508391918343153
-2.1659945484057 2.42845005288442 1.07146850024342
-2.497193463721 1.09868128463597 0.228271644787459
-0.96145586913371 1.08253491152055 0.199381721551646
-0.809812940913262 0.218423339825967 -0.327411466363957
-2.23527987420754 0.144172106405733 -1.18710849460404
-0.55739464934224 0.32740103481659 -0.233637000171897
-1.30250553647835 -0.785799293100299 0.316962996925818
-1.24590028707435 -1.0004437080278 0.192316182624992
-2.05457934279521 -0.0323675225607142 -0.604096189264232
-1.73487116655318 -0.474655471946698 -0.49105739992575
0.17283271605173 1.09901301036317 -0.226622747846666
-1.05223157670359 0.889141074442376 0.0558249908690865
-0.236282169970523 0.764078870331034 1.08803076937401
-1.97783849374896 0.786158935187873 0.0863832692805751
-1.62531087347704 -0.976898458223318 -1.58615811178187
-0.549667130155468 1.10220109815681 1.31605961909558
-1.05230663931744 0.892363896254583 0.610256019982334
-1.00364751116333 1.37430259621924 0.896126666794301
-1.59140476953727 0.396332824966089 -0.547626755720568
-1.41831895242085 1.2402253777408 0.464931830439676
-0.957417167073417 1.04319712627362 0.333868472575863
0.104825998790057 1.52951526615114 1.83878785247712
-0.247606400666268 0.835906618832704 0.415005706234098
0.426968930252151 2.07394926088215 1.68769421985511
-2.28025135796136 1.47504337046462 1.24158648367428
-0.882235451078458 0.830986289342402 0.0413725547689142
-3.41734878238666 2.3715111278493 0.955306338300103
-1.20886686250501 2.08926847877402 1.97012299307239
-0.108029495986319 1.10689824075985 1.65706990020237
-1.16651134762333 1.49774996207148 1.36423743969918
-1.06782305472689 1.30825460040243 -1.10692463946255
1.11518033332837 2.40429845518715 1.26386155016172
-0.893274955464983 2.86589932512894 2.4244306792421
0.533787065258838 1.67328816217736 1.63808836406627
-0.0789210988871731 2.89896249550918 0.397312889661961
-0.541900360458841 1.82098086660806 1.37417926897669
2.18623896416869 2.67523735510114 3.25883800656362
0.21446507173336 2.68036811089261 2.24340002403613
0.327450354437546 1.99292158363432 1.41428962063122
0.980843609823065 1.48822875600812 1.99046498425721
-2.20124979053897 2.19842518222261 0.804012000208926
-0.526976743626966 2.72702554719837 1.16917704140382
-0.981677758403787 1.21334868284246 1.94295004087816
-0.369083635010573 2.91097808162475 1.67879597470312
-1.00421492241198 2.64715073429226 1.58348777129328
-0.800868740323809 3.25003172768166 1.87543130733413
-0.611923650273377 1.17823880658616 0.780730983220188
-0.70703727157808 1.19030708479098 0.12964608177923
-3.8065088688523 1.50206850402019 1.3754464487589
-1.98731245703129 1.55201056895149 0.177951382955993
-0.889697333096103 3.2299707183688 0.652575007848014
-0.48050570845856 3.06523067773967 1.06517241487052
-1.20788847691552 1.37613965750275 1.6682280035457
0.688383653897742 1.75585973675601 1.56938692484328
-1.21615646384466 0.956576883701886 0.193517207914992
-0.849986189234626 1.68051695522485 -0.404488147890004
-2.24461471758466 -0.526172073718212 1.34095226108835
-1.64785636602142 -0.871018557518274 -0.743019020807778
-1.66413750283572 -1.05051368024711 -0.501110423605232
-2.21284093755804 0.369853941053569 -0.0993685523929821
-1.83121348548074 1.21105227305315 0.800055803023327
-2.6336016719097 0.672683313356567 0.364674805870785
-0.505926483609953 -0.876812695825727 0.254366358256478
-0.548970414266394 0.220912189761759 2.29589888728819
-1.59792360907178 0.103772377820976 -0.291344131260569
-1.06720528153706 0.281957648678845 0.454118796172529
-1.25211040844779 1.379925198852 0.248789496440164
-0.259406772678174 -2.12894171092721 -1.34311507909232
-2.14292288040094 1.58583052520805 0.112305228621517
-2.04734017340713 1.37753695502323 -0.829342214311177
-3.6168954970602 0.629697057511881 -0.256865576542737
-2.33011784564533 0.727416395536957 -0.571766288981047
-3.26736847449929 1.40454619705456 -1.63509740557112
-2.76676797468177 0.354002438154266 -0.875022599454752
-3.41197859717678 -0.236755089038936 -0.664661943851397
-1.68115539493137 -0.563367814794598 -0.76537878935016
-2.54822614178858 -0.358444748798979 -0.881798941990091
-2.44534279202119 0.443100084209338 -2.18900135830654
-2.0692222948185 -0.779695953928657 -0.340532324790887
-3.85463526851568 -1.09403516739232 -1.45004784215583
-2.40729800638936 -0.422920328789011 -0.557935917601219
-1.99370052120904 -0.359385292690564 -1.18285145471807
-2.34353511223451 -1.33063634866608 -1.41735099843086
-2.48195005776352 -1.73069124099161 0.237920341559344
-2.79617311091274 0.334967139068786 -1.56920124210101
-3.53421825359589 0.156652837481929 -0.224018570287299
-1.53982032125653 -0.00763082144708099 -0.499762618599192
-4.55552328662399 0.233673162052497 -1.43354240518736
-2.09012094848751 0.0572206308325014 -1.37431162539298
-2.19319779708368 0.315148775064126 -0.127346560548024
-1.32012734103678 -0.0615410681689716 -0.614194099356565
-1.91493472995439 -1.08965156366145 -0.406895490803719
-2.77027876356115 -0.519969849283832 -0.797596160562672
-2.86514102209168 -0.182289644980781 0.399477776036791
-0.20399256702275 2.40372274170764 0.645392041664353
0.121882027385574 0.97130127234035 2.06482763397227
-0.419925454296593 0.825246520826408 1.00608520782477
0.472327151608705 0.850322437523522 0.886890762441363
-1.70320697890734 0.617915670343184 0.302107917381013
-0.874770691884216 -0.696977531245504 0.63042460469727
-1.70647665228194 1.8737525396232 1.0902308567845
-0.217886704781048 1.71137819129164 1.41059739978668
-0.390355709004699 2.72088726319529 0.503462660660783
-0.670661073663393 3.61794019825913 1.76017011441983
-0.320914713107253 1.1711163239306 0.645475762474842
-1.07918227371504 -1.02810854291795 1.81113879637708
-0.361129913254152 1.56789314554453 1.8179396876875
-1.68422013998387 1.80682637939358 1.23676595242834
-0.779939376415967 2.22742330842414 1.2235163742925
1.30741380232809 4.20679271670837 2.32727149703439
-0.44135374865249 1.57969832755137 1.00589173176593
0.814029980335751 1.62707559873188 0.867675924665621
1.54515184709193 2.41324584353884 2.38741837468329
1.24968931784002 2.806353046798 1.79577948985024
0.387359715036194 0.947906156972098 2.85536348893848
0.526807009980844 1.85733296614746 1.17195871721287
-1.08797861661937 1.86859720642696 2.12187297667338
-0.18728061713933 1.06302795855117 3.12373712670203
-0.177955298341669 2.08074198795737 0.596395381614215
-1.21625211684574 1.16859132519329 0.590455895206615
-1.50526286744192 2.31381807435165 1.18291648597473
-1.85588070255458 1.86978887021211 0.58893683979577
-1.85625193922917 2.31033734940471 1.60608746125917
-0.000906750244816679 2.16023505123175 2.32468052466006
0.147918560077004 2.38371384118366 0.373051824556547
-1.74920148805351 1.31051354721463 -0.0997267084519244
0.512860375401883 2.85621879077564 1.2134307119616
0.708900052422148 2.7679825598595 1.19374926500602
0.659718394174372 1.34439000917043 1.92254773412651
0.837060787839989 3.20142451220383 1.00663912713939
-0.398532181060922 0.235347837201223 1.29735874546607
-0.593075742349391 2.00478705049691 1.27815593366228
-0.833891645385293 3.25694190908373 1.55237177691862
-0.0185226018225886 3.07245397170019 2.59680344336625
-2.05126273234868 3.36975329982929 2.03522855656388
-1.48687868298212 0.0944161248709197 0.194240154337666
-1.42996079570738 0.861596068578109 0.0946091108072703
0.047051712979471 1.2300156786786 1.17376904715576
-0.286600702743161 1.75359718401445 0.586339607739849
-0.675678415879028 1.7704285979841 0.014644715647622
-0.773911852034478 1.53731892595706 1.42176187541137
0.359589237381845 0.741621597609232 0.812963370268581
-0.507412423020832 1.84733891827175 1.48275508566357
-1.64377604420968 0.250303700545332 0.224951831652508
-1.06594415216736 1.71824604023052 0.746903121096641
-0.587554741009394 1.60458159321016 0.145000090129118
-1.59515539292958 -1.19254296773019 0.792701073549916
-2.11480828431313 -0.237935885152949 -1.26380338590302
-3.12430528815939 1.23142812204359 -0.279068165780624
-1.06167908181425 1.59279208539318 -0.108010640144606
-1.98110182743776 0.616922649756049 -0.596950405937564
-1.4484606920093 2.31215004057892 1.0393120575212
-2.51372971623557 1.79525413122505 1.10783154688431
-1.76200420879722 0.528020797050422 1.23191726468492
-0.567689692148892 1.02108516344792 0.402098647027046
-1.14296193498341 -0.974139337610317 -0.496761203529911
-2.20414313097571 0.930497533953344 -0.558282169382299
-2.71599038037004 0.426836284447079 -0.487019128757658
-1.92005433183166 -0.236383714074693 -1.08094213994014
0.671396530184894 -1.18396264824963 -0.608566963860075
-2.38134666547949 -0.68141272901766 -0.814379545500337
-2.49057898913545 -1.00958178564194 -0.36901486003422
-2.50923417986293 0.228866319980692 -0.168036073617892
-2.49018868946076 0.883951778875173 -2.03919408216062
-2.27230805534278 0.397042665619095 0.335224907891353
-1.08424557254304 0.497775714779826 -1.46665700575043
-2.10887719304878 2.24485704754914 1.90383013140484
-1.31267605936307 0.118797879692887 -0.647119542410798
-1.94703265552666 -0.263949038903934 0.499004487574994
-1.66139118871617 2.87994262959671 1.29417062094546
-2.22593724887931 -0.460095449196134 2.09408060117625
-1.08146552440484 2.16374810590416 1.01384641829558
-0.274769751997136 1.00128942785502 0.647734441085146
-1.06938393076056 1.09162941937955 0.931256893436978
-1.28573269429452 0.766222183687645 1.19241412353045
-0.0777365091555016 1.40775614119676 2.74048310018258
-0.459755670050378 2.0430319922603 1.13802789697339
0.202097914785208 1.72749096596459 2.06171793322512
-0.665510718332968 0.736441845551451 -0.491468994551667
-0.645917016359872 -0.237221569465084 -0.366096008970289
-0.980182713352621 -0.0627243564442008 1.69606645092606
-0.40491315542971 0.656755254789552 0.522441978850969
-0.122795972129959 0.0355110494909252 0.847727469826931
-1.23584823353205 0.0770674934052568 0.195115977335874
-1.90994870804397 0.54785703033331 -1.60846279657359
-2.92047666253216 0.176446318090155 -0.843185474043185
-2.1061470264983 0.465468926120647 -1.08475696272055
-2.85489072180439 -0.795217454432417 -0.257754516046309
-2.42019877639213 1.2088974838306 0.761419981349649
-2.61940688932585 -0.262029213540418 -0.0598028239471559
-2.13223155053695 1.05284973526787 -0.575494520056689
-2.55383593522153 0.0154525711566111 -1.03646652825209
-2.11543434914337 0.743998328616813 -1.39208921084963
-1.32029166573579 0.269548270118414 -0.951419103699598
-2.17681875160536 -0.112607844636233 -0.839913730782384
-1.7059609280662 2.22979325821787 0.958880577916663
-1.89021524585633 1.05191117124636 -0.791002817571528
-1.88563580635061 -0.450548728136478 1.79861166152768
-0.941018435680472 0.992474966644817 -0.062630449737405
-0.429784105153149 1.83503879020298 0.940056794314965
0.456417870486067 2.16989566549555 1.40764978888559
0.156080596130547 1.46612934078249 1.75991874658982
-0.919486215555413 0.132586202633379 0.895669915301066
-2.38813741691649 0.296818538849954 0.383501024638931
-0.591329651317009 1.42183881003033 1.8861076617828
-1.22427748614717 2.16552701572009 1.63498903891479
-1.02827330437925 3.19527740866482 1.51120250824592
-0.0720492335504486 0.932394435704208 1.41117885060094
-1.7805138633577 1.29635121237642 1.21851418808664
-1.28190792838119 0.68538899871623 0.225441852471805
-1.05536567376888 1.25525285851929 -0.879960900223751
0.87086972661992 0.693925675955277 1.28973149387532
-1.38059945092593 1.38763339174698 -0.184273402036603
-2.25600290931869 1.55809736301226 1.24748428248863
-1.88964590475606 -0.078129612516157 -0.063078581119816
-1.45625915751424 1.74316349746102 0.829163386846852
-0.856026345657763 0.626952818873173 -0.451857936268459
-1.18179406887805 1.08554611987393 0.392788207711072
-2.06065531356271 -0.209349848604018 0.492982594769633
-0.580193138904108 -0.216571927458046 0.861305714684221
-1.91800337791662 1.58599817741078 0.736994576810597
-0.924969881314798 0.94394030104373 -0.0584575932472038
-1.35439433666049 0.843799140542548 -0.0638214569380364
-1.13054057251608 1.78554209731387 0.863439538531722
0.172427679051428 1.67312243598375 0.652644858736918
-1.91263620626845 0.944576727979488 0.33219376158258
-0.212348906841161 2.721236411405 2.30089387129051
-1.18608083136181 0.0319024340469733 -0.210448345701844
-0.856989206771324 2.7742838223425 1.98129714712568
-1.67117278948935 2.28331547656177 0.820872196149828
-2.27756879319485 1.8303330519484 0.622382606367075
-1.16194401640513 2.68765239868571 1.08245482126514
-0.531383008016939 2.02458663160895 1.06085916217316
-1.20442448324824 -0.335712626378191 1.21006498308678
0.0855560055024621 1.43766492565202 0.550712880578351
-1.03919075627505 1.07565813034383 0.697982701413879
-0.436848761208048 0.278276069818561 0.246772743305276
-0.956226934352981 1.11392775258311 0.400966001731038
-0.984239716770112 0.85755202213464 0.383357394018574
-1.12753479712643 1.2899223941215 0.695220651671662
0.440031441517567 1.18201282343302 -0.380156933125705
0.500316898961127 2.15080244541499 0.801928577369697
-1.67393247270248 0.214677072730673 0.0200736365009132
-0.703034506032073 2.32962577259386 1.81963198304694
-0.674446162278366 2.7555114995878 1.40905266158112
-0.54200027316034 2.23927642342387 1.2020545905263
-1.6452670657864 2.70456637014435 2.1199402348779
-0.875193260537334 1.81290592014607 1.24636441156265
-1.48991094306389 2.12729532133441 2.37922180466015
-1.24754919674992 2.95762224798359 1.54802256010001
0.330180993133646 -0.139218475847659 0.508064054359392
-0.769167709747189 -0.577379242722532 0.814830159088103
-0.912753442750593 0.0925446638284393 -1.24087305865719
-1.11335627923088 -0.0473826106658961 -0.559472679820749
0.356090257481259 -0.420949970075666 1.1135058194455
-0.333670029383162 2.2215376131482 1.21643878683948
-0.402767798855982 -0.075082563993782 0.702854917446027
-1.18090326765952 1.73591180025179 0.956289297783713
-0.198112981197115 0.243878166643996 -0.53265711543205
-1.26113395611798 1.33979667870063 0.456680142027065
-1.55647872800072 1.61639153837463 0.367116145078776
-1.30695662293448 2.13373693106889 0.569571851272957
-2.66481179963446 1.35045347252502 0.0432466450201129
-1.75863253808132 2.39183817180014 1.43023200973279
-1.98165595150353 -0.154730895449471 0.14018703151698
-0.749820819197521 1.5777502630838 1.35800663162097
-2.42139906371381 1.57850375464055 1.08391057716809
-3.37724887624111 1.66833507660717 0.0194107763993231
-0.957410976073277 0.981361867819228 0.327682934892835
-0.854807792005519 0.0919905556436548 -0.325350634433279
-1.30386390647643 0.599244803607674 -0.632163532821405
-2.78075288402362 -0.0481354207271988 -1.01449469666274
-1.71136796465397 -0.942058114687067 -0.907212906935956
-1.61603794241803 0.797556846908118 0.415191195597721
-2.52798837742879 0.556283038523746 0.313272731583102
-1.29294610808578 2.35231634723539 0.798344643258351
-1.99101133826069 -0.318466809146228 0.667629528104676
-1.76519249492974 -0.247730124599121 -0.151964658410734
-0.953842239442966 0.638588237216421 0.35985503003257
-0.206403032220915 1.67725248329544 0.32609817628072
-0.962484512282373 2.02268688422203 -0.106534148879023
-0.106402646267798 -0.656097341320398 1.76362670625409
-0.634429455224764 0.607770313634463 0.161457094998483
-1.93655022434867 1.83672370922789 0.434887249285819
-1.40574450150641 0.248327091958839 1.38907818282521
-0.555401135278836 0.713614044405984 0.172546155921323
-1.24170360681272 3.22156614028821 1.05683609624611
-0.899054183132776 0.327378771849169 -0.15971827370152
-2.44712443865745 -0.0527435926127993 -0.784550040374726
-2.22391652268439 -1.36810653778565 -1.36254602199348
-1.39602738743291 0.359157428795495 -1.16473386770322
-3.65537967586534 1.82264316837496 0.584796502346169
-1.90008821099392 0.195026821367453 -1.00561548618819
-2.26819224476753 1.53912005382102 -1.35948206868977
-2.62879318099714 0.189626102891702 -1.44795636769105
-1.48863113040175 -0.133744425553774 -0.274751026462866
-2.49135812766853 -0.299409379617857 -0.987966954044458
-1.11083472781076 0.0202661145725463 -0.229504426035102
-2.14391685682837 -0.339415378188447 -1.37422759093037
-0.18912690978087 0.622337602422973 -0.560054731684825
-1.70317776538696 0.574599673534135 -0.0515434093447311
-2.19213840663347 0.684068834093382 -1.57481943007688
-0.487216865642732 1.16518162923177 0.263362508878193
-0.878840658691697 -0.194025742682336 1.25065567932643
-3.58085860919596 -1.4294020355628 -1.64003784244424
-1.81459048919683 0.190781345846174 -0.811746226128909
-1.36738557054259 0.654282958349108 -0.839277631251429
-0.64928417623441 1.04350141253595 -0.34496119586642
-0.167771770914709 1.8729503623555 -0.388260533190991
-2.14404190858878 0.37999606548969 -0.977947435413937
-1.37559806878798 0.939531377102518 -0.0201252378643576
-2.08370293191049 0.0537277497515217 -1.59892435642535
-2.52048373657636 0.0552768675583531 -1.15729227383648
-1.06670051710807 0.275538141366746 -0.262304280481187
-1.61353675161511 -1.44696076477798 0.648845370962846
-1.77565581169847 1.32856499889716 0.560239572968631
-3.58029538626292 0.153325276734284 -1.18040380160214
-1.64958496032808 2.3992581352843 0.257642904543402
-1.41589258694585 1.04655531416683 0.0217187026759931
-1.7536762348857 -0.991275140378937 -1.15891368494737
-1.53380245983441 0.49526549039636 0.0466479885292315
-1.23417405419901 1.59003960564763 0.0891855378139418
-0.195163636172574 0.810753173875591 0.39430314130276
-1.69513198078776 1.01450313526028 0.509484086741924
-1.58428365331473 1.77621544309554 0.303592911277221
-1.01221595657969 1.22645415572879 1.21774904712836
-1.77457881775427 -0.0263189123996463 -0.207433048440105
-1.46550844444969 0.597236908513863 -0.384489373324206
0.978396640767218 0.469098913706501 1.77989398695092
-0.84181206443142 0.312204496534156 1.44304839033577
-0.727487523305147 0.714858339595447 1.07309211325951
-1.92110439848012 3.01653135755416 0.0103418561906735
-1.56982366469366 -0.320970440137787 -1.51337081070401
-0.519487578574214 2.04463639264795 1.35222919489726
-1.16411722365016 0.672292287896899 -0.028915554823655
-0.520513420756 0.460770013862965 0.0427152436463249
-0.262465833299419 0.692447641926096 2.77532717125524
-1.85890989710437 0.545781887140402 1.8856022089878
-3.184953275214 1.11920988219535 0.461331784329318
-2.53175502979709 0.82388704386925 -0.464341377224847
0.206100942966497 0.513287926107728 1.04468915359897
-0.894571418337013 1.27946457574583 0.682626273941996
-2.56135352089742 0.919714959067885 0.734725867951035
-0.789123783559925 0.773359698259479 1.35705449765012
-0.169424824549117 2.33241924815465 1.04524110328225
-0.361303239154493 1.86667435335031 1.60289922053752
-1.40187541495558 1.07116779132262 0.595872837015691
-0.63508282845268 1.53394787056747 1.64380810920505
0.169535606648739 2.60560773784954 0.368563107206542
-2.05806631944938 0.615318132744177 1.25082284513818
-0.449500641995882 1.03226498808942 1.36331522663877
-0.441579918569764 2.2565476454257 0.558242112619427
-1.22380297733925 2.20129328616331 0.994427355199647
-0.523844911869097 -1.31182591444616 1.55708930959458
-0.900920324170887 1.06920942843276 -0.112156918330036
-2.15410137723782 0.36433615046493 -0.0249755512994549
-1.28602038264791 1.68932795767269 2.36318291210637
0.67414889198647 1.82057433326756 2.31713132745077
-0.411977823816886 0.508803420895552 0.270203817656702
-0.336832211138763 1.08941085793246 0.681384951949448
0.543368695256936 -0.728106071596154 0.226940621472908
0.115578672908343 1.66035211570798 0.611946743360898
-0.730677855113599 2.93035555748464 1.06873599253502
-0.0903520718926276 1.80110490810056 -0.352344828723296
-1.72011558288691 0.0333653497518968 -0.368014774581372
-1.90155845982029 0.882642696706897 1.88796750646146
-1.00938164902866 0.783226145597726 0.550865562545011
-1.38159218126969 2.47032515389448 1.61030613573971
-1.31476195791297 1.6294005027878 1.24057756272648
-1.64897770100029 1.22353336562096 0.504835002905847
-0.526539686399502 0.966926055242035 -0.126833850148227
-1.42279220064715 2.03044055992577 0.43238138909887
-2.04815784620547 0.60597784047219 0.288930424397356
-0.822146604955933 1.99295867721494 0.833891487276299
-1.60193954655972 1.38373614750477 0.510775794060316
-0.782701906106592 0.128076045705365 -0.097813247491098
-1.34966410617014 -0.171402894924498 -0.327555261822566
-0.203238514353135 0.773720311312331 0.862586960284157
0.225528712083009 1.13267261015689 0.868989819381968
-1.60368153942582 1.13327842466003 0.185710886524349
0.54846130109886 0.801464755623199 0.132685903955261
-1.0292471823497 -0.373517313158724 1.86440711299134
-2.04143618913716 0.888282753258577 0.294937678534104
-2.12589555034712 0.323727909774688 0.239548253639554
-1.77398253950051 0.480656095981354 1.04249168266543
-0.160403769199708 4.29538457192808 2.37939487034527
0.0601350503536115 3.86631933816866 1.54895289798107
0.120952246175498 2.46557431817159 1.94688375577161
0.182493853042046 1.16767266790497 1.32131791510989
-0.722660980853365 3.40556071300201 2.74474015202055
-0.805854215523929 3.94166453352862 2.08905956035748
-1.47088420827122 1.88913428877341 1.24964726937501
0.0756956618088961 1.17892729532693 -0.424305501082243
-0.233939209205749 1.62958199972868 0.715979875676711
0.324219162282395 2.32665253469692 0.623921816630073
0.0117497486030195 3.68452433476569 1.80111092429645
-0.363358917935802 2.76793092117186 0.825595540072605
0.641459360133917 3.09377925001418 1.22205660065565
1.02689258758654 2.78940159276352 1.60608162354356
0.584586428689045 1.12409016355989 1.19055662937081
-0.985415676978665 2.23981518357358 1.79411425538453
-1.49124493631937 2.43587775132 1.89132121552321
-0.210334669471645 2.35316201542559 2.1789508657949
-0.376122366444228 2.55596278874495 1.17498233129607
-0.000696453983371925 1.61798287373431 0.139826686734421
-0.384795549759909 2.65010199985693 1.97385898290362
-0.467732219291413 3.20435099950601 1.55438404403717
-0.00752704954316753 3.02917907898222 1.81226486765203
-0.454050661718482 1.67279967296201 0.749799745753592
-0.954512165395164 3.36758005157882 2.85220464070145
0.24733860704566 2.77570934324141 1.77806040334475
1.96283004008038 1.61665389687471 1.41980795065669
-1.42572605072697 2.21715569796008 -0.0465009987736701
-0.950645029419401 2.55866452697777 0.0806442428938774
0.180472333162949 1.56554057093292 2.99825671500605
-0.498185320263145 1.90105493489948 0.976176306898691
-0.699891190991763 3.88291564648522 2.14447315051009
-0.194682989902728 0.958429753907763 -0.0755293815697791
-0.00417101409104831 1.15771377053274 0.402449209252901
-1.16224163096332 1.83450143046871 0.365890948696997
0.678872955409424 1.57688877117656 1.2548423484402
-0.970160664979804 2.49808390038708 -1.32519491946927
-0.969795365561362 0.504839021734341 0.781957298629451
-1.26377346265275 1.76048184608386 1.55009993505723
-0.561724967625611 1.05178503583672 -0.308029942396329
-1.14637029337614 1.88197673402479 0.930358316510004
-0.525736169353934 0.823145509769396 1.48342373579321
0.203744243761493 1.34445025047588 1.16006540416045
-0.805511052376301 1.39557082730639 -0.229279589965435
-0.802133957597051 1.75597365076914 1.57495528490825
-1.49602526733629 0.596324333145562 0.199279402399804
-1.26262230307533 1.34945584078675 -0.0694811060387302
-0.850780719705744 1.78768226263146 0.0680836014303658
-0.146953950528759 1.3394759196645 0.557720442974153
-2.07670326587852 1.08834492501513 0.28768365976792
-0.444760475455179 0.0632952620510001 -0.210049480574518
-0.273053278258321 2.83578561542805 1.94045960952443
-0.56151199368683 0.372247880943701 1.38153104861548
-1.5316019984386 1.86330585759178 0.353826224710827
-1.30970245124963 0.113135003700095 0.817784930909982
-0.991922329215266 2.54259581911982 1.14683659580515
-0.546575998476969 3.34142818200398 1.880983228135
-1.67171959987358 0.5093050114432 0.414925288088466
-2.37260708598931 1.48289665476253 0.264854260393217
-1.4178663931554 0.708281584794983 -0.110462850897573
-2.65352635480059 1.11678564092441 -0.41493459060287
-1.15846711204157 2.13731745667749 0.0095305459208169
-0.223875595985343 1.44411391885744 -1.25671145230688
-1.54759928653256 0.686490674035958 0.587430895687491
-0.0319096276410724 0.683708244775465 0.354310542733036
0.257437587125358 0.575597290011216 -0.189856889993273
-0.240254591470184 1.36473461019401 0.581949742122643
-2.00397403216474 0.890544712867431 0.192421721785826
0.174700072451831 0.0962138201192335 -1.008310505346
-0.117673078950574 1.16567973711925 -0.705371495761104
-3.71722789458911 1.54692821380624 -0.0351584460408684
-2.10778782283148 1.10800243617151 -0.269299339331505
-2.32227015729195 1.32893722042848 1.15362450410843
-2.18207324495007 0.203377253921211 -0.500514221318631
-1.38907398982347 1.02386186754499 1.88814670789815
-2.73161170303504 0.73891111971447 -0.0309978626956113
-1.4138120517696 0.482133794944179 0.998297424534131
-3.4125902394164 0.0602262155252579 0.354571829479783
0.712257560157114 0.252614658746711 1.29940132517853
-0.381248560710252 0.327697302908728 -0.84488380371453
-1.82133138513888 -0.0265679445054417 -0.191795386953509
-1.59918589582811 0.367933409127831 1.22265015705064
-1.39355718922437 0.503973322353117 -0.411641562161296
-1.69900949339778 1.01610206664854 1.02554532082068
-2.34638328772066 0.854084804965119 -0.427626635273409
-0.485052521246799 0.367723057546548 0.059541371530406
-0.745095127564111 2.1161271412327 0.312366254150208
-2.95679173863296 1.47645530848186 -0.145025262192745
-0.543108785223128 1.41508450588899 1.80363121895902
-0.685894376423965 -1.2992296967834 0.166838678291361
-1.28063952602094 2.38065897376821 0.558868570113567
-1.97127138979224 1.27257550716592 0.644937300364614
-1.24994268402789 1.92445722531107 0.402149454695333
0.123414261496504 2.10136465757322 0.484861500331491
-0.582566580228461 0.951416992306046 -0.219194989323672
-0.964110447041155 -0.400304365858445 -0.896147358677893
-1.85040992956107 1.85420434609993 -0.276152971381706
-0.417453884715705 1.77370961735209 1.849373423963
-0.881599670312892 -0.487865815537567 -0.782423862579007
-0.216175342595428 1.26880588726137 0.957699906960322
-0.739284649375861 1.70725073356154 1.33847652694221
-0.359191303387615 0.505774243308837 0.320309198954961
-0.631731043677374 1.95161277802012 0.594172139922637
-1.8921452546416 1.87636772614372 1.35161912192928
0.0604081201189578 -0.132205266753811 0.9005157460556
0.0346629333606607 1.17214595409004 0.31445304417093
-1.22255716705172 -0.304386465600257 -0.414569246593955
-0.128426607185039 1.49003819175907 -1.04349359437745
-0.75317242365055 3.26797978393148 2.24856824395859
0.983715623308435 4.76588957931371 2.46415095799978
-0.475156910417238 3.86416809915245 2.56355644077722
0.634080927792159 3.29316579893382 2.44950092922749
0.104240068855776 1.9628313785889 0.927047833233466
-0.258058091629663 0.802216286789846 2.841744671674
-1.30599166837669 1.09900292225457 0.0312516622365839
-1.62831231589257 2.57106953932852 0.749125423647089
0.084349450267769 2.78718068314661 0.822425934696457
-0.942762536923923 3.01304218694497 2.00804584945001
-1.55813232453962 2.52381109727987 1.15346852849492
0.0455780451793821 1.68806935491987 1.08527283199115
-2.85145519259783 0.709305131473796 -0.157524730138752
-2.23650637004983 -0.0251743410673254 -0.383511348484697
-1.15816345599522 1.87829485346621 0.847992789338864
0.476032429839329 1.70270195719855 0.854224226383156
-1.24930075627078 1.49560710055194 0.778417567437611
-0.617962860912068 2.84984721210608 2.81854956799471
-1.18320790771586 0.998089912397396 2.40992540059992
-1.25101543209406 2.31416649116646 0.959174852000055
-1.63107506838988 3.16887896192066 1.91412061293757
-4.49146879351713 3.45940979592725 2.36433620881472
-0.994018919562591 1.15913321999013 0.557432027238167
-0.605299097641511 0.536904407145433 1.25616392390086
-1.40768130619394 2.83626594666692 1.72761390011477
0.421176523908928 1.86670599198239 1.98839681042819
-1.13551079327746 1.98397125763218 -1.14758058350177
0.0323079908843515 3.66885993851967 -0.829030660439658
-2.30017456900868 2.16114595575674 0.499112658865572
-0.0448561561874771 1.18226803086362 0.769513189248012
0.422517903567329 2.0830246205051 0.963442724883696
-1.32245904660706 1.70769983350018 0.10243361484298
-0.739499940118288 1.40478903592195 1.46909149476588
-1.28025430763847 1.10314797610029 0.385171525976809
-0.296610976150482 1.47425134245341 1.40857934008167
-1.58775203152274 1.39580041134764 0.521237539431589
-1.36086648581658 -0.19738574578616 -0.0540602663890352
-0.623270767444477 0.417114948659433 -0.15614649903684
-0.427135795702909 -0.786128116132799 0.0299091485588809
-1.96877379943164 1.84406811911116 0.98540193425517
-0.942939760190026 2.11495537629761 0.793041059101828
-0.150245253144012 1.56032466624827 2.13969272546599
-2.01722159831414 0.693914501744488 -0.41148902732922
0.884268740865677 -0.342621769644959 0.887456358093805
-1.56929913434321 1.3489704811935 1.56741641583735
-1.26863784042427 2.70246882782898 0.640908667677785
0.488260210857028 0.526162331030147 0.175008633157195
-1.1240955515262 1.31827998102915 0.897674119737143
-1.12648130017748 2.60918073655041 1.24582986442492
0.112979123434856 2.28868806884579 1.37569482985317
0.367515628140179 0.912840017605902 1.22021550827684
-0.328093830430217 1.55262659488702 0.921852934611865
-0.562510604111795 2.1929593727494 1.78361560429873
-2.16268102442897 1.90988661725771 0.744845974204823
-0.514783402257547 2.1398103316831 1.48959770977996
-0.132924356309033 1.07031754248368 0.0320114334892247
-1.89524964554819 2.57355851949645 1.5406189899538
-0.0536509632244416 2.00293589351626 1.37277701628632
0.123735716962775 1.95092596814335 1.09346868405511
0.865794451746775 2.78701342690608 2.07871787277977
-0.684382947355523 1.96003503528002 0.996515386793899
-0.14812893644299 2.1661099877968 2.15160620710982
-1.53886480480869 1.54009981853018 1.86145926448419
-0.529062998111389 0.551315243068712 1.32468085512408
-0.831262987321911 0.963962924617007 0.0249008770106552
-1.13929289608188 0.788224512779247 1.66174649668297
-1.18784344686573 0.178728838895508 -0.840675025175233
-0.0512985827683339 0.420519966768779 0.0380324260227763
-0.790376503642097 1.70895819269777 1.30674033576405
-0.86419827135656 1.97520061020543 0.813480055546248
-0.504185083813282 1.14757592633825 1.27786146938097
-1.84914742623452 0.885136114644489 -0.446396897248329
-1.1849371152144 0.981496209686609 0.773868168698788
-0.643452270595894 1.46243007159749 0.139459516305609
-1.86434275769291 1.16530478050079 1.89003951072456
-1.4011879395571 2.35144020581598 0.967633063799528
-1.0274072272303 2.44141531269672 1.12674228412418
0.0275952076801586 0.116136801097574 0.727770217297982
1.12155437461579 0.932205206763852 1.96441956593369
-1.80974486756202 3.13266012948705 -0.189834839071561
-0.625859645901575 1.53145188555444 2.13879589785994
0.615135682569031 2.41345589353299 1.79755782205406
-0.131581075893033 -0.641932175691432 2.61745320015801
0.12123220762527 2.0288279414373 1.51931502948497
0.681664431070065 1.87849909359518 1.06137983642859
-0.397866349209622 1.72232939431323 1.71388360331692
1.4582130669713 2.23208257859908 2.21776393914164
-0.504635223825679 3.05877116324026 2.36325142457498
0.698553674406072 2.68905356926787 2.9409139766467
-0.416904425161303 1.87175700183281 2.22271383530285
-0.433454607804882 1.52330728414825 1.67096550276624
-0.561391015643557 2.15444811145378 2.38476870790958
-0.0700019900834052 2.24319847202818 1.46931951358448
1.05964104371593 2.1462244752444 2.32060646838546
0.139603447425682 2.6285238538336 1.7254553975282
0.274109839834438 2.49007712447286 0.867906387963998
0.747821881728411 1.462596642842 0.868531987645395
-1.2905797458062 2.0964588066217 1.43614150962234
-1.30227483215746 1.02749810272974 1.56130017697433
-1.62194873511138 1.62434622579495 0.898935523485491
-0.204913505084604 0.841232404674732 0.366103389939938
-0.826335004011829 2.52443694648067 1.15604572206882
-0.927989433715873 3.07329438495712 2.26736063558794
-0.172020859949132 -0.0966153191741081 1.26157025613092
-1.91118609319978 2.86537944780265 2.28072815823812
-1.39201641695186 1.85874098218003 1.25599271434322
-1.91826196897418 1.28275137957431 0.210450705006253
0.253979816750742 2.42810028007877 1.99674683970894
-0.483879393289838 1.08800008291356 1.19573038225769
-0.382837654878751 2.91632826334466 1.16299115807098
-0.977430840488203 1.88001624268018 1.25846275416785
-0.317285934738815 1.89550027428935 2.22267600897431
-1.53822502327189 1.7580552668916 1.12543872442453
-2.08521909649122 1.28729819972021 0.612522650712602
-1.86297632156969 2.22232682594716 1.0273951109793
-2.28173409040881 4.00969208933119 1.31829151816876
0.29629965803314 2.20765491934902 1.46526072265595
-0.823399018715982 3.15882766605845 1.04744888420885
-1.33103371755818 1.72133630836471 0.814970660453956
-0.863060230672693 1.69140889194066 0.400377415740912
-2.59936608330678 2.90524876035239 -0.543534722305619
-1.99145853215586 1.69329396792543 -0.0958907020722658
-2.60843367656496 -1.30632380369018 -0.486287574970919
-1.31151535975918 1.18764425672954 0.603337334061338
-1.77373929020765 0.767214038132667 -0.769779960651072
-1.42883376717453 0.0375839766218389 -0.952532751903976
-1.39356693529561 1.50989933716812 -0.0785149096592213
-1.7688003954539 0.512257886970009 -0.265568750777503
-0.432009572801281 1.30935172463141 0.749665666127287
-0.096169558611754 -0.301194219363968 0.831079040691869
-1.39808860462165 -0.0101634735772276 0.99123631280969
-1.76400990074373 -0.543384807827367 -1.37265099666385
-2.37190354309847 1.29988234282369 -0.0224825587363149
-0.371842872880206 0.983465357631316 0.498483749284306
-1.54491847535961 -0.966053526018114 -0.526169752862218
-1.94988134957394 0.740627611014733 -0.01692354590596
-0.891852832227177 -0.519998151918563 -0.152613041000929
-1.08968695531253 -0.839769478097646 -0.590124725089905
-2.52424472019712 0.19422329363568 0.0782176181667332
-1.79874789059692 0.269208461446364 0.764462720004644
-2.82167974332558 -1.0425496037133 -0.820724701804717
-3.29087757646443 -0.509651409629228 -0.987581637874003
-2.45169656871245 0.0936962515177532 -2.23011226282669
-1.42741275083329 -0.762691743576927 -0.752305221813422
-0.187620566928019 -0.142214712805589 0.60817919826502
-3.67172598824137 0.653340390046023 -1.32955413725161
-1.71632359561703 -0.347533081703663 -3.08489776098238
-2.52918218375093 -0.201094750516882 -1.9341103270676
-2.1909495790719 0.444803994648232 0.443733992538454
-1.30895743011504 0.593581774327398 0.286800758866566
-0.797507105685985 0.577055995006801 -0.224431708263849
-2.90179731597488 1.00303052795579 1.75324203264921
0.684744134422908 1.11497422181789 0.276479505405551
-1.38227771393887 0.893593838927933 1.03428088117507
-0.778334277886698 -0.119340274217778 0.336926558618593
-2.2457413955642 1.73621030392368 -0.493439497461315
-2.77490968674718 1.2324825228302 0.220781582908832
-1.22854343172868 -0.173360115334354 0.052825252959262
-1.44572981556794 -0.282644453493069 -0.884889774356841
-1.47803816857983 0.592503712453934 0.689927428717189
-1.08748125156254 -0.377833558354921 0.0967450911504223
-1.89719270729366 0.557530484628846 -0.10756992791538
-2.36021161527481 -0.159513238446061 -0.26910555022719
-2.27811929897336 0.667248040450356 0.446487348403727
-3.3833635342115 1.01231972556605 -0.749489550626252
-2.39567688827203 1.36197212979024 0.430700815504117
-0.875086562586233 1.28737240502201 -0.718354701953342
-1.75481723852704 2.05073947142453 0.253741313226471
-1.14303230305866 2.50846184642409 1.09013869321774
-0.762052230127353 0.98695890342716 0.208495793564273
-0.593373191839507 0.792543458745362 0.656205696571476
-0.906152932080144 1.42330080787134 1.24878348970124
-2.2130779265035 1.10312275844962 -0.339858495224232
-3.50734211096568 0.565667517371015 -0.530018670795324
-0.829838676025722 0.676593000129063 0.365111004422235
0.901168195248161 1.59871486762467 0.204239081041401
-1.39722355164652 0.229656284433657 -0.720553667892041
-2.17814738229622 1.69753825184944 0.174625970138525
-2.06428938608728 -0.572160899224622 -1.03835556781999
-2.3475254549571 0.311345859876724 -0.759746390827244
-2.56616726874079 -0.69462007995738 -1.68172435896664
-1.50750340539275 -1.42518153702124 -1.10679391393073
-1.44482827275051 0.69605050381397 -0.539601017933675
-3.01202434696288 0.754644784204612 -0.218300648356609
-1.67795983140693 -0.302242675907668 -2.07694036441041
-1.56231646261211 0.62336372087585 1.19738605556009
-1.65359315809195 -0.116270631732726 0.738090664517734
-1.5536062258158 -0.612315670066305 -0.556038744841988
-1.30181740789932 -0.403199030224957 -0.71166062410899
-1.74746970869111 0.0534950505007513 1.41504931633282
-1.08711354164303 0.53031617464612 -1.03182551084581
-2.05043356890771 1.19846683427771 -1.72241782617288
-4.01289738998536 -0.280413038037473 -0.656185772547241
-1.77260412538212 0.0117589459253714 -0.28745140441886
-3.22261997386681 0.658692150626999 -0.727645326849669
-3.43622471660605 1.58228890142995 1.52519817729574
-2.0646526928627 -0.240196691888689 2.41856483584106
-1.0250504515591 -0.59587429357206 -0.716659316460014
-0.440501807099235 0.0500883369005768 -1.01416668928303
-0.321122357295467 1.04869833778185 -0.284096762998436
-0.652606683883101 -2.90335038496179 -1.37626525370229
-0.32462324194226 0.283472500083334 0.992645448714663
-2.12101402642084 -0.42164961541285 -0.64186094891721
-1.14659515699208 2.25420087504669 1.55080455301983
-1.28256803579487 0.540814588985157 0.520436628546983
-1.08635436844855 2.38112622984075 2.12037291287568
-1.6104951950233 1.86030844573381 1.13997351457815
-1.36943529418813 1.56252290880055 0.12493213897877
-1.14680222675287 2.98011001889488 1.36416874142125
-0.768031733169771 1.55985043966624 0.569159011456042
-0.759862860301567 1.20285312205445 0.362087094622083
-1.42676758738588 0.340570721754207 -0.278905518510237
-0.392524689707797 1.43622729858918 1.55791385539677
-0.984501381697477 1.54162946987405 0.874759727546559
-0.490929981455986 1.98812432634115 1.11609445866572
-1.35420072606959 2.71696811803125 1.76856501411975
0.11342064767791 -0.800610484013218 1.35570559403097
-3.13756988583337 1.58280635858023 0.756155029824559
-0.581837941849582 1.92938391102675 0.911085666161411
-1.83234314855215 1.44926918796936 1.19652540327404
-0.373159853913894 1.27053813706765 1.76053548063818
-2.00858715542613 2.21044171832672 -1.3545853835636
-0.761340186549445 0.924328249143772 -0.81852815210958
-0.810970020605758 1.34281602626013 1.36019908118607
-1.66241591361223 0.387764728108108 0.756996106409601
-0.784250552639979 1.80338250061434 1.61738768608377
0.410669568118045 1.91846598980432 2.29513017996771
0.218560533421003 1.1932541578707 1.81824053770264
1.07679613432 1.96519850025253 1.14811971882754
-3.2099462197872 1.34525494017376 0.565410952073855
0.406862761883845 2.45998986906008 1.7155098707916
-2.90908215890486 2.52233291662345 3.24167036671903
-0.711314030771278 2.01912393823386 1.25288499786376
-0.0985373131299471 1.60100767770913 0.242606245238695
-2.46502022419879 1.43157841319945 0.602755699118546
-0.856246635775731 1.93753334739807 1.89953791343417
-1.29853617469092 2.20600613924598 1.71152386464918
-2.00458373806414 1.68585562533706 -0.386721234742886
-2.61300834902314 -0.303688063124837 -1.19360473294464
-1.83809072113488 1.97027425289099 0.580556386508035
-2.01063193576062 -1.39037631538988 -1.0240880277
0.17758495558864 0.739821829995933 0.624823484537101
0.285035355210367 1.13585248559053 0.409754023769052
-1.48185000169887 2.91770654046341 1.09545803257243
-2.0651949692913 0.390705369209469 0.483174867079305
-1.55410505045654 -0.891600536319922 -0.999445460663614
-2.18944541436496 1.65339053441724 0.699735328502028
-0.929788342696402 0.758401771497698 0.620784422802495
-1.09082326898059 0.184674346829662 0.459106001327804
-2.26402627774496 -0.401091335468528 -1.60481418805648
-1.68421808606385 0.164918521320768 -1.46228506059037
-1.74789076601685 0.178589240674184 -1.27533843922462
-2.77377211286375 0.530004417404891 2.10028622591666
-1.96545704176365 0.644280588615746 -0.120572511279065
-0.854116024807914 0.637658179758038 1.89176786601576
-2.01918266456641 0.982417303425077 -0.727203684009875
-3.36598768358229 1.10551115985956 0.160991206375018
-0.698821930121521 1.76507186724264 1.39717412943948
-0.982629346527138 2.52068951282773 2.4820915059779
-1.02190137776198 2.2315842555274 0.913279016910493
-2.14556644914457 2.23643608416564 1.71944049869645
-1.33030887470552 0.978781365194709 0.655246409439761
0.197088901773614 0.716121358060351 -0.512986556359698
0.165211817277468 1.57669405575103 1.38895176858197
-1.34034249363482 0.314848431240239 0.309469819136997
-1.95118471337158 0.523725561926367 -0.0477134284526379
-3.06155812985492 -0.399639807753834 0.21002774612275
-1.07965486057963 0.773545490311416 0.408869091969747
-1.28143321927871 1.5381608918009 0.672252115255313
-1.65685251034108 1.50870544972359 1.69372093698756
-0.459034606774588 1.04530634938583 0.728421133198442
-0.715847271052446 1.93639480149259 0.779564449409709
-1.82113062057087 0.385762719628817 -0.69172438439727
-0.944613017981848 0.696673756802754 0.735670315285071
-0.0271715205517923 1.39173513058041 0.0499723203281183
-0.536777834102161 2.27998146283254 1.42264953576109
-1.63811791684385 0.400973957970207 -1.34404536231614
-0.593536378989694 0.706369746862252 1.16466929678028
-0.700523873167416 1.28852877300151 0.329502379263233
-0.792468898883218 1.24847349865554 0.801549506692347
-1.32759855985351 0.19240741676013 -0.461140458751138
-1.05521406869937 1.43085476078261 0.453956192946816
