-0.272981298546197 0.185967949079363 1.37512237659911
-0.825959251040802 2.71891677540624 2.29996291455892
-1.43180134068138 1.90827685768652 1.91627084857137
0.0857528916923852 1.27784102367714 2.01567326021809
-2.18077747140129 0.846510955171996 1.80967066061037
0.818115839981601 0.769975633609714 2.96551256470767
0.218576379633973 1.22311376108271 2.51658636601698
-2.19111428867964 0.0951432109964195 0.681088677906424
0.427708479094531 1.38727175658941 2.28412270147901
-0.776360965624189 0.835167546445354 3.27984108696443
-0.254979475713063 1.78401485806961 2.15800001446085
0.272878314075559 2.12844230606166 2.45320996093589
-0.47801322995083 -0.0167872062701588 2.82762877940551
-0.308137452709903 0.122399727205296 1.38286426630348
0.361143260785027 0.836155160688991 1.66041193259249
0.194687323370711 1.87357680734948 1.35018600845413
-1.36540685218939 0.796602919784101 2.81479463154187
1.01589884676668 1.18461843947848 3.28088941394225
-1.01034622915441 2.36131645969458 0.435563713846931
-1.77591000906177 2.88009669439992 1.99488837292069
-0.924974742098574 -0.267943350060041 3.20863171423243
0.862448461037822 1.93750792080436 2.76208237501762
-0.200865325322531 1.31256051337484 1.77876668548936
-0.488549970150165 0.454184748840775 1.38276079047168
0.155723885748781 -0.292337315164411 1.69848065891676
1.58259834898416 2.57417878648949 3.4942520733955
1.4230190840082 2.4606472804724 2.44354418280936
0.618719913290176 2.04669083323785 2.44151062912808
-0.591701115915774 -0.325853405110081 1.40804203764296
-2.01989798334149 1.91799146328719 1.62576771527852
0.842245894713304 0.52213991743713 2.69794625692182
-1.55197668445464 3.76946339724817 1.49094502660245
-1.08513620698983 4.06249553201777 1.44851316859979
-0.160721127158482 0.585978737265393 0.877190145400825
-2.78439401162275 -0.0346097123532815 1.33926099093007
-0.831255868453777 1.39666653913953 1.83545316530242
0.31098593673755 0.575480643785004 1.75474885289044
-3.47543508638808 0.0466323065025655 0.416412814250042
-0.155585811949362 -0.0652966655310232 1.22754081673452
-0.828213588813493 1.19126026238776 2.62215323061821
-0.297403507023855 0.736154139820395 1.77063782391756
-0.795286565488722 0.515473739316468 0.603646867910176
0.0343065276262253 1.21798240687005 2.74620453600226
-0.614604992366282 0.375187088735535 2.12823642919814
-0.839854107258216 0.399777679827672 0.683121182872189
0.209475122859023 2.06583741404962 2.39997023569402
-0.522799989057366 0.579733114236066 0.770865299536972
0.518004430174953 0.714662075025201 2.62257979806054
-2.1800692361871 -1.32477534878385 1.43463061804504
-0.474795898085821 0.833981871911968 0.76841617552526
-0.562534520772965 0.592794543051204 0.813981242597994
-0.698102883890699 -0.699291366571261 0.817291394274572
-1.05220258504944 0.385904377479566 1.3117152178489
-2.22816410130578 -0.21092595910281 0.222221000612781
-0.486007031546178 1.1272185668698 -0.130486220860281
-1.83146239183867 -0.0830348261775233 0.865560577272839
-1.54154657091188 -0.324391728327324 0.735371965519317
-1.03916432311903 1.2597312291162 2.28044808613856
-0.835198803092487 0.846106018361369 1.32535461141723
-1.20383994378885 0.965792396519001 0.780295530282144
-0.968133085169532 0.300286937784421 0.915985389801779
-1.84497105898045 0.351964803056172 1.07650237652619
-1.2286760499242 -0.000660872575670345 0.518363119146014
-1.47851032035321 0.0963329347500848 0.141250381371326
-0.922443748718669 0.248891064570154 -0.0198211628248948
-1.01205624768454 -1.14108358783489 1.98446949250058
-1.6282474469793 1.30977303220415 0.75163078538886
-0.466052254134699 0.346496563889792 0.975814428243234
-1.45168372473975 0.257944929801944 0.990714444102927
-1.17575154756808 2.14121711861141 1.53322867363711
-0.532750125008878 1.10812057163319 0.389380079475568
-1.33883280988167 1.94443268569606 -0.357724987952612
-1.63945097786737 1.95648547175817 1.26825192073318
-0.928979906666218 -0.23632363680375 1.3259536000915
-1.58963088380679 0.639065049697802 0.140691680019775
-0.990515007033457 2.34657544621555 1.68960989519773
-0.630194950216279 0.521742572721394 0.780939815966062
-0.855217240667687 -0.967028529639375 0.852925316709492
-1.59577843702515 -0.991025762776047 0.319626264275223
-1.52911457599721 0.088160210156172 1.77877742606919
-0.757347989700309 -0.223964876660012 1.98171992815178
-0.378843783769071 -0.796599741641864 1.58976196496043
-0.969620861708517 0.646446040331661 -0.0248983879202064
-1.28903922467169 1.44453829070531 0.753273766020693
-1.31702523398218 2.12039815587923 0.5635461350142
-2.35998017205611 0.0519453719497287 0.77261999774249
-2.54849815300786 -1.69977068470587 -0.299762319473991
-1.79302546813108 1.56201686212306 0.821877292269967
-0.882110253290185 0.499741032581444 0.281675474325275
-0.389359000811765 1.85027932555201 1.25177920974394
0.930026014257759 -0.558940833515086 3.23705100286447
-0.0929107041679783 1.08625799054746 1.34759517800598
-1.81665128074166 3.15728722540405 1.42521352146463
-1.64775224740116 0.0440634310068568 1.62689570130911
-1.13519783271314 0.234009758957628 0.412809242893179
-1.17037948872989 0.360332336415342 0.435689265647545
-2.45712692892002 0.752786016381222 0.158922031930651
-0.0519868588460897 1.8266259548535 1.46348605867665
0.236690905647878 -0.487334810061666 2.58118904024888
-2.29529783800662 0.0781701723786579 0.0521362629823192
-0.667338880199495 0.430305006467621 1.04555029211805
-0.290654688632568 -0.507699179300941 2.30321249978842
-1.94550196159762 0.501505122637351 1.14170545311398
-0.409491978716865 1.75669549669745 1.90663690335176
-1.99697442985381 -0.486791144922792 0.534482054308118
-2.69933112028274 0.129090244505303 0.780198312123906
-2.29195546661503 0.713188273153971 0.87972041428605
-2.12526200067466 0.447147279355519 0.312555776776356
-3.42188816452207 -1.59502327500292 1.31346925912861
-0.327080453473175 1.13704748338538 3.25022449593631
-1.31986321070545 -0.712110496203559 1.67595218574467
-1.33051443375155 -0.0388283310095638 -0.0592766400303095
-0.755829407304345 0.635315424775605 1.75398885322782
-0.863131387440647 1.64297343031367 3.23640484168192
-1.45860378012907 2.88768603027159 0.949466254463093
-0.813732465107975 0.323822144367423 0.913573916339218
0.0681016145151218 0.40943246935782 1.91899793125345
0.461668005624519 0.784616004509347 1.94943972498725
-0.601936999663415 1.01769508789125 2.78067411548191
-0.907310969941993 1.21767228069449 2.38466083066303
-0.74824154508867 1.03464958237912 0.0364647055898462
-0.785758066585008 2.09819303260994 1.11848432582677
-0.0525031962423925 1.72460113838003 1.46180130578108
-0.0623088555861867 2.64043369996538 1.10226129249194
-1.46305289436363 0.836267439390907 1.74817501232295
-0.370114953451721 2.06701703250323 1.71104184298665
-0.0101530741428008 0.00999884069635024 1.81739370189045
0.525723735355219 1.74386942165426 2.06635692127647
1.25771917906817 -3.54153595176878 2.87378780905605
0.68709486488512 0.122404793605309 2.23093342340755
-0.468930084472125 1.56081352249208 3.90029582444754
-0.212134703568758 1.53561167113842 0.628807952112092
0.741605326888872 1.24698791913348 2.68810109119491
0.605845478007599 1.24418888526027 2.14406013460348
0.274647486423373 0.972408676445831 1.45177034409933
-0.602715335817872 0.583640829208493 1.61572148592765
-0.364577280106063 0.59582847068148 1.56812010822127
-0.0274113959295612 1.19646384999016 1.98579081434279
-0.0233797455166554 1.99801094259129 1.70197006882128
0.494764662158258 2.21443501028236 2.71152647709449
0.266624199015188 1.01936802948199 2.16318662634334
-2.1358167380399 1.22333863420281 1.9037235793187
-0.296982164565899 1.63392423972962 1.88124454677351
-0.119804441114623 4.0689457529512 2.45423667164534
-1.34074701497926 1.67481667550558 1.87697355105155
-0.80741522670793 1.89611293715006 1.88670531655307
-0.341039482655145 -0.183753633945873 1.49296115604713
0.375170223234979 1.28297483584463 1.99411708304765
-0.817168210929814 1.36525462501037 1.43544123648737
-1.39885004939047 0.591210405409943 1.02952686830538
0.922172261869857 0.457516090942529 2.48849768160823
1.0048754014105 0.654982573091998 2.86380687957932
0.640631432726683 2.41587270679682 1.77201142081782
0.518396592008629 0.888711467058826 3.30391546079235
-0.0581239130619209 0.386463165302606 2.42327962950362
-1.25736058616798 1.75987897531142 2.78377204452587
1.2394375095002 1.29477049813026 2.70018077996473
0.67942485214063 1.38059658925478 2.23311027536041
-0.487919951831697 1.51534760844134 1.28041300309825
0.45552264897242 1.96223874433193 3.21795587107331
1.41121070392255 3.19857342105524 2.43979443113192
-2.44147220017072 4.07646596003442 2.69821084299337
0.107883961527847 0.861537365238382 1.52839881050541
-1.12856392445448 2.08378469590705 2.28059609469326
0.221159208774006 1.50448191402285 2.66720631273942
-0.74889709027531 2.44525981353407 2.54229750360802
-0.860040446938415 1.0931661425537 0.689062007219435
-0.198197816689451 1.29599772274706 0.943518455763287
-0.312842968380713 -1.48431725112159 1.48803008041998
-0.822187341170773 1.18253111553972 0.959392768829163
0.330068578266037 -1.50761288156263 2.10235777435808
-0.741415447025588 1.37548861485521 2.66492746264435
0.381162509088865 0.756103695337935 1.74367688718795
-2.43606030589398 0.788019577626114 1.23760210775516
0.373712233407073 1.35622575665421 2.10634894785343
-1.13861254680675 1.8616888456532 1.27373565467148
0.242629445221739 -0.337169915143684 2.19368555317611
-1.60878052680766 2.67363528801404 1.30807699379538
-0.619097424646552 1.95474229644147 2.00737638945673
0.962931717022137 1.56418854848259 1.86872114820376
-0.0200108026361996 1.92509040179352 2.27629101994593
-1.67215958883607 0.694065481390498 2.8141901280926
-0.562856559117701 0.829422653855329 2.42861755456776
0.624789502358724 2.20772148808199 2.13627295424726
1.07021720518863 1.6581198542183 3.01011374427816
0.0776316650482421 -0.257334083907457 2.34031221893291
-0.189704116397683 2.05255560762197 3.61319667262817
0.969514215568534 1.60426917807011 2.7220654373067
0.0772993340403539 1.58118146886437 1.49745379554363
0.472483995417964 -0.28145041483859 2.20426422809093
-0.94696307179198 2.86459925457179 1.67096173393444
1.1004122362412 0.578649800658546 3.11029055130766
0.159209114204059 1.67577577769847 2.21992835247276
0.201511980615525 1.47112125400907 1.82371348894341
0.339717359080108 0.665188661688832 2.49836301241604
0.153106371284645 1.54969417212117 2.1448468152064
0.511504644340654 2.95052840220893 2.90985074563309
0.197800804521995 0.535497653127875 2.76145578600084
0.121051471937541 0.760405678043023 2.45667930932626
0.0511055072127497 1.38721055503678 0.852746497038604
-0.731015424840708 3.4846021633755 2.03910718995491
-0.00413871963203899 1.24389308086276 1.68141866698491
0.435378048456517 0.643469409225063 3.31814366996058
-1.78547883913208 2.56833235593641 2.38721721219579
-0.327773906642526 2.98944366485388 1.28380169769027
-0.153176925974574 1.33552087356895 3.44337762161122
-0.467081988916126 -0.0964716485463346 1.8189611091474
-0.590228081707733 1.0486626684593 1.29022610966211
-0.777454600260037 -0.0852791254207212 0.0838298454225738
-0.883443946195956 1.58113142396599 1.42336873801797
-1.02279226860011 -1.16029779443131 1.17001250794217
-0.787558821440367 1.03423398515691 0.657955414552348
-1.18294653154618 0.635792144140187 1.87929112776281
-0.406253143476053 0.588324840248902 1.52150451663378
-0.456154248641679 0.885836074071122 1.36339712609867
0.12273326281609 2.4115423111129 0.172999346803651
-0.672220299579961 0.610794556993016 1.73555827513377
-0.723676971373919 3.07320367638012 3.16661269519066
1.10030884502623 1.96452137772068 2.58361612797519
0.153697421334444 -0.466431017940781 2.22788450447362
0.0469630981232782 1.2816455022821 1.42981598257991
-1.98631938176909 1.20212284664549 1.24503579127855
-3.44294912443902 0.540961505467372 1.74627619397334
-3.74882810783852 0.0961196674569234 0.520064720891507
-0.515972500868399 0.358584979306642 1.682065633607
-3.33431129782056 0.746812415527433 1.48622101266254
-0.853787968677174 0.407402271854212 0.6796636170493
-1.59173143954093 0.355392944122681 -0.123300421532657
-2.24115493779699 -0.46696706719139 -1.01429031316349
-1.72522097754754 -0.469173417027651 -0.338209872468968
-2.03826845058862 0.976475374115478 0.21813163742931
-1.75631365201409 0.645141104425758 0.0237077926846498
-1.85729678473405 -0.86027699750253 -0.00380835444217831
-1.91244702276948 -0.813844678712669 0.848702618630676
-1.45037461513937 0.202662951082005 1.6235502845597
-0.840369446332592 0.239575620422759 0.785247117829203
-2.17173948923178 -1.10489096690084 0.842408963882623
-0.719858428940653 -1.74216880000934 0.910102877410721
-1.50853609069151 0.473308050949773 0.260197942510176
-2.90820998721971 0.289855753437137 0.877578648989696
-0.909987020449058 -0.561447370299099 0.559144430092552
-1.20866945578019 1.29999708821392 -0.34573219466688
-1.33240897832092 1.14185079743614 1.03567405535099
-3.16982776673159 0.748497459368255 2.34031365447054
-1.28671378229325 1.07480857667038 0.935067418712491
-1.20155492984312 1.92788149891832 1.62174103112154
-0.43650497816352 -0.061381368089483 1.89269239601975
-0.988218957688211 2.87701569725922 2.04692464252642
-0.765649991923979 1.05072750689775 1.74976069619587
-1.75434257394669 0.303273576821173 1.57824528461429
-1.19351334583328 1.51017388263858 1.16856842030405
-2.20117818905595 1.86617190178352 1.86731831338335
-0.563727506606819 1.36618403681933 0.690041627333949
-0.355269375812494 0.126630379173826 1.6038026465125
-0.82662385868126 1.42455730316488 1.7760547541209
-0.64530697329336 0.794228789469774 0.729763227681264
0.390287942064821 1.40848415641562 2.00047183616075
0.209791256972991 1.70137701221657 2.17918772351286
0.36989191034058 1.18276419645597 1.74165642758655
-0.15759115175466 2.16506405617166 1.72667536459821
0.402837468187163 1.04414551785833 2.18747569389427
-0.416149006826943 1.859174246439 1.8858044541168
0.328983578435112 1.9617974083873 2.19804685392369
-1.69347171552387 1.02239210546828 2.15564207404837
-1.48601372277246 -0.99568718591078 2.96109360717031
0.284108871334549 1.06985859737125 2.54441215386099
-0.957162146299317 3.01920791018274 1.60160056663741
-2.09999313878704 1.28914217871942 1.6948308118592
-0.508457073253292 0.76440254875911 1.23963276682038
-0.435799125392929 0.266614822017682 0.915161763483616
-0.178892760919414 0.49578054039773 2.13481083618112
-3.35657287387273 -0.656835050811366 1.31363947321012
-1.78639896366537 0.47169629441679 1.04080066682357
-0.703899612191622 0.439930713501291 0.895968675969805
-1.18199202483435 1.96919787836756 1.98899118766809
-1.21871322128801 0.896393991281259 -1.83695521951741
-1.74574444956122 -0.790268242710407 0.111742380765241
-0.406978583391419 1.12523437962283 0.826434105140273
-1.77398682570779 0.684904902045762 0.95498501756004
-1.73120810368875 -0.548401978173605 0.453927909683838
-0.751786475761977 0.412253357061267 1.10483198593426
-2.42514785099477 -0.226355766012231 0.437592854744054
-2.59111264482248 -1.0369864218924 1.54656857915583
-2.27764925354277 -1.66699289193022 -0.289350119283505
-0.901885958376849 -0.985362724580914 0.833149636096815
-1.99367664974614 -0.109028884099422 -0.571173105885415
-3.18355786652728 1.02489889908188 1.05700255689164
-1.82262696822982 -0.312752756768895 0.166889272692072
-2.00968300834442 -0.786571846579035 -1.05628166093842
-2.44120911230864 0.271014397070994 0.303365636729542
-2.44781920079825 -0.15593767189754 -1.34849850783906
-0.662516085864469 0.348565311762562 1.53855321818372
-4.4862286734906 -1.41195875343515 0.574722783948941
-2.10607376041811 -0.513192556448177 0.293170416584546
-3.90200443204915 0.762647092523955 0.0829709806123143
-2.4122792475101 -2.05310010256418 -0.249068848811829
-2.6039535757048 -1.21781939056846 -0.118021547751444
-2.67250215607111 -0.432389649748528 -1.00029511983256
-2.9893457631458 -0.302352833032086 -1.81823708676666
-2.66811778224047 -2.60313242746024 -0.97681759018308
-3.1588656048272 -1.0869271026511 -0.27302505939214
-4.54934643831266 1.44767532438069 -0.782942850203656
-2.00663455158902 -1.77089396403593 -0.199770119884168
-2.75136616004053 -0.609783846088892 -0.851709849755423
-2.68039228480709 -1.06618596865992 -1.36172320117744
-3.61353358787063 -0.846585648861969 -0.161013909162633
-2.8232864723132 -0.896447052643469 -0.619954440029943
-2.13478255789172 -2.21461185790359 -0.182616346678182
-2.59778756183282 -1.11700490495851 -0.123823035014793
-2.84414423511964 -0.434373863491917 -0.867556504090102
-1.36535629503329 0.437744761754207 1.17774404057794
-1.82089545430481 -0.754699810156462 -0.810413736462548
-2.80158656611603 -1.10429913632478 -0.0504909706052485
-2.42105667422636 -0.937435567596956 -0.466163188490551
-2.42580310957515 -0.641016615574461 -0.925433020027279
-2.11038997750115 -0.479777972073562 0.183365892116701
-3.16449616101917 -0.523491628806722 1.36556059043688
-2.55785772887921 -0.916071413445022 -0.107919850567432
-0.702249936122375 0.34331271689393 0.36586795938285
-2.54650642568544 -0.49870684788594 1.01433978162706
-3.24247194694438 0.852108404059727 2.70336487386624
-0.885482118170846 0.67353007092947 0.224965850701738
-1.21674931336696 -0.441702215648568 0.790920293783837
-2.19775725944202 0.289673015032693 -0.0308572092034549
-1.05236429643967 1.12830568043917 0.0457764292886702
-1.50060833661014 -1.19820234689639 0.659523938095272
-2.29602325960853 0.366486052895333 0.805283740480358
-1.41493349951811 1.16426852884528 1.33912811778597
0.436903380768213 0.351305951613754 2.42257840641355
-1.02867762369757 1.92446752871301 2.13431644228496
0.0638940039760674 2.01515747646646 2.3433284847694
-0.562046528590457 0.37486244694557 2.10910493422412
-2.44296303664544 -0.397491444965859 1.09464609527555
-1.70342168729569 0.996881132691895 1.41660203068371
-0.0220641087187057 2.15367346755201 3.53483047651354
-0.0824083670748199 2.18234045986376 2.91461700520919
0.200269979575447 1.59435279833176 2.74271864863465
2.39329094853287 2.63246426658843 4.13359176881263
0.220204052486284 0.40424337751069 1.79874187736317
0.56840056018987 1.79113376263013 2.33222996882027
0.518092633069285 0.0980660949991787 2.08941667101692
0.617291249772185 1.20378188503478 3.3452838351643
-0.711636715196897 1.91823013982442 3.44719991833795
-1.27183093315166 1.13598911145495 1.95573711890731
0.991063664293279 3.15912741078281 2.95367482639275
-0.110258445089577 2.75129426628719 2.95454022102837
-0.210588268911023 3.36102704951477 3.81833355613538
-0.39225089792325 1.56707561820799 1.52713731831168
1.25674381094378 1.89304770751064 2.55322493962226
0.158617428387585 1.74063859351849 0.955684772545534
0.444489270736494 1.70855940909518 1.9828351628367
-0.51446385221693 1.37714961977201 1.23662348781512
0.516211454326206 1.13589772687074 2.53952469189405
0.0253810776218053 0.838016428304013 2.3159255612465
0.891046557931816 2.37986821778307 3.4111611924241
-0.139463940569125 0.777609692892278 1.66994192120385
-0.171962462023339 -3.37930271277709 1.74535156856572
-0.626370035301371 0.434802703068423 2.51708342709377
-1.66547409954486 1.09570133399533 2.11653340925149
-0.144823753349952 3.18064242069862 3.53624925855966
0.376372326740252 2.13877849109453 1.80026808121131
-1.60687537963047 2.11675373341261 0.810747110631057
-0.312890420442892 2.11769572367924 3.24205488534614
0.263202622197697 -1.47955247697424 1.60333613549123
-0.163265035438492 1.52583196059976 1.384669504757
-0.894630993613289 -1.38415294695552 0.889213564093634
-1.21895071260865 0.544623596175382 0.511080421746761
-0.902506576858646 2.09917724741823 -2.44950201907292
-0.900934881197258 1.16672199182958 0.109572581207202
-1.41523601541448 -0.0789971911648639 -0.578941483379196
-0.938010565246017 -0.167081035464881 1.36587607382433
-1.57569989334543 -1.60093738051666 0.459847846548235
-0.637680373255346 0.76438220312562 -0.697194877347058
-0.885758470302418 0.598891333704574 1.1460936381178
-3.05818386707217 1.01690314176338 -0.394636898279229
-1.00808642227747 -1.43764874578068 0.650595071687818
-0.827350145559475 -0.574982931527291 0.395536262879597
-0.50380762393191 1.41650745249014 0.355889858180471
-1.31147157708444 -0.179611088373733 -0.235335154482458
-2.90793907262968 0.294067616238988 0.955270501031962
-1.36296220430047 -3.19317444092338 0.29982909838809
-0.79296694127614 -0.588767608748826 0.921929633109505
-2.11561695837137 -0.0123741109355321 -0.297561535585963
-1.76443948055929 0.11615369120656 -0.29791620115741
-2.85588987857005 -0.339230816229075 -0.144746990590549
-2.43422728131487 -1.24965562370303 -0.475926705182984
-2.01684049209261 -0.400210582163703 1.51376721146855
-1.58135963497137 -1.59436003939179 0.659207075494233
-1.88006261324238 1.132973332899 0.408578000947459
-2.20643050569922 -0.356705590294982 1.22569444384707
-1.31326700361372 -0.0505701415262825 0.663212060872702
-1.42043065039368 0.971348105754689 -0.870122767927963
-0.551555591015102 1.14372352798649 1.63423801219773
-0.637592776754006 -0.34618846712611 1.34106415692071
-1.32697518291494 2.64054554072776 0.783154611209293
-1.39470494196936 -0.431682341633105 2.11003037634461
0.388057314683967 1.68380152748643 1.30249127860151
0.759062396121846 2.76017944652808 2.78440202782724
-0.33468830190111 -0.565187813205212 1.56565512149749
-0.465116728138091 1.05239052510069 -0.0636170277335294
-0.888141134838555 0.20048661642609 1.72937754172411
-0.914854376830594 2.89492246351434 1.91527593122491
-2.8293095851222 2.28986712618946 2.11468891985283
-1.37633237016027 -0.172987371055258 -0.00334989276188702
-1.76227190028643 -0.329523302121587 0.851010614994133
-1.82810928227993 0.326922020010669 0.199555488607225
-1.85402880779083 0.494402318227273 1.00734146444353
-1.96597975491501 -0.555392312388654 -0.0859141589350875
-1.78584602247205 -0.5495355734123 1.33255078078941
-1.32392397842241 0.00917144981870885 -0.233989736833537
-2.87426192408422 -0.0820533617870584 0.0476441005229387
-2.32089090741004 0.834786433456879 1.05044612069998
-2.13012005876368 0.728303037785745 0.174656179855451
-1.70555233209667 0.197889712521635 -0.073216109257683
-1.39518516306302 -0.672917182577605 0.660065908953528
-1.68489209978109 -0.730610872461574 -0.542414502559523
-3.13924175065927 -1.63298826135398 1.15177464601228
-2.46540430579862 -1.41467400104752 -0.360144663104129
-1.7609591855421 -1.12172430224283 1.92126129607838
-2.60770637989618 -1.38286688181752 2.2959832670232
-3.00054920432463 0.506057781888892 0.541600478012121
-1.00541172211521 -0.241252527417516 0.767356485494071
-3.04217373654467 0.875719202204682 1.39220382155884
-1.68609370120367 -0.232072293552531 0.320493894121601
-3.41268982613092 0.815554397186165 2.19963478443656
-1.29896816009511 -0.386411001974729 1.03279110467213
-1.36026049870646 1.3542538148473 1.72943793273186
-0.32028128468583 0.264273469126701 2.0164059868187
-1.72130621607709 0.953583548960226 -0.0307743249429353
-0.669155687107382 0.63318824663744 0.436920888564974
-1.60580458264943 1.05343738403405 2.18677222730376
-1.40171289084141 1.06453422659643 1.83357738718697
-0.69878688341036 -0.496783081282577 1.53899489379664
-2.2722177389406 -0.259874772410434 3.21119976788607
-1.09442065028963 -0.899772719879279 0.646201101042914
-0.7209406652085 -0.625162423199311 1.58885056073032
-0.359620766817562 1.75968276372454 1.85715376915058
-2.21730745337268 -0.258371457998474 0.321828548911184
-1.375009605887 0.00950015818436711 1.86220202983558
-0.955691637798885 0.523259120816965 0.585763682616458
-1.5567621220724 0.541192764585817 1.61470107629993
-1.58141356561923 0.280014563226695 1.29961163832559
0.3262484466551 0.950501259255698 1.37045196220068
-0.121867338909725 1.98860646125127 1.04352559542782
-0.970463646911179 0.343675865907228 0.677671939395392
-1.78117925401795 -0.151729612578511 1.11738815355487
-1.2203726581244 -0.905139831514109 0.773413749229819
-1.70031338827352 0.2209367467641 0.766642640798522
-0.38897883838933 0.138483179567057 1.20904188253716
0.100530692806802 0.950178264273129 0.635803005692747
-1.66031168064187 1.88493909230909 1.67271940389305
-1.2215077494732 -1.39219055032491 0.565960083860306
-0.356232740125669 0.353447059052493 1.78922713071993
-0.30623272614841 3.05931379957959 1.99657178939655
0.981697843875045 -0.553063094036086 2.49087768178428
-0.102469588751687 0.239743685329647 2.06784527683692
-1.39134082950242 0.800869646251027 2.54152762264263
-0.371685076191066 1.14083023078066 1.34368895740464
-1.62161560701358 0.475771389548677 0.896261219012688
-1.37192895719571 1.04428006634964 1.46140046597013
-0.627980853653901 1.35423021943857 1.20792047230978
-1.11744242378458 1.53493340731914 -0.0410124185710612
-1.26590598159746 1.01923960066159 1.80187340155533
-0.998648037392534 0.777389634553548 0.63354107259052
-0.921798778451734 0.570587568053127 0.91655645145269
-0.749717115361895 0.250369163855038 0.555851080580103
-2.06313493908584 1.95186109528828 1.94748734723796
0.564827815878391 0.48619400602109 2.15267228112714
-2.93268672842427 1.68101267654983 0.763400536691658
-1.75784728010398 2.55122158510589 1.16078804543216
-0.195476129109877 0.936677801163341 2.29519423564155
0.397006922520905 1.8728101347897 1.14767285494715
-2.93080705208878 0.249352374930138 0.905339994577509
-1.78671220783282 0.632970586943213 2.03504547738558
-0.220452999127196 1.90120933246674 1.60493850389363
-0.19564657358979 -0.872664278674042 2.21797718403792
-0.294516043999871 -0.343242601968183 1.49249790427285
-1.27907776269493 0.930551119788973 -0.472516018201006
-1.38343387183558 0.274952932327096 1.79846228628689
-1.4753820601936 0.572366476998706 0.445714721301408
-0.44273020579078 2.14691325217253 0.851964558177613
-1.22431163593404 -0.0750441595620436 -0.128315179772127
-0.760969673342146 2.27923257941373 0.104878460337454
-1.22803231961351 1.19218588086317 -0.97058469984159
-1.14317130176019 0.0902724768175985 0.915298005906164
-1.12710185977421 0.0831165130393688 0.545408515038828
-0.458708091170936 1.16825350762232 1.06296214945028
-0.72451764223383 -0.690403104713402 0.71510045665462
-2.97930287051488 1.53617566975774 1.94678887975796
-1.00642498344979 -0.218146163386877 1.2312273849877
-1.49047273838349 -2.19533265873503 0.908298876768093
-1.40220607363029 0.162005067602541 0.875361897465733
-1.55116545812186 0.165904635248328 -0.109006185944366
-1.51550747100222 -0.492192315231569 0.444038736553285
-1.81343142546765 0.181847871770544 0.831247778599035
-1.93804604364916 -1.69189245655737 0.63393130639899
-1.46470820092974 0.389815082922572 2.20199799407931
-2.46507350892858 -1.53509134538537 0.00610203331630166
-0.569525081881551 -0.287802606198491 1.35885999344509
-1.68470366241526 0.7894229195213 -1.1506719094136
-0.988034999721547 0.265561956891902 1.05341433353499
-2.6596997455606 0.0309105402962894 1.89576221301497
-0.831109994950912 0.687880895843603 1.77667180784369
0.115777307562025 1.45595555861404 0.0289448756519759
-1.47944312198134 0.105791887012944 2.26584506315399
-2.39244866557376 1.40014664269712 2.18442941166363
-1.77219111281324 2.06762951691872 0.342378868855777
-1.63782539835399 0.531780860836084 -0.576775366422916
-1.64977301490337 0.162958756554341 0.511742829820841
-0.10802314128098 1.80355002192016 -0.406826052707327
-1.01890011022626 -2.65151262636081 2.25140618181486
-0.25443762711804 2.51335743215243 2.05143776807076
-1.13925261962617 -0.891113142779042 0.486837232496904
-1.01851737428429 0.984866069582741 0.563238326875358
-2.48350793113768 -0.200704471315212 0.271900107943648
-3.52834799114472 -0.362195776766874 -1.27823729389837
-1.22613337348268 0.257466166537366 0.6261040547072
-2.34220345432936 -0.236046286369833 -0.80102409953205
-1.08580143832845 0.847067615228407 0.29460721930075
-1.37732924281882 1.44991545856754 -1.29866757612637
-2.01226947980172 -0.572602323453993 2.23579005022126
-1.86505356306851 0.454064648052655 0.459215150372743
-2.01530112160964 0.284736594978474 0.436190266304657
-0.865225022617257 -0.28891110971635 0.515218318384833
-1.78529649261685 -0.836723583064768 -0.389445225371282
-1.79762639737799 -0.452848003360478 -0.869319308961712
-1.56454108637701 -1.48329839400574 -0.297207256657769
-2.3668072546439 0.000344960006531947 1.4940681454147
-2.06457871360482 -0.732031914671371 0.0547520679679232
-0.866819405448853 1.02756173201361 0.385792823724238
-2.39939996898524 -1.08606708836748 1.26210437558387
-1.83758415041366 0.726910648306007 0.609099942268641
-1.60016834373502 0.997306458784255 0.81533874597784
-1.54911722928624 0.57355120009859 0.542150325457552
-1.41527835655291 0.21170335852368 0.268871158964135
-2.10379631590011 -0.53357463811911 1.9319967704481
-2.2218779944177 -0.799330241373167 1.80400009090431
-1.41992927925583 0.909972613559416 -0.168218862166586
-1.50795450951701 0.674844142570748 -0.0908725106579884
-2.85405773522987 0.248931198319484 -0.792661804967376
-1.52036189594464 -1.12961272030699 -0.011064986317151
-1.72241139780902 -0.149916605937654 -0.100016101939483
-2.61320687470524 -1.1589348166188 -0.129420783687462
-1.45989532778351 0.66226148281215 0.932068314747441
-0.483067059942957 0.166844269627375 1.60181715017155
-0.901049504486335 0.426169682430474 0.335787430658827
-0.363133207679489 0.800685759749176 1.31304642486889
-0.932681506716258 0.574840155910205 0.664945470700719
-2.13996877396497 -0.519800765152027 -0.107933858615243
-1.19757694695107 -0.548146840553041 0.94950566522387
-0.330217854723577 -0.182805867939761 0.889795265394951
-1.38970226910104 -0.519400156477502 0.0720171900649186
-0.748510301525706 0.605806655477114 0.241958098587432
-1.33182195018142 0.209714730901993 -0.476269757050874
-0.926344990574311 -0.129289884065215 1.16900286816523
-0.254560580721448 0.0425174425094843 2.58753747094022
-2.58010384918866 1.10258779596728 2.13319333560854
-1.84183649963691 0.61828741155435 0.196587868310206
-1.53416261610199 0.294474734222052 -0.690765952335604
-0.845148778561651 0.473268109738602 2.22963888228958
-0.441676020036406 1.23293811313476 2.78601487876363
-0.378334456641795 0.508182561386076 1.39323301091269
0.749579368578811 1.23877703609111 1.93242071634755
-0.63260694691501 0.298488985435664 1.11605318034413
-1.89881559076593 0.867379712047407 1.47962442434207
-0.604461986890783 0.313242747687047 3.12355588950407
-1.30774186671873 2.21599563881313 1.47592439683821
-1.16009336964944 0.161814576303413 1.81596157076512
-1.2857978628049 1.16130371838385 0.924366728500388
-0.772939402788971 0.42071757072274 0.756289468217696
-0.0532964138108905 -1.85837899218935 1.35451811142588
-2.36258696989231 2.10528019458823 0.937655420843004
-0.582213422637469 0.67369253991119 1.60295661634774
-0.461249821555686 1.98250882397708 1.33179395861696
-0.545246156154106 1.61238243247455 2.17680324580588
0.230753178917418 1.7240835912166 2.95208465608142
-0.425369585263517 0.566838452963222 1.71917687981065
-1.78386354193549 1.16330096048611 1.68566956745754
-2.19313778749763 2.23292034350191 2.34076064048247
-2.0856965036807 0.100768612235652 0.340398016126611
-1.71633372008054 -0.976273810078249 1.87473068471296
0.100249959123137 1.27343854177803 0.642872298127002
-0.266733677071131 0.579841469732625 1.130697837939
-1.79944685152421 0.193079268705179 -0.116389859741372
-1.23023491471363 1.34984241274242 0.833179387979571
-0.721199187799039 0.458883927122187 2.40897306033473
0.039440911472212 0.414462632891102 2.00388484920158
-0.900650620547234 1.38579705554455 0.598295154703655
-0.528964692539828 0.805420098421443 2.1104391613275
-1.38020469998899 -0.836036866504416 1.79707565865717
-1.25463260310666 3.17062045473649 3.22153170909316
-0.265268171023303 -1.02152202353698 1.73666352521867
-5.16316396631697 2.48723802558388 0.672805739418097
0.144177992173324 -3.96335650808117 2.35024902051346
-0.248953024173999 -0.545203297879041 1.66340204133922
-0.102878779065787 0.725106028998879 1.7973296736095
-1.91626425954061 0.762794554615359 2.13496040815663
-1.51283438862772 -0.602703101077367 -0.083037723102274
-0.565247348322386 0.428815934398357 1.07926551217437
-0.364585476398427 -1.00141952656426 2.09501297618406
-1.31752256023183 -0.106476041027018 1.16558506802165
-1.37853497946677 0.127263562879706 1.02532744138051
-1.14223174921869 0.0641437902688004 -0.286992185520925
-3.23272764037442 0.687948583527129 1.9615037035574
-1.90062023679277 0.924986273682567 2.11067159269333
-1.75860432657049 -0.464388169717322 0.313924997268509
-0.889493246442646 0.627673867098571 1.11401283182839
-1.01245054033364 -0.357178972874195 0.304942674426153
-1.27487861967004 -0.817872106785223 0.347890813031098
-2.17945105266302 1.48080867581616 1.61974239127332
-1.6969186383914 2.49457747953861 1.448811646132
0.967789155097364 0.436267072562007 2.58239656340869
-0.312737920712548 -0.361670032362732 1.77789496955866
-0.0926117348891499 2.74570387768109 2.71932063726071
1.06657970106341 0.878355200970804 2.55351615545232
0.474363832402577 -1.34430820472864 2.09279227369601
-0.490398682365227 -0.00324995689462915 1.9200482984861
1.07806346569138 2.90301703055969 1.36539375648247
0.409780057520517 -1.08594652012366 4.76994784333795
0.352078459506989 1.28532847121187 2.2317135828697
0.224931376791696 2.58655378675484 3.09097841336204
1.05675571169689 1.01473413000429 2.99473997416728
-0.0546388774855633 1.51325914465281 2.62899881805561
-0.61778465236174 1.77959623451466 1.92308384942832
0.814347755239597 0.895973659066741 2.39822789837614
1.27185756021561 3.45975972137319 1.57041566510709
0.463387804931915 2.82711353343483 0.497204578238868
0.793555157980814 2.91178330366936 2.71484275390455
0.915222779911988 1.66069426166926 2.18677147586382
-0.290064125831501 1.35295272003874 1.55304269059519
-0.947175424070609 3.19800720711745 1.91814640381058
-0.93860765457732 1.36335716958036 1.78627805027173
0.652589669199097 1.63293658108589 2.34495067808146
0.306242744593227 0.306572318571733 2.36498061418115
-0.120664825723314 1.38680702574106 2.25944259712604
-0.968494287468064 2.00231788827112 2.03409851038717
-2.72768876882319 2.31633253987505 2.80056701292652
-2.96159447069036 1.77425996295703 1.37558767111233
-0.316132862690956 1.57017095498547 1.93967548304975
-1.93807623689441 2.77798399869841 1.65045679877917
0.721148967284579 1.41009268019737 2.71052278706985
-2.20748410154429 0.759274337403181 0.84989664114214
-1.00859774126096 1.43836185736971 1.78140934530782
-0.00844261266585072 0.951225665374857 0.770546535557954
-0.0371413352907166 1.24229091973762 0.207053188921381
0.407114674905007 -0.860580274541332 2.75031275821686
-0.663137185099119 2.11690825963372 1.49815447972505
-0.787657209584011 0.995242644845859 -0.0341784574430948
-0.108982267206113 1.44897251319699 1.15137158477702
-0.89597971765445 0.908346184751859 0.900869536447139
-1.58579055132571 0.743108963014942 1.37859235549612
-0.792772920331709 0.498205630729261 1.17634469247944
-0.435838115890193 1.47709010153397 1.4346866828015
-0.216024084895367 -0.270227483888655 2.03275243940397
-0.0810579938832026 -0.105002470293215 1.60615536038743
-0.8192054699196 1.11597722294061 2.36589357845376
-0.427815788206355 0.973848449429379 1.05468800893896
-0.0619915537324495 1.19412022202922 1.6456690326418
-0.466497770435723 0.387715736016608 1.17411097057213
-2.46947545138871 2.53161015341548 0.947365798018935
-2.42039600404694 0.973799877086371 1.32634479612626
-0.812373492219642 -1.49220081726592 1.68900823658333
-0.737364317155605 0.584692925859594 0.845035832477079
0.12919304076512 -0.349935312462958 1.81583280850136
0.517133590925946 1.75675537032893 1.85710646975389
0.0169332787376499 3.46337707491016 2.14193026726822
-1.24508161081358 0.0630689164506928 0.0220113787073239
-0.613337089947226 0.329547663783173 1.0117232374773
0.106330637384907 0.751434355826441 1.23346356770345
-2.18844875642788 -0.531572760276187 -0.043041505032783
-0.364793717652234 0.692746332952775 1.10720588073947
-0.978019693842108 0.251869878817945 1.43240043602524
-1.26358931571211 4.95539065112718 1.45850528683988
-0.0785134216593879 1.27796555304079 1.58523622252304
-1.5311820610194 0.966870781981214 0.292970082901245
-1.36298991789075 0.606027327093256 -1.48731146804042
-2.21588812624079 1.243237345136 -0.252895236471281
-1.38200388616427 -0.295534534728595 1.14011293797918
-1.65163468756985 0.0465230542083072 0.659313289074399
-1.25135407216776 0.740570459632883 0.492788073964505
-1.39102263796003 0.937986564459229 1.23994549595046
-0.79683639911928 0.280544166836785 1.08417950868124
-1.42241033519331 -0.847806111998236 0.0215975717074289
-0.723108141775868 1.341271830374 0.825553685875138
-1.59464185523366 0.166679353618327 0.899840465616405
-1.95009840851379 0.0086930125013143 -0.876332762214526
-1.66706139652928 -0.166829135394734 0.131405298541721
-3.53686073868983 0.51754812724368 1.78174419882282
-3.05137599787469 1.84545480599803 1.46694312930172
-2.28454027436465 0.180470640370331 1.58177652193766
-1.38641795113474 0.0172033000683416 0.00807966589704301
-1.83657076829408 -0.848438787708632 -0.289989226504632
-1.33142963505358 0.224226436953206 -0.662221181438146
-2.38548590567603 1.17044885574363 0.245486499415068
-2.97696709059868 -0.999577168677203 1.18950502019312
-3.00721449087018 1.26773185877289 1.45805854600926
-0.852592607193895 0.0174216518084453 0.518802331600295
-0.838941445551107 -1.16326222777661 1.93596209530419
-0.257844574414158 0.567432530330692 1.62666086925695
-1.15171036755939 -1.92492816889442 0.96752519658895
-1.09594117320086 2.24624989598237 1.93930261705083
-2.1041092764565 -0.400722343637883 0.648605882896953
-0.0419476493741172 -0.394697925282108 1.97008674715252
-1.16015136102835 0.126050549828612 2.18062035997699
0.392480555873605 0.00177560321003878 1.54626769277062
-0.03512096331591 0.0594972560735737 1.88843466845258
-2.18837295959326 1.20468375493714 1.000692813967
-0.708514794701594 0.616448215069848 1.0159102958561
-0.31215738366072 -0.40283255123592 1.23445311940127
-0.606686040431843 1.18231656530636 0.493101571984663
-1.35625359548733 0.298618237234795 0.465904491259256
-2.27891516916895 0.584401417253369 1.25801519476867
-0.384064168285617 -0.319597922568955 1.61590901068911
-1.68481910106502 0.983706989862459 0.0318365821126395
0.000322386259708422 2.30788007523567 1.51750863381804
-0.0184486536186376 0.96508632613833 2.58206850168245
-0.114106806499073 0.976234692615278 1.36027280419012
-0.924265874809407 0.679165885182672 1.81553299961254
0.726324588829698 3.80988550192834 2.33402574264328
0.212648083072251 2.12913931470419 1.58515618081329
0.405047689902051 1.71545660644778 2.23451289884917
-0.422344755410887 2.40574030662949 2.36740804843172
-1.29821916543432 0.544182027396251 0.58393429611892
-0.782714744380761 0.979255446722521 0.86931022234117
-0.304322288990932 1.48849813881666 1.16301088422022
-0.384345862327059 1.73261439804387 -1.55998941623287
0.145729923928874 0.837811649950128 1.19412645243209
-0.448265724897103 1.11151944390547 0.93095002241478
-1.13042742958144 0.449358982184658 1.01139741343111
-2.26602260302159 0.426729778363598 0.590268279307811
-1.81670419466882 -0.141703351819704 0.991203498708856
-2.17560880123373 1.03919877397829 -0.28873728381005
0.260031740271935 0.0116948698504811 1.83416525806225
-1.42658710621721 2.26816715009624 -0.0576899386693246
-0.496917849820084 0.780609256597814 1.96301493361256
-0.033305152106617 0.90577888530483 1.49083471947048
-2.4807513081361 0.876160444087003 2.16877503834582
-0.0594644060083746 0.338300352535976 1.21267575590211
0.502393118162359 0.929682401272445 2.22582573017291
0.737729251666415 0.00828533847129553 2.50002019863437
-1.42930981788439 2.24328671191456 1.15446758990323
0.138575108617549 1.91119217602007 0.471272765913001
-1.48865595518064 0.618102952882775 1.12811122080443
0.0495890577771676 1.07461098399179 1.10356690722277
-0.702615517895569 1.87648048611702 0.44801368147979
0.344706812051544 2.12837443146038 1.12178372259161
-0.351493918756826 0.563979767073581 1.61851517077278
0.0776942632412378 1.39259704291423 1.00195490465682
-0.874138026443477 0.969504689683907 2.72016822624669
-1.18998642239063 1.58788089799164 1.6210117951476
0.22168125199775 0.975580446098691 1.58769265680591
-0.51757292454651 -0.118784360947863 1.44441584725324
-1.39403920682755 0.0587689034881924 0.735773755572518
-1.54715590875919 -0.477802430820283 0.919748519446558
-1.67453211001674 0.121615613988548 1.23234081127634
-2.60755202479412 0.0021486578271141 0.994855142234666
-0.901039163115256 -1.42922649455766 1.45269392018056
-0.434625630728121 0.798273698334816 1.01237755343295
-0.400092826331677 -0.822680531115249 1.64729268774788
0.284281327448234 0.137229558410158 1.90195166543198
-0.632968274140092 -0.247842356901335 1.49362683785413
-0.756560825342921 0.0647120678087615 1.63950994497716
-0.421543927283579 -0.323699923070364 1.56165925407185
-0.889933351523673 0.32132778804473 1.50321552504037
-0.671714891918501 0.0836055042345928 1.22070966797973
0.294873799057752 0.573354978936538 2.27734372909859
0.108337804840717 1.19332529554863 1.3406994438142
-2.07407186895611 0.780810672142959 1.22861316065766
-0.776521302799454 1.3271558964219 0.915021953014347
-0.460092889965426 -0.00739528053753366 1.78436281501669
-0.771291513148209 1.26528871662765 0.389320973308801
-0.05590545156254 1.66225130012334 0.526340526856575
-0.930686358454443 0.901414362933199 1.73117976466736
-0.668936732251349 1.28579206250631 1.64811686670405
1.569717049776 1.80146627048414 4.12464964537025
-0.843278426916328 1.71533443702118 0.947786022282322
-1.60538988517946 1.81800269482579 2.26866844984537
0.506059940329194 1.59653659299041 0.689692806074094
-2.14848534115785 1.0558642150878 1.70344406948771
0.109141933940645 1.92418917157692 0.977323020372988
-0.828122529376033 1.932103603773 2.82730504035877
0.801837071503212 1.65189388523366 2.15868353044349
-1.2010935315063 0.856345425987873 0.763796058671326
-0.634691952012885 1.15880592643767 0.926041606640621
-0.433603279797496 0.985539442943736 1.06280200319082
-0.935568368105717 1.16165428700969 0.198012490126017
-0.0472862869668393 0.563817643173923 1.2934005721588
-1.32051096384118 1.59469736526463 1.93994006332971
-1.11119113258156 0.363018029547617 1.42885382362505
-0.325190559873747 1.16447836497692 1.0643943881011
-0.841560022666483 1.57210794432807 -0.517225600457305
-0.994519008337263 1.71865962870967 1.43678963058785
-0.106740926456625 0.306286016958979 2.47914608053087
1.03532004186814 2.90177241191687 2.0213633941101
-0.818440720039462 0.498548702353626 1.71947369424404
-1.33765631880852 0.251579223998507 3.99784703765244
-0.265185725607804 1.70631606298483 2.48672906320701
-0.77884850830273 1.63716762090901 1.53476974250025
-0.681424214195974 0.387330730047445 2.0965127687426
-0.424712607517759 2.64506968183921 2.41730787915898
0.691320301873496 2.25946815930834 1.25589078544476
0.487310218523242 2.00361447984552 2.01084263882602
-0.743655675496317 0.991414027377674 0.898649532518651
-0.375647386212385 0.387302001526548 0.529179088504067
0.164586918503896 1.98171851503013 2.91988134654946
0.758573782039877 2.71683524663286 1.79415250727105
0.781786426812824 1.63977537110074 3.40551297712314
0.0200881363865966 0.761853477229411 2.13241293530552
0.0912948199497946 0.775502352738401 2.00896525652352
-0.320297050127445 1.85658798387009 3.04970729060675
0.602166531430471 0.71063519254305 1.97472204351971
0.55043288224429 2.1215599401522 3.47174501025299
-0.872220528659196 0.441492472145126 1.27657241088561
-0.199177648840914 1.1738083328207 1.79050125253994
-0.433803599580022 1.46040470061181 2.13100736065158
0.176842282357404 0.181860619870834 1.42310687481046
-0.903166105444508 1.20998239812087 0.60200802415009
0.1905956717607 2.12865125625492 2.95885170943893
-1.2723780487502 1.01598285866218 1.57427811614263
-0.894070775226506 1.52164994166783 2.68962717075977
-0.316164103413028 -0.359743811710111 1.99750030111425
0.511404679122195 1.2661255074854 1.94359851923505
1.23246506396856 0.850665834278974 2.53795848113832
-0.482116643274635 0.616220252168503 3.30774107544742
-1.40230692896463 0.953812761923488 1.59600057858928
-0.530494056182859 0.531011529412764 1.20000189334239
-0.682049347837814 2.19186583980419 1.68029927820635
0.402071488847473 2.31179130054672 2.48749479472504
-2.34615512581588 1.16786892853652 1.85360699070171
0.697986802529798 0.118680867093737 2.53035866211945
-0.389391611337772 1.37859457599662 2.21744894487104
-1.48344662637942 -0.968477442537642 1.5171691744579
-1.86462894850207 2.25450699734246 1.6370123757039
-2.42578378322303 -1.20932298739692 1.70782369088717
-2.06908236390808 2.16846515831766 1.48835217895875
-2.08112056969675 -0.741496134525392 2.09701949633952
-1.42245603244983 2.20353058244558 0.449151625419964
-2.90457925476438 1.62295921743259 1.68777344289318
-1.20075182022455 -1.02346544647225 0.761419281368259
-2.63020996232903 -0.477498662711462 1.73666174763021
-2.21051239026135 -1.19133911299157 -0.663049290701078
-1.11510610379289 -1.49437251975427 1.39173787964918
-2.02491809004351 -2.18273439194701 0.0746212600150916
-2.86553801470325 -2.91378356022803 -0.93019860004458
-2.62356064434695 -0.296888305940933 -0.211536724494929
-0.989071085753175 -0.527223582437564 0.132272052354832
-1.18498875614343 -0.483427847061617 0.890644384923942
-1.14363955262272 0.493009159865871 0.31650681143792
-1.80773024985405 -0.485287275512118 -0.61122384888489
-1.85178476719568 -0.76481320345327 0.559813876064808
-2.54308660816985 0.158081825470018 0.658031676329852
-1.02145352247448 1.1621432384208 0.0782678805160676
-1.07127201721076 0.257311913075857 -0.0287699114636722
-1.93815837006366 0.886415902784905 1.42519258218952
-0.593586428347067 1.05664802492345 -0.567381707281499
-1.46921586132986 0.297608465143626 1.21838052302802
-2.69308890495109 -0.604171692434733 0.632772823187802
-2.03060368876664 -0.150308580126886 1.04067269683594
-1.78048390252435 0.4400286252045 -2.01578996360331
-1.0974214351954 0.580416566091062 -0.799862894858353
-2.52574927236143 -1.64902329502508 -0.493496881762079
-1.97817621914102 -1.12490700434572 0.0666439235290253
-1.38247080252412 -0.479686675061504 0.285170281929838
-2.22202446318708 -0.362009611772351 -0.292577344637116
-2.04320110187657 -1.42555027497615 0.349799105919357
-3.10801784681313 -0.460929237497108 -2.62863150267568
-1.81540638710799 -1.3811222005767 0.569936719121675
-2.27507345954436 -0.561814762462777 1.02943717977433
-0.82227053723895 -2.59630578909652 1.17548624295981
-2.35058147455863 0.52849593134075 0.690655052206873
-0.657856023716696 0.917720756368191 0.651062511147954
-0.855725932710244 -0.950051716285051 1.03336270422828
-0.973551632443748 -1.39383893963635 0.577631366532743
-1.34256102839695 0.799387222454908 0.486351511718008
-1.38410210863237 0.756812888488575 -0.879888338739305
-0.323199028293973 -0.605015470847623 1.59139809824725
-1.88875901705569 -0.762269174322 1.84082956147218
-3.17475231057675 -0.0808070082496009 -0.0319485046468009
-1.70360891853139 0.664757385792529 1.03374810611048
-3.5665124190711 -0.227008023998612 0.317700161082659
-1.56619440188722 -0.0826432308618396 -0.807276309434078
-2.33054509569685 1.1295285826446 1.50056040574056
-0.785281412262589 -0.12618009549961 1.0778772806879
-2.15261934021672 1.99076672972014 0.00401428029234607
-2.09823979908399 0.300128099066209 1.33817368040862
-2.28639307556497 0.241234365068661 0.0293119798524444
-2.17132820585461 0.766877537134962 2.1790561217951
-0.281000592849962 -0.577614758761914 3.97402057448869
-0.4825881581499 0.624365162232597 1.16285467090545
-1.77140005974155 0.269519200638331 3.10024258408555
-1.46456902379468 -0.312121868818161 -0.10766431728552
-1.51861224801434 2.6625004915991 0.590574783746216
-1.70259842850326 0.258340558151111 0.347089607989546
-1.40787193981382 0.55519055562301 -0.452113643447677
1.14391667122679 -1.0362519409246 2.20277569283502
-2.45342969767969 -0.292182788057655 -0.0836864797087141
-3.05217097042856 0.511074744144048 -0.448999308909022
-1.29237339434181 -0.653287332858552 0.418805241072128
-2.0957734542477 -0.0477266672575836 0.531848360174872
-1.4208518788025 -1.07908338294671 1.0200764381732
-0.424739020087271 0.221303584551009 0.973907250510112
-2.04111960045192 0.205923685156681 -0.91711885623516
-1.79942626760824 -0.607861085285552 -0.701196183189746
-4.66865973101587 -1.54012672383524 0.617518953944182
-1.56377367645294 1.84155972323686 1.78685288496283
-1.98501305147813 -0.689257186128105 -0.224650255644164
-2.91317895791484 -1.50316301526732 1.70258563287101
-1.87943340368515 -1.29748481880442 0.0291875975604844
-2.29111780814444 0.627162823197146 1.73122314993798
-1.43963171232328 1.85469057312195 0.0105474955934572
-0.889125802435945 0.054938598991762 -0.327777317461415
-3.42291886062786 -0.190020745249753 -0.0473929772056128
-2.63518768291022 -0.852694681570191 -1.11966558953641
-1.76006063205159 -0.938302728366627 0.783121020760598
-1.82100293094698 -0.898817780368754 -0.0429555935384357
-2.75093748084862 -1.02924255957077 -1.91193634473135
-0.740108346306339 -0.830352616549569 2.30222385511124
-0.982813894125016 -1.90807571345487 1.0042485337076
-0.958048971119749 1.15771648284547 2.065146395734
-1.81660669031598 1.16138764286046 1.34241267590182
-2.47897898996835 0.193233685585268 -0.0828591189672929
-0.996615174721509 0.0580366255594962 -0.0357646463890375
0.592410374747184 2.30215750897432 0.978912087062544
-0.884749612677606 -1.77357847741785 1.81374904227339
-0.0570775000064805 1.21338505932448 1.33761737671447
-2.16701866580393 -1.09173709203824 2.1520854490888
-0.760999818266094 0.220267879600067 0.472749645824964
-1.85012648548026 0.324657983876761 -0.234388861576126
-1.77987251558974 0.815966422251075 0.879571627189202
-1.50098778876883 -0.173951521836804 2.94424213120468
-1.05347287739896 0.55823086886992 -0.615061223310482
-1.65977060181357 0.337958970083625 2.13129635951605
-0.833433444444932 1.29903128378326 0.813935858496224
-0.447124663935174 0.568276220739834 1.19043553116212
0.127137371023994 0.556764363038097 1.57536780932627
0.121422618069022 1.50062354072088 1.24297349075464
-1.85647705597893 0.998410801851689 2.05732043527594
-2.06201119612065 0.769852053694367 1.88148408227096
-0.294824081561569 0.198859106195372 1.53487402161107
-0.593885272141912 0.944168903069529 0.411545889506429
0.0682129991989077 0.834741071623925 2.56765357096694
-1.09652096539328 -0.33920987806597 0.591533133655411
-0.0409216089172701 0.636531085076086 2.54499739277015
0.18646572376282 1.86201677334105 2.77576132726492
-2.35864565977491 0.769487806932073 1.73427059432699
1.02765539021021 1.54702669854442 2.32189155770479
-0.464664735660708 0.562735086594703 1.53368733430116
0.598398051134821 0.75085228133106 2.68011448481196
0.353372829366052 1.08354512604962 2.50511595935
-0.620622788767727 1.34328563509735 2.32929656513221
-1.02836894931443 1.38221745211061 2.81998316127834
-1.17811004558294 0.171527539311087 0.0003840729217367
-1.7575403761594 0.0284102329194601 1.27652524147822
-2.46260086793983 0.348546826117092 3.32397029263775
-1.39856504461548 0.69305514991418 2.63625639915791
-0.437414163460962 0.872518771701483 1.16808025247065
-0.457944602433456 -0.972809306049165 1.51382999150477
-1.7235382209368 -1.96593201518324 -0.574940233596025
-0.861229595248327 0.26382976057252 1.27564604210379
-0.842561657451187 -1.44885507467761 1.85975810007618
-1.73390546027167 1.03161530992909 0.164615347010595
-0.636504783563332 -0.227729873270364 1.32661872630906
-1.7183222862148 1.38537116890246 2.81850949083351
-1.99212599744643 -0.0928072816133551 0.0214513812447558
-1.66504894259773 -0.379648112727109 -0.291096928892201
-1.22560380168941 -0.954429304380843 0.298297118245903
-1.1391725121883 -0.520139375538335 0.0439697153653279
-2.01047845089322 -0.881531521723458 -1.06267094673545
-2.07370954287841 0.279496488531364 0.279214217016413
-1.39556821533566 1.06870209961121 0.866963754195478
-2.61900426889577 0.247343758172168 0.998014289646562
0.20839709921513 -0.602566605186125 1.96176446442483
-0.862946575650594 -0.144690953291158 0.508352349367731
-0.712711665845484 -0.24999833176532 1.47712781662829
-0.966922554312684 0.375601360963216 0.726603850258896
-1.15700059910517 0.657765994913534 0.573936708668196
-0.176879942546317 1.48266883327079 1.48252468266284
-1.08480084331724 -0.475588087662508 0.410726485422693
-0.582197864130183 0.648350304339877 1.15234045467177
-1.13093328339969 0.685704487203831 1.56976143689645
-0.614210742607337 1.39011621176621 1.05616674097765
0.579224741697172 0.660869290581934 1.78717429444319
-1.35560394844412 0.859050702381249 0.79476935675771
-1.92243133591571 1.19540035473132 -0.816350503969365
-1.05543415840208 0.500234038129412 -0.111307903817232
0.180760748952263 2.13399560141549 1.14450669205179
-1.68263435385185 1.56882393300227 0.468586298267674
-1.14959105916071 0.0225810434128264 1.29044662425813
-0.825906500176526 1.34816262687361 0.894992381516749
0.672860968092712 -0.726771518848367 2.47194022630832
-1.35432980043221 0.690631269031112 0.937052203867358
-0.934882850704911 1.18180447554369 0.893429564957304
-1.36880735495536 1.8020767844623 2.8294769927282
-0.160726690258478 1.5107663032446 1.40594387223097
-0.665717910186064 0.379979243856233 0.112191724417613
-1.95806727730767 0.4900994573542 2.0823228663289
-2.31308280287538 0.477973557637895 2.28803865219012
-2.06525317205212 1.00550952155 0.930042530992088
-2.34200772099251 -0.603729374642078 0.835370618618177
-1.12084004584964 0.836080794962658 0.63563749223366
