-1.31856321248792 0.978062622225004 2.3930449018066
-2.92801538960266 1.74241943803239 0.555430141752127
-0.0122178865074392 0.729749944964989 2.50116779287462
-0.766604442722193 2.45006265074303 2.62364627380668
-0.100625223977062 -0.259947042908012 3.09772464762219
0.929084547026436 0.248827492127843 2.31284003039825
0.25797336249871 2.10531535057569 2.99985978043013
-0.566554594134158 0.0750591397976171 3.56382466613203
-1.30578583275342 0.649426402289604 3.0601419365835
-0.945171185013045 0.690717750029263 2.28053875936844
-0.304839711997522 0.806377323853563 2.6665073464706
-0.0933237469597284 1.23062124702252 0.911405926695533
-0.446973408093339 2.33683432165126 2.48781231497568
-0.25043643999562 0.23759864358929 1.20180519801323
-0.760924593342226 -0.341126601229165 1.66684384999724
-0.273322598144313 2.55682874715482 1.87503017115871
-1.24020645917003 1.71781515395758 2.75147553355773
-1.4287221229069 1.55700236563449 -0.957774846608611
-0.817798931418966 0.805391821947172 0.764836366066282
0.511352482433443 1.75938705537344 2.7318882610454
-0.304595185806287 -0.458394711732527 4.18618092447143
-1.05707387753807 1.89142140146442 2.50031894093121
-1.39230694908538 -0.139391656677025 1.34166044870413
-0.869713849006476 2.07628613799267 3.31704942144025
-0.974005468747696 0.146216961026894 3.20273157538874
-1.88388781368914 -0.66825098815075 1.21808230809451
-1.53751361083699 -0.919434446900419 3.48475646652982
0.088005387846936 0.258769504232949 2.66712438730234
-1.87146257114736 3.21945247725398 1.97039417773127
-0.676633653273259 -0.770519036273655 3.49135454047929
1.50519051317832 1.57442661896461 0.716676165975198
-0.234042608371894 0.2544265222836 3.21649246381782
-0.344630200535958 1.45893510487069 2.61542887133498
-2.15457673038433 1.49118854909921 2.3904811017629
-0.682606496230248 2.1363096878597 1.56788792262749
-1.11179770970772 0.960164836410768 0.467587819870216
-2.07210406150689 -0.624906452632976 0.415107209624658
-1.10153128273665 0.380373183827109 0.751468573211181
-1.40260063465122 0.292416855184227 0.52317118669473
0.0587165855653443 -1.0970400445212 1.30239996543937
-1.36212760806336 1.11507894048312 0.196961097177778
-0.455052065999114 0.186267969064083 1.48760446763705
-1.41964834463245 1.02567816774402 1.70336463239745
-0.0178241221731014 1.62810215576965 -0.468222711981103
0.527576779448453 0.0121690553077532 2.48290760866186
-0.950313001375688 0.560252347264914 2.46981613829329
-0.143604901398071 -0.292273446602388 2.11053952666172
-0.42704177195321 1.95469340766685 1.52420595379449
-1.16915632144517 0.0854199757056183 2.16964857183704
-1.37021370840835 0.876772729799436 2.06034890827045
-2.2147120370229 0.936827832452085 -0.149859392994836
-1.42455631535155 -0.469102317043339 -0.902955403392848
-1.62687510206721 0.120019905137563 2.27571164919229
-1.14900718178071 -0.0060761824212795 -0.463839566049955
-1.8167441876859 -0.0557918746838049 4.03909039581397
0.291561092609078 -1.00742943438924 1.1093828015847
-2.22642251341537 -0.499681184711607 2.41607587175506
-1.47530369670146 -1.57262134738568 1.49718775804528
-1.15699505197709 0.700102352157733 1.46445793904746
-0.57308904793264 0.207287820794847 2.8351342861239
-0.801405824872103 1.12382953756695 2.26350607197179
-1.1813565841366 0.973109400035438 2.23222155440777
-2.27926469055459 -0.324651862511661 2.14512635300215
-2.42022144185326 1.03533380791125 -1.39111224360371
-1.26137532241019 -0.663800466814428 1.83236693594049
-2.14656635383596 2.27663126736206 0.171948048339307
-1.18565717151136 0.578337236215669 1.26572228137613
-0.446480087092567 -0.656659843967039 2.16061191014282
-1.10104014977573 -1.57019014708262 1.77862206709359
-0.636103377896239 0.931915487757683 1.33136690340809
-0.941206969854999 1.54086879920347 2.08881264173767
-1.60053223218746 0.0396828018575791 1.35181127230673
-1.50663462231735 1.97328192287458 0.512096860931717
0.591710670640943 -0.589700989063327 2.09442354653369
-3.23471815732511 1.11820979290653 0.92414069010219
0.38918861294178 2.38809831205747 1.3638184942961
-0.909475494877947 -1.18815990421806 1.49785526503029
-0.760081772372234 0.632775180946969 1.93575042442805
-1.19492732547702 -0.64620742924101 0.97490183953085
-0.768899474255407 2.25249854587741 -0.476506370800331
-0.851081426733357 1.11221581219476 1.19972394071088
0.209046145733754 0.534840649635222 1.37586861901981
-0.307710255543118 2.44066660243636 1.81014006933721
-1.35874041295966 -1.31067254760567 0.574591297669163
-1.15770086205818 -1.53898379116219 1.54681041630118
-2.25598467734585 -0.338401542612145 1.47588254078927
-0.919202882856947 -0.173623867787782 2.53365520748363
-1.27406519278505 0.226900974600645 1.26764761495998
-2.1854605219551 1.08020152369816 0.0690946872709606
-0.87334816703721 2.36036811478605 1.91021752146415
-0.664546613202079 0.409398275956902 2.2115422792794
1.0986296674201 -0.124642913727962 0.864751780265144
-0.614115817717343 1.49174914772079 2.53404889958399
-0.0996411236076042 0.618378602578916 1.69288287583419
-0.87970028778075 -0.118796484723511 1.11590561596058
-0.700948826004991 -1.05752669614073 5.93487031797331
-1.77555656584095 0.835590788459333 1.79813646153829
-0.0370972392689048 1.14930335620857 0.547133408667
0.480758565464027 1.41865244154025 1.83457726847002
-1.45789812719658 -0.126742756571596 1.54805197576488
-0.446978124634695 -0.066284114729982 0.926179603321693
-0.380520914240978 1.09977798520955 1.29317687039488
-3.07105748652081 0.749729043886106 -0.11140552671644
-1.67840491808319 0.409459530669978 0.838833231649205
-1.15878767955479 -2.15082808190553 1.08805288705198
-1.53363374822121 -0.0141195442387234 1.70118997090185
-1.48869614013653 -1.49741594131016 0.831553718364715
-3.12775997739914 0.702035159081335 1.1896996364195
-1.85012761035815 -1.17798359205642 0.340190950731351
-1.04300806718792 0.378913107429047 0.744341698096055
1.03256890473559 -0.518370506565114 1.65148028318674
-0.243531698495166 2.91531969769508 1.6783696521278
0.354465554808112 -0.797625366370506 2.12987013834146
-0.64351720893389 1.71146400869213 2.66672110251171
-0.182161114310832 1.6284729435382 0.945783365122242
-3.78243066300514 0.676858120415899 2.32195697481336
1.02730542333301 0.703886064080143 2.31428629564482
-1.95746938823126 0.302088960855004 0.665499469902144
-0.00443250474916834 2.07573655685806 0.884880221396136
-0.564106264394261 1.19977066052852 3.87768021476391
0.0516549388073757 1.02098186692298 1.78304613287376
0.101677556533056 1.38230250820302 2.63111391199213
-0.657976853081441 0.304441159812628 2.24219498326441
-0.436990459895472 1.27626293945802 1.58620800876284
-0.891865488649746 1.14316454949669 2.5021463781759
-1.15622951103858 1.1805986359125 1.87485756924322
-0.543387042943711 2.19250468526963 1.88634427425074
-1.71213932135071 -0.369207231125273 1.91175162495474
0.558252276014707 2.02865865213428 1.62198700444859
2.72516456804608 -0.255827792575579 3.73181722497562
0.575682068233916 0.135751664470038 3.21655356322186
0.192269650409685 1.47632711235647 2.38845464099765
-0.660359549891415 1.30485139747001 2.78026850958561
0.220421620124562 2.13727372236376 4.29104226341491
0.527264328835915 0.84484846207371 1.30076856230359
-0.333256102720356 1.09683837658278 2.63268409771666
1.13603138605225 0.809147750888728 3.10425789263413
-0.82328949541423 2.17762465461586 1.66075059293939
0.916766325282487 1.85086627272623 2.3181125179206
0.283510399451109 2.29341278165425 3.12185303500665
0.922193474926053 0.461350751368554 2.06845593715172
2.38191806096716 0.649549485421726 1.47805360696658
1.28925462149025 1.04983823385822 1.23257986566866
2.00915346678743 2.30675832623144 2.85349038737792
-1.42928419035737 2.31879540094376 2.03968181824556
4.11862507040604 2.1629964321164 1.53698977093796
-0.297983168089238 1.97254744855159 1.82774262247824
-1.03723305767998 0.541821388897053 1.98260996694501
0.223518223085425 -0.392366129807438 2.07625637961192
0.645447550423845 -1.06434899416525 2.39323268644827
0.453317542675093 1.61904757234301 1.82728025183951
0.404117362840143 1.48485213210605 1.60142872065724
-0.392134409892958 0.900451425578264 2.16039447082878
-0.187670187888564 1.2438885356626 2.33229575820938
-0.946120506699141 0.0436516599176762 3.73454102049323
0.431028226473919 1.52196548755777 3.45612940134515
0.301945999581865 2.25373513051347 1.68043054311135
-0.0365983681492597 1.785610222381 4.11202766069634
-1.19674252927529 1.56204638348261 2.24956795927504
-0.862160378312141 2.03603341138111 2.8589237057848
0.734541803651163 1.0612053433573 2.5716723877787
1.1031792578551 0.745897749230735 1.85271416276341
-1.83946904403586 2.38926106136666 1.2807131208686
-0.180151569391886 0.641196920836717 2.64129402392361
-1.93626824215188 1.42972775113554 3.14459517935476
1.33838721202152 1.15133710474661 3.75257117329808
0.387775916728059 0.758231107883826 2.27935871100251
-2.17202438356547 -0.0528834026781956 2.0482142620627
-0.291346690589294 1.43684073442614 3.03940241892167
-1.30355648403296 1.17061902197669 3.71900096445387
-0.0685990951803721 0.598061888302845 2.34594052555219
-0.894072714911351 1.34456811807816 -0.144156253012455
0.24297067034829 1.35966730029472 1.3144648142287
-1.31532090925135 1.41738033063789 3.26485679541715
-0.549832705646314 0.725290762096139 1.74387615920993
-0.742776504646424 1.16896174781787 2.39151327556928
-2.52796430325878 1.02772748755084 2.40007659844866
-1.29152352035019 1.65258066772925 -0.177940647551596
-2.05651356800177 2.39267671938992 2.0676086422903
-2.22029738884971 0.903434726008272 2.00447484979501
-0.95740460932525 1.84039342584065 2.76263213685615
-0.8945265396774 0.368886058389068 2.57954289587615
1.54776067614105 1.98965601888062 2.75119669432117
-0.802011249209725 1.8613089553706 2.22670990551349
1.43665579856021 1.07127912742805 3.41201956568241
0.52281549980456 -0.0921334748728225 4.23289654399506
-1.11947803263184 0.95227164787899 2.33513666730225
0.647710789691285 -0.71751209315476 1.84705242677742
-1.63372043822969 0.725532968213343 4.44240340342845
-1.73022157852986 -0.738985252067573 2.9480314864288
1.07678429752444 1.30567896734546 2.68717705756499
-0.372937062167991 -0.331745636444854 2.46721036152878
-1.34944719946539 3.03487642364533 3.8218758582147
0.742157937950402 1.5968999168468 3.92518702285193
-1.62502315508663 -0.0243784454237158 1.97362040482079
0.653616964387322 -0.107537407491636 2.23561967819521
-0.899877492112148 0.840369613543138 3.18843131750639
0.437861778660406 0.334755305315194 1.40254753631286
-0.458358456420023 0.410601253747518 3.30144809662965
0.275453998956015 0.769491612167874 3.18172849962666
0.124127267236688 3.52209931101241 4.59782987167163
-0.251780782875282 0.171889236188836 1.36685804953336
1.90529546171266 2.1335580957167 0.708278429047166
-0.0241326387141664 1.6953517438424 2.1511408179819
-0.769744094882991 2.02245053642526 1.90789496731862
-0.677311340400091 -0.0422679387686706 3.06257604838548
0.781846290075587 0.211067100177802 3.06841263718189
-0.124615568935064 1.00196872889111 0.741754014545157
-0.605744224917991 1.46649364560324 2.0041421293596
0.00515627476201475 0.968232325457357 1.80347097931536
-0.460426727440151 -0.144501360951272 2.43340636381766
-1.37977739532256 0.162490565738137 2.96822397045373
-1.58575701867712 1.21671809184844 1.96581454452334
-0.59378230473613 1.23782854198742 3.09212493459222
1.47154620026944 0.64708800548638 1.56349359257988
-0.588859704084087 -1.23548524172796 1.35535864657161
0.0389107919792709 -0.337103775449691 2.74060044962861
-1.00450961048323 1.54546362780296 0.88640577277195
-2.22656956223383 0.568749829004549 1.25574216917996
-0.0535738119980843 1.48265470201563 1.58552445443635
-3.10766739177547 0.475114859914328 1.97602186578049
0.304413187401336 0.849954262968056 0.375134140323954
-1.5080888606213 -0.247536196468234 2.61586124139805
-1.89770058322806 -1.45709725602204 1.34014959205835
-1.7385179699479 0.00420013109315431 0.852665451742416
-1.35148992123011 -1.22750083470963 -0.020004525206327
-2.43712870752659 -0.935345412259034 0.292531050446228
-0.23716072232383 0.399802263067795 -0.0808952263438333
-1.13027638192158 -1.33160280184138 1.93542276138151
-0.778498315727195 -0.702011317805596 1.74759471447168
-0.963686942886643 -0.564423276370284 1.50695558421332
-2.30752317353226 0.072434543040597 0.329567693488435
-0.896443212903606 -3.05411988037323 0.618033167712809
-1.24682463745589 -0.16676477259361 0.734711901933963
0.658412661327903 -1.59511656442962 1.65463839847417
-1.77758037907568 0.603999433276886 0.768369276352491
-1.04575196305414 -0.325976069309921 0.9940299146459
-2.43241135658752 -0.172411069812736 0.137744877421346
-1.16097319089808 -0.557330153012543 4.39344607365294
-1.83031795066152 0.60591915002915 1.46555041798956
-2.57968887322804 0.197598919808065 0.893625041379943
-1.51138931549136 0.0703083572948504 0.714125727549993
-0.834370263447721 0.183671812648147 -1.01794787821354
-2.14638038299322 1.39133447662098 0.186902559296636
-1.95711531054694 0.24795295730221 1.6160841144332
0.101237816984956 0.25558685426929 0.661655557196131
-0.496636216369431 -0.00836881603796175 2.82132888665934
-0.203170611858528 0.528598441851656 1.4566065158037
-0.775196147042429 1.69995984216943 1.89832515227951
-2.05629345982785 1.04991506809352 1.89235228558138
0.723821257767651 0.167982626351042 0.324346625414635
1.12638848060834 0.944974583436891 2.59813042800182
-2.212389025246 1.31667128924337 3.19523986176775
0.258959492445211 1.18999101729984 1.84504383412941
-0.780826008071532 0.303652062247636 2.86788335362925
-0.734482385687421 -0.0289170762788594 2.03178665247589
0.429513349358296 2.95103800884466 0.215707035262578
0.264088179985664 1.40011905682746 2.45544303219749
-2.09284284891448 0.514689440840934 2.00245554981771
-1.38049005562518 2.08665353141744 2.67048772711147
-0.570495320577991 2.52137143898986 1.82286044727334
0.114395843145638 0.749313081144767 1.77765925387224
-0.244860679290343 1.58018993476711 3.39928313700829
-0.222445385813175 1.58474042257661 2.8217426929428
-1.16723093899451 1.92893097196053 1.11755996119362
0.710827670958695 0.987370014805542 3.21648916287545
-1.20433750039844 1.72190432143174 2.91668705553668
-0.00485553330398791 2.12502663084353 1.94753562867503
-1.23301310461601 2.27331014424416 2.03440406055693
-0.287542389196815 0.272928805889559 1.73628670975082
-2.41824693793036 -1.43023672151579 0.416687401731243
-2.14730254170603 1.13610490413104 2.71461206414908
-0.903752422229392 -0.0218986455898712 1.3082345806122
-0.514165423031741 1.38656556735061 -0.325474542660654
-0.0298224092845153 -0.309540625445865 1.59979421167225
-1.56825723326861 -1.32071655978388 1.70645851300208
-1.32936638132332 -1.38411840954773 2.04319480277143
-2.56715604261754 -0.756888585865277 0.370306005576544
-0.740187824440769 -2.01337918815071 1.29338700661179
-2.84891867749536 0.949696966496572 2.52306240808261
-1.66506439856128 0.58769438411511 -0.399417197790336
-1.87950848645904 -0.513117632067417 0.655081039491732
-1.70304579905866 -1.01340106643425 2.19698044070625
-2.53774598943047 -1.06542183042827 -0.316992798221563
-0.071823389907068 0.631692847019896 0.30530199229947
-3.01280092354528 -0.694322729232661 0.846513968487858
-1.43850769594836 -0.53453517094661 0.834914073291191
-0.604202422777385 0.303472861047788 0.741212909937085
-2.68172490084322 0.499715532786944 2.89522465500741
-1.06057137365928 -1.62842837293962 -0.442582217990858
-2.6045869202633 -0.0856027557748121 1.14166695276072
-1.07614405684928 -1.74669223156926 1.07966539140999
-4.76355548550081 -0.33867556934552 1.35207459937988
-2.60941848778831 -1.29201019182577 1.27256573701535
-2.62554946687282 0.19008256068639 2.08073607326787
-1.44634443270875 -1.20905456147934 1.88171791423839
0.347637342456723 -1.52227254504401 -1.35550630952496
-2.07881134310549 -2.59580621853463 0.345550869843884
-2.48864125512268 -1.64490592330329 -1.91981978283703
-3.47801138073169 -1.94259011915617 -0.698000410501971
-1.79878846639813 -0.199178703863979 -0.338413648258008
-4.01848950858747 -0.614284139275636 0.650863294584408
-3.01568549238648 -0.335991250419202 -1.39831917989376
-2.09631797312691 -1.03337007738953 1.8256066609926
-2.24023867192166 -0.931641519491591 -1.51976088686764
-3.36625631803601 -0.843016900720023 0.188537274345884
-3.27402090787906 -1.8429861120443 -0.344355579210007
-3.36369822375414 -1.59080232213882 -0.560988728049823
-4.0297181983509 -1.268768097033 -0.155324069441785
-2.12612248692103 -1.88383084985139 0.276329451996313
-3.02532443800868 0.0380958858658225 0.0391032257810232
-2.68293302261305 0.0756664714347975 0.527673405889125
-1.69981845635001 -1.43998446093618 0.802908798390744
-2.84660379813926 -0.929274876778978 0.0225087485018223
-1.34484824614893 0.413040980749783 -0.0833279144200259
-2.29485067434872 -0.789362705113664 -1.33046749938687
-2.15924992579514 -0.160542314088558 1.45911376958702
-1.24674809082622 0.253571536269209 0.0387904359823066
-1.91065410891795 1.18756044830261 0.737659118346547
-4.13793245482734 -0.125868380378047 1.08213999883539
-1.15044162061416 1.71036649256276 0.504956342092682
0.417164801485321 0.0363371925218756 0.476235119373294
-1.4739495083287 0.812899968429763 0.420661486216432
-2.34603336679262 0.268380734304298 1.73497897705775
-1.13802900644996 -0.263644189772198 2.25224840478611
-0.202037708417858 -0.559244409247715 2.02394400384409
-0.327621845297352 -2.10277085287639 1.29702134850902
-1.42976976032344 3.74100452856637 1.2188539706388
0.210821037257172 -0.0503282899180992 3.21267913897997
-1.23404692188983 1.76111031895672 2.13838973880327
-1.62960355792514 0.884315403701862 0.991884829851413
-2.02688353458921 0.0155345059742997 2.33866050151938
0.328187177037454 -0.167720064358766 1.38576117410048
-1.1328935519725 0.644422277273006 1.51284970707061
1.43590440666845 -0.0240338437290557 3.42308286959715
0.285385642269183 2.00357587763551 3.8025093473114
-0.753674573775409 1.62668447431686 3.5211757166929
0.804302086852824 1.18002349884098 4.87406965922071
-0.650280042101397 1.19465905793553 2.09655020982931
-0.000999229358574105 1.5001073629762 3.40663123828063
-0.105600197121408 1.56325334178348 3.61722885081783
0.152690503494422 1.57543025422019 3.1447714259823
-1.86190303558089 0.0785477588165338 1.69400025921825
-1.70257518854524 4.05249618201897 0.882136219663681
-0.145685816237549 1.35994980015097 2.04901578118968
0.0714005866168479 1.48632015511554 3.27428603553521
1.18480587155662 0.72743200028803 2.97063978767111
1.72173419647077 1.74373606209544 3.29980834106964
-0.351734742263094 1.45609382148259 2.87666444651229
0.243968812391407 2.55252188351173 3.46816865341784
-0.374963346993927 1.29754869155669 4.56926746883645
-0.587472407030087 2.17037105541744 4.41629420879577
0.728525988473976 1.79117562114812 1.79348621735544
-0.312474393478805 0.105089005184511 1.80746295638272
-0.305386086298046 2.96216539895501 3.48188360815644
-0.740395096601804 -0.410708722576173 0.980291951543684
0.778858873537388 0.877428332012205 1.0884759186279
-0.479496972393841 0.0719251491317914 4.00862848488856
-0.857571379328572 1.64132588284346 4.76498414541042
-0.303708623005842 -0.112519697660179 1.53324539980197
-2.62951063053806 0.760143634847198 0.499288635918841
-1.28999795516548 1.26107690682215 2.32351495446826
0.353528540040086 -1.36467637040749 1.87690437242021
-1.54025187903524 1.1980537548675 4.21887120261659
-0.618189332256632 -1.65327535504142 4.22198174939915
-0.911856079740978 0.705830018944382 3.21399323135713
-0.912038836772669 0.188004756170821 4.43571586425776
-0.958280217125212 0.802543462320023 1.32283264459602
-2.00778475082317 0.417877642244729 1.15206075521145
-1.59046270708802 -1.79437015385192 2.23494721989133
-2.47292365421661 -0.706544945728422 1.65154048812362
-2.68877724786043 -1.37238172455994 1.72497866057927
-1.17886087248121 -1.23892586104778 0.0610635428949617
-0.394069811203234 -0.496444923225655 0.789033052854328
0.153927503608682 2.04654043694412 0.4230914046512
-2.07171646691063 -0.264329017522838 1.09873159990578
-1.6321122649387 -1.54735314731936 0.359825505824644
-2.22222369867932 -0.841099254941205 1.66706803688294
-2.38234204528405 0.908724003532779 3.48102152204437
-0.455219263636044 0.317350038842069 0.696309979320503
-2.31116339530845 -2.25060208152792 1.35190207056036
-2.12374247646691 -0.709095276222229 1.774498567964
-2.29075442862164 -2.02552821449277 0.245454035917266
-1.72837366934525 -1.1867850710838 -0.360264265991153
-1.95219880703486 -1.95707013134168 -1.17019214813218
-2.63891871005989 -0.663192760171591 0.755076496579996
-1.34288807500239 -0.365704577383507 -1.10383149249809
-1.45225753669111 -2.13348903466119 -0.422618712942342
-1.27208071095637 -1.98130491176111 1.53707539168327
-2.17013759700963 -0.280274153332808 -0.461058248113264
-1.09347478595035 -0.0458410194356068 1.65814400279118
-0.806532175702217 0.127773012067294 2.59111790228211
-0.175299697882802 -0.2954360087274 1.45081780768171
-1.18083004561565 0.302285469144491 1.22655763353281
-0.497796580276786 2.36836062412841 0.660120113341929
-0.860957619418082 1.16891559163088 -1.24075305903465
0.00899828872876698 0.500314322419321 1.08815908722003
-1.06437257214149 2.2028617962379 1.64427904511732
-0.572760274570663 0.672106206011434 1.89647658182153
-1.17250971805261 0.567626190991115 1.30198332052106
-0.556910077982288 0.298531547323488 1.54116271399121
0.387510251340844 -1.14453110966427 1.89613438487496
-0.986625282148048 1.63269402966786 1.43187725042857
-0.121333772296317 0.789245071515237 1.5945537487218
-1.40655657901793 -0.815770098994797 1.01427786088514
-0.691519419118727 1.30318254956486 0.708579734764274
-0.480971004802369 0.937848886598948 0.805549579960795
-3.03550674988184 -0.421954905480397 0.482464725652581
-3.78012264722473 -0.294708292370899 3.44443356244089
-1.70120189458391 -0.413500061529895 1.31478216485229
-2.68786543068225 -0.187561306981591 -0.793379315553231
-0.776091784260487 0.617242458912768 0.167768168628825
-3.02826627112945 1.00742437336675 -0.034763614602192
-1.31492492170872 -0.843407866245081 1.17224650110304
-1.93538812344773 -0.905623166174894 0.0179854910556732
-1.71483102167684 -0.953129703198749 0.104088876491062
-2.79801526087173 -1.36680042659854 0.252203045772132
-3.03126995220904 -1.06779290184842 -0.308875805092844
-0.91753633883103 -0.831143660603376 1.34529851559443
-2.79581568310752 -0.818024144295324 0.275198050429833
-3.96323208007263 -0.0785372203251179 0.151664730471174
0.780809073041385 -0.160552572600651 -0.634724854252749
-0.802452427393802 0.648030647834889 0.267963138144928
-1.4529032577579 -0.320353787060766 2.36260658116694
-2.14864237622272 -2.62699509425101 0.268928637625904
-2.22942295600277 -0.695877290334412 1.18102882216303
-2.56764890703646 -0.881027768593345 2.19704761004597
-1.33533138852144 -0.12368713459891 0.860021702066747
-2.49466858739772 0.172375657950866 0.933719613445421
-0.946570233331705 1.08771921037164 0.338307584602344
0.146158384014065 0.117202055678811 0.704538496159459
-0.464901388589561 2.25099688325003 0.518345464592533
-0.838514853092152 1.10744752950643 2.33767500536269
-1.84139083849963 -1.79167172881112 1.12754811478037
0.647462482825197 -0.100228847968855 -0.279463372604414
-1.85313013902348 3.63609220273085 2.64237167746589
-2.08917637064698 -0.78420406951129 1.71148216026583
-2.72993272232335 1.49581303523436 1.80989734690255
-0.80635957367937 -1.46146046835455 1.875141597858
-0.695181356824576 -1.25194899538962 1.17651281401749
-3.2614218418728 0.354521131324558 2.15223352249911
-2.61841245720348 0.957575696818624 -0.352827906284046
0.615111785837406 1.65538506833359 1.22572015545078
0.298042140205826 -0.546491671116839 2.39833876439848
-0.740859091528867 0.493553435010871 1.56472643684386
-1.20925162021858 0.398232140195585 -1.26392927451932
-1.95516807637656 0.513098132626079 2.23132116238685
-0.622787850927966 -0.0528312356454055 1.49395601555907
-0.438847458907097 -0.0580146463975215 -0.30286969336815
0.783564763850254 1.1524960872555 2.82719529020178
-1.05740479670785 -0.0126259872193251 -0.286317899456463
-1.81005547286731 1.07658948255337 2.37348716836537
-2.16193650697473 1.9983739134057 2.08960681866736
-1.45066973523097 0.421534955830711 2.14272022346179
-1.75835034969544 0.624412045348628 1.87975052827299
-1.21154395838541 4.3697735550129 2.31460548467296
-0.391305986130704 -0.355908664603357 1.68578622238162
-0.265572808671573 -0.379213318245537 1.95482750917349
0.0118786849906302 0.540172937729587 1.4515171843553
-0.797779888156828 1.29393146891956 1.27486295709054
-1.27569477755631 0.845036887478788 -0.416560363687549
-0.413168755867602 1.41792464598559 2.67187412376078
-1.51792855487099 0.661686942206202 0.927806412912546
-0.916402701000191 0.889509590644466 2.42259891617678
-1.47548892103706 1.22809314504717 1.1862449401394
-0.242540049087079 0.363974623619066 -0.189389320892866
-2.23164725484037 1.16086435790508 0.798850915639079
-2.30382395884231 1.07570806063191 2.79369891256365
-0.748652868354168 -0.485507146251786 1.85916101093584
1.32143193689839 -0.187182149594854 0.252325094524906
-1.55699169233039 1.40046923739192 2.13446891905201
-1.09150165430566 1.9485599551718 2.12363270628076
-1.938468548062 0.409807860612596 0.522816515382407
0.566550681791036 1.58483011458253 2.123389363252
-0.593421091467124 0.532907223534561 2.1003403543113
-2.32845677694287 0.561983278758413 1.24541042120775
0.380143650405894 0.0245136933957408 0.634946810248774
0.232731931430904 0.324083667296737 -1.30101548156856
-0.954150452698543 0.786333447777831 0.716023340634599
-0.876911568213742 -0.286239466965984 3.59216118640435
0.717786618647869 0.828389755540504 0.493601284957653
-1.00470272012345 0.703433223719757 1.91532496036395
-1.2854910556801 1.19103938528636 1.59573078372176
-0.63928165791068 -0.439435146377018 1.15875198203053
-1.23026744738878 0.548126872866622 0.288529264786944
-1.04108722535249 -0.0437845611917955 0.746010619958646
-1.87554154771843 -0.782928444656167 1.89674556548541
-1.10139536007933 -0.17385561494278 1.18786262427305
0.547856699159747 -0.737527516653713 2.82235169357339
-3.18257114371867 0.747566129272637 1.08682242472017
-1.46399749380685 0.756656564770706 2.15620928180813
-1.10095600797005 -0.557748161084852 1.12386282658035
-1.73907303312065 0.00287459017823544 1.41273335141521
-2.12270343485864 0.0437489063454606 0.115555294067268
-2.49935247318618 -0.457805774991044 0.656108808214534
-1.98435044316217 -0.692580852182219 0.613271431193252
-1.23700515436312 0.0690892014802228 2.73604680433529
-3.09547959981151 -1.79457804232967 0.959323007318085
-1.70221822779315 -0.901145340857046 1.98294135393429
-0.405290712255109 1.49362220849217 0.383746225770778
0.0737403030704822 1.22546168831539 0.974657559045462
-2.20871543203431 0.477201652351482 1.02321747359697
-0.5225150771445 -0.78416404995959 2.13006507691679
0.386606292446344 0.597136243128584 1.69474127379037
-1.05036632759841 -0.786519951897829 2.8439865019509
-2.31928386012446 1.37961015679096 0.461991153585974
-0.173397095905968 -1.04534554007025 0.64631501811031
-2.01188448188362 0.646798644264754 -1.91204839678252
-0.224652221101746 -0.544569795859707 0.490804421319772
-0.500701335561012 -3.61115890863346 0.357614515693422
-1.11960639606738 -2.11081265064121 1.42153096723224
-2.11788179139869 -1.42448313974184 1.75411923128957
-2.03291703622323 -0.346120601588479 0.25957046793517
-2.23544153078258 0.174667760924288 1.01090411987735
-1.3573552691471 1.10770883731421 0.943049513119052
-1.07630126574136 -0.0136573891597946 1.7015537882713
-2.37622460607712 -1.30815311049251 1.7186015732499
-1.4156651015415 0.00662620295931471 -0.761446182851512
-2.2333147471236 -1.46578092358663 -1.48014488250227
-2.43295056153566 -1.27340041358414 0.510244027300024
-2.20872392072112 -0.193227448714255 0.76003684885976
-2.62426851579182 0.86442431369469 0.367778877243457
0.0661520192303014 -1.02128837192779 0.705825446154304
-3.34884155373072 -0.0689529367118081 0.179423768688114
-2.79259376878523 0.0792353996113587 1.11527666878644
-1.96746378062055 -0.848179562109748 -0.937014633230458
-1.74070680075015 -0.184380109580943 1.31257243011132
-2.16912062441747 -0.0395772209027448 -0.289750288682025
-1.91186476189941 -0.750837790631496 1.90816932528049
-1.75367865585772 -1.44225662692467 1.07910282681701
-2.6905765257476 -0.518998640953293 3.50347586315652
-1.76799525951941 -0.251769261017772 -1.12343137126323
-1.70270916244068 0.46995824204176 3.17468722738905
0.0117428579666301 -0.554394719376849 0.511945053639313
-3.14378167007678 -0.349780707488812 -1.67408202003807
-2.24410747710616 -0.258854662934566 2.40099898299769
-1.54717246300757 -0.415497184936508 0.0858555885346351
-0.926366725027273 0.320645715676254 2.24890471829758
-1.53073693326938 1.19747325525285 1.04022272039651
-1.30749675925097 -0.0472016156747312 0.934275258118247
-1.95771561125605 1.22554143690508 -1.06704486829262
-0.923473267248435 -0.269806819544732 -0.373719746588544
-0.651007890158858 0.758322358599309 -0.331660526878833
-2.36315928449981 1.00051810843993 -0.19365855366427
-2.19625560481932 -0.124817908452251 -0.623763803553175
-1.8508240443624 0.905267544428965 1.16602126562201
-2.3475312310835 -0.0605173205821335 1.16416712700496
-2.29207911743103 0.351463902886521 1.66484724523446
-2.79681119433444 0.428546951042618 2.15869729474502
-1.48170426172767 1.04561439363799 0.898533955555671
-1.68201785151854 0.539730822909787 1.20040452234423
-0.420087902939482 0.022639344939566 2.1654036941125
-2.08014760130408 0.381970643047 0.731597153431168
0.420908075689677 -0.150963671602019 1.20667307917067
-2.29812520611865 0.567629480826783 1.82243827703097
-1.10948664684831 -1.53943464945407 0.983934457123574
-1.96157226488798 0.73873895825975 0.644339597865369
-0.448417559299913 -0.87846077043118 2.18447951528606
-0.190472575648027 -0.483775259153745 -0.562484391319779
-0.27134399529213 0.847439990306672 1.29898712039831
0.273757443851442 0.69978902783132 2.6924993939874
-0.756042091852579 1.56938546388023 0.065852939387023
-0.679026669560547 1.44434422757062 0.513993331614014
-1.61785721164726 1.37253280453412 1.55335994379121
0.13433309315623 -1.12996474727486 2.18162775276067
-1.09918879896264 -1.26420548029719 2.13469356420221
-0.6329535749547 -0.657276039610051 2.45957536769366
0.0689897309419845 0.910815853499602 1.38754644829846
-0.732061949599213 0.494390841977237 2.07219207134956
-0.0206795203158791 0.884005001205764 0.343598952688533
-0.200809198620448 -1.45750071622191 2.72364548065847
-1.62360102939582 1.46777429441603 2.00253968348621
-1.44752750240134 -0.371052533431233 1.66848855714794
-1.77415697646048 0.803818034074382 3.49984196270691
0.538739713291742 0.0462584790134606 2.19045293167367
-1.2247010030248 0.781377557405498 1.79094316802532
-0.243912433180366 -1.6042835378411 0.0390740577376038
-1.19790846835257 0.983807579809955 2.56558172425297
0.0655690885136901 1.42107734374969 0.641331067573893
-1.43323831406439 0.0851092721027261 2.47519975656863
-0.536195044629399 0.952694834287462 0.93184108583019
-1.31411653945931 0.516443413071954 1.38349955724165
-2.39019739247729 -0.097638610177357 1.86154756498611
-0.123928575902476 -1.29027471141794 0.596263152369567
0.373911679584008 -0.0388262420595184 2.05295007593131
-0.767467117996653 1.90956259783301 1.39092083999939
-2.4157576838398 2.16589080308649 0.444312570600538
0.120607364217675 1.5772935409613 2.90192786119875
0.135067647152159 -1.25697116751609 1.02230802552178
-1.33100494096672 0.654510772244779 2.04310243459132
0.228857972011817 -2.35407718371745 2.11471692052066
-1.28513609129295 -2.34957267141857 0.343577134259007
0.354637223557849 -0.179003506112827 3.23571717173763
-0.98128011490945 0.586825360756439 1.15803249788447
-0.450831345694765 -1.75738229046942 1.96737730840797
1.36531617772698 1.16411205927872 0.280706224808623
-0.568031029745096 0.761079010771311 -0.00763318544575287
-1.7517393937085 0.767090022583247 1.07962784720164
-0.204140268123174 -0.00827115667329759 1.62079023280659
-1.67817634566003 1.42080340169719 1.52003027668229
-1.40047289856093 -1.61023611516834 1.25556960842723
-1.38882837556375 1.03474443804228 1.60777128445772
-0.439906741133447 -0.677197522671083 1.24082614748843
-1.90865959280268 -0.599488881895551 0.752762583385912
-1.69099375013088 0.683614488731296 1.14575598297486
-0.06840687130072 0.508239515685766 1.46509467666207
-4.20636433717636 0.687476687313093 1.13916190594586
-2.78899174180582 -1.63534392574919 0.142276015255409
-0.232614179062032 0.899613881448945 0.0129059512971077
-1.8649574606081 0.00422711763807104 0.712764383126089
-1.34127897119743 0.80897411509517 2.26687036552963
0.165028018942576 -1.04082389598596 2.43119715735771
0.0626224054316986 2.16257980072826 1.5985646770734
-0.0834714408206868 1.35292691969785 1.24084245116719
-0.11621759342549 0.0749127284557104 1.55697474176614
-0.654118772437823 -0.55490139988381 1.79317903442047
0.287087662301557 2.73264284402412 3.04427478110874
-0.318089798356473 1.04791007046346 1.76742027733404
-0.234534876864298 0.732293332807831 2.71254108790048
-1.77697785882344 -1.55469715157279 2.79910138867814
-0.780471074572796 -0.567834804196169 2.73983370270932
1.85193447923925 1.58618815311413 3.56418874350021
-0.210581628838704 0.0139654614739696 2.79722704471287
-0.520732716495068 0.594849073734933 4.10802994309799
-0.738983978365991 0.843795596736393 2.11437721228103
0.786180880186598 1.50947222842355 0.597250297155952
0.766183804206586 1.58628408316723 2.94482566491622
1.3699066595847 2.22505151010583 1.83674369552554
0.87875146424483 2.37598946395875 3.56447594634949
-0.258462190049109 1.68580950433106 4.52883054704543
0.138175301593956 1.3272095862118 1.24063351873416
0.296543430515836 0.831674758541387 3.32066305023529
-0.363879685009056 0.735098719753517 1.8781102338471
1.46621520989166 0.0253843087011797 0.489630913986651
-0.713804284524481 1.55951081275908 1.680837734849
-0.148906351015439 2.36781836623722 1.48557108390522
-0.672243639132146 1.07827116379228 3.4497513894715
-0.653698186276778 1.54187402436245 3.58725881327188
-0.278861237031204 1.75518516901568 2.51354386660712
0.235771369637277 0.749928499589131 0.56574686857649
0.543511863729674 0.477077761210919 2.39291649802046
-1.13474550773618 -0.185527843711751 2.48520423306322
0.665628588613903 1.64127553771051 -0.818182866504872
-1.5508707902064 0.598645641237809 2.93812137654245
0.23050605944412 -1.12252910716302 -0.199166654754503
-1.20286300251048 -1.30921668370111 3.59168713934909
-0.598733207443941 0.241184284692224 2.44757012761117
-0.0483505821790652 0.876461006143217 0.667349409767632
-0.810732931944194 -0.156059713678171 3.0518061178855
-0.366391724330154 1.36708152284335 0.303368771510123
-1.53156766934345 1.20144504148496 0.0286891732947129
-0.351213509372418 0.390260502029432 1.38983129603678
1.28067663727048 0.535346925148204 2.45174425782039
-1.63170835380691 -0.273305705033098 2.13324119480936
-0.920624781122547 0.592118605395896 1.98121143783576
-0.240543937488334 0.843006011697397 1.46034684262756
-1.00608290842183 0.720943334062555 1.73189117666678
-0.509692150692376 0.709423883193581 2.86924611223614
0.641362949603459 0.795730975555732 1.27284003997527
-1.9565834942403 -0.944455430568429 0.884104652616173
-1.00189664775425 1.6534447366272 1.48624722179885
-0.169778895717629 2.69862713449488 0.787628822448702
-0.472497861236824 0.613779022171901 3.05674435079585
-0.770851899963722 1.65615786584695 1.15390198869826
0.0131845174599401 -0.663174405303052 2.10210747420895
-0.211079479057376 1.07698815445837 2.3345501537756
-0.8980081829491 2.21028794066256 2.19232943056453
-1.00240414397883 -1.3708205240234 0.789740955092084
-1.79183098467186 0.237999264034097 1.34980227262364
-0.963020328256256 -0.59514450046175 1.83185340874837
-0.128222432193254 0.42492965252098 2.00503490702354
-0.997459726599844 -0.738519323252651 -1.1358053061721
-0.853445488315559 0.579328224989763 2.52668673599778
-2.21186376562448 -1.24582231400353 1.83325516069847
-0.358192112333446 0.0602604046119015 1.82360321880929
-1.97189971677991 -0.439649154612732 1.00854740362881
-1.82751928883902 1.07849012342562 -0.378782472421113
-0.514657373818923 -1.21987075380378 0.985143463941185
-0.701883252411248 0.022448855257269 0.863912855029132
0.693063175659714 -0.420829839113562 1.62511998557057
-0.637762610305573 0.544852046647077 0.660701275544642
-1.67706854568737 0.962094406563877 1.39636219797706
-1.37467813289623 0.926834858149946 0.658643056083919
-2.08820000099511 1.20278160365939 2.02508805833021
-1.32850742613799 0.199075691746713 0.221193435021173
-2.75234541337287 -0.119734867502412 0.747652583684624
-1.66706908686226 0.619626800921972 -0.536705160929663
-2.88342405696244 0.607790603130137 1.77602153465507
-1.87618233580703 1.2833118206493 1.99212625239161
-1.47028508868289 -0.126930815374165 3.16777225867961
-1.35500272652872 -0.939630717108992 1.43431372242215
-1.68943715340215 1.23538210353426 1.18595621447833
-2.4685190612504 0.285667133732582 -0.583984826025412
0.193984471387902 2.68659707115295 0.779704909491794
0.314124322550361 0.20743462959527 0.887754772468899
-1.80450475031095 0.947728028586804 -0.146320549888468
-0.499662173068855 -0.700842576148049 3.05946848453497
-1.10492548434255 -0.643238529038996 1.3451260849755
-1.22583230011049 1.35134911765156 4.90661275234132
-1.16204995862748 -0.654017950670148 2.13877722236254
-2.06391219897987 1.06200756739303 2.58828767018706
-0.824366815350003 -2.1997969159479 -2.27131612000045
-2.18626464500955 0.213306494548885 -0.738450714653458
-0.719295683814738 -0.373113182184564 2.14293789031912
-2.56999844812965 -1.11257271298985 0.582436040571827
-0.719979807326342 -0.457919321463071 3.07879006413655
0.135266952645025 0.0892427728825122 3.26607200108015
0.337443264263234 2.63405574412033 2.95861743142848
-2.12552915654731 0.655673702737674 0.426993924562173
-1.0592579428131 1.28723830233347 1.44821474635618
-1.23870700671439 0.0363994692651316 1.1115173277533
-2.2399581194847 -0.160895556389167 -1.04664571528554
-1.01460036747626 -1.0076455005855 1.63574187364106
-1.6463687149316 0.568596776516494 1.01482576316346
-0.586390918284993 -0.255810032536782 2.61141456597619
-0.848265931255812 -0.594116667808637 1.70800642096716
-0.0858998843152414 -0.230286927907748 -0.126083456928898
-1.42205191540842 1.36289588291233 0.698046931148372
-3.64163087318726 -0.0154475560877037 3.41786345887314
0.607279033677266 3.15948479598678 1.75370367736277
-0.82431463960705 -0.111184125007739 0.661433643142374
-0.103104073583541 2.22338840784994 1.9774132866469
-0.34635591028903 0.178620521179179 2.49286226020414
-0.802540149613577 1.41326160911026 3.23159016276529
-2.47671150787533 0.314821542051253 1.56777776411461
-0.587755226020068 2.10926791322015 2.52260603742637
-1.37270144665277 0.892290391839949 1.81525348239832
0.10000490839896 3.09026042613946 0.509893714540958
-1.56573245485654 -1.97714966478914 0.775398794551377
-1.50420514750316 -0.357381882196643 1.09215840204449
-1.31667629453767 2.30167858767398 0.565632945514285
-1.86213438212602 0.604249645581312 2.75648878561939
-0.245806701238186 0.735159169394211 0.730979045006608
-0.58262848763331 0.870387499812292 1.33106226712238
-1.4991399005273 0.0422770148769539 3.08777813100033
-0.171989350538329 -0.321132427705444 0.899176442340965
-1.95158462471893 0.464237666622775 0.826491428240762
-1.41044340027535 1.2974454635023 1.8545669592287
-1.77223138703405 1.45912643432874 2.42349043092988
-3.23440234802285 2.44736958064502 1.49866919482075
-1.2563842663525 2.17025970637444 0.655201032861018
-1.62809125304862 0.190535967224251 2.02073862980927
-0.00384796526568704 1.94213283089957 0.57732287370838
-1.81240152561319 -1.25440635707601 -0.322139387976907
0.728922255444252 1.30953405497222 1.39807521725157
-2.3416632224501 -0.341294523691347 3.38784380977997
-1.98793263378996 0.500703282682988 1.52364198010635
0.0220449503713172 1.79506104625455 1.96666863674497
-1.67238371777396 0.151586654404254 3.02431910211606
-1.74059219611055 1.3819692480637 1.46156552485899
0.419127817474099 0.000913633669065453 2.82900916524499
-2.25480122527238 -0.264208374529318 2.28943542053425
-2.91585545991114 -0.371223353423098 0.898860543818335
-1.10518518649762 -1.03184712240284 -0.306971811288257
-1.40514620586437 -0.407932239974723 2.2619098779938
-0.853524898393225 0.250696899186058 3.18705838574764
-3.49778667757333 2.0224827137211 1.28465017826161
-1.8691441189751 -1.24393233577622 1.41777981441408
-0.467135873655032 2.83952477678182 2.03918337085923
-0.818599181635112 -1.65024311289962 1.65408126524404
-1.50619189701144 1.17061057258583 1.55318345178955
0.210788162720169 0.511647586163383 0.380105577464136
0.335563415619043 -0.357028922880403 1.39942203213356
-1.80609801429802 -0.507080236303942 1.85185370000324
0.497709475585759 1.07900781039554 1.05275197023998
-0.546862760717726 0.234455648179268 1.72240227967981
0.404976229241187 0.373243824512607 2.6105619250081
-2.23191576116801 0.16105262151491 3.11077642922294
-1.06625979364664 0.868574201051834 -0.61602432889972
0.498500409362691 1.13899138135528 2.23676490538846
-0.952989312148304 1.18650526994398 0.390103816157467
0.0250119870766683 1.54557378142454 1.854132874257
-1.39425539398189 1.16385156376811 1.37523750975908
0.465239747943742 3.25993586512444 1.68336077644205
1.88749661443922 0.241071540229849 0.245990332916763
-0.111758788809765 1.18199062244598 0.0996618484810952
0.189271866938189 -0.00127321290914439 1.56888214654721
-0.188691898583491 1.57341496633459 2.45693620789588
-0.248295180266039 1.49230467544058 1.91338852489473
-0.407647332722174 1.68088648756744 4.42239985613437
-0.122922090388611 -0.0306064537488482 1.4166674018477
-0.465555522224314 0.212504753529767 1.77951594026254
0.343773863015396 1.16641046696343 2.37026376274159
-0.528506242641606 1.52357139889009 1.78842272246827
-1.10195080525335 0.888528885810126 1.24287956459585
-2.7945889277631 0.750365002318016 2.74686280257966
-0.715837266028606 2.14594759297105 1.1278302134657
-0.25878143821438 1.70097005928505 1.43684549059729
-1.3469115505498 0.115906159383941 0.959281960189265
-0.71964590859445 -0.0825500742441927 0.687591676590462
-2.22444103830576 1.24131679725038 2.33475756983524
-2.60624483644273 0.846713307733591 2.13278344139805
-3.01992799754818 0.47309447752173 2.7023198859197
-1.55037561366325 0.268885633994463 0.989830280133989
0.808377640875456 -0.380470618622171 2.9001552571173
0.547035047823241 0.115001691342898 -0.034607594783949
0.431141207724677 1.66794065498758 0.722330466201241
-1.08858044740082 1.40295177824821 3.09323880789043
0.0530893178850892 2.14235974580129 1.98982535434707
1.69447723468355 3.08336807000387 1.30789441978734
0.702503632254418 0.726736325949031 2.45786753315759
-0.183804659780288 1.09599222998219 3.51732185754865
-0.209168493398727 1.88053055337927 3.1684554060642
-0.788867902726792 1.14027491245532 0.808569527632725
-0.999835887651856 1.76763536026946 3.09864836742002
-0.663889717564588 -0.106207187410103 2.69920016988115
0.942752027191861 0.816778487458896 2.45107119962074
-1.00583488473332 1.49413802970978 2.3767808861684
2.01391069825514 1.12031910999279 3.73101807980039
0.366007211206157 1.36394951641199 2.31277498077136
-0.332027159024062 1.83956423751481 2.46938874648992
0.268897827672787 2.06435353163146 1.65851297175336
1.83704676733398 1.07156806335252 3.15725489720701
-0.359673962943826 1.85806608430433 1.59326428294669
-1.0151894756511 0.762297877041164 1.18278855418791
1.25136337306221 1.53947404437763 0.634072231158067
-0.210415557210988 1.64197987762658 0.138931987917366
-0.413706976459102 0.210355029682785 -1.02920393140177
-0.0701531765136318 0.7187107849153 0.302511593417299
0.447075152731413 3.05942669581477 3.27463706651518
-0.944120919926109 1.76847688580375 1.0427776123142
-0.783067885750234 1.64947313755699 2.34731063987574
-0.726530403113463 2.44388511559108 2.35717765676133
-0.661787894552231 1.14848777743233 1.94781494000002
0.631956044551553 1.70929694898819 1.40859155089892
-1.53096229587552 0.63838775468554 2.03430275785282
-0.972387392203977 0.807662771831786 0.898755418114455
-1.75612786843752 0.504077803090692 2.18458626561898
-0.275959142056502 0.661344215456715 2.4937292802704
-0.477511412102476 1.84983518023967 1.74864475371846
-0.606384294358056 1.55015558946501 2.57507912166575
-1.68193018501452 1.11846506414989 2.37864191766371
-0.695483620894472 -0.802129326856465 1.40453256695842
-0.543741796392912 3.78066730260301 1.25486989206845
0.58125474129679 -1.14583024151697 2.65147560917291
-2.61008514652916 1.16863446416096 1.90587485731339
-0.118278696946306 1.01797762426902 0.813979088876707
-2.70678119188638 -2.28253697355401 1.8693054544216
-2.57680450269452 -1.41647977231323 0.956508454114855
-1.03004697460335 -1.90320624049167 -0.77376166930596
-1.44652462962043 -1.72958810460244 0.109302810870659
-1.72759999383678 -3.31405000333752 0.593831152279331
-1.93051768641966 -0.731887746499938 -0.621624353455341
-2.21108234748751 -2.71564464690563 0.447908653985814
-1.69308333846699 -1.17701347519458 -0.328069160426998
-0.860846581304073 0.919790218212416 2.52735257220707
-2.06926275653439 -0.222429563060264 0.890155350363919
-1.33845580766436 -0.113823264246285 1.25378137841828
-1.83802454605411 1.07412537825968 0.388319514871003
-0.649092792988783 0.190124421721743 3.15404251352685
-0.634442781111516 1.2632688421667 -0.737740201791604
-2.22009645531801 0.988177124533929 1.04999496008706
-1.82939103482109 -0.0139163269323561 -0.987805706718115
-2.89210090431985 -1.51737938303953 -0.0974804981435068
-2.29826734703981 -0.777650186687073 3.4436757058084
-0.059776380123433 0.70600665522662 -1.32988362056617
-3.01203963875902 -0.38535474355536 0.477448847154265
-1.42707949474028 -0.153235746259919 1.74529936862478
-1.58512947751852 0.794679194827711 0.61944152828079
-3.06434424532708 -0.764910281910524 2.93678957319825
-3.05820430414075 0.0552298486398612 0.318873969367818
-1.84317726312216 -1.60340024423253 1.38573779462815
-1.19774040903104 -0.815481529551605 1.06454947448735
-2.28046581913233 -1.02111487068284 1.62706175276676
-2.52226781494582 -1.74732836180529 1.22250959146371
-2.15733721079413 -1.08913029395554 1.16660030751795
-1.31237644513896 0.969073757835301 1.63569246281813
-1.75533478497949 -0.353574350195621 0.415990810808864
-0.825843817947779 -0.782461835619704 0.743285282466647
-3.116445188164 1.01111271015817 2.79359864354601
-3.00814172717518 -0.964692822657226 0.969758962475142
-1.65454719029779 1.06224711824643 1.3061737043389
-0.927207115426288 0.596058455303097 1.05453391860333
-1.73878909365552 0.843493962388388 -0.158985076721952
-2.42673777572561 -0.623217069907963 0.965466227604902
-2.32532267490593 0.843242517124864 1.29570407283032
-1.75538329390548 -0.265815440515667 1.40705966233132
-1.52364099728193 0.482937108652574 2.8040168352908
-2.24109883433321 -0.575776511431649 -0.179427691811867
-3.29932869893474 -0.0748325869636612 1.49658945768679
-1.7532461677096 -0.495397817811386 0.0286866060357318
-2.63389225207968 0.226108293079151 1.67673756146777
-2.06767527457168 -0.022990588817418 -0.487503914932945
-0.795021077105117 0.926451689974949 1.00205502870315
-2.48056290126975 -0.10015252371901 1.14294218866309
-1.54876768365922 0.612390988037914 2.13860731123226
-1.35758609775065 0.779030467728365 0.34012951676139
-0.130033513759463 -0.267126509196877 1.24088708961049
-0.933792916754086 0.609989821227292 0.977258886318947
-1.13933379793217 -1.38261048090577 1.35167918237047
-1.05339757954524 0.194142834144222 1.65267830291413
-2.88578015303734 1.21968333566795 0.48089265840837
-0.892198079304933 -0.099547912887988 -0.877185968431569
-0.0262255750608106 -1.32497360369985 1.2182039345947
-0.839885125352564 1.5709360496842 0.944576138680613
-0.250549924509882 -0.178136749122364 0.83365200447206
-2.492106880321 -2.47916072393038 0.290141872160315
-2.15119388548888 0.56577027190539 -0.0519347392649149
-3.18444151165346 -0.0445334483080282 0.211665857339988
-2.07472640426751 -1.80908581295269 0.129305528375239
-1.7130310598999 -0.268623802228667 1.85057000612164
1.02293848220378 -0.854885069862507 1.19232298992433
-0.930922471867885 -0.103852582333433 0.883061971540961
-3.49352894197358 0.705127929111142 0.596433798405305
-2.36200514496892 -1.02878608883232 0.769439628583064
0.361367718213916 -0.931049829555824 -0.434402706286858
-1.66319932072314 0.477307503114704 1.55298295085071
-1.27609522926379 -1.10918899041679 1.87510588431244
-1.8420313328408 1.11080104702962 2.37859907093615
-0.950748193095886 -1.76039892789505 0.380730101536304
-1.55380554625643 -1.3429773999586 0.642412588179353
-2.26039784067518 -2.20268891266311 2.14302834837609
-1.69711456181521 -1.66473549256417 2.58457785314547
-1.23612337232605 0.0729194661510872 -0.764893794507466
-2.17393440648058 -1.03923424244939 0.873268119682751
-2.44694879581651 -0.225306212648391 0.498401274928799
-1.99490329155587 0.626281874400094 1.45822340725159
-3.29000678928551 1.14307119570374 0.222194740736375
-1.99279834590243 -0.538995869138596 -0.606254185945025
-0.881419979287639 -1.11882533908058 0.321721842970967
-0.737428590079479 0.77168970741096 3.2139910248466
-0.806395299287235 -4.50346930322284 2.20265149655763
-0.591666477094881 0.507404156468884 0.422180744806006
-1.44595573016203 0.222282297465991 2.78239247904787
-0.975032902380999 -1.42621674158271 0.0622796317304969
-1.13667741827461 2.01555016074809 1.46170671914315
-2.02527287923045 -0.316609439377241 0.168061744585868
0.595513580421137 1.05205929060599 -0.903602090780828
-1.74629581657969 0.208338289093145 0.749311056058269
-0.580859818107015 -0.580422917969929 2.95175565409078
-1.49773689652433 -0.417456226244206 3.0185806715549
-1.6623409349089 1.89417184985475 0.339080924476469
-0.809544956214404 0.352542893842681 0.567687244547773
-0.17103450104451 1.34852515838749 1.63632199687066
1.22315698990689 2.49139242079872 2.02721221723212
0.112981375897923 2.22933655315211 1.29034596791198
-1.76452186273761 1.64790844750681 2.05675195580119
-0.917117952775268 -0.475763872178656 2.38087194241213
-0.713107274968992 0.243314031843856 0.781759410261424
-0.134791006291482 -0.674063883971135 3.24107383234486
0.467670136970779 -0.537238886871308 2.36122012736862
-0.445957012886413 0.992268906199535 1.81827879967209
-0.912558733888996 -0.619542888009974 4.04646766649708
-0.827224290680275 1.06507557859562 1.55740747582511
-0.294007027270855 2.36637630873466 2.66641330722511
0.616323083182034 0.520192498425669 2.32628455097026
0.994396916629288 1.41597259875039 2.28770853206241
-1.45074273678323 -0.282897514302469 3.4077926407814
1.19305363244255 1.54752952521512 2.57611835629814
0.0318839767912007 0.629407892973575 2.4064904162946
0.44422131641551 1.03137464945942 1.6536354180428
-2.35292986521688 1.28041328151525 -0.272849184135707
-2.41010558798203 -0.625962998188472 1.58762778983694
-1.55847431037955 1.84037526277163 2.04394602288701
-0.0540682889930959 1.02855742208237 1.53220972071888
-0.986841599180724 1.62082810985034 2.13808126253395
-2.40529238650959 -2.05099141772297 0.582741949306811
-1.76519271434203 1.12309227235252 -0.762210392633925
-1.31602922022385 -1.87621083532289 -0.00129563267635896
-0.889172177272555 0.0191964295276783 2.94215796029914
-1.36042230508228 -2.19246210612468 2.54496547961966
-0.607280413228676 -2.27504233456919 -0.306163784915113
-1.39962529331828 -0.92797922226037 -0.294279378106316
-2.01582822351749 0.41070914436343 2.70166961833534
-3.31304238480445 0.221868395699807 1.05229848286153
-1.14788518453408 -0.325812487795611 -0.287590423143352
-0.712830067227893 0.41983902147897 0.174701095743546
-2.11505383859713 0.0870504981051746 1.94409673671833
-2.81997749167674 0.578334727172006 -1.56551533037685
-2.88667987828205 -0.725796608674468 1.32962016940732
-1.15935429044715 -0.133303091494646 -0.589590663433927
-2.19330996000622 0.16128965851087 1.54052161682518
-1.74657348059097 0.124853299355523 -0.64864355507477
-1.9554887779768 -0.298362170236493 1.44841606095017
-0.593262457477264 0.346563613990795 -0.812605139814119
0.0189717772339436 0.087320048887977 2.55465102088449
-0.615153020364557 -0.00102152252658561 2.07705094380171
-0.644850173751501 -1.11903800416673 3.11465882767538
-0.353769360663354 -0.205302604239714 1.07123595685052
-0.930449677933797 -0.300160287463195 2.5205024257086
-1.25593151722614 0.0845013620864694 2.06801179145542
-0.747162866493347 -0.520609623099298 -0.0368512791243946
-1.16743112278067 0.16963409679721 0.37961831323406
-2.11362765372835 2.72932638054298 -0.84542918404444
-3.44968962781728 -0.395146890923418 1.87170423541628
-2.08555127437182 -0.796295438922824 1.90523727148638
-0.940083393280528 2.33320924998253 1.7088123965886
-1.74429757324809 1.03261736121629 1.95749557355114
-1.52253133329952 0.842147122375051 2.01840764748625
-1.2236589735044 2.20923177250129 0.513922460222992
-1.46264646609156 0.646892935589543 0.765872435626968
-2.1053900671705 0.0174496711022988 3.31833485144268
-1.92711027333927 2.04734545242247 1.24321211204179
-1.5170924922166 -0.972161702566768 1.7750896771314
-0.905219753949992 0.596686391575495 2.61331272574897
-0.745290691582285 -0.0713976189641485 0.992744289930379
-0.418507133346518 0.13306354568334 0.601838014412241
-0.706577978355094 1.24225848463467 1.29451059301162
-2.23201469769389 0.866598942955192 -1.30463829282155
-1.30598274861374 0.6543131322765 0.410303916562152
