-0.713583158364565 0.494477461594638 1.943529015447
-1.42551534332916 1.39329483823053 1.75037848130647
-0.242738531454111 1.39518638130678 0.943198286789531
-0.813170031709762 1.51321958539734 2.57267945221697
-1.85767140966773 1.6147259259909 1.96322477562933
0.198115273876272 2.61067150069822 1.12903071689169
-0.541274051887083 2.16319427303593 0.227978783449049
-0.600700107365078 0.949516420341871 4.06116740992264
-1.85895136840828 0.84772456117116 1.42341172704904
-1.69857800534099 0.354632772598968 1.90752793218728
-0.458731472635169 2.20855155038047 2.55551532480307
-1.33194252445714 1.72088092566908 2.32636180359491
-0.33218470461941 2.17208017345643 2.24502874455791
-0.476751973783264 1.79125347677197 1.29122531590291
-0.835777773523544 0.914180560162044 2.9972921919333
-1.12817207908094 2.00662446156186 2.79222041621486
0.327084196859438 1.27026272860776 3.33000478845584
-0.540469163022765 1.62826848342418 0.0346913081804537
-0.945366129247037 1.35753431339867 2.49644409598112
0.241434050287473 0.939315041538998 1.54865198535887
-1.07799476450723 1.93851197263049 2.32564859430045
0.228018897752751 1.60120904735334 2.04828528167459
-1.00292910972197 0.212301739701138 2.36086736079527
-1.02453548975578 1.81054364782285 2.10264370027996
-1.08705074990735 -0.547014881326735 2.73982507993491
0.877179733231114 2.64439496141858 1.54730035662726
-2.82791909797471 -0.308600512359582 2.51565421464285
0.277697436689216 1.83935060640097 3.97191146674628
-1.08010613171464 3.73067510286166 2.21575650872951
-1.72375156416608 2.56454883891485 2.56130599016467
-0.887715639734205 -0.195306654704466 3.21624276444459
-0.448753269999238 1.52323263140172 0.761860423881954
-0.43672580569196 1.27060567079767 2.61269019647548
-0.935697717061465 -0.877544215342416 3.18837978745719
-2.10805550752734 -0.329212181599001 0.553798074374874
-1.73251976296908 1.78023332669019 1.63708577808114
-0.514668802681769 -1.07894554497582 0.85359113156145
-1.95878024151304 0.556121514853614 0.196972593158988
-1.4643554803267 0.688330075529659 0.765374560718766
-0.18555594021638 0.109122462489143 1.57094825476782
-1.14022290039091 0.36735412554043 3.09126890913935
-1.05308194560829 1.03617390566366 3.28065530619873
1.01592279451694 2.0049783437136 2.70154382149344
-0.305530881315307 1.52983358585966 3.34166708294453
-0.820131459102203 1.67491318940908 0.736262617191552
-1.07724186501346 0.691708160080766 2.3589142413012
-0.35345834579693 2.49567916366346 2.28405073927238
-1.61772809524592 -0.185963883963296 1.17771788336951
-1.99711409565101 -1.36737487966824 0.702188207336808
-4.66752480424948 -0.894679817719056 -0.0121547886368962
-1.7511258560181 0.376224954658379 0.741082473522812
-1.83524380742602 -0.146641967014247 2.11824773665041
-3.69959639973529 -0.261690447291137 -0.111759590443547
-0.374768944395842 1.1893838857472 -0.0647546459243034
-0.923046658009285 -0.317818419707636 2.54748100030477
-1.31419976437221 -0.268121839639606 1.719431826833
-1.05718694745927 -0.949560757934366 1.3409940237452
-0.647469007984962 -1.14257859578073 2.17831090709613
-1.322093724674 -1.41617377591636 2.1705116734652
-2.25016075838431 0.139310921060312 1.86568290877971
-1.83654576015359 0.403015059748126 1.15022648193914
-0.66624227114103 -0.118986317081228 1.1383828680606
-1.60333227834208 -1.94384549347029 2.22475220129078
-2.55389425121218 0.300229275619355 2.45406352152948
-0.242287885842397 1.99298447454322 1.92742189341648
-0.0915638662831377 0.287257213041818 1.23860602336238
-2.29289054202071 -0.472802277637272 1.35286055256014
-0.907342500222156 2.26845466625826 1.5229150610907
-0.364553401964502 2.32170486207201 2.5178030365959
-1.79984596819138 0.775402487744354 1.39337789687063
0.854934902365347 1.7294263173387 0.947086670768952
-0.522162915743142 1.9023161960641 1.10577454324779
0.600076760997437 2.3752826414836 3.23768241293444
-0.272250651847046 2.8737754089115 1.58670657116919
-2.78061164454618 -0.0836522207286463 1.34925707057473
-0.565409718298285 -0.530866001128775 1.12439082813412
-0.392427301913543 -1.05206117118273 -0.106293254891751
-1.15539529878995 -1.15413096003818 1.03068547053727
-1.27778664528918 0.087019714244953 2.44772538210951
-1.84016677118485 1.07929177839397 1.64987585493465
-1.7181687004443 -0.263471724922926 1.51730775363897
-2.25568370222401 0.0584378947797121 0.790233727093313
-1.65104252798688 1.52024152840424 2.3881085125314
-1.02076435134115 1.89158565840749 0.0428715498315737
-1.26058279220126 0.200041498529768 1.47215130686991
-1.64276771607442 0.180462075628462 0.67641093636149
-0.716866332571135 0.162997485927517 2.40236947572211
-2.32091062231783 1.09062034718647 -0.497738150372072
-2.03582929438641 0.197586190021064 0.278862135972357
-2.01017070694738 1.58771306298828 0.906726702857979
-1.91853789142658 1.94571877899283 1.64318290648424
-1.38745369642528 1.20618138661044 1.3107907404393
-1.71603738289022 0.44274924866585 0.136905006704085
-1.32140207202078 -0.0601504554686116 -0.421857412612429
-1.97716171945746 -1.06179571077668 -1.38814132457321
-0.894720500282324 0.153857785501506 2.59057562543929
-2.32467800896432 0.319480841070808 1.06695240670876
-1.62856359935743 0.229762616671212 0.944844296782884
-2.59072875018261 0.755448786051529 2.8374120925423
-2.20939153017032 0.569224366783647 -0.134691978132566
-1.41898896786261 0.671253694553665 0.335827899907914
-1.92168996728977 -0.212729685456393 1.0837899653265
-1.60331045874496 0.429244851529169 0.576602349753232
-1.84462861334471 1.13856990349311 0.75369913396506
-1.0800503582513 2.67243019013928 1.2954889994935
-2.9997056925189 0.490708505730543 0.713212556202668
-2.26361942558511 -0.132365233900859 1.18562627702192
-0.638614436094664 0.717293989841927 1.98318141038115
-2.63399813745763 -1.45126575828871 1.94863285723475
-1.21706904952405 -0.313400576281472 1.42890857227159
-2.51629212702165 0.940564372099159 2.43218972763633
-1.87222849182259 0.858530722614621 -0.632390187147731
-1.85947741845642 1.21700797778979 2.15773224559771
-0.66050204666553 0.950729091878861 2.67933571278377
0.643693548048468 1.61637517593392 1.29669144670468
-2.49208414371536 1.32954073374821 2.02801010417266
-0.832834232178123 1.43970778753385 1.29039636209003
0.487275962104399 2.53996599518461 2.8542750294666
-1.16878215425467 0.850450195756795 1.20828843598006
-0.908776941707654 1.21983702122729 2.13691474865024
-0.763147989482782 0.539903536527031 3.79519167372877
-0.557562029999659 1.48446847249095 3.86072300293128
-0.0457703551396841 1.37595872994767 2.63838077106599
-0.87098439405633 -0.424572641324828 0.641015337710024
-1.49721385827911 0.922012090956482 2.13621718828587
-1.21369569508194 1.47972166410118 1.77744178518011
-0.124601674499235 1.27338909634603 1.90266364296692
-1.16919205042556 2.30985473469567 2.30050455425684
-0.968343284333884 -2.31033989496603 2.62053181074748
0.512033110633177 0.721159227625878 1.66976024573961
-1.2201586861562 1.23282121365575 1.97601481921587
-1.05587037413472 -0.155605666297499 3.49159385725027
-0.860047439813788 1.76259595878352 1.70345643805332
0.422192784480537 1.54129745086924 2.11062943067246
-0.176865374341459 0.916845883661372 2.3087789547761
-0.161901315106483 1.29969237544645 3.95231695373962
0.0331879185451457 1.8050360192815 2.88626844862017
-0.406265466379108 1.39918024673304 2.68778435900524
0.273110871618522 0.934918184354392 4.06023974765494
0.309085935368228 2.12351905344849 -0.0307063994685273
-2.54264260214638 1.53061497474184 2.29627339534946
0.265358251114765 1.21498874333292 2.66681768814589
-0.183867537338477 2.56254472957454 1.29594379808151
0.14516436171752 1.39982472555295 1.31107369982445
0.974687453901097 0.67324361375441 3.29405668003227
-0.687792042422419 0.921170856648641 2.60995581636573
-0.191829827589668 0.247586202085002 2.79479695969715
0.527890018749302 3.00519704697852 1.89335175415725
0.0192120818699596 0.187304795845278 4.60764475987785
-1.19925095034847 -0.0411746193415138 1.38309210545914
-0.531002606678459 2.50563753125884 0.769334745578579
0.351950005648976 1.69698317051906 4.00290485701246
0.767372286459936 1.39616533084333 2.57093196894676
-0.655006083319845 1.44070839025944 1.72036775849546
-0.524213976375938 1.2341510784837 1.30487829069138
-1.53515378574537 0.845011577166396 1.06512430129896
0.907540128426902 2.86797098912436 1.23067887211516
-0.238713687450102 2.02797275989196 2.9617490366697
1.81737410310502 1.92710648172354 3.16456993729951
0.985141282014005 1.95600705183635 3.04202162425809
0.844889493580123 2.27326396566715 2.93997724213331
-1.73667366098178 -0.595459594066645 1.94730672542228
-1.05057566012338 0.235911319172418 2.65118396036356
-1.4872969317252 -0.308748655851961 2.78459962616568
-1.4798031052549 1.92772506708861 2.11301734098406
-1.18810966442576 -0.554731890016327 2.70424714971776
-0.0520836127125437 1.60192917928024 1.10155065519134
-1.28322264420688 0.00273507530606382 1.16811822699381
-0.541227683842058 -1.35354055984323 2.45062879233634
-0.84960571853146 -0.558154909369053 2.24704467491743
0.902493901259574 1.25580215144964 2.56136694044277
-0.025885830700128 2.96680344026377 1.09042333228209
-1.03915658714936 1.70551459635972 -0.0291659721298387
0.353910602016232 1.22158724840662 0.742299719547261
-0.41102094060707 1.28704561318426 1.16629626403343
-1.76834996914844 2.46058329326717 1.8064360522569
-0.928097231558704 1.07946650426721 2.32921296464915
-1.65845417571897 1.62603353926149 1.7839418326047
-1.88729335156435 1.5623237187879 1.25716193128077
-2.13200351182716 1.94825743470061 2.57764686512104
1.5972190012921 0.582601677098973 1.33211887939121
-0.0519767083736986 1.95934665956431 2.41790711448688
-1.91809929313146 -0.0203241803891756 1.85938769639396
0.098118023637389 2.18956738262421 2.22278861150802
-1.1552897557428 4.74524098099911 1.60673086983243
-0.780903379174983 0.534457376429132 0.146417849292793
0.488314300641564 1.35930667620108 3.48540640366667
-0.262565353383709 0.291601950094795 2.70714250847695
0.254657609431675 0.475731280726819 0.668323802564608
-1.15641430724292 -0.111400763540713 2.74656051817327
-1.37693890230024 1.41500726862299 1.40196175477581
0.577236022500209 1.3450859022011 2.38620145023131
-0.823348665843624 2.78015599797022 1.68112291972237
-2.02660758861393 0.882306843689066 3.82953867664752
-1.41537409622342 2.75336013326739 0.673706620145045
-1.13783234748059 1.9946461371088 1.26364874574348
0.408120628825338 1.28965842970594 3.11550570382493
-0.870399524028612 0.800483833220323 2.65719436254242
0.107769120473147 2.101606415412 1.9964489562292
-0.481270512971782 2.85693286276952 0.874809784280789
-0.131518553035205 2.51810053924064 3.14306984140265
0.28844706889025 -0.213655827136653 0.224594884582987
-0.43200941047082 1.25781685627252 2.25708329427496
-1.05755124356901 2.6032425682053 2.45549853921596
0.750942440219305 0.94563760095656 2.44932542061802
0.734586925239786 -0.168556199055238 3.39315845109087
-1.87294072647603 1.63252207005284 0.348352026722115
-0.107965203098381 0.284706134063446 1.68831615256435
-0.801286918371341 0.753595096531333 2.4298896410855
0.586476125436835 1.39613236167412 1.49801571651997
-1.48550735906085 0.356820502336428 1.71427948338296
-2.41427467086724 0.58645109600301 1.30732233250771
-2.07326753936865 -0.793082413526203 1.46264097514033
-0.826838661852221 1.65755170133801 1.66117722289543
-0.339215565910812 0.559796176933089 2.87695165962388
-1.15100850641887 0.970627084398706 2.31419608607887
-0.885671294275957 0.432883552091874 1.58444603002271
-2.07194811772098 1.03892551095918 0.699159184234209
-1.33617536085625 2.05621074594344 1.74083990558261
-1.34188146383831 -0.514339814631587 0.263724464490022
-0.559281929801265 1.25976636429059 1.31803944804624
-1.7340447288447 0.363226373223325 0.0309271855166818
-2.07832352684872 0.264969247342163 1.23450514571689
-2.45870579020032 -0.760995647857464 1.28313041406968
-2.36660935305602 -0.608728604309274 0.820732159500829
-2.08905002407048 1.3006524271621 1.41714670875279
-0.75696652968061 0.736579657421792 0.922932980054815
-1.50789136538391 2.20873231623232 0.62974352305804
-1.1794810773881 -0.405724277962118 3.39078822568573
-1.92042871969176 0.914706383946304 1.45132322308697
-1.89444956519641 1.62449439036552 -1.03336834635774
-1.34752052521786 0.489427101247649 1.1579678881644
-1.92747427818584 -0.0638452898453457 1.32705127957925
-1.85262925295999 -0.611564251914841 1.16503082849646
-1.21983660150202 -1.68014872038601 2.20186885256092
-1.89633022702465 0.94678169105503 1.69779591223646
0.929511977961181 0.95132271399548 1.71197282206512
-0.808873188944477 0.815585785505161 1.74438457882548
-2.33748945009766 0.405094275604001 0.88638379525881
-2.46767830576327 -0.283946265758828 -1.99314018450097
-1.90278124534088 -0.417412985139061 0.681731567507821
-1.4821035845958 1.39740678337438 -0.539072932437266
-1.85188404579267 1.66912270791929 0.578825961211161
-1.83779786993948 0.574841328772421 0.613499705834696
-1.29760344986451 1.56965524033886 2.30501899950672
-2.20526054871067 0.217085203437282 0.75888279325203
-0.146697250680899 0.673090294504555 1.69135932876711
-1.74033011373311 2.61643818388903 1.69176685170602
-0.927206892552565 -2.01772152483884 1.95370824979849
-0.859388553465182 3.07176798095462 1.58014991507022
-0.976842832257704 1.95761725406158 0.73408960334902
-3.24247661078324 1.6189027370936 0.41703837550652
0.224431404481397 1.19514287865142 3.13645948614599
-1.33762048596657 1.60649905736129 1.11775533060356
-0.808430407651341 1.44284132266483 -0.734315647355036
0.450690348334085 2.2666649625505 1.5698875077807
1.06663293422159 2.20634266477253 2.26201155686395
-0.330463311673365 1.45290866590344 2.94714946542927
-1.15984439646539 0.962147200779708 1.49890258749831
0.654537393950686 1.79426240175768 2.13438873611181
-0.850579448331568 2.57885050819811 1.55779603612769
0.340243389330701 1.56262807103801 4.45610980735585
0.997730116828603 2.32845979741401 2.16364763308154
-0.680742188961187 1.8807659019964 -0.186673235426371
0.0421475535796746 1.47100919820016 0.557706339603524
-0.454980617902947 2.0304581620963 2.35626706073099
2.01033337808478 0.236744049135612 2.43410418449186
-1.11389795860096 1.33265888902499 0.737957063448004
0.0528019374337476 1.05049091480932 2.83134109754015
-0.0754607273921823 3.54090124242661 1.69849757107843
-0.55603208170429 1.75591052522684 1.97984763399572
-1.26172573579377 -0.0541031277247377 0.433127725164645
-1.45933233977466 0.952521580798338 1.7157974492832
-1.63559589677275 0.269376226734653 2.38301205686306
-2.41620918265123 1.4544991080697 0.738047049398533
-1.16851877074136 1.67399587322345 1.0297698014619
-3.03425351280178 -1.17404266089578 -0.569413827312445
-2.35059602187358 1.08245166861287 0.594076278851069
0.185707853625261 1.71174658810073 -0.0748457129643292
-1.57203994301255 -1.15544451844152 1.76816392982049
-1.89304876254941 -0.131627985849677 1.67540057117929
-1.3683738615234 -0.822971226216125 1.43408555562391
-1.72292328207074 -0.849386527600517 1.27033583985669
-2.02057920533121 -1.12444959186281 1.18856989490364
-1.77897675322512 0.146223947672619 0.844961689201155
-2.07316115168763 1.52818093743781 -0.0491757461947076
-1.23301239839064 -0.493848868739939 1.85741000196196
-1.12790047815116 0.206362012889217 1.40709791684
-1.34601466957367 0.629072913299719 1.54110982955273
-1.61035974743619 1.12994088415853 2.6990368465257
-1.97057410674654 0.727137142371056 -0.0673700225553745
-2.22538876338936 -0.606149149381814 -0.607571149943806
-2.5511652104458 0.556066665303033 0.324620130718497
-1.82424690606251 -0.611509621502322 -1.90899375369717
-1.73423174665999 -0.237847488938168 -1.10071643876574
-2.35858090289954 -1.54271308799515 -0.331954086897975
-4.03692863036636 -0.563821184558899 -0.305537097849678
-2.48334949648796 0.205515332305649 -0.770115058987528
-1.37166529755403 -0.473240600364855 -0.903227460739025
-3.17128568482147 -2.70721258857667 1.26112148700168
-2.83239436873256 -1.27068423328117 0.639145991747216
-2.2520295333214 -1.22494247142723 -0.268893585761273
-2.66756745272743 -3.2504443118664 0.378515118269925
-1.58966524220425 -0.162448533913469 1.93542560739596
-1.94094192541889 -1.60625366713217 0.364211683585731
-3.15942968211346 -0.582525761683573 -1.70038896243345
-2.72110948977483 1.44244571763281 -0.685611585117442
-2.80078759194585 1.19926000474354 -1.04213998145049
-3.1362826152181 -2.10239666747528 1.41853527084009
-2.04185335897415 -1.28084997832337 0.494191774274178
-2.35015683303845 0.155651189565612 -0.0283628976447403
-2.67677344540107 0.515031606515514 -0.951265579795238
-2.75316677343623 -1.91403187206355 1.15573741269196
-2.48378483010308 1.11254258599973 0.208308931694417
-3.46785984731543 -1.31576442074549 -0.160292088179569
-2.79941309966863 0.245213304762892 0.900054175998048
-1.16965753616876 -0.186580178318857 1.08291658022602
-3.03496707383129 -0.100037592922792 -2.43002125693154
-1.11907604049931 -1.35457412478267 0.434461513717553
-3.51024237273148 0.887911932443813 0.692137360564515
-1.25618845030875 -2.05079698611788 2.65057294467894
-0.535640156930055 -0.510008106956666 0.569726286531386
-1.33167852792183 -0.401221176040378 0.930805604944304
-1.06377772932968 1.13127724000069 2.71505366832867
-1.91689963195212 -0.269180214761999 1.00258789650308
-2.2557884786599 0.861796392295707 2.06398674598413
-0.211986953889698 1.5534711124908 1.89514714512815
0.733669588525315 2.1715344729778 2.72426790675379
-0.378438702661351 2.72438030448895 3.17388814162741
-1.20391121155971 2.20172961514545 1.16653726670844
-2.47752458640103 2.56605512602295 1.0209862405214
-1.54635651715145 1.99158176246876 1.89859151233481
-1.54198706236798 -1.41622097090736 2.6828032203545
-1.41264820955285 -0.0831642051622969 1.17149778325811
0.417388914965552 1.64386316881601 3.11127756453508
1.22839824282469 2.09253993134515 2.6923744443913
1.23021824153391 2.20517137524359 1.88754475655837
-0.0698301253610814 2.93221735473268 4.52260875123932
-0.144774899941202 1.35375222810568 2.89213846737921
-1.09998451180121 2.23523191878239 2.76942658820158
0.303533398297488 1.13676958369788 2.59247783046783
-0.4062942138271 1.33823345489882 1.95338154745302
-0.523858723878399 0.646013540250804 2.7810252742833
0.0609140889758814 2.56134134914872 3.12617608880498
-0.161288066000109 3.38551589953702 2.05599946951183
-0.501004459779978 3.63052581228127 1.37944706680712
-0.037333181685294 0.821819797806969 3.05323180295426
0.750755657542255 2.85324952239429 4.20785378329061
-1.03361916919884 1.96337392271998 2.90490359804214
-1.23522487591764 1.74941056741583 3.16792933432619
1.123852731781 1.47099398274398 1.68391598260397
0.772539474598919 1.73138991276534 3.63164903576978
0.0410629973291128 0.494992646412243 4.91730642763408
-0.121128664948065 1.33821673907967 4.02524246959929
-0.767529053351856 -1.15732481113706 0.607146954726527
0.130588154195301 0.107439907584155 1.66894110528344
1.00313813896869 1.51432977252037 1.73221111438586
-0.731286247335603 -0.116040157168801 2.90010101177896
-0.742647999493126 1.84485279788494 3.60858860357796
-0.49692492057162 0.805708068567418 2.86879013918982
-1.83782992091961 1.1439255287255 1.92547412697321
-0.379641960556195 0.519059581320251 2.09334167673454
-0.484755266859493 -1.89676132558833 3.58813090574644
-0.798754061485742 -0.0595123195688184 2.60643652988566
-0.848235211542428 -2.03006498136608 1.8413027488668
-0.510325535979021 -0.911029002738554 2.23700856216617
-0.0683637457258681 1.57559826446344 2.31258858379829
-0.902945436879735 1.62604049849878 -0.659620226908914
-1.20810442136802 1.7832689511885 1.4243868450249
-0.828241709341646 0.260584431022242 1.42578601457177
-1.37364698838435 1.01420754907778 0.153345785486708
-2.81096606069118 -3.29597932697721 0.80911253409613
-1.25928454416621 0.714831772063044 1.84259536892876
-1.6909971044022 -0.733914186179866 1.01363041944343
-2.80484131121027 1.24196649637457 0.687592151698603
-1.53124952589873 -1.56873742649681 0.759054238888928
-1.85694983178868 0.190638405366597 1.37446433485297
-1.97627209819163 -0.222447481376568 2.21763860244859
-1.82133544653335 -1.1399325968688 1.82925233567259
-1.36947844668764 0.376100499236059 1.43703516327831
-1.08391838244653 -0.951076176096141 0.274453983740574
-2.46275738203282 -1.00694036550655 0.636427806169358
-2.33473286627853 -0.296842279119113 0.733122544303217
-2.91248003336264 -0.994035410011953 -0.886845723721373
-2.94736958762228 -1.00264829328714 0.372180075452563
-1.51512408367938 -2.13225523969406 -0.360905768731132
-2.12727602355572 0.606435990183671 -0.0340426114579814
-2.7823010426366 -1.05592269768641 0.667100524713605
-2.04649621956152 -0.200563397465122 -0.430166529500526
-2.64207718204494 -0.209043381439088 0.596887761532432
-3.36577027861432 0.19791835613005 -0.167436602806987
-1.59576654880803 1.54547658495663 1.37127640370662
-1.42114216995066 1.83014907238014 0.526185591980739
-1.39144796219769 1.05980804517918 2.83535582644553
-0.917580373895945 0.966586070823397 1.81776918899928
-1.97273175526914 2.57007439420283 3.37222250517066
-0.149271767435746 -0.0938665877987933 2.09369090422063
-0.337328555633477 1.52766405023954 2.14435590941325
-1.1143120290039 -0.984975291621224 2.13233474649634
-1.49019245555379 1.70695729971654 3.19178495198958
-1.75957310091609 1.32215909602076 2.28369141373367
-1.08177764300359 -0.893810085811345 2.03999996881655
1.18777453054549 -0.760438088431549 2.44886109884441
-3.20332476844509 0.197347796477532 0.257292432872613
-0.89127945613427 0.868589547952711 1.22592629659993
-0.536292384110396 -0.063372439660613 -0.0506725836226567
-1.078368922899 0.866755719479776 -0.406708561929943
-0.806904129836399 -0.0140319089129581 3.12621706416293
-0.74306836903398 0.494589289132052 -0.211470140904271
-1.42545712794997 -0.139508581657501 0.123434678584198
-2.38148863247341 1.16757993580318 1.49268521555358
-2.35894994461254 -1.23514022668009 1.45113241052723
-1.96812848358546 0.350068240933282 1.16915552023734
-1.23223069736998 0.169233306673717 1.0475332182901
-2.39019246928577 -1.30164950571819 -1.25699791222656
-3.12357483103814 -1.55497086424046 0.255148595938364
-2.78008630786722 -1.36437065822025 0.479016290139973
-2.15425265979795 -1.40410184659952 1.5520899346305
-1.98287848340146 -0.580944318609289 -2.19554864075303
-1.98908972816679 1.07218785831676 0.626480256025289
-1.08542548363752 0.551690425986826 0.266158994491198
-0.953346043462168 2.75489200720128 1.59488990019239
-0.993976680384661 0.894020591345894 -0.291348198494667
-1.30004210937328 -0.986903441313728 1.02908772677561
-2.49668720046585 0.683932575359175 1.20262934894936
0.635091881338278 2.30490208879295 0.510456148282282
-0.27874327762891 0.189371775974191 1.9716021880215
-1.57448417794089 0.766917095844632 3.19348006084225
-2.26224331613492 -0.598787645726582 1.47595802050406
-0.147272117336234 1.47775136919847 1.03358803727989
-0.787096216991389 3.23645687344333 1.91506507121226
-0.590254278863215 3.40973070350259 0.950269564125597
-0.526002193251015 0.369931845890381 1.3064810471897
-2.11599744650174 0.0173282488701837 1.76831342628354
1.91033791506635 -0.538546339488226 0.531664264064857
-1.69716650564824 2.61838238613164 1.19343778210733
-1.84779903798512 0.0707885995165378 1.29365168389627
-2.12943272303228 1.70243902288689 1.20164927356384
-3.01374946839916 -0.059974824556542 1.12266780911792
-1.4938034601421 1.30227020197704 1.91316457906363
-1.56339135797161 1.04790031724984 1.55961110652802
0.0214214641458724 0.816881861718827 -0.624167253238031
-0.3509810738751 0.781596872447429 0.977316409109509
-1.06400132790963 1.58500267467984 1.14912377426481
-0.799076210580735 0.288582237947716 2.25491955867031
-0.634873039352129 0.451177930193571 -0.0944358112916975
-1.78374970020717 1.38069014705974 0.101494352946869
-2.34743400044069 1.78518300556815 0.619605636948088
-0.6208620859546 -0.563932339711021 2.24681518862782
-0.261894989785292 1.01563022517304 2.76812526448265
-2.58907501795303 0.445877162918803 0.496019243258719
-0.637818807800188 0.48940426828413 2.32301703281175
-2.5609012902723 0.168606933228033 0.609399998459314
-0.984504242330916 -2.23518532467618 1.27737858100391
1.35268656836846 1.19483810522966 0.997190205085227
0.0899093990415372 0.319655760763548 1.59019318497616
-0.306914225270762 -0.366871530850092 0.772035906048053
-2.86739472612913 -0.088271295164529 0.886554501771456
-1.24777915277697 1.8440466163605 1.99111990161332
-3.20919585695749 0.702292818032468 3.63644863050781
-2.66469491283143 1.12504977485575 0.890429565932233
-0.406822974617288 1.05014562155975 2.50674682214598
-0.414710632043313 0.463242406835507 2.49190852336657
-1.35831815300347 0.233027485014265 -0.308641947142294
-2.0428558629507 0.415903046251712 0.265976968572705
-1.39489320076251 -0.70542254315808 2.27537608359561
-0.725286319128885 1.73640944885379 2.0459736525314
0.000147868862100275 -0.876087532524403 1.62720142921197
-1.79044077463435 0.390518019421785 1.99041478048189
-1.50314862836216 -0.743645485167964 1.12365777130643
0.126772578771931 -0.357551310279898 3.93675378415598
-1.81021730977193 1.24385216466972 1.60279651701925
0.112308596792562 -0.185566607633115 0.701421202898167
-1.73480143245106 0.787676949573567 2.4516567486321
-0.230194855360926 -0.360290492013396 3.68833446461123
-0.979070142015304 1.05859116508872 2.28750267903193
0.0776443657495443 1.55499568149871 2.20073583717585
-1.28469284024977 0.443803466634542 2.53827457325636
-1.81838908785934 0.843517714266889 2.00394393866266
-1.6040177369001 0.939254488991861 3.00852626892535
-1.44639858253876 0.421149291170755 1.03612927848616
-1.810509780494 -1.27460381640043 1.29991014069489
-1.29027345423243 -0.740926337958164 2.38299007486132
-2.68423425565421 -0.761013583065117 0.71208080187701
-1.15121862108417 0.742421515847345 0.719115658498965
-0.807901688863903 2.08824850614384 2.11731684268944
-2.43693711737535 0.262957987932475 1.63257182532565
-1.3108681471313 -0.757375784685075 2.26927391590978
0.115875157812452 0.888818870274384 2.25207074387753
-0.344779912484404 -2.18355182791216 1.07241894366787
-2.63839801464539 -0.813767180222992 1.46402417109614
-1.74640079016578 0.26377000832611 1.09773600945703
-0.607768206694525 -1.83467607300771 1.8456655319609
-1.63947286014967 1.16303922624492 2.19690885536924
-1.5159402956651 1.13858483700057 0.312704854985411
-0.859230566753023 0.0619642212811014 0.258340583659251
-2.32933113077313 -0.767981496534821 1.61660425597865
-2.39189427887993 -1.5007013056133 1.38055777622139
-1.09216252061117 1.06195298051624 2.47335872193807
-1.41395275196882 1.21405465006074 -0.010864354289929
-0.322999712214064 0.530002653821603 0.747014384361686
-1.53325667027098 -1.67587265852767 1.62944958146534
-1.02724491939531 0.624844728464546 0.326130968783705
-1.51963314868162 -0.303383116964326 2.31286514233475
-0.720491174628767 0.633633480232758 0.745886208408559
-1.20119641943524 -0.328567756018253 2.55211432519626
-0.910317276862446 0.453773290869159 2.11809100133094
-1.76211906679494 -1.79884235870009 1.94789311074498
-1.39993665782505 0.918411894730708 -0.271396440044526
-1.44238781512696 2.37115401105832 0.170686432379255
-0.70803396446409 -2.39161611825578 0.543426751835938
-2.09143468372196 -1.40427760206804 1.56031580765842
-1.45641136065727 -0.299607396383673 1.56951031058493
-0.550854869303272 -1.48967334649919 2.35082628271496
-2.08325087728426 -0.850157823712741 1.2450922165088
-0.353305244452814 0.302587533885248 2.14668106163689
-1.4013892150097 0.902577867829908 0.416850890207917
-1.17212688858534 0.107651314050637 -0.752526738608869
-1.94053528782818 -1.87816910437907 1.18644069735767
-1.80078814245609 -2.03635704661061 0.577031165754478
-1.78950215550841 1.02323029457906 1.37346251215904
-1.42015645868382 0.337704183418584 1.58538318557014
-0.541626725525233 -0.548043313819538 -1.89866145628632
-1.98287129849412 0.00304670622253256 2.22660700620362
-3.7700437104896 -0.777622467034911 0.119751025643601
-1.76288620475083 -0.194578933406569 1.59863749203989
-1.50005291033633 -1.24322567255656 -1.36376561479148
-2.72181846891843 0.923605454643132 0.184214989282748
-2.45176607842731 -1.48574416622896 0.338120804698717
-2.95646225043842 -0.460667457183506 0.533054263771384
-0.475715075281696 -0.378061959483455 1.86699620727979
-1.64880926398197 -0.105509088580979 1.31606935666881
-1.86965883341637 1.03230322691355 0.540957262291902
-2.96825212582484 -0.610531025217366 -1.08275743453252
-2.01831530411912 -1.16071234797502 -1.58633078151419
-2.13172656702919 0.425900716423303 0.476310759317885
-2.49119232408321 -0.327160530301234 1.03094192842517
-1.38966321761994 0.341339279557775 2.26584303302317
-2.1230053212086 1.11273666080133 1.05612554918516
-1.74329446715313 0.638923216661124 0.457517828266665
-2.18147301610829 0.658840224332534 1.73125499211845
-0.839094737618408 -0.262308867996018 2.4740742882988
-1.13079217898559 -1.07862536791762 1.18185934801307
-2.41903837005627 0.552825330825099 1.57509860325601
-2.14906078377445 -0.582532735115079 4.09634533489419
-1.55088259705306 -0.672589551830429 1.19845189642772
-1.39204248182304 0.431485892691522 0.63308430771734
-0.81169448705049 2.58818370799475 1.95855304740933
-2.24869978842896 0.00142102456188727 1.05936281895022
-1.05168590268242 -0.134665448547774 2.38567826550908
-0.729678897796858 0.106301847882733 0.493021839008286
-1.79761068400703 0.388020258483797 1.64096998358434
-1.1443715082314 0.347328849359093 1.12426845097815
-1.49582752412543 0.174786780572006 2.85665071145484
0.399454703596957 1.15482842941149 2.10957409598853
-1.29130464028583 0.374253655032239 2.24538874854244
-0.570054922786962 -0.490302188362411 1.530296713323
-1.50803725081439 -1.20331899272166 2.66913330387263
-1.37032084206175 2.12405047646136 1.81227913635613
-1.54903174336507 0.0989260235952705 1.92636368105964
-1.7335360018276 -0.0322578028559997 1.30273741599422
1.23870042955762 -0.195668594969406 2.52586711045225
-1.53418797306723 -0.350703647254018 1.74489924298865
-1.1629909475793 0.0868541103787359 0.570467548827152
-1.54768217865866 -0.0511792238271256 1.49839634180865
-1.23938675063574 0.368567239704248 2.08854775849589
-2.27772661210941 0.12606845237073 0.962636975793492
-1.57440705971282 1.27967758028783 2.12768802361219
-2.25687234352217 0.55909765424042 1.25615558885184
-0.736751096827007 -0.659823386712554 3.23767368140014
0.208738974517436 -0.383113336985437 1.61329320266643
-1.32273741751839 1.3399664798369 1.11224120332728
-1.32997792563105 2.28364908948722 1.73794851012514
-0.479848336075308 3.59339273018616 1.49193391081282
-0.292360249352309 1.0656395845333 0.291141742038923
-0.226835907302741 0.684878818357162 1.86928663979094
-1.88720202157023 0.66155392652083 0.610763788775234
-1.40962512074552 1.48955337523007 2.50272656450066
-1.87312332098871 1.06869558820987 0.563560452291445
-1.27564792451854 -1.97977923561257 2.57242211952496
-1.88717247661028 -1.16350308419783 1.65387404496942
-1.35065124304506 0.944019228178204 2.37277354381996
-1.52182532030149 1.51130138937273 1.19616471405387
-1.82693054253668 0.711510847344176 1.14069501485545
-2.87860065062135 0.203479262901461 2.09614290196807
-1.68511829243064 0.875485783400193 2.50609939578434
-0.222214428068512 0.116082641404033 3.34869119755215
-2.15519289181993 -0.165839741445341 2.65977414346269
-2.42813607189461 1.89799929563578 0.626132960500983
0.248950486406614 0.835821152516183 1.96820344781307
-2.12707786177817 0.118801889406017 0.509034966651521
-1.13692088537185 -0.779863768498958 1.00073422478747
-3.85555736313793 -0.408867878807116 0.892185654711333
-1.42067391974423 -0.74063772273496 3.20520498690559
-2.38587606951377 -0.766375996094618 -0.230028320507323
0.412831811784197 0.273955444173618 2.37886727776907
0.325332373266702 0.561009786944771 0.765476827774963
-1.12342705787267 0.323915083811221 1.13913750395937
-1.0962867175407 1.71214908523418 1.75986517329319
-0.356916531872783 3.22714643856439 0.980237243264487
-0.535889554323515 -0.881324225237491 -0.233927716680334
-1.71007969827344 -0.746035666898839 0.744979878760715
0.551436758453942 0.39829103583629 1.28256497912434
-0.891411194040884 0.673621448816258 0.13009757918685
-1.78033816930055 0.404173249614167 1.25108186880678
-2.69148355385539 0.0483856765338762 -1.80187925291274
-3.18443870552014 -0.720064201902121 0.963834161540846
-1.86811898051196 0.236408196647075 2.38192325483547
-0.931147373636662 1.55503991471767 1.14261711861978
-1.41087820355001 0.713770997196712 1.88889960902636
-0.672751554787859 2.49627928983722 2.71235225635157
1.12048030685815 -0.924639608574225 0.637794296809697
-0.404531354385778 0.718988259539123 2.8890007952406
0.0327321683103535 1.86930537431804 3.13216112210521
0.490400462994911 -0.330865030289213 5.03196354156616
-0.464556007065159 -1.86833228731058 4.60946185694496
-1.34923959754994 0.567907774153481 2.12158895791129
1.0487804741105 3.15740187893337 2.21724439461978
0.0328293160097521 4.90817764047989 1.51007199376311
-0.339658220500371 2.37589500192371 3.52209491559985
-0.142319823183593 -0.0730325288716158 3.48824811170433
-0.881324624582037 3.47876456057039 1.52636446286247
-0.00117624804804153 1.09768479351424 1.74610217768616
-0.108671323441254 1.48544169848389 2.14574494885185
0.305208841300884 2.38407019537246 1.96593652733216
0.514392987005067 2.62685440753477 2.08171610543853
-0.826536343411861 2.03671314484999 2.88373648702264
-0.878363877408814 3.31991960972286 2.40256154435316
-1.7279413374787 0.101716287627317 2.85600214901528
0.690626087555283 2.63259352086659 3.38276335824797
-0.677159891356916 2.66162694827674 0.473717768210497
-0.525054642953255 1.89554936509069 2.37203707269448
-0.541884313780816 2.56559597708033 1.38325813175727
0.365317473475515 2.16592193032982 2.97032872218333
-0.0671359405988706 0.327689078332365 2.78954804799129
-2.17508659944159 -0.888000864296466 -1.35296808178606
1.2937857917192 -1.59369350598 2.51631532477691
-1.16262816358058 1.42473008066355 2.43416898730614
-1.56875157355444 2.29206991517333 0.88049059684532
-0.559892851606629 1.62325055006064 2.08024418682477
-0.277968826729572 1.06138089023676 2.50864733018071
-0.930148639659582 1.81876276965103 1.25915608645038
-1.29683930930419 1.42832465847837 -0.768960601799773
0.231911637635341 -1.30361593292031 4.49597256493703
-0.282723351231664 0.235704338875283 3.93239669711782
0.644359505687911 0.613709370737839 2.43579672937431
-0.183969553588909 -0.39670142769544 1.81062940905236
-0.362835397260835 -0.174276434437592 2.37755615906321
-1.42245695809845 1.29821162357119 2.45257432713495
-2.24069171449622 0.99339591570992 0.599958052399299
-2.38238797115049 1.67319843497144 0.705617606810587
-0.565256393903705 2.7926640411918 1.05502459974607
-0.61066729104637 1.26324295754933 1.60639918430291
-1.3762908243023 0.931231887389392 3.18211426705806
-0.0210155451778148 -0.379622593430142 2.2151134289769
-1.03367420313805 1.22164217410956 2.58018975700832
-1.34273949902279 0.55046323464773 1.81014143374061
-0.880028036299836 0.409458765732076 1.81655221787349
-0.166468807594523 1.84195598096838 2.55600133642921
1.35990306421197 0.550855502293886 3.06443302807945
0.0984587502342172 1.8852547165525 2.01167341498534
-2.15963936111166 1.37501382351764 0.195040544645062
-0.646172354480673 0.899585455213466 3.44834463125297
-0.0775802351515295 0.122248645198877 1.40252475874391
-0.90321073655165 0.908271972100751 1.33895845645989
-0.434754954483232 0.490280421468773 1.93949099769608
0.0993619944821835 0.601217442418751 2.0224059604934
-1.45210047701148 3.04209580059 2.04119329849831
-1.71246157898164 0.03831391104964 1.01070965508154
-2.65036803599417 0.338647191681161 1.17067304560796
-1.93233341545906 0.43573587402722 0.773177410702282
-1.71211768498602 0.0204004867043193 2.33354295506155
-0.731994038654302 -0.129738809328475 2.02696800362288
-2.20905444559967 1.73024887985376 1.50226152631065
-1.58736948163686 0.531958417306157 2.67948986155717
-0.62888259390915 -0.162695847848904 1.38612701914464
-1.34072276252262 0.17895837029669 1.75912669099851
-2.23987043811584 -1.25535797775703 -0.490195452828323
-1.87862117396738 0.14673427232926 0.911815834723631
-1.18766142306008 0.0394654854635524 0.422395324674057
-2.551640470924 1.37906571640882 1.43695390185754
-1.49290520046431 -0.346272468254837 0.756361762246295
-1.70598449612909 -0.339696868279747 1.66603100229544
-1.13049099243539 0.558742075072969 1.44448497089978
-0.833476074175479 -0.623325092179498 3.65295369540013
-3.13827410206773 -0.907924783936812 0.250566138920263
-1.46250742168465 0.377010230865954 0.0275383265541034
-1.97522030313325 0.803768966775613 1.35497986257242
-1.80834548093522 0.777883733775504 1.76158452919595
-2.12462222871853 0.132902799071538 2.45103796389281
-2.82440894026875 -0.397854384447235 1.09227173896776
-2.45210566413782 0.267349486102598 0.101903493587138
-1.73657357749395 1.32888792240082 0.225505901042814
-1.3251401115485 -0.11162527088917 1.33361342671283
-1.07004354421908 0.86605021015879 -0.0172863083750295
-1.16101947333354 0.69819024200375 -0.138979174202521
-1.33945742561849 1.22220930376354 0.655765052066316
-1.03670463120353 1.89022443575603 1.67649934533317
-0.514748199018172 3.17018485126655 1.54106488567968
-1.60552761403968 -0.3293504776056 2.01427434833184
-2.0091782191257 2.78932103618714 -0.0693445448301886
-2.14456265639862 -0.737360565915971 1.50025417649664
-1.0539174849952 -0.153636477179241 1.01311357378793
-1.30746025839371 1.10557162290619 -0.86546846237915
-0.939538636958988 0.533818046669728 2.86636782236362
-1.27705249589071 -0.646854508544727 -0.429385006145173
-0.46410127075668 -0.747266843664015 2.74520480478829
-1.38386753138484 1.99080885877412 -0.0236114494026037
-0.151659861842834 0.509646629647824 3.97425641435787
-0.044272387727086 0.889593043885159 2.1828511228031
-1.17827281969485 1.35775781335946 0.931882099676807
0.391602442821507 0.825850425409517 0.868062814562017
-1.30587094706432 0.896401343409416 -0.593117733849288
-0.863543693077545 0.106165916925174 1.33345516455147
0.824408606557293 -0.745906503904282 1.70772787766695
-1.79757607778813 0.44889785571989 1.57413842013604
0.449584106515635 -0.999897631632863 1.7612712059957
0.0391888147269016 3.68161496648331 1.95049948667186
-2.20533757240045 -1.31280218973334 2.13763300019895
-1.06401063963465 1.38207214538484 -0.0513352446307592
-0.710534984552292 0.645144487276093 1.61970576436915
-1.2522611346831 1.18658444103859 1.81817885842092
-0.602622681387517 0.540080912701035 1.63117880469978
-1.00313358740233 2.12670695317519 2.06402682787188
-1.02799266314772 0.940383502920369 2.47001287386001
-1.92913232467759 0.454758283590807 -0.450874016929322
-1.39470250416068 2.74169617557292 0.898270139805098
-0.909940655740266 1.58156822575115 2.28029798159432
-2.40968601633659 -0.137262072582151 0.793220696989325
-0.574371932004748 2.53878812202844 0.495314869324699
-3.30606391493427 -1.05340009055553 0.626226106179514
-1.41012620694223 -0.288447147202727 0.479029465794977
-0.60458884070394 1.3534400501655 2.40499132027485
-2.7436956334398 0.771908779821769 2.04615250878918
-1.02721003461241 3.13463318090956 2.59486222658119
-0.35712135535501 2.41425795168381 2.42570204871777
-1.68442975952846 3.01314960794058 1.42192021914835
-0.638025335689705 0.496084394845776 3.37228248934554
-0.613431559738438 1.91168422809051 2.37083661729392
-2.55761248822675 1.04505847795738 1.12828958012301
-1.98873280740244 1.56236351753247 0.437808132498913
-1.72617401534496 0.744026997913157 1.92001616379467
-0.983248399995456 1.92338917093019 1.07620415989983
-1.24880704228644 2.62135182628794 1.45771287830855
-1.33014771512505 0.062065882834345 0.794440787228619
0.0925823272697972 0.745114801167362 3.75582235252272
-3.0271581735934 1.6152230325351 -0.529896571833273
-1.54205385357093 0.801222432747115 2.47645057921515
-1.4107372946377 0.544966849380848 2.3821695347353
-0.742630627164426 1.30465910408286 1.60992943110214
-1.02538578100827 1.38258890475859 2.20831228852625
-1.51522302273919 -1.51743660233568 2.01862049240189
-0.625856527519881 1.60912750708778 1.17249444617561
-0.740731467413611 -0.658375100749299 2.01023592519943
-1.36405681494268 -0.1798995906536 1.18623840989023
-1.57230026776479 -1.81363330799171 2.082083096101
0.20048398825592 0.906902470519841 1.79419958629939
-1.87268090224802 1.04863126098238 1.75310531313676
-1.22300447101146 -2.16894196857483 1.62227923716352
0.282324938295336 1.84359528950654 1.4630795331296
-1.17265783078457 0.344707830926833 2.14420431256152
-1.80837307125655 0.676239702300459 1.50758652953044
-0.521538314079179 0.567307056996273 -0.0143544687437941
-1.06901873806778 1.70726558191161 1.88641333219809
-0.471992569450423 1.62098532873301 2.16037762918109
-0.899488893508713 0.751138134161107 2.87474066561344
-0.00675223013649279 0.240665879406915 2.09039370851423
-0.475028028793574 0.428334955510671 1.52204022545841
-1.75961123008867 0.488303247998527 0.873745538677049
0.142635926249783 1.31966741691986 -0.0209837541400252
-0.714506703351297 1.66372110859782 1.06985936525005
-1.16933116098325 2.64062026298217 2.05878169356162
0.501448498906468 1.08064341150648 3.01808864584419
0.742392921007769 1.20705776140981 1.45845734219003
0.559098146252664 1.56612308095083 1.45768811280575
0.864317343152003 1.97593791347421 1.88039994917621
-1.4728788309893 1.1809067726967 -0.132087770170003
0.989383383464248 1.87659408126022 1.83542464464835
-0.272579760858422 1.16483020986172 2.37403926857966
-0.402250221042003 1.00918897127584 1.87794197272043
-0.254368658437335 -0.960394844922676 2.4444237734794
-0.680271285843366 0.826138037139644 2.66694338122747
0.0696549564740999 1.02321098727133 1.81497090961927
-0.156453043263829 0.391217679394287 0.0231724028380845
-1.57476788365072 1.16453653325768 1.96312318511643
-1.40359505921463 0.892864795883625 2.28161804347176
-0.772951903098524 0.443406834178162 2.38461087354153
-2.37973953981239 1.16151502158257 2.0095847526728
-2.06551461443163 0.744161552242809 0.46762432137922
0.0965450869513423 -0.0489168500281818 2.56442882149737
-1.35663286213152 1.32025404237032 0.758028711992173
-1.85286042880242 0.865811141650762 2.04403893997415
-1.04209504231745 1.49590478468148 1.88383896114764
-1.08774561593516 -0.396210409002968 -0.090741140552304
-0.465958647754931 1.22743394014911 2.63893636259643
2.15401754554996 1.43118545411163 3.57554958797865
0.0900474203780403 2.90004396852295 1.25098528774931
-0.479104304442651 2.94064415126221 0.566634392935087
-1.11563450444434 0.0976660832051032 1.86556443216011
-0.278056731390308 3.86293263173049 1.76733898975568
-0.118780617753739 0.425494555638591 3.45265158048599
-0.913506101080746 1.09997162480653 3.08006554975496
-0.662901661570846 1.84083884224325 2.50411955182731
-0.343272752550606 3.27179143006507 0.579520018203323
-2.02338640325366 2.36009800447284 3.27886654141213
1.11353787552932 2.38065793589845 3.80991996956267
0.661988640260139 3.59449487051021 3.03636306560711
-0.662545749699834 1.79697412018925 3.88242946773187
0.972640686303244 1.49703289807319 3.56415534334671
0.787621335707383 2.20700640996769 2.39703576685003
-0.77281070801657 -0.0870873861203029 3.83375127456293
-0.373562105238811 1.49067209069933 2.50123664519368
1.57820224839111 1.35189756635091 2.46623180634499
-1.42042179494305 0.519659040858826 2.15561797112648
-0.969354023568527 0.954657161307591 2.77921290721166
-3.04908692516912 0.436285973544251 1.82302055835284
-0.832179731999309 -0.624208489457922 2.5637619515618
-0.338910114709218 0.819808061093527 0.829844009505342
-0.810408556595091 0.852833313785009 2.7993611838411
-0.760557930132178 0.35847165864663 -1.25580036379812
-0.00443855384931527 -0.311088064745621 2.57123009788389
0.36078917942037 0.0749688646472956 4.2204710259455
-0.950544917059037 1.95393918974671 2.79914155810688
0.0555121678255324 0.896154882633153 3.56018755282493
-0.441032334168038 0.338633278722217 2.24875416545226
0.573442184832244 2.79794818983489 1.56553779702354
-1.32237975732888 1.65039882322132 4.64690943318906
-0.882144215667576 0.944939083919448 3.00778042906789
-0.315424277408389 0.807848315072033 2.69802672289027
-0.622090109411642 0.299345567872423 3.042374493983
-0.993154919357324 1.78857342873621 1.45444327547944
-0.473716717403693 -0.800119162722541 3.06035159500998
-2.52008941046811 0.402810934146677 0.896558238117654
-0.741361847657571 2.21548086589082 1.58759896197941
0.133770426326952 2.42354934291306 0.7473440689624
-0.860418781529319 2.74236199830067 1.10961391192934
-1.85712100277397 -0.689973825318247 1.70116346485975
-1.80924589364549 3.31706149605584 1.44373412473332
0.454986777127407 3.58291118388751 1.49481561114553
-2.40925311269566 0.582336053555488 0.764618235595527
-1.81003956269481 -0.0219244062881046 0.622578304820902
-1.74648611551837 1.05222693979808 1.30331609798691
-1.9519192999145 -0.443589108025429 1.91811959808203
-2.61494048278825 -2.11097440178755 -0.0712398825712177
-2.18395972239332 -1.35157978621953 1.97256828114564
-1.4127611933471 -0.859599635854814 -0.791282703460083
-2.06351650512442 -2.03079792597029 2.5014902612083
-2.29426140408359 -1.38609206805582 0.962318065472254
-1.48901510124951 0.350049951448326 0.940346061214359
-1.47769658260339 0.223016016995033 2.59785749368851
-1.8270046717574 0.381601838049802 0.411929057307132
-2.60451949227409 0.470143380323671 1.05932701351179
-0.443784196754764 -0.162123843038821 2.37549135000595
-1.73280316573818 0.0318764579461044 1.12943820749733
-0.6217399629635 -0.664508596088798 1.71443971498544
-1.73647108303694 -1.50581262069379 -0.195135012514465
-1.21257273534378 -0.671523205658436 -0.322156832424358
-2.46775014872979 0.687632878289459 0.432945597390843
-2.93715786135189 0.65246701666449 -0.562424727407683
-1.95714493731363 -1.78876915122889 -1.01182963634295
-1.32585641155483 -0.113429630466326 1.2590507910104
-2.18841788746136 0.4659889541132 0.950520796465869
-2.91670991102831 -1.01286936069582 1.38050197121849
-3.22641657529329 -0.0602893761454288 -1.82074251944571
-1.54143824393047 -0.487438856104682 1.09011061682421
-2.20174279977359 -0.519867478888966 0.252587037950274
-3.39000095220122 0.605103437837426 -0.327783963535686
-1.65010551813636 -0.937753805767392 -0.558921895853784
-1.89375207865785 0.0480819483629309 -0.111265739285859
-0.825716395965578 2.60838022395571 1.57788362255163
-1.42716250079644 1.87314891362856 0.343499209031384
-0.124555400331872 1.16217111715997 0.262432583837895
-0.583273300451488 1.54896938155279 0.864823262709281
-3.0642443004953 0.144533217301856 1.10225508750525
-3.6238881572387 -0.599563905670694 0.17641549311025
-1.68751220202735 -0.0407958295859967 1.93827450619038
-2.46912597453027 -0.548894509888999 0.358980214062596
-0.781380978879955 -0.324808727313869 -0.105338361260518
-1.93847044752796 0.577167009743492 0.495900340809515
-1.92055666229463 -0.467385186126814 1.08421770112346
-0.328929141771186 -0.0986478138049511 1.74621804960528
-2.18339819597844 1.04855853298292 0.91745387554824
-2.3820402933196 0.244141672373177 0.208379142367436
-1.41265526749712 -0.480957109822451 0.612741206215842
-2.50973829259294 0.224871360653426 0.979226508869551
-0.530061867426291 -0.176479783938551 1.27805116713154
-1.51501364993798 2.67857674602143 1.65096037589684
-0.696323336929123 0.590739020042889 0.58573260921902
-0.544238841779162 1.01738405373939 0.500144420334083
-0.836294621510507 -0.701472395824362 3.34862142044895
-3.21705110581839 -0.66100826287153 0.176667951307386
-1.09786374295752 2.7169048474514 0.481034472214149
-2.89232562714752 -0.192303075836637 -0.593545121136978
0.664617905632356 -0.667560511700906 1.27083186758244
-3.05468503527575 -1.65660652683565 -0.978825467740948
-2.10695091675595 -1.17838261685105 1.35950699967405
-1.95999136743326 -1.0532392416276 0.776124121738665
-2.07487543942271 -0.585148647824326 -1.1884494176389
-1.81441686449485 -0.0407061991664571 2.01989516764603
-3.46372992326328 -0.45638817220763 -0.00909386239236067
-2.3347695158213 -0.206257968262966 -0.540111271803148
-3.16253564977228 -0.0172650473600138 0.285643933862074
-0.889970097691629 1.25032623058377 -0.19693242477095
0.0328861230477098 0.810453681985435 1.73474835268548
-1.43022876117081 0.411335214300487 0.798827339873649
-2.08410786227646 -1.26168501949785 1.85552567203359
-2.81734382481692 -0.63930457809638 0.516882098462117
-1.49641395870698 0.928158643775992 0.33858170085163
-2.06765175546303 -0.841312717774602 2.19384632056693
-1.97404653757327 -0.500987260254343 0.162413371143015
-1.91013019872997 -1.36710138119278 0.962534043263377
-2.3627951140973 -1.04754935130604 0.772446971667361
-1.72795308204664 -0.950803069402839 3.47648933647018
-3.35578076447902 0.963721286630499 -0.13226263684019
-3.33852120493105 -0.336621874947065 -0.489858818889238
-1.03224161915869 0.530316859632489 0.0692017540041122
-2.76658628331526 -1.02426304674641 -0.244002711611081
-1.69833455245559 -0.27309918636799 0.773576436411218
-1.50225865882053 -0.266595282584896 1.64473284464438
-0.243498948673757 0.0383278907981953 1.15208353976683
-1.01374852482715 0.773828022224701 0.037171321592449
-1.88456023308861 2.20114453502645 -0.344804795601359
-1.69150412641012 0.75643869037954 1.45353569292331
-0.0739582939670201 2.86077337529727 1.30241104668903
-1.71811717780055 1.75271196203816 1.576351370625
-0.740780664670065 1.14390306643764 0.334996052942862
-1.23161959546218 1.46253617507511 2.9409683459784
-0.148488595383763 0.707782576800651 2.16393343002703
-1.0421036033549 1.27598848723841 1.88249467893611
-0.674411602386342 -0.719653984235462 3.41103342216882
-1.81796134721296 0.493678451026645 1.61131526456654
-1.35534717346871 0.783623640584093 2.11020791986734
-2.07041936000655 1.09795892420671 0.772007747808861
-1.42931147490069 2.41984734553754 0.903910587643995
-1.09171241937468 2.66770709196818 2.0105872344306
-1.37904532381546 1.46373261522352 1.95476264641514
-0.916085890186148 -1.12577973973331 2.16595680482965
-2.31767776936294 -0.543326033286604 1.67483587435086
-1.30870328531596 0.427660144583654 1.99895187532383
-0.599110420490165 0.0580059914626794 1.20391455199171
-0.95417561443255 1.49796232165037 1.98389116857587
-0.140536101812071 -0.989112728949314 1.59608266623606
-0.67027986333368 0.927919558316141 2.0477697226663
-0.456542872222573 0.930973759745533 3.11007670985674
-2.35740567587596 0.492022112624446 1.4016338800953
0.336653575043338 0.854597594470091 1.96167019813611
-0.294319628735864 1.80969370210697 2.65658658421367
-0.305214331457494 1.52371288905246 2.88055155556083
-3.66406327786327 0.769696017426082 3.17514448177025
1.01133868964366 0.537386091273541 3.69555331563137
-0.825911790482605 0.332299452462839 2.94376326572112
-1.0945740215707 0.791438576247049 2.03943364724164
-0.105526484528551 1.34547930814049 3.95255046029771
1.03839258246949 1.59373085453233 2.58897476960609
-0.596937044092659 -0.18982328138111 1.95113864512767
-0.958850863351268 1.57895794506907 0.140819063132113
-0.83367900497804 0.182883108363321 1.92963536883676
-0.824470020006705 -2.00533265715898 2.50537580508774
-2.08844720826839 -1.6580899825456 0.715379016034785
-1.45644640572266 0.187480138012246 0.125838963456624
-1.83197665528515 -0.208021982226729 1.675151982901
-2.74121973241852 -0.127400854938854 -0.335646379153881
-2.03487633005888 -0.803088723747821 0.380879593030683
-2.14956264859617 -0.665390129461959 1.03297272140843
-2.8710611253836 0.145630562343024 0.395708662618593
-2.54949648246087 0.0347092484528189 -0.274177343554759
-4.14177286865285 -0.306379916096126 -1.92935626164482
-2.54533338889062 0.409556505596937 1.93459580518229
-1.44999073794168 0.594612830541809 -0.538940962841216
-2.08963900527667 -1.44173385427721 0.602671383151107
-0.839990688622162 0.678922496816819 3.02666894612123
0.438703667249136 -0.302144730846691 1.75048959141403
-0.579659622844071 -0.214475386308458 2.81904793664911
-1.99985969221379 0.00846737070666406 1.26475086201207
-0.197249516964628 1.35805464602888 1.45363812034853
-0.518756452877933 -0.120672747479023 2.38238289181074
-1.23643439938438 -0.225485757881377 1.94647375246136
-1.53734183735932 0.670361324128378 -0.178381984252101
-1.76007572699115 -0.220345541105799 2.06160698379851
-1.34011382644721 0.285108414464361 1.23318633331781
-1.55171334409956 0.070054351039222 2.68704547289721
-1.29130568180482 1.17511455190958 1.49909401340121
-2.08138899470187 -0.267694749104484 0.938637954945655
-1.00765835492958 2.75912046108299 0.609715060527548
-1.84070788273824 0.552683204796528 2.57882881851049
-2.98015027920983 2.74476065819684 0.231852113740911
-1.18150618768712 2.04453778020651 -1.17691786923895
-1.77162461556204 -0.88879049692815 1.50401932929701
-0.884776717141799 0.965195013932474 2.61707214928067
-1.51561151480568 1.7209686290692 2.37855161911357
-1.19333178483738 1.52337982835128 1.833382904666
-0.506505668535945 0.81347191612364 2.37122168269764
-0.567199448570363 1.15873896403129 2.5675950829867
-1.94236663915948 0.991046934666266 4.40187253638922
0.144205450690709 0.637724143405024 3.7061056875064
-0.533183562874841 0.785569272222491 -0.565069728530579
-1.19067636665606 0.784866873421373 1.7425686537091
0.184943257302995 -0.54267700525789 1.3105733060073
0.0150583368623475 0.597370117244859 1.69940146133616
-1.53281201303073 0.952752042196764 1.58760804746694
