-0.519159353978703 1.09369270610852 4.47371348358155
-0.499961359092175 -0.254013293864745 2.91762333225758
0.731848560782616 0.780583201868108 3.53791490986228
-0.965573119942081 0.147787796329942 1.809153618842
-1.9219683524578 1.75565152330166 2.84600118281267
0.18087091490848 2.64422153111952 2.66823290565475
0.782090581624845 1.09268030175299 2.89693543312078
-0.120499519465707 1.77511443371972 2.84722462893862
-0.974671564734191 2.58609317803491 0.857898889072687
0.812024084920359 0.226177367318761 1.70009088202793
0.861409633782285 2.39997751146949 0.858458521392019
-0.440809231870071 0.455200385695048 1.79677511700461
0.583318945601576 2.2082590025274 3.1711867879031
0.774188009621769 1.38680695598553 1.96821150994214
0.0427486843664739 1.53276880186966 1.6867423153888
0.402460881862547 1.27409445494765 1.86722098622664
-0.187227018979437 1.56017108775186 2.03952471967032
-1.73398637731328 1.59816266956892 3.06197011711859
0.591557192151963 0.619816667977205 1.93908918087594
0.685082862252703 0.772789079660224 2.64233626289663
0.170851355439651 1.29318066416694 1.24623347030186
-0.778968637335092 1.81832863799108 2.92408072678802
0.406422963829146 1.21857717241843 2.23908244141301
0.210249193314401 -0.709021358525934 2.17024608752513
-0.638494933907923 0.869858762876546 1.4762157216196
0.203811752938993 0.123979378842618 1.77619989768057
0.792227283959609 -0.957318648510648 3.14774093745027
0.301380619692357 0.821671439734968 2.05824595969187
-0.217030542564255 -1.09046040524074 2.73945656156135
-2.51116208080935 0.530843122307949 3.28442530182629
-1.70649821274193 0.153407572267214 3.17746003380598
1.05770448765239 1.44896217240738 1.26297395196916
0.379501246632651 1.67127968779147 2.16970990975396
-1.19723972302963 0.347418004553261 1.34414510721572
-0.85450466695289 1.48798084891282 1.49218621014697
-2.0211988822975 0.642278606028037 1.43114563120134
-0.813199280182687 -0.575264083564442 1.92152114297257
-2.15311749611162 0.292729235076897 1.4056972665675
-1.92307340334795 0.763007520169885 0.852909330320016
-0.288642042062903 -0.180597458380251 1.21318855613298
-0.584820685495191 1.96093670256802 1.63119759074958
-0.785304941310056 1.72761682313202 2.79614570396728
-1.25340507808084 0.789683711712117 0.848443560224365
0.100294801815064 -0.0538381985184025 2.03435487425422
-0.882341699638803 0.313810985078165 1.70180142152933
-0.271126462040435 0.402854652285336 1.93811855464422
-0.895054612617477 0.0391345957078709 1.18667853391283
-2.0584359931082 1.14745073396667 1.14023168701291
-1.75460879530615 0.188073615589691 1.10677026308492
-3.69805387532401 0.740716083068351 0.335099532011371
-1.60252625672483 0.406021582616996 0.338629127053186
-1.09707220005415 0.978986545201504 1.37490520770341
-0.887009685503788 -0.00312050124912344 2.78650671176494
-0.145312977442138 0.753718431037332 -0.28135389265179
-1.39232627482734 0.806352648585922 1.39835904276209
-0.271113505752336 0.996885576225727 -0.533022673210207
-0.0468756662094184 -0.0935960012379672 2.83993530554841
-0.37232619865674 0.294712321314504 3.16256259433465
-1.75192285049417 0.872737851395639 1.13706299010357
1.09885299449198 0.245548092569647 3.10714113671565
-1.57229701875275 -1.34414594437695 1.68562898373575
-1.46398593597575 0.0826406475176398 0.973540402592062
-1.96715603025569 -1.2617720923527 -0.215661345746181
-0.878240190576308 1.26572172431991 1.27969735478615
-1.66838267640694 0.596340199091995 0.339182126436826
-2.70061254999398 -0.516582314241372 -0.291506741641245
-0.513478127251113 -2.99953784405675 1.15813582774779
-1.78490180610496 0.273197729773814 2.95711597529363
-1.30846765592776 -1.25611245368604 4.37990229275711
-1.86221768345035 1.66845582306484 -0.156883143167945
-1.9481616807852 0.0977683021300125 0.0703446193474938
-1.3410301050919 0.564184693329197 1.41540232948386
-1.7658498539384 -2.54850159598368 0.613157720218444
-0.449662066379058 -0.719921408460991 1.91523219473498
-0.506131944413183 -1.00742213083918 0.982998366472835
-1.84497684471159 1.85249523159246 1.10942676231208
-1.24998857369562 0.323720280643632 0.924140310762608
-0.961254389716461 -0.259423441721516 1.52395672555296
-0.414298802425284 -0.299379020515895 1.99647033762929
-0.311882640941107 0.7339566375472 1.69001773356075
-2.484410694933 2.28939978294154 2.16816642836033
-0.525887951942913 0.983094039800719 2.97017028614707
-0.202993240813133 0.348942045224356 0.846035295430159
-1.87134989810153 2.54579769055765 1.37969544504261
-1.03723192153365 -1.97812730554304 -0.00975125996485934
0.383135703262108 -0.655914515184519 2.16342674043581
-0.587785055038994 1.45859744494781 2.47573672433234
-1.71469530994555 0.529037400020989 0.434324440853189
-0.183942801279435 0.649379807003171 1.35710643027157
-1.758735600784 0.741455772948784 0.133058721719406
-0.371267735927914 0.0129799445570831 0.553667460483117
-3.36869415284163 -0.591390603963861 3.74935913882333
-0.552088701578874 0.461577472152017 0.0782729351875008
-0.640606416818311 -0.677512905434166 1.57548628664742
-1.22034547649394 -0.490880997563448 1.059937236315
-0.287901092003832 -0.193783724589644 0.369896193961892
-1.76733827912937 0.901351782675619 0.132284466432353
-1.2793063603027 0.0786845895218164 0.973319001749022
-1.70796138135054 -0.243935845969719 1.78845721166771
-1.42280013508283 0.0911471516462133 0.993668963542247
-1.29937179994126 0.794222729630385 0.905173871001333
-1.09297097188734 0.644998255754985 1.79047493977416
-1.55331252754371 1.5356134234835 0.677219784068377
-1.34780235829277 0.794233351027839 2.13312632846984
-1.79534425629417 0.163658638135231 0.228740358768157
-0.0486264179268361 -0.194488919656329 0.841051983083272
-2.55799358508133 -0.703025432869532 1.92412879231236
-0.922414815496035 -3.5465682118155 1.35471754450094
-2.09159967528297 0.273787038190014 1.39825245959273
0.0527734125020587 0.934381106303772 1.29662874615141
0.466474683658554 0.956118656542711 0.46582196910935
-1.21252417584526 -0.799609907055403 -0.414266390230741
-0.27378604697408 0.918847027989241 1.75587109470974
-0.189845360779066 0.529990806418226 1.60329912042847
-0.124626302379227 3.56754457124611 2.45023427117834
-1.28857992225913 0.137474671077779 2.9341805730544
0.293566978636496 0.373374898910901 2.12883112564781
-1.88644079888954 -0.103650716599548 1.33300321884709
-1.38805459877886 0.891843319574622 1.99547093207279
-0.0484857855626269 1.75135922088746 1.14960378423906
-0.550840813221748 0.578790946993899 0.699380632263071
-0.697766540328587 1.32722372014259 3.58057832695372
-0.542788277933087 0.386326558421388 2.97336570704965
0.209524164738674 2.12285237433178 1.87172578344377
-1.2272269686666 2.08183980543768 2.09008485432384
0.0978730909215406 1.1874985659246 2.59838428102049
-0.136997389878179 -0.384543614735529 1.70786352122764
0.500440172405335 0.721230248972052 2.16761904334184
0.0575389150336574 1.43806943928983 1.2695662822177
-0.784080061303196 1.3232545669508 2.16613235366281
0.982399103453142 1.6148218519862 2.96314522022136
-0.405993522051376 1.6402051685613 2.79280919509906
-0.238070141358314 1.7572413282981 3.93553219014538
0.231812451155116 1.15462118903329 0.292830891497045
0.122391070016841 1.92734985819418 2.96706859697925
0.284311856994073 1.51478537951933 3.17043865260036
0.244565722330083 1.55383041855547 0.226230922377006
-0.173060132514964 0.292054828034507 2.96233452455959
-1.065760057233 3.7417160866282 0.936546185689565
1.27044627649619 2.76033828050141 2.44004013741029
0.445794757558447 0.855671800410681 0.40287758707713
0.271615850934546 0.47228053721405 2.5848865627702
0.0419312906382087 1.46555103460002 3.22371254383815
-0.694079568929826 0.733953170364026 2.52931451187611
0.183682781174521 1.39625877348552 1.78517840240657
1.0121318335453 1.5128794824306 2.39465352332556
0.861408016401056 1.78641140020678 0.959295433470525
-0.92776704023511 -0.0948500134593766 2.74339147018056
-0.0758185557327061 0.168302738561462 2.6927438350463
-0.388430793419994 -0.356275101486436 2.54546101152317
-0.892195268110322 1.25011641331788 1.11973459004202
-0.612961459011305 2.03567806424601 1.33030015174414
-0.516677749468724 0.645819945800002 1.26152718289639
0.298399925778204 1.3234508090139 2.7403674255483
-0.0858111874248162 1.46607382796934 3.39761628237556
1.28438831641873 0.805209970977062 3.79205671459305
-0.203439527580867 0.739982622787268 1.14210556815476
1.30740528163375 0.430956941801727 2.81568480978437
-0.577110547979816 0.65411075685854 -0.108462484693548
-0.39223147963162 1.84973851919487 3.90835114284298
-0.501867190722321 0.886781973783774 1.79473548093082
0.540792219989066 2.2274801915577 1.13404835100606
1.88365078719804 0.419726657983093 3.67282472931686
0.198206303169656 -0.0585026583938122 2.02488354249406
-0.0947101104133166 0.352581960582213 2.07367765157608
0.23731057373214 -0.00301378371220029 3.10789065561952
-0.120515548237511 1.24530525515903 1.23219097844091
0.24907363972971 2.27946690324626 2.1061856648836
-0.419091226615651 0.0988416515238555 -0.61631083586717
-0.470580383412129 -1.07644534044402 3.18782192198735
-0.921922118760725 1.76100878870548 2.35110224195827
-1.16037940990139 0.187653718915769 1.54732817474768
-1.14329686060099 -0.235531686635914 0.786148521662793
-0.542681703242753 1.07101397637162 1.68018446506898
-0.579795227069068 0.896012332768033 2.80596124294002
-0.547077883927793 0.274006497757176 1.63657833379505
0.573309500258983 0.738369698984778 2.437449331731
-0.556829991398844 1.94481038239526 1.63409076846297
-1.29543372806383 -0.0803710556903785 1.43694834032696
-1.31751832768663 -0.489289226669187 0.910704121046871
1.03083793400703 0.525443813054832 2.85371465697142
0.407614108200156 1.32579748868463 1.95413416627246
0.0274678184738514 1.43715903778898 2.43276467551854
0.585152459179304 2.43506948213432 3.17511828665434
-1.3878078405592 1.87231251989415 2.77133591125815
-0.298093467639073 -0.0677236635662363 2.93189613795425
-0.0608124725503937 -0.0457421876991815 1.99921961894336
-1.43073411948323 0.494664692137292 1.91704794087224
-1.22732097724154 1.44575137236488 3.11417844162801
-1.25372649712318 0.76035447881251 3.86077008156202
-0.330295032530893 -0.391836977294587 3.04644890139541
0.709582802580667 3.41536923808366 1.21047062769911
0.644606250899201 1.15534818543486 1.86551565888833
1.48206333669029 0.180764366873122 2.50463780874364
-0.832389754078539 1.65228749238628 1.74794302760237
0.177770493852988 0.426334560719189 2.55083887368857
-0.386757992512605 2.28109673966106 2.0573710194071
-0.0781030994788114 1.597858581619 2.34536680512547
0.633685319500032 0.375184425383197 2.64536420620499
0.589937369137682 3.22857406762647 2.02734761378062
1.21900089668178 3.39571363074418 3.70427315350914
1.16600897589984 0.966540205003123 3.17653992224565
0.568579443272232 1.12416971341622 2.00002406831493
0.623144925351811 0.0394535032867205 3.28535811290464
-0.395134281445724 0.474838513300677 3.03838601407466
0.217018613755033 1.37344464074886 2.89660182840146
0.148797917519125 -0.207301920956273 1.89743704413503
-0.520912968418927 -0.68966871520852 1.31715101797996
-1.00812522187807 1.13451684315744 2.9847560134745
-1.24142405200708 0.30504898752618 0.862472468369131
-0.459669158758431 -0.351381570642665 1.56799160761787
-0.179698039030551 0.187718139465884 2.90068325755585
-1.60987503794867 -0.339236861497701 2.91526476647158
-0.704926507582867 -0.518644451140936 2.95863435710228
1.54652329075061 0.0935878233822506 3.12894393588332
-0.0312700370290591 0.784976558843901 0.478141581745126
0.312126518819917 -0.0642040861281158 0.234551657470157
0.0362723559293814 1.24393304088105 1.33273712152739
-0.240304983108624 0.928858318718352 1.18033691191666
0.00403935049688087 -0.282671934140356 2.91124640635749
-1.38131913353851 0.843555483177121 1.60542316519258
-1.42270451378915 -0.328947124770302 2.00040556352184
-1.30164814940667 0.280478989952874 0.264516542569108
-1.93252237612696 0.0341876193137151 1.90931485854523
1.35639691905428 -0.0955295144849036 1.11640422797177
-1.97424823438261 -2.14611793086137 1.74789256520015
-1.81551358927644 -0.996431552706709 1.24643644230738
-2.04948954603956 0.70177901570756 -0.1615585141343
-3.04642961359683 -0.721182429789999 0.88811881403731
-1.49889474926854 -0.37860619434726 1.78054788304224
-0.563056151701831 1.22184898235886 1.7790368591291
-1.42958677970867 -0.293228416531571 -1.18415192654773
-2.35590775250195 -1.82441031310426 -0.215951244889428
-1.51185173063442 -0.941431527297139 2.36936719535372
-1.54370734209208 -0.510995198253173 -0.108899641305674
-0.489712676476079 -0.77805280227529 -0.279254943118677
1.27587711297457 -0.111977968077792 1.05183162249103
0.625543741275043 1.72492307940107 1.93871212019563
-0.676274187291949 -0.0154956727589602 0.638907589066342
-0.962562234703106 -1.50778853922663 0.188364016992933
-0.817799526182458 -0.14839826275479 1.25996655756902
-0.582852224258635 0.564158582613168 0.933543512155693
-1.08383348168789 -1.36260872678666 0.284369357266793
-0.576164558738354 1.14763012975114 1.36225158607983
-1.8313455344455 0.685595915400404 0.442310184426672
-0.368808291978115 1.29058888857812 0.947980562115334
-0.170456374896722 0.0974909967537883 1.3448304235258
0.00190274761777942 0.887055498275817 2.78297422473278
-0.402261705776951 1.82720567557476 1.23114800854814
-0.809424902633245 2.00864469648075 1.28881210854403
-0.821978632414283 -0.849987888996167 1.69315644855962
-1.94571039608253 0.0479295166320408 0.967121922955081
0.100739124818185 1.94359099814922 2.45123644868964
-1.08964269659871 -0.286571113135466 0.791538951975996
-0.500407812783615 0.795358362493383 0.817169865372299
0.0616828754649598 0.455822172852056 3.60067634320776
0.480817548269631 1.26648054691779 3.88765477451187
-1.09444169327868 1.08037905450063 3.01596689550402
-0.165317995210566 0.841310740316156 2.71851477848736
-0.193331785959043 2.73683854504762 3.38558932388875
0.754535953048579 2.89320120911898 3.15356782131473
0.00547933503167636 1.37611057746524 2.62366888021821
-0.439970003992458 0.526788340863841 2.70939198807496
-0.454376148848703 2.07075131704705 2.05715638347462
1.19756501652684 0.858804264491556 3.22889186969755
-0.329826335274404 -0.0457486088190654 1.82081477705619
-0.0270355796654921 0.601412909718659 1.88261026716659
0.2939859416028 3.00007489547834 1.97578409153382
-0.961104777154391 -1.34916488828789 1.07624014683475
-0.375983084526522 0.327833615045546 0.724538198866181
-1.39537399095979 -0.9476709647845 0.772097829598103
-1.0720778003236 -1.34062336574459 0.992557297265773
0.181475512826344 1.0616263329071 1.92712592618781
-0.550624813988119 0.540726314677499 0.353808283267916
1.09983226657209 0.908572053507035 0.795763624614154
-1.20223533884643 -1.9293541583702 1.26159034327356
-2.26297965362411 -0.855412292268352 0.714219740591532
-0.500401997995886 -0.677696226026893 0.0831830953510957
-1.03437364061549 -2.08735398155923 1.23468188773463
-0.155471199259196 0.409745432416247 0.687990970040343
-1.47803180839273 0.45993262492775 2.04954815602828
-1.89921372797253 -0.112033585051539 0.349003544034824
-2.18485848002214 -1.15073990710875 1.07711121676107
-1.94023194579369 -0.0123485713705157 -0.5738491567073
-1.21131148697146 0.557198463504655 1.08976553092808
-2.29617413170143 0.593368055055759 0.623773353594429
-1.22880295809571 0.678103434942368 1.14115445892628
-2.08094956281002 -0.832081704761736 -0.645651158091032
-1.72671218550605 0.104471998470558 -0.6660221146437
-2.92017887626082 0.0355051302486311 0.736689829743148
-3.27707560327585 0.459368142904365 -0.263065970612762
-2.00709365189469 -1.27653729403723 -0.00560357303250875
-1.50749065493546 -2.51099126063293 0.885699890775295
-1.62014334751696 -2.99271572049157 2.36603016179878
-2.55174008795257 -0.835712313333981 -0.140218392542372
-3.44045275345203 -0.688728441591281 -1.35430118321026
-0.0310976747757701 1.52566807020002 1.20465174054525
-2.88383188080334 -1.06365055504989 -0.757308621620161
-1.87614186493325 -1.69235656286293 0.925288293074783
-1.71255245078425 -0.666244567187094 0.324335470313708
-2.11391713758399 -0.979664114537106 -0.813754770694957
-1.8465499537181 -2.38506105969657 0.950382597558131
-2.57250328311336 -1.34413001970921 -1.31199536422551
-2.10427271441549 -0.497826440146016 -1.88380555735493
-2.587082715131 -2.55994454671426 1.31879813959384
-4.89936155750829 -1.88341013789036 0.205627251449172
-2.9861616961924 -0.688886930379147 0.121347917639511
-1.46444879650283 -1.42608264782947 -0.55732928264159
-3.15309833060981 -0.765262484499563 -1.06523264564029
-2.59101942360623 -2.08485533219062 -1.82343552473634
-2.63404428347182 -0.499261694288046 -1.11112794584278
-3.24541134427766 -0.175358534590058 -0.720478914875627
-2.21039833305186 -0.91048214234085 -0.251755491655645
-2.08530364940379 -0.0319398027035412 -0.239085980868357
-2.33969736231557 -0.885720863580062 0.562496028855394
-2.8011361638802 -1.21985238115971 -0.489062110535973
-2.72329604511899 -0.546002885828035 1.12982702365429
-3.26828218560609 0.346982659206846 1.73402400478582
-1.54066869662194 1.246416508728 1.25684017321718
-3.53848830549325 0.180750896201622 0.861241367409919
-2.20034827131828 -0.79533927740149 1.30977375817394
-2.06577524048585 0.623407864897402 1.24415220312284
-0.958476442494335 0.410353406383742 2.14309723864741
-0.765096599174514 -0.345537505196633 2.06001572752787
-0.483582170341677 -1.46363300424739 0.609905946334218
-1.51433625501221 1.98208556125373 2.72596941882288
0.00690732407840533 0.788450899577192 2.83771888522012
0.0494149453353718 2.83839728289139 1.80174558427813
0.690298485713996 0.409544780162609 4.00312742368702
0.83432581928885 1.58594869804861 1.90755367200631
0.0852070718285836 0.930350374259181 2.56648435836868
-0.114646512974195 1.38297912551372 1.79355875271774
-0.373988567602639 0.542954502510663 2.00248800294577
-0.647100351501089 2.44068435681523 1.52810623345631
0.149063025194224 1.92284207773361 2.35079288269079
1.68634659318438 1.3859626126456 3.7443926358634
-2.07746118620443 1.58047687745965 0.313417999346505
1.10420810867887 -0.0495828065289957 3.26881983289017
0.249321907596035 2.01109999085211 2.93025229585857
0.616389251403166 1.51906267093133 3.54181148915011
0.112297943047169 1.71475210288922 0.802876514465539
-0.396719678879707 0.548629388095712 2.46534517541573
-1.06491005037227 0.843361953773992 1.9970053498264
-0.189712217202834 2.00482473010549 0.853327192195358
1.30912678950272 -0.697389287929278 3.55005000320214
0.204989122828499 2.83913123444823 3.19176097188547
1.74782454453862 -0.253344171465595 2.63464508449542
1.27935920359796 1.88474385197582 4.59438798043647
-1.74910850080088 2.51193883996748 2.37121959117497
1.49878606117475 2.04501074121785 3.68418785035078
0.485758337469843 1.91816892510258 0.0360647865063415
0.727682228844655 0.803496143788072 0.530805803320106
1.13899952164907 2.85999888095958 0.460740587495199
-0.448006400772401 2.46727986524832 5.69756639626239
0.133698181945078 -0.297335785987466 1.74666705148034
0.860332940438148 -0.908264647458434 0.888231277964487
-0.772194920411798 -0.99929725314346 3.07158441314285
-0.0985045834845801 -0.0318645520871728 1.19081955195052
-1.02510935483842 -2.26955990429827 1.13877651841773
-0.445144109300244 1.75835677370503 2.21205228114706
0.234686256566089 0.0168118401651484 1.72265584037777
-0.644769854560868 0.990202910961808 1.68092620617053
0.0790684020445475 0.0528003456780917 1.85434772726203
-0.26903975753821 1.36537865910878 1.02969089514106
-0.674071372140709 -0.568058555335431 0.864336145150943
0.46499174136416 -0.726731040908057 1.90058830674488
-0.592851731835882 -0.987956767567518 2.530921578001
-1.63054170851798 1.5406659560879 -0.690933184627181
-2.06907853155527 1.15696992467731 0.846994432215926
-1.61180893727043 0.3368302255161 1.39824954218922
-1.14428227754372 0.249800275392413 1.11440738652335
-1.10075295369994 -0.847865333706758 2.02851830704678
-1.94098537647333 -1.14292812778662 1.0011955523626
-1.21769634893197 -1.52886617745363 0.534232528535862
-1.90713674800906 -0.753457794023696 0.750866139790319
-0.367052198260877 0.432696023483274 1.60543498712631
-0.417756822456583 0.0125169831665566 -0.280164284610363
-0.0151019513091548 -0.294786076583799 0.415514743256622
-1.85183471307429 0.393463485055339 0.52608637044844
-2.16651451808582 -1.88747981847204 0.392704491533908
-0.326403667941338 -1.16015208734946 0.0617349187368399
-2.40478920764006 -1.45675373675794 0.151746714182027
-1.65627662649485 -0.775595237452121 0.965753792215255
-2.53531755209111 -1.134161813696 -0.220656304805807
-2.23858908624798 0.633201698623397 0.632547784248144
-4.75430028829751 -0.776016331107968 -0.67976527046172
-3.12193953899872 -0.369846122899876 1.003268719342
-4.17221427026032 0.803702137103885 0.137010029934762
-2.25216002463254 -1.50890891866285 -1.23771506223729
-2.74587573950142 -0.248633251890909 0.352930295171962
-0.697605062829417 0.47023762324694 -0.327243145423737
-0.584589294414771 -0.561773605553996 2.63147561400291
-0.089555417189954 -1.17521198917327 2.39114718131971
-2.37010697478865 1.02808415973437 2.01221227996457
0.520257152287508 1.10005997154104 2.19473289658536
0.470160966151488 1.58090908773171 1.87240275518241
-0.146595423885804 0.319048716095854 2.03162766502481
1.20132402669226 -2.04632382216572 2.90697462407165
-0.119952203712057 0.647502497513791 1.55430218584343
0.880676086233539 1.20276754786855 1.66402632225405
-0.792267741003071 0.365347261323712 0.658184260277171
-0.139640731248906 2.54563848337931 1.5082051269954
0.404136055886532 1.94924206981404 3.38091713037302
-0.723221532960527 0.27991841740786 1.69795321552603
0.375493658335698 0.126692494490504 1.46570431554829
-0.65884452955077 0.608399128684601 1.47071337791073
-1.70057686732993 0.184833030771935 0.686411629387781
-0.229773054799015 -0.619885180709526 0.801474557112835
-1.75773442133173 -0.189067645238746 1.54461545606517
-2.15582639961347 -1.33655168182885 0.155595731548855
-0.352862017665396 -0.68207426074414 0.905556533424865
-2.41841651646248 0.284678740395171 2.21844702845614
-2.7327744170097 0.527549799081866 -0.0333371494243321
-1.34655875974534 -0.882122699266754 -0.29701754195471
-2.58421017876097 -3.16167981674738 0.390353589175234
-1.1189486187618 -2.66520462840736 -0.900627726485451
-0.636743688155358 -1.25752012280465 0.389189304795659
-1.11074946670284 -0.582693584161251 -0.313809194189861
-2.30804813454663 -0.11327522725568 -2.19519627498824
-1.22128859067776 -0.133599085682162 0.310118352598232
-0.843991507645573 -0.379830440307914 -0.103903621620696
-0.960053802362287 -2.06622859316741 -0.623021335591742
0.0741246833634706 0.734353091836993 0.621442155330619
-1.8022693793048 0.611769640773342 1.12891956173165
-2.22680273178664 0.405368742259397 0.155844154777805
-1.26081309800872 -0.296257321263424 1.68428901425032
-0.261181597619176 0.602259091232774 1.85642258006978
-2.59350908199243 0.23826206222383 2.1425247219219
-1.77798815945296 0.126926144488051 0.599788163950197
-1.91913717744644 0.176788697664869 0.16691478838949
-2.73669153847888 0.136452106675395 0.87482389493219
-1.09659817094352 0.104979883438564 2.83212484288601
-1.3919511505464 -0.716122718656317 1.64258563965316
-1.37544936103917 1.04167241347919 1.41630328322229
-0.749897145776744 -1.3821419609787 2.25879500040207
-1.01232405947731 -0.104098562997019 1.66885872671999
-0.455248215568402 0.0937479900132125 1.3062428777068
-2.27050768742487 -0.812652578911037 2.35674809568193
2.14002491929481 -0.845495586419681 1.36115306893586
-2.45756472726759 0.247140821594502 0.661022140734981
-2.10608048393593 0.682595763877518 1.4764201203203
-0.917637775153696 -0.228265252647776 -0.0319295667231456
-0.235623712623176 -1.04535375119963 2.20984390009903
-0.709789535277536 0.444269885727304 2.22915492777756
-0.419247499360287 -0.195753094400718 2.27844292569158
-0.235224319567704 0.120270983145055 0.731130155276505
-0.474426400019078 -0.216889265196425 1.01364733029865
-1.08847062305229 -0.630571142931984 1.97864144146698
-0.91469526458608 1.07322609479147 1.01341439065318
0.347387718589109 3.26563437101417 0.875070651627376
-0.139149955219201 1.16438090589511 0.502106567250944
-0.504744548802912 0.277473047592791 0.490114919724787
-1.39255388619733 1.29762476300891 2.54092660431612
-0.487751637328476 0.964561735224314 1.86674960831515
-0.720503247811809 0.0671960258331573 1.9638862917878
0.48664233037844 2.08427163997565 1.91728399839757
0.116958981215039 1.43607820435764 2.03086542452845
-1.13659833091365 -0.91349277396564 1.76878068774261
-0.399751887286105 2.80978360655893 1.51738080454324
0.0565190290533606 1.21779499206652 0.740812472789556
-0.91053023348398 0.396292762607394 2.20810057752875
-0.689948045524128 0.114889781835116 2.54791102668428
-1.29006418658369 0.242896052022488 -0.312305526396731
-1.83746533088485 0.651507210601594 0.0946371325015227
-1.08844625958607 -0.245453230564614 0.405095748974603
-0.860050580223635 0.222119303277511 0.178681164131784
-1.14299559618021 0.074145106153667 1.00762419205481
-1.15733681718279 0.61855874076706 1.39857708513768
-1.25682479677016 0.274137196654332 0.839521108906047
-0.0875392057275914 1.28489659283073 2.0786845065256
-0.208926636622896 -0.713428318789491 1.63602947488241
-2.35583448321987 1.70477064976364 1.81216044872429
-1.17514068812311 1.72703957690037 2.78793930464898
-0.533621727986963 -1.16748835323153 1.72654933835079
-0.83076475192608 0.62703291197611 1.98930421213646
-0.515893032889525 0.799045336008002 0.645453767516656
-1.02913780874588 1.9949846574758 1.97437040205423
-1.61954541065093 0.301518616560829 0.21587246537322
-1.82716474455224 0.275803525993037 0.0566325616397612
-0.312936888574383 1.06394033923888 -0.347072451034435
-2.62135936467761 2.38680901348929 1.03684642982144
-0.58239397065544 1.54849394934718 2.03472511621854
-0.510068185151795 -0.0309136683708327 2.9427805693212
-1.63381035762999 -1.53243412944626 0.902184897900002
-1.42136788726277 -1.06801010812401 0.787587839611847
-0.692151904784701 -1.24224619751712 1.15477268188184
-2.20877734595747 2.67156121339864 1.49275502213929
-0.575932509778137 -0.134424447270635 2.04339509300413
-1.91170710215947 -0.479673083749909 0.749392917770309
-1.5038398670204 0.35790779279203 0.529382317468632
-1.45077443353978 -0.521365732106531 0.573685408388827
-0.897864278842047 -1.4471532129176 1.11631266038401
-1.48890118490914 -0.154909660960941 0.728188658553514
-2.10558296910005 2.16303435735481 0.974577414531052
-2.12109710699545 -0.136852922006786 -0.193231083582919
-1.64220203887453 -1.81279396140289 0.123521847428693
-2.23100560198674 0.103499124181448 2.75380349473346
-2.12032629402483 0.475646370152818 -0.397693121521735
-1.02526421727605 -1.52743269644787 3.7721642729525
-1.24189397070998 0.780545303077217 1.13406089945526
-1.04392568340823 -0.339885696373471 1.73195862010483
-1.85633831435222 -1.43269895164405 1.54065583115902
-0.620286321155263 0.46552166786332 0.539741795437102
-1.25078037846792 1.20592670226548 1.30850035672092
-0.529854186367333 -0.427928604572512 1.88076371248341
-0.709345672177675 -0.314238905392322 1.63309370275339
-0.634446568885842 1.83108050005578 1.67472067191753
-2.01620939433173 0.128495488113981 0.645200275535757
-0.959553113559499 0.095379876048648 0.610370951182832
-1.05863775997743 0.816778779305339 1.62131017509159
-0.564705569474659 -0.67202308882735 0.504182604612844
-0.0233805561303867 -0.27050984946972 2.55678385388241
-1.66994001871691 -0.402559954495265 1.30005709950938
-1.71279090470909 -2.45656983325853 0.848006785881416
-0.161219628702853 -0.161200184984784 1.62446196314378
-1.14076940694345 -1.00907380592995 1.1922490800059
-1.53854901378926 -0.221250394797025 -0.349771220906978
-1.81303815304528 1.33719093964032 1.00675983618865
-0.974367952481376 -0.658016215836598 1.13612943242634
-1.47862416787691 -1.99971444299892 1.46221738082935
-3.03832954238872 -0.162708743568076 0.394131549619018
-2.18006503697112 0.0879090644325274 0.288719797363847
-1.38070503979452 -0.663626568498706 1.35249930791533
-1.60418342024636 -0.0328765137743324 0.986432512004351
-0.166184671665917 -0.622801303181588 1.0212778019195
-2.39659645547569 -0.608127025922269 3.11495386577268
-1.85965975979522 -1.55259871173164 0.712645784106982
-0.598515103153754 -0.546188060475013 1.5307503539944
-1.25474458599078 -0.326568621350667 -0.0403177133072711
-1.57191052693614 -0.558991187411574 -0.475985049578176
-1.79912196676642 -0.0193938164772633 0.212089456516571
-1.57667923985653 -0.3918526559615 0.611205037228866
-0.968659170742236 -0.341949813435622 0.674345959318644
-1.78370626637644 -0.124446002855741 0.59541924110462
-1.64458875615872 -0.822733329743157 -0.144350521086546
-1.89366320241098 -0.689627784977761 -0.477401339156497
-1.77108051651414 0.607946454085941 0.249496846890214
-0.176200242773638 0.0343283543901909 0.873109847195075
-0.616562999458409 -0.340932195831383 1.89672192725563
-1.69346727386373 -1.34358334121313 0.378544493839173
-2.96133051623603 -1.20321619811795 -2.48688396419322
-3.02611113472959 0.18729031941138 0.109317021874108
-2.49660358795068 1.12789544611162 1.69497240617421
-2.5901939391444 -0.332593224026454 0.660580832193483
-1.22742639911623 -0.404450282204906 -0.357573207870111
-1.32022157964653 -0.42097593148108 1.50588038058044
-0.487935816340734 -1.05326352265592 2.68142798734693
-1.01344087675929 -0.785440912851408 1.9639964061019
-2.07591034834495 -0.883861692860713 1.35333450291151
-0.162604007107179 -1.16176859849435 0.888757633399944
-0.980045050724065 -1.30314922593905 0.644599448744333
-1.35598765447044 -0.750357461408109 1.54760066392826
-1.46064490708554 1.47895879601331 2.56955554659182
-0.745983416352736 0.165560086776886 2.37794210445838
-1.39273349393599 0.072451756730567 1.23110608690716
-0.989645647560254 0.0661842699085752 2.01169633307258
-0.419719232140641 0.880666815564729 1.6208229147272
-0.261760645345296 -0.369552751209372 -0.277951151116282
-0.118779967133097 1.80389874597412 0.521699909940914
-0.255176540717731 0.204083525806054 0.550814125259617
-2.95239971379147 -0.947705989722653 0.996847937971552
-2.24779187887021 1.05199822494231 1.91404518809515
-1.98221624014113 -0.550557766745905 1.82029677014836
-1.32937651306019 -0.262320738202382 0.822888251382113
0.444284935297515 -0.113965373150125 0.0093242718538955
-0.374289857168701 0.601381750550121 1.11096026803733
0.0141224725223914 0.777221292825305 0.650715645238626
-0.904153810671678 0.581017541317563 1.72919689136359
-1.28900365143976 0.916785027389596 1.92569003430219
0.785784124331693 0.433327998152737 1.90401468370039
-1.02944639964832 2.03243086189416 0.336595826376007
-0.393625462389987 1.10067682372525 3.81097082568946
-1.59333942149945 -0.124527539314701 4.75880302069309
-0.659676446337788 0.956957876161793 0.670179581493075
-1.57383292629226 3.1168121445016 2.15861792434491
-0.41626300246836 -0.239724365267919 1.89684945525038
0.200592054629322 1.56024205678643 1.57484590055571
-0.320636430677269 1.88858813284836 1.08056767147429
-1.42700278323583 -1.13908547910635 1.65283451823833
-1.92953083906001 -1.05554485972149 0.685650948805014
-2.19278132010819 3.13886129058886 1.32157009322326
-0.278478381240319 1.66053303487638 0.983380922330206
-0.685070688336058 -0.748331287887638 1.64599326605803
-0.421326957986764 1.70943732224088 1.18871837074003
0.607347824390671 -0.882897100860891 1.67565068103442
-1.35947912763391 1.94203878519272 2.73426678143479
-0.786362566921009 1.33537296125178 0.72364715229821
-0.234806048375123 1.89972550659597 2.9740440127689
-0.132414551689993 2.29715160231016 2.07470287526713
-0.76194741879172 0.530911104858335 2.25771243324322
-0.791942000292831 -2.64769182561231 1.20822868153932
-1.05164453476527 2.47809289855634 0.975961852849241
0.0570818165143751 -2.73501587762428 1.24398650809514
-1.3419770043461 -0.356620891454007 0.302211519725568
-1.94732465712312 -0.728721883737239 -0.388122241297808
-0.559333215868648 0.941019573879619 0.4619510637293
0.0318137589587413 -1.52870668934919 1.20543202371701
-1.21664944109503 -0.451098479884276 -0.168706636005125
-1.43351952856538 -1.3003508510175 2.1228928516793
-1.0177584593228 0.651502162846685 0.872291839083489
-0.513341861082974 1.92349496604568 -0.0516947978715548
-2.71281807082988 0.268366814724841 -0.266080993680655
-1.72891471580039 0.221165796410283 0.558095037965836
-0.970385834199966 0.0637762041043654 2.22530194552309
-2.87068661429624 -0.688160920696643 0.729693444649734
-1.11411081189678 -0.131912874289525 1.85382407910574
-0.641871616571788 0.144000159190869 2.1239170664258
-1.90608874411669 0.00466452935414846 1.00863948611944
-1.38185873045663 -0.0699516832044854 3.46563064307621
-0.569937849543537 0.933680771396185 3.87358338175366
-0.367817366742037 -1.03117097893994 1.59823802241114
-0.684160322569912 1.28009972028316 3.50916175160766
-0.460181316799734 -1.94971764897883 1.62928741001434
-0.157362830383131 2.47243887681166 0.834027548095614
0.250791879641104 2.87311416606588 0.0496441525942881
-0.0396119730746871 1.07648453423351 1.32971392261109
0.413856123757671 -0.51832245815828 2.76947730435262
-0.717443795178356 0.266097507594918 1.68454033554231
0.0946883241320046 -1.57367668009281 2.58905750358753
1.11298460765607 -0.189267921876015 4.31073197635402
-1.0809897076164 0.541284646911826 1.71855259118473
-0.702947330619163 1.01174063080695 2.86301184034616
0.749820702781222 0.0739056936642012 3.11964481381008
-0.986222945680122 0.956122525218104 2.43147669311469
0.123744001436351 1.17943003529254 2.73438373342047
0.882146059003072 3.16837426877793 2.42508707329432
-0.0372404686981746 1.22953618208544 3.46347661759048
-0.19650869677925 1.96638098083336 1.94019922892973
1.62411687396795 0.0231664977754654 2.87590461094799
-0.137211395827768 2.60628650572353 2.28823602801468
0.84580534207026 0.923808504714046 2.47653820012225
-0.273391331637079 2.6938045427106 0.815204619232346
-0.289641895527479 2.78924125436565 3.68591472889568
-1.37298771037237 0.695992180167125 -0.489648118852741
0.154849165629555 -0.128709065291341 3.37444236777156
0.847474568308395 0.634987252334317 2.94372694820845
-0.520076539537339 0.87467097481929 2.20246024554572
1.36024796067238 0.192034762288264 2.92640282935213
-0.838632169637153 1.22122023943652 0.480960989776684
0.453562564643165 1.54223315211246 2.05119713419324
-1.33702782259527 0.175234674817539 0.91556442983041
-1.57918452871524 0.269520214847321 1.47023383926711
-0.0537369240178934 1.37708532300446 -0.406273811381994
-0.520811696413528 -0.911182899404777 1.37610744978463
-0.54208201651012 0.171405706607621 0.583015375344763
0.0954128716613741 0.0642764620635087 2.06194922861255
-0.569099813072111 1.78330363146062 1.18265915498747
-0.955272284130232 -0.0686217934434153 1.8001066307131
-0.326600849812479 0.108727121862888 1.07485361735941
-1.11975203099374 -0.110088144502986 1.35377200207067
-1.15205986256049 0.934824761176728 1.73768629123674
-2.91721818951775 -1.16972890647439 2.51253198402359
-2.22690878639494 1.08004192613661 2.34754074266552
-1.10571757249534 1.39435647094858 2.48089849723578
-1.30281108867949 1.32070087756947 1.17580267597899
-1.12152587864942 0.126131791162889 1.22441821982708
-1.33128363232573 1.07313001529854 3.09520919090212
0.686933267644414 0.979461949800654 2.21089722529001
0.138460795866878 1.55073087298105 2.55900337662511
-1.32009471879001 0.451005694920941 1.71554507729629
-1.72492122274241 1.17664991645142 0.956433196088644
-0.362840502600042 0.565199318427938 0.903359380099273
0.377075105557226 0.219824999549189 2.05507729242797
-0.509834890716343 0.349798839102887 2.0334331965552
-0.45474637292825 0.813643194976458 1.71559735832837
-0.745414709020186 -0.482287177967916 2.40047301444382
-0.989935797121325 0.393444831212718 2.72411491615679
-1.2577081705463 -1.40271268972628 0.98644862643172
-1.95321793246172 0.77462228445072 1.39420422198119
-0.888343775220654 0.0656792583183431 1.36043050509261
-1.62806008221605 -0.315845656285658 -0.768582015287967
-1.09185712560702 0.64427351695796 1.66341466864915
-0.49616631001515 -0.116984401574708 2.02210751837278
-0.345503185910565 0.944507133607489 1.39017455879469
-2.32955361324567 0.98584187105984 0.624810166960379
-1.12286403640052 0.909550601928857 1.46938403837328
-0.384321358939157 -1.05687446675828 0.54278887831252
-1.97148368527671 -0.59324325373511 2.10230861891778
-2.24096289910364 -0.289980637155249 0.419206189891407
-1.00494930205515 0.670287451547712 0.585552336419576
-2.37157187677527 -0.2465297625402 0.711302817116403
-0.492861628244039 0.31559105157473 1.94538688659324
-0.955038784125336 0.490145557202833 1.25083023500633
-1.79095500743962 1.18288691681064 2.59917231120429
-0.979812153553836 -0.89566598985522 2.04562699505536
-2.13562680770933 -1.9023125566995 1.02052087743077
-2.16028790256811 0.376753981979199 0.387189207416243
-0.669567745361482 1.24225720255179 0.999617778714903
-1.11379522874377 -0.0660922888072069 0.138439497311691
-1.36708284921024 0.553841294739397 1.03607466859829
-2.20923094115919 -0.771163335987612 0.805086361539576
-3.23235034899935 -0.52456428586864 0.853033698876771
-2.57201021363433 0.576500363953112 0.412143244729191
-1.57001721706608 0.41283491222995 0.931506336731719
-1.21632720505248 -0.92877754006845 1.17843864971271
-1.67502218307668 1.06594306945789 1.04326251586288
-0.494101683815279 -0.332381893883886 0.658897676977325
-1.26708473111071 1.03261632623679 1.42840757562723
-1.41660870936197 0.538402038646261 1.13996618509022
-0.209707479644615 -0.660407758461293 0.896965798198511
-0.665898207391303 0.538214938171586 0.301853105352491
-0.756334418162948 -0.234098840419281 0.643806737014342
-0.143053781985414 0.140922245855214 1.49460713883885
-0.259295066754584 0.420687435317543 0.772413848977472
-1.32554248291136 -1.61022745509119 0.90391392702874
-1.25097081397527 -0.66625032894692 0.0173463674376229
-1.0600380082936 -0.735080418028224 2.70574018275913
-0.634833546398578 1.72929152488598 0.72154446231049
-0.757447724220616 -0.354092010279346 1.70847793613615
0.256211479985978 1.49302170427555 3.25820893432624
-1.07586807626063 1.76154215945574 2.49956754955133
-0.728926194649924 1.0762460286756 0.346660824259275
-2.37470887041757 -0.34651764871268 -0.410897565063707
-2.05241370043191 -1.68592208029972 0.939245115429822
-0.202469373637789 3.67552604691295 1.25528700440077
-0.658060065013426 1.44021106581132 2.5188752273871
0.824310370548069 1.53619856939599 2.06542950491426
0.142944234458337 1.66150265471342 1.44819813469737
-1.00498690252408 1.18761812266639 4.1574662453987
0.897638665100155 3.23024348130852 2.00868546607343
-0.495071302947444 1.48484796548492 1.72611107067927
-0.420732529543325 1.60950188266679 1.05041021822225
-2.36587097915619 2.7847910142958 2.36977058664193
-1.56598354676962 1.0130336764506 3.10825340977648
-0.165666959869121 0.266608580067307 1.65445092113474
-0.308961386711565 1.86593894882121 3.57420288545335
-0.577135396791497 1.46950313446412 1.96487529187209
-0.857812776196913 -1.63079236874744 0.497011745088306
0.799302837542824 -1.55981655699708 1.15183660636225
-0.415075487213174 -0.26125085591439 2.53747394820856
-1.4690666017569 0.664825153979799 0.595403330493966
0.352954578416891 0.715663746996723 1.54888227471474
-0.410760152673477 -1.01374713097313 1.91154306527537
-1.73552995207254 0.805760240080419 0.940132799584923
-1.8377044396346 -0.334433859486941 1.99403115824586
-0.964653082220482 1.93602721449075 2.10549121573837
0.139780503996439 1.05915442618905 2.13294781350141
-1.33483623092691 1.58756131910452 1.4405190719746
-0.28848225519644 2.51142149906514 1.72281142569067
0.689682621150398 2.3857097658727 1.86629694058312
0.454871116115549 0.86967925725235 2.10801669147252
-0.573755448077566 1.2258717169215 2.36205897585975
-1.249814222257 2.41371036805992 1.51090134145322
-1.92895963309374 1.83246142532487 0.840013197782198
0.419988609562839 1.63323217601764 1.53919737707977
-0.591165711282672 -0.422282195990087 0.744564139922296
-1.7703273311335 1.06732453103074 2.02496653943149
-2.30232810712365 0.506838852040072 -1.37685741809844
-0.388670287924809 0.279124089431208 1.75367286687656
0.513824167414975 0.732477622595371 3.54836350658891
-0.714101131784511 1.55266701459988 2.76988345195147
-1.56558689457598 1.1087658046433 2.9332720078146
-0.570476442977142 -1.40564052963237 1.57474517832653
-1.78354639122081 -1.17322255522641 -0.239276906649512
-1.74022798841641 -1.37459038954561 0.562631483078674
-2.08257345591561 0.181830964611706 2.30954859027994
-1.67896059565412 -0.209772640511601 0.974642728310336
-1.45314458169973 2.21408447054182 1.7441654763482
-1.1728654630346 -1.01003466129327 0.713990398318025
-0.872909668722705 0.853296959156983 1.59902067488301
-0.82546034218622 0.311924222689405 1.68294747617312
-0.199969942360859 0.174038023953522 2.13047718656134
-0.417895130326785 0.15633540720452 0.472437238351459
-0.41273151567414 0.234678929950478 0.614839498093402
0.614504904415682 0.419341222204909 1.19850136761138
-0.0960608684595179 0.0589770743877822 2.46962057839144
-1.41255677682068 0.385821250606225 2.33150661671263
0.284690411548724 -0.276301493937833 2.38966971236372
-0.079357151886007 0.502520685156827 0.569871340185756
0.607420903315388 0.962364283779004 1.20684071377675
-0.0477485647023228 1.66794509206729 3.07825784387449
-0.98229757985474 1.51248746182524 2.31887087412907
-0.854998871814605 1.23006941794949 1.1566530782391
-1.60634514081617 0.800978136117933 2.26774433153485
0.685637905256179 0.904776851580682 3.52785628919165
-0.825672778009701 -0.983606692474745 1.53044668075723
0.298014775984645 0.540854069366138 0.825535942691581
-0.627233864246393 1.43998376382463 2.14168812480068
-0.765395308816917 0.676245936030629 1.73445038174022
0.616133227555172 1.54974253932851 3.51295380133258
-1.24189545335197 0.382278062612276 3.5490652404207
0.583939790222138 0.384318772719525 1.09784614167624
-0.9369563230723 1.30771560701597 1.02590650030886
0.20119154376291 0.836280344109781 1.96695853696249
0.833730637524808 0.18869301183777 1.03436736009254
0.453182837989838 -0.215435475178785 2.19044038064604
-0.834857806057508 1.01015539398804 0.500501324657754
-1.17313722879993 0.603494031604694 0.0479084626574624
-1.83065443010582 -0.220808680296542 0.592065209424594
-1.49017415478442 0.298451845508021 1.21215341710419
-2.04296859142903 0.109008854603978 2.78677031078952
-1.91561918918136 0.931457629682867 1.07630930172422
-0.798822515398352 1.22593906314656 2.33238303173281
0.339344014784144 0.894120919103841 1.58665924046718
-0.0976508788384733 0.520116415980527 2.43204842519276
0.724050883146923 0.125769996728201 2.42799888529844
-0.587129290230917 1.25624842094208 1.9055280792809
1.14937435711641 0.917677811150727 0.901710659754994
0.741980626755496 2.98294440288754 1.59705709558574
-0.401180977310769 0.974877763131188 1.92243158648261
0.406733375033142 0.0318711410403272 2.03144623821486
0.100018842864236 0.383809448410496 2.1792519195666
-0.259471176567879 1.90888361358082 2.44623985848268
-0.0040903525362439 2.51248376686237 0.514750494670965
0.658911993091318 2.61354610569829 1.53240521119525
0.684471437224481 1.53313681054133 0.143233670670202
-0.0138258072712323 1.29451557124465 3.61641994733742
0.252880500798838 2.00168348285139 3.23463824286072
0.805024514135705 0.239513423338561 2.56370906393986
0.549288753932812 1.80957730352386 3.00497699822558
0.565819724595786 0.359427143760209 2.65184698582237
0.635800916397601 1.3945951486268 2.22615807224819
0.314617255067382 1.99088510250441 2.70209470641835
-0.258755884665752 0.729008577941974 1.69691799620501
-1.73811502786243 1.27619422965123 0.584593228449032
-0.409444948584594 0.838756588307137 0.893049101917832
-0.234962337991248 1.32052465499215 1.39688968934685
-1.37957314072816 2.01008760866219 2.36124603549056
-0.894348351509902 -0.160531598683594 3.11863861123988
-0.542171657188653 1.30154567145835 1.05417943512787
-0.331271473572289 0.456455689102957 2.57971200686888
-1.07548131312518 0.595053868013228 1.30673734919567
-0.492671036942437 1.34148660729131 1.15390684177603
0.170649923198391 1.08183012610261 2.37841912775269
0.531363026795153 -0.180978003159032 1.72971844163835
-1.24952821569518 2.09774024722454 1.69362603193986
0.189160061239385 0.277559622768831 2.01434829340973
0.111228008432341 0.465303437365756 2.94973573651931
-2.54332021745913 -0.0477184347022913 1.39734565641695
-3.14955981372248 -0.148163732303675 1.09074296625658
-0.19729888938507 0.731591881493651 1.33890714301691
-1.9133128372152 -0.382164246758902 2.29599362209318
-0.42653247678142 2.26295702113239 1.28518130210321
-0.295548122438449 -2.93975187406704 1.42676937287574
0.808416062274467 -0.256765446246856 3.10092463674553
-1.2803845195097 5.19150710408115 2.29108362913371
-1.23265113735227 -0.784708981779353 0.580787545824803
-0.608704416352179 -1.09415370173133 0.168278808077383
-2.08270775217569 1.91611729786521 1.72123860801035
-2.03444087931768 -0.976789395385114 0.28000789544433
-2.52971289510372 -0.674300650275816 -0.165249600582447
-1.64120552411835 -0.546739247086562 1.06616677879455
-1.42814481258101 0.364732268428092 1.46509250849986
-2.26059245789778 -2.02022038533517 -0.299031172615583
-2.69928233059344 -3.55039790878515 1.77760359056989
-1.51460737271786 0.0714666175873978 0.135789100200906
-1.37492030761359 -0.683259953588825 -0.376595570530875
-2.51546029306228 0.210084820002401 1.40921738921148
-2.56890764526403 0.675149339686259 0.962649839265387
-1.53317321969821 -0.561678571310741 1.19644425682516
-1.05099516621531 -0.377478393071156 1.46844355514981
-1.30559094751906 -0.43653212981724 1.05810920532681
-2.61779160514462 -0.167772890155757 1.28516682457544
-2.01956837190866 -0.355632197147853 -0.161292972288273
-1.11154448699536 -0.553326759519385 0.45049021517843
-1.86857083653865 0.857580667066902 0.144251036447159
-0.713661697642724 0.29796659800338 -1.09702971449858
-4.39763104407561 -0.828944732576685 1.53105746727311
-2.22214151431691 0.494279018211673 0.334850107297136
-2.52272412659107 -0.391073177527382 -0.0152629922108538
-2.02679127950656 -0.720987470174311 0.276634791462302
-1.10874698728368 -1.33767927919424 1.21457065207828
-0.999156017803815 -1.02549440170385 0.294525606079055
-1.83924698264516 -2.49882026058571 0.14465117608946
-2.20179368158616 0.854077000040966 -0.770230626374508
-3.36573018465838 -1.17914352303623 -1.33906744275842
-1.33569135054642 -1.20230617430623 -1.20721659450185
-1.08942522251035 -0.415603454375405 1.32540599728828
-2.27904417406912 -0.488482887042655 -1.28685015087427
-1.01428885281455 0.195547008745593 -0.435598773911312
-2.90476290629131 -0.325485824784781 0.372579016980934
-2.46348980022376 -0.122310151002415 1.14729448239202
-0.796480633549938 -1.67238607782598 1.37525224768987
-2.64032617619536 0.399751091901529 1.63504690110453
-2.03016905318393 -0.010591774899501 0.993970813390257
-1.0735957557783 0.286507562128092 1.04020946831736
-1.18581576178029 0.748525181680361 -0.212368274648744
-0.849327270154688 -0.859935658954436 1.47184273272183
-2.09939995073662 0.538776688469453 -0.303144196574375
-2.28956398276316 0.373608195319447 0.0949698669154758
-0.688686197857223 0.342794307927768 1.37909603103358
-2.74036864685969 -0.142178493545565 0.978880944076592
-1.7568029427799 0.0544028509218569 2.0358515421316
-0.62437476630688 0.987991885479683 0.906501398723903
-0.980623868884397 -0.788229096124942 -0.0056917360690989
-1.66370585940763 0.129762235055661 -0.0925768062424082
-0.613822771166803 0.143312470546313 1.44761497922943
-1.18513969044972 0.538650025091146 1.95584373333983
-0.595234245119246 -1.31522858242238 2.99274315982519
-1.15188213974786 0.521129745159666 2.10659268776749
-3.12988829237435 0.542904295538884 2.02736540279022
-0.331442675299504 0.0235727763208141 0.26879919104915
-0.569247051942982 0.0200451508588525 0.907192521306963
-0.636667072259254 -1.42908252774869 1.704884127541
-1.53152660793663 -1.30323180340723 0.826540998863261
-1.90469984491726 0.905661088535092 1.04022492568066
-2.60119649710097 -0.00939895127684379 0.710555532004085
-2.85166103732053 -0.383193829566235 -1.02233148324541
-2.36925652027217 -2.13506765003082 0.510469032572226
-1.04163376866318 -0.386565501728896 -0.0811275476902036
-0.601709379318758 -0.863786913391755 1.06250122597112
-2.67242772271148 -0.00749255595248832 1.26454077201648
-2.5786452439336 -2.0663413283148 -0.675096473723052
-1.35051243654351 0.357280370076848 0.663455480535773
-1.07449693034045 -2.52524108158383 1.37120393470169
-2.25838660886179 0.401140845441627 0.0640554180544217
-0.798193376293014 -0.869587783220643 1.75496010228808
-1.99631485086278 -0.941697612040524 0.560219461811378
-2.14514143859017 -1.36051752398933 -0.948057454892613
-2.51047165939861 -1.71074990475051 1.53943497583319
-2.23660515530178 -0.19460224056366 1.26801432108253
-1.78795219595903 -0.385496278483536 0.557909744643989
-1.67153952372137 -1.59830201725444 2.38471655890185
-2.08701516507596 -1.00553258540726 0.32434035345625
-1.77179828442719 -0.373190859149488 1.84755435342708
-2.75662075268808 0.048110939991889 -0.2619271904432
-3.42710891978305 -1.32975762723621 -0.594857814170066
-1.126506198555 0.551438800325546 0.413768494894953
-0.883634028525092 -0.749602361700686 -0.101091201256905
-1.08217347295996 -0.44826747995746 -0.651529827303385
-1.37582491081847 1.02793337000262 1.1058209058534
0.275148452176586 2.37517400257054 0.692606874028712
-0.36569478345927 -1.15166317256897 2.22155285742373
-1.74277261228288 0.379349421619722 1.77048163193709
-1.44680672111313 0.498629814317351 1.61790020464949
-0.327924494920238 0.753334094589733 0.809353232269069
-0.432093724715552 -0.495356434330999 0.707721161946748
-1.03297048619071 -0.401769784804076 2.63661448752746
-0.300739702737927 -0.135900995420531 0.671794944270441
0.0494508481814702 -1.04486272158189 1.97621677901496
-0.71460543944926 -0.458293379580853 0.835421006326688
-0.504505425114147 1.55641185286436 -0.364170922362785
-0.0840072767017855 0.853705552206919 2.32769262797149
0.172862418047313 0.841678598791696 1.46093918872274
-0.790504746938091 0.194891441035935 1.58200559344712
-0.802113793159076 0.200015785310437 1.12668858107512
-3.18836583888868 -0.2875818402938 1.584729302351
-1.52330597240284 0.0444051121142044 1.83099316792429
-1.25779952925946 -0.282025308541176 1.69039810499342
-0.0778834085462188 0.703783479296043 0.765621082083753
-0.245373481508183 0.657336595495814 -0.646020985771824
-1.04538570536572 -0.369931016958198 3.65422688625677
-2.13981987443095 1.94823034860924 1.30214739437507
-0.698787527962986 0.166432505806404 0.506466537053077
1.35349524428249 1.33696277571419 1.83111205538567
-1.23728158321776 1.557404739885 1.9186467458062
-0.254432820861396 2.13265514719742 1.87324864342859
0.2031220830954 1.56362795826188 3.5286371134155
-3.27879108477333 0.435683188716071 2.4156479753029
-1.2827955029845 0.394036000765554 3.11699864375313
-0.811984183971724 0.996411883352681 1.97197136189251
-1.51690603952943 1.07152560018388 1.00748350994287
0.143553450703025 2.18112635472562 2.04007189188015
-1.68509687214192 -0.305460966303572 2.17295238470433
-2.02569291035671 0.816261863563041 0.407492839927728
-1.33407959239897 -0.739554834266621 2.60301861960218
-2.8619400190951 0.773343534321427 2.03951367048744
-2.37478020885138 -1.02429435375008 -1.0180459537094
-1.45073883001836 -1.89287842780625 0.208457978777389
-0.831615168694057 -2.115828912365 1.66057687585187
-2.11920119094383 -2.54136048372541 -0.482454001549143
-0.528521273994497 -1.63472049696424 2.08057132751178
-1.1551453173725 -0.0391087766321226 1.49923945280974
-1.4047093244667 -0.606843302112381 -1.69046346031356
-1.62917665475801 -0.823300304738053 0.046322888056015
-1.35039843182931 0.905477513024862 1.88252896985128
-1.74103829724272 0.370759407679215 0.627394504138437
-0.624650666721459 -0.438867484719227 1.04902157793382
-1.25944162170207 0.594065882144093 1.25502965726504
-1.94601198137158 -0.197983427426003 0.253756665874937
-1.39980116462726 -0.586084351927779 0.538762589886182
-2.71295868290824 -0.964167177347141 -1.46332063939443
-0.669441361473953 -0.253967639732138 1.29289727939578
-0.0931088836744834 2.11324404177041 1.97760918205458
-0.747694246090357 0.763027158009791 0.684243995745682
-0.743353032628632 0.707059086460704 1.96821027446113
-1.58338337848822 1.30998225686311 2.65716278268643
0.237619638374461 1.76292262335305 0.698911150593117
-2.33623595967693 3.43628615406656 -0.386325317794375
-1.11790615256656 0.103504004780247 3.50635238000319
-0.546430046850504 -0.0588997143765928 1.34526681686277
-1.06600748665692 1.6476163464504 1.80895136093174
-1.82995599392816 -0.387881963966291 1.61480614368307
-2.71881157760179 -1.6322475708656 0.197340848175463
-0.609002720751924 -0.239396130462119 -0.159789560004753
-0.895376458839018 0.482186180243596 1.76227962409586
-0.214461403882711 1.59936746419245 3.93409532868435
-1.16308207331571 0.584942200730987 1.00562501306871
0.102410839812317 -0.818618385391213 3.58685577170094
-1.29893362426835 0.838321231347233 0.555519407892862
-0.282524280265618 -0.27247074397436 1.31810748887348
-0.028378575977081 -0.556683784053413 2.73404100013182
-1.0453228621874 2.21778552555149 2.32658468576436
-0.576528204435022 0.939749163285293 2.45469126904413
-2.02553018326915 -0.137439484267433 2.60491308293803
-0.941579988016473 -0.507560156007092 1.27645912796735
-0.738906359494131 2.03631016765216 3.10399524408642
-2.88966618299642 0.28210191648641 2.01634293922649
-1.72061425398021 0.901848083426008 0.5180849900434
-2.11313727036775 2.16588301167297 -0.154139829056353
