-0.473187294189437 1.65891437608983 2.12869932403601
0.772550226819708 0.994884227175936 1.96219729205383
-0.376465288380236 1.24926444550944 0.454841083653326
0.339655022651155 2.2592545215104 1.8552883273943
-1.71127442526499 1.76455741311818 1.74900306972735
0.571266048628075 0.31005258504665 1.47323696445433
0.900977851980628 2.04262131161754 2.21950790388765
0.248162541601304 1.49942655874656 0.630517740056719
-0.194285858602379 0.761473102493528 1.31375131223097
0.575651316348059 0.827980387197707 1.61323962740703
-0.306724544162428 0.743044795714144 0.0453301318295525
0.787331963262999 2.08309689287933 1.19571892179395
-1.54991687562999 3.43538473423697 1.72072369183874
0.904966584238558 3.09413376648667 1.50491874380081
1.85005628653182 1.61858489023039 2.08363464520664
1.90974048089087 2.03483555479578 2.14393787991384
0.429721415537467 1.61361781092146 0.525138900690214
-0.0839045047847214 1.32046619890138 2.18444737177312
-1.90264035020935 1.13915711487843 1.86064744438087
-0.367766449596509 -0.34881022416603 0.405393669041805
-0.873331138587629 0.687522515527203 0.126107841916178
-0.0972926045804496 1.37747284456848 -0.133443498941697
0.224334230192889 -0.0213958651255627 1.12862449771317
-1.00810464247241 1.47802450963483 0.175560558573325
-0.622783278078532 2.20127323018263 1.34006745781936
1.55412512367701 -1.38561822617097 1.93357438650719
0.178103405079362 1.86943786507046 1.61845135940854
1.98906748993628 1.45441113483736 2.07599292760929
0.136687342660456 2.92575543475829 2.2136184534984
0.1456522639382 1.89389927410822 1.23397172094217
-1.8143417051663 1.27035015883948 2.5406685302005
-0.267578592402808 1.14137775202878 0.964590841503992
-1.80454003299058 2.38686759609974 1.10683212728205
-1.18015029069797 2.8538048672695 0.832592957891852
0.318595161041567 1.87621407347633 0.89002959688278
-1.37573717377479 1.96714252278788 0.734165969339849
-1.61256779624113 1.18879428149112 1.12765334483669
-1.8381508283663 0.683208559381322 1.54585537732571
0.628557458705734 0.338600384570241 0.431020306025375
-0.144718516960587 0.759392939395778 1.5078987069171
-0.272492202071769 0.202042909242033 -0.140102034304129
-0.340697768779555 1.04199647485664 0.503585781712546
0.0820417424354636 0.648387541786748 0.403006863194599
-0.200463167958035 0.830521431473562 1.45891530300785
0.735286654052372 0.28640060448719 0.772343461314939
-0.668144292303427 1.28263714878061 0.989384198505934
-1.64051915813755 -1.00301024188687 1.97910902562349
-3.41183104560745 2.62334801812488 0.931820899543538
0.227643033210872 0.990868787313384 1.38367551096003
-2.19002418205484 1.93444003602135 1.41085160191569
-0.0436741981492221 -0.47062612856699 0.723528603332231
-0.675785094923207 0.464675372650293 0.727512199066765
-0.62563655881962 0.328909239277072 0.113246245024429
-0.219637966566482 0.237040818638147 0.959309766773969
-0.300624666617674 -0.0794932182513822 0.505153469356896
-2.78446243907627 -0.131873126527809 0.335390109218432
-1.34990393406558 -0.728936367705765 0.679832699134831
-0.0335670672815498 -0.545321101522086 -0.051289210870598
0.674323992805443 1.09322233036803 0.826748331808831
-1.05502809013676 -0.338653149898834 -0.101045737406055
0.154312814779694 1.0926903943345 1.29706348443846
-0.513658879028675 0.471600056494495 1.11839336353956
-0.90806612068725 0.0165081369247709 -0.355261571306427
-1.08332842693237 0.978054855585702 -1.00959303120238
-0.386786914013234 0.441349401567946 -1.08142419131561
-1.23032195979778 -0.373905182820456 -0.565299297275638
-1.19527017922073 0.280562244624414 -0.542007013598736
0.0769750675608232 -0.234728852995176 1.46395496096142
-0.931841769622172 3.0128779415993 2.20663792703494
1.42647784675038 -1.16972758650899 3.49884436075469
-0.489005593562884 0.429163889469553 0.152102463807419
-1.33527186718615 2.24189825488713 1.32748781223764
-2.81171293783834 0.282062297957119 3.55317278033022
0.528203010333318 -0.652708625312247 0.935954421881011
-0.401818516670229 0.994473932380829 -0.506237759558316
-0.858464369394685 0.879985398893543 -0.199440108575085
-1.35687053022529 -0.274513776153887 1.6896805744357
-0.0136018428630343 1.07340342051992 -0.22116531615958
-1.05635432008884 1.03709971850357 2.66506896336174
0.320038974786571 0.00868934778433139 2.08739124749922
-0.358341471268317 0.250257706752925 2.15160093410372
-0.273159083074439 -0.219987951309197 0.352996540750609
-0.619372604672395 -0.0686076319861901 0.158959912340785
0.0670892418440392 1.1564192991415 1.36199367044628
-1.66558709989539 1.02241397467072 0.263066552320741
-0.0287273234081256 0.918772933182891 1.31045492704932
0.507377472798708 0.0375042715456625 0.0940804351203361
-0.652765192773463 0.525998906578757 1.40660542341122
-0.706221512854374 -0.923252143412613 1.12445804864358
-1.32561711530881 1.25246429906813 0.389486492361451
-0.976980254559759 -0.774312046926227 -0.463120961607004
-0.428194464187686 0.308770109068206 0.922733891389975
-2.49194018158816 0.983755406003471 2.11517711786293
-0.129321698898923 -0.0832763893790622 0.432531657927695
-1.56594599149903 0.668251062271437 0.976087979753055
-0.815333325429179 0.607132637252072 -0.156974852446228
-0.548800643645602 1.21894997801393 2.31092097081134
0.87604003748338 0.795013366656145 1.3481382542392
-0.634721686501753 2.09552749100431 -0.822717420984561
-0.64170884879601 -0.989060065786 -0.568194894786581
-1.00744798073143 0.1936729597012 0.346107822069696
-2.35030094630836 0.659183351300287 1.28475446669046
0.406079912623179 0.619097044270704 0.956783417996026
-0.675527599166992 0.931272494695339 1.10017483297902
-1.1918315345187 0.0683550982908194 -0.116622733374274
-1.33816274223962 1.44403980362537 0.465715620611409
-0.0482610208548987 -1.65609203954959 0.337897794881537
-2.64758102852927 1.28596301713869 1.54976591539466
-0.655447873392242 -0.137642376493419 -1.0197643030818
-2.24366405399624 0.243179174187768 0.740439369898648
-0.527661897722584 1.7748310463636 0.534702546384323
-1.59324852438623 -0.264127149322652 -1.62028488373949
-1.51121698424953 2.0425590851272 1.04631226033574
0.0389397144646624 0.807682786921505 1.43035614018617
-2.0953140248067 1.42144560541495 0.344702324289425
-3.37888706072034 0.518086247529072 2.72136595322982
0.35444188004884 1.72381052943912 1.13383029583681
0.182174990922735 0.724190557240385 1.63289203200081
0.0651633641555416 -0.167733507195723 0.709769142978637
-0.236296546275015 0.711712599685446 1.54136648718249
0.836643264367894 0.486985307326908 1.44233802576984
0.780416708975165 0.814404752283589 0.227047591653124
0.325178858770536 0.845765686468175 1.95400939936955
-1.44091602602853 2.3091473935471 1.8022243676647
0.418824821206379 2.10028248542859 0.941360122778898
0.353899426959095 0.776305063649274 0.399844443070287
0.712653040180854 0.786623222359279 1.69190099654118
-2.18158004523577 1.67537070421846 2.16283900229091
-0.00361754393458669 0.989237007529621 0.964767495862387
0.150126796443769 0.170221401636344 1.19137790888792
1.68709756086686 0.569744162368118 2.52848343095006
0.0338958061493604 2.13963747083763 1.59998139553292
1.02967430889794 2.7324303746318 2.53451616470397
0.256973149188673 1.45300047421349 0.290425032610798
-0.157559385421366 1.10315731959945 0.680799193752986
-0.386239223939296 1.03076863441126 1.10528640095627
-0.885613826629289 2.11990432238313 3.85781367744184
1.22745004038257 2.39780432039392 2.89271258342378
-0.0213504288308104 2.36307344798807 1.45466527569166
1.98380754301675 2.1486872992345 1.62233673648593
-0.535272902507365 1.31560930594055 2.39988730218132
1.69639061212062 2.02081789539211 2.04288225968526
1.16033705798648 0.568574321455605 3.06215562629999
-1.12258742928226 2.1261272644588 1.55542466101598
1.59907991599618 2.94224453940214 2.29285196373368
1.71771603196644 1.48290448053734 1.89342594658942
1.52907701583496 2.88955539694994 1.52874518292518
-0.666269610807692 1.63781212402316 1.22669826573613
0.386786832058426 1.8807877712888 0.887514274084463
-0.237999105216454 -0.305446518901946 1.40132230071766
0.571036024902389 0.607980248797706 1.41196877406932
-0.503462619851346 2.77324032879766 1.20254603491804
0.0369138755651164 0.593952875034684 1.43514075493029
1.00825549703888 1.74425196312203 2.11617701487276
0.00840749615492388 1.54124572156892 0.720951802521693
1.1305520383686 1.95632227873202 2.02562069488951
0.35845945627911 2.3871945007909 2.46532587595041
0.563109412574503 1.85644123395457 0.741446495325596
-0.913773497312188 1.09408233613186 1.18611519932925
-0.5508857152735 1.35896132557795 1.52525009969983
1.5920155363821 2.72418956272244 3.335699243906
1.7490349119464 2.3355004999072 1.82113760855789
-0.355968478041097 1.44836833114363 1.45683462395347
-2.41373299244191 -0.753795208247557 3.02784928423105
-0.432531192220218 -0.552083705763168 -0.317855589180208
0.0360702228232951 0.109769672264603 2.36553710527067
0.658501995832467 1.86947112436099 1.38821863706911
0.0450320839104552 0.707082544510347 1.29328983455719
-0.0408403182282252 0.923645937055777 1.05090534481355
-0.413266921456687 -0.850442849476374 1.57660267347497
0.788307054505213 -0.831068516371601 1.92957274335051
-0.860534445930243 2.0080593043557 0.887987762958855
-0.677347765674332 0.499021002295302 -0.939875570121468
1.41845842596771 1.26747659436984 1.39238269317896
-0.666192771369775 0.517935156326657 0.522274870174334
0.663434288251751 2.44933530631884 0.787470713273077
1.47371113580045 2.60337680049759 2.64265521761295
0.590124810359393 1.57237742923853 1.11394706670496
-0.228711505878344 1.88709446823427 0.939334677844782
-1.6506998616975 2.31150937438875 0.818132528979303
-3.01137898853546 1.75481821819021 1.8771317450615
0.410975270566675 1.47510843407564 2.38531714456342
0.576898225920846 0.124797734714935 2.20423919574616
-1.32390671998927 3.86428449707481 1.55930573038054
0.00541584578194909 0.135244469965801 1.96470207407707
-0.90715945572936 1.19994857351158 0.368420375517437
0.167038026159192 2.2274245488159 -0.0831125642241042
-0.412928623889003 1.70043588306885 1.21981023269372
0.909817315273024 2.29340004002762 2.34889200665784
0.237092432236106 -1.32775281893186 1.74863026725018
-0.69008398859911 1.5873280501943 2.90229300877272
-1.26207880428547 2.3940316070429 2.25064537366007
-0.274880645395508 1.60033511616874 2.04686375052121
-0.306773640982648 1.57461387858148 2.68937801356284
0.893427681539924 0.939259951913497 0.277693178736323
0.293651260788562 1.85132786931353 1.43890865125097
-0.672009941057465 1.21146736633423 1.7125450155619
-0.0475873638855837 0.905542271900201 1.26557235257519
-0.719956489176526 0.467263695093072 1.56499470873561
-0.109631971406606 1.50868657729825 1.22491472435495
1.10523725146842 2.11278465144501 2.99855091966814
0.0704424614490198 1.55498647749494 0.771978604747192
1.19857353609163 1.3961057749333 1.55616225163218
0.789122876303465 0.905507112666054 1.9972057195107
0.947184522209864 1.21810994411308 1.44599289317723
1.65051985124603 2.28896978081052 1.88620738319545
0.401445920362787 0.707411307461895 1.09358850138136
0.470594340267426 1.60853410730859 2.31696719780474
-0.982079958405925 0.825142041885039 0.514439390077043
-0.897244582382257 1.70839878856456 2.3621416628217
-0.103002889525569 -0.297759824614847 1.28882345044416
-0.136675326726181 1.12423112445644 0.597133615294975
-0.861278151629644 0.989316131479016 0.145933501624661
-0.860459337538041 1.01938906424784 0.159738111414635
0.927152030634493 -0.345837300333638 1.60398519672719
-0.839317893221913 0.873130992789572 0.0945987076456105
-0.392820697862356 0.453033873093068 0.177471148338106
-0.820268216841422 0.304953562695805 0.464004549222463
-0.0471966984908576 1.12909975168718 2.31054530608996
-1.90018405972811 0.346142063481833 1.37472197752595
-1.3281109248951 0.0523784579381101 0.0610735000237387
-0.292704838468285 0.644106178678493 0.194089768196409
-1.34946730056147 1.60433556997762 0.809681134536866
-1.69684502690889 0.450068509307385 1.04713792311029
-0.360345654952649 0.736139747068086 0.886198184560835
-1.85139817174619 -0.214880390007139 -0.323580703336175
-1.58584745561913 0.488866054711373 -1.49566893977823
-2.21771620217138 -2.40564113167258 1.47032081574901
-0.751100165897244 -1.35507559652254 -0.140003290008479
-0.837476692669779 1.01804680340647 -0.607895341813346
-1.6976070706252 -2.1752980748817 -0.336060719096346
-1.46376233828019 -0.167132054420396 -0.793624987316316
-1.41876713736565 0.174094306743902 0.267903528395232
-1.26734017828524 0.195994857666489 -0.0251912546820286
-0.189544001439146 0.306230835456374 0.267126068366448
-1.36901043278138 -0.0788343186402897 0.94047512254453
0.164871001611336 0.779731526224274 0.26319357477903
-0.818689211941601 -0.104686451546788 -0.450037057770507
-1.17967774165493 -0.175487178054812 0.845101165124737
-1.79833723917821 0.652551066209211 0.218217632385371
-1.60098147154035 0.614767352764947 -0.322576395519582
-1.26865091962774 -1.24443669705699 -0.415753060385848
-1.77900005260146 -0.608851834983486 -0.538693250847681
-2.89532640760378 1.05162081913577 0.0939801090652549
-0.451960139439295 0.65187272519272 0.982121218288982
0.904456270744209 2.05989608746991 2.20232211529691
0.0891814173218123 1.86575749577686 0.968739638581317
0.299441824477955 -0.37842272942438 1.79878609974506
-0.717547222055545 0.770912175261275 3.02603917706942
-0.438787192360953 1.53611756541327 0.838025680156416
0.265623330247179 1.1035049428877 1.67724586281222
0.340547050624056 0.91788552752309 0.838142985325289
-0.591375142239984 2.26535775993167 2.23398812382815
-0.288681599761695 1.32916309964739 1.1871446294866
-1.07218607234123 0.961479582118985 1.86745034719041
-0.445463839903299 0.901317394480134 0.87204391062689
-0.717531667724742 -0.0540583546151865 0.117010256863661
-0.782978160990962 1.91031607434314 2.01939263273829
1.27460852028451 1.56568830079843 1.43724228122874
-0.580360159906923 3.36973445606912 2.58990852727891
0.724028910397247 1.54485977378392 1.95666157382025
0.137428854542594 2.62537990544796 2.18322038232858
0.0490255915826931 1.70038718420304 1.22816266768918
-0.150354151893721 1.76735030615835 1.65200908880786
1.39487854007747 0.419906782500104 2.03932058029625
0.27622181811516 0.873141312539042 -0.10200279248118
0.596727792706261 1.40049811615809 2.22061311526516
0.354855060224394 1.51763777745137 1.22226606757743
-0.233123115296915 1.18239585037447 1.03552484425181
0.02828866968101 3.47203783993848 2.14493592877125
0.00247088612530935 1.74005504963901 1.2951652806087
-0.0751339198394974 1.17124453705546 0.78163920571065
-2.27311160019245 -0.650792761848823 -0.176172633365269
-3.38889336252137 0.0659559003304676 -0.0175660298291389
-1.05942380664645 0.0423937947690154 0.537286835997295
-1.32339034660493 -1.1300238611932 -1.0974171924949
-0.462389953794675 0.926435701385468 0.114513316208523
-0.681311017181086 1.20878139458864 0.419340250440924
-0.935369987308798 1.59215909636686 0.408445248020672
-1.5067739655984 -0.722568811039744 -0.422664165569132
-1.08814814057463 -0.0038620577837562 0.0776933353471766
-0.814768427508128 0.713588679074879 0.318006803543119
-1.66324839224626 -1.13456861404988 -0.567117931028434
-1.32760552440958 -0.16272969760774 -0.460817274289806
0.285558852827533 0.514717557367194 1.07306613364102
-1.57947057646509 1.96707011053165 0.845539206624669
-2.69510607529648 -1.18912241361242 2.54736964599756
-1.12198170764305 -0.00739752746233313 0.038788602001517
-0.768802432284305 -0.0324075849526628 0.736376803625288
-0.616469330392889 -0.769775472912748 0.223714406189569
-0.837317310082501 1.68049924918601 0.902712319360218
-1.5401709423043 0.724893409182784 -1.01304740648639
-2.72373152461379 -0.216287494090132 0.923489857840797
-1.90424759588868 -0.945437731530521 -0.996780201380412
-1.49085275496755 -0.0176799203017579 0.472785419718589
-0.339471890496219 0.618943503872811 -0.719496183267943
-1.24551037240542 -2.89587169902792 0.0185268112835216
-1.01415281140462 -1.44803590281816 -0.540558843811674
-1.82314710935337 -0.786037668586436 -1.59980421756242
-3.0093868223632 -1.0910059511455 -0.753647010486161
-1.62355151975315 -0.536163460692612 -0.291680256918707
-2.63734978985073 -0.12642004935402 -1.88312087404361
-2.3387437008919 0.0990697592679384 -0.780814159641258
-2.05356458646612 -0.932398837482908 -1.21862321713227
-3.33547523095769 0.545479260047146 -0.341359391705876
-3.03207564918788 -1.619102013495 -0.0126968567247139
-2.34072689565068 -0.345594816350819 -1.48282082210088
-1.94842947556911 -0.783473786839919 -1.44285444918383
-2.64150020457086 -1.67920968514898 -1.63631740004676
-2.57482202922942 -1.04047171680472 -1.20813523171648
-1.43351037420423 -0.921469203963633 -1.0749534323413
-0.775719643069409 -0.265765728291704 -0.590901244617412
-3.38223047529069 0.404153420933603 0.312953928820834
-2.07255460312594 -0.157851244716987 -0.751329698546356
-2.12047346679426 -0.185259392055363 -1.02524887152913
-0.90948087095228 -0.676781052081121 -0.715701657053883
-2.7765542402463 -1.15151814403123 -0.308233861955861
-0.452423046986507 1.01512403329897 -0.0973335927756778
-2.1120169374863 -0.503913267893496 0.0548064143489178
-1.49482210269154 2.04199177019197 0.231046346151159
-2.3203506445355 1.54467816651467 0.255385152704637
-0.680578737434452 1.03687908781039 1.04959044117898
-1.69545089681126 1.26476677745878 0.765632327696432
-1.63669176382598 0.98273718644564 2.36923228260527
-2.18219271157605 0.0588414756415835 -1.34996057034035
-0.440797608050799 0.946774563494092 -0.262815193252311
-0.295592841108735 0.284898499795052 1.00035542758854
-2.05158915425004 1.53055065038989 1.37361036441614
-0.181525140332486 0.361813848235626 1.44308621277986
-0.0664383563064108 1.72965486873161 0.947591639647618
0.0595887682296928 0.971776490469223 0.0805861958345944
-0.0633782688102583 1.26296373106247 0.896442411955038
-0.418625533659759 1.13384294509531 0.688915442485617
-0.929410621663799 0.789313884316022 -0.0162464520660635
-0.319792531367781 -0.101689478476502 1.84561685670086
-0.81613792969484 1.52599280318618 0.588316218888771
-0.926692384070507 3.09711001441138 1.91948655492865
2.97822092431493 2.57198044460418 4.80834626623385
0.328530624780862 2.4381250806249 2.33484047599639
1.09266976488215 1.55887558623082 3.49748110620341
0.466500063735742 1.65127532688244 2.18857853991445
-0.292643599651864 -0.970264983945745 1.31620339177468
0.208351413556808 1.77185763067602 2.01332109272283
-0.340614388315216 2.4684508591141 3.27436837162123
-0.277149677475432 1.07512949897998 1.86457090226369
2.08229084065925 3.08291364074534 2.45318291088126
1.77924349063517 0.722769724545205 1.44032386080079
-0.477912472082312 2.22628780608549 2.59465291852681
2.37160442155993 0.222833409087457 4.01439074759309
1.39881558079469 1.73137942099283 1.79829558297767
0.10764827301194 2.69992744619703 1.85051073829493
0.593750151035895 1.80395633604296 1.24995567239063
0.3013545128771 0.851011146704219 0.528637881740827
1.32643496233797 2.02280164465987 3.39929283686845
0.210129603479314 1.13292381984922 -0.0768197112190263
0.178779894412854 -0.216131760210322 2.18745699588754
1.35322094465614 -1.75846182227125 1.48950549240049
0.265506833835867 1.768496627342 1.23975119261139
0.276972950846866 1.02358882511059 0.820570821164884
0.604829702261017 -1.22066586157253 1.10711664038277
0.311968187882099 1.32313013593909 2.58700893413433
-1.05666782111103 -0.0924232420161384 0.583656533514142
-0.00159475807375242 -0.650351866532628 0.678040503451859
-1.01815920884085 0.884702139745801 -0.000709047305173682
0.0198556068455528 1.74887622720648 -0.609836029750401
-0.850538394148374 0.137323232397022 3.28386032000681
-0.549007409596553 2.03891883759465 1.49267835368382
0.8315216761426 1.23475439743134 0.832920374598452
0.56845889751929 0.415978700010991 -0.502657031035653
0.541622840962477 -0.0254754293615983 0.958031333695893
-0.717185242080943 0.819934257346629 1.14196775138599
-1.2839452916505 0.872895208769257 2.43312380809484
-1.99897730366023 -1.01958650349998 -2.04839978632612
-2.21217347390665 1.77012834914028 1.08229794096696
-0.34944220241983 -0.20637815673542 2.2168209498594
-0.648989740348086 -0.567268191366696 0.531305261222616
-1.32385062648506 -0.0956967212458392 0.412917438286214
-0.70657620541718 -0.122286778207509 -0.201432867129161
-1.00531023521925 0.518505152654262 0.773709288630064
-0.356197849339137 -0.80051800976082 0.21602509074076
-1.05081819577455 -0.028635607299449 -0.898801207661971
-2.00100858247469 -1.04756722624571 -0.0422053125997012
-1.90045472336328 -0.890283595912337 -1.64319068731725
-0.245500646978027 0.302563296450719 0.17824709727954
-1.64795799343307 -1.08173607043349 -1.21691840974544
-0.950953432379231 0.353784221366143 0.175676079044286
-1.73636069735053 0.164706620830486 -1.64226243564903
-2.74629530162536 -0.884029445849673 -1.02136459875818
-1.84049018805836 -0.397660106136988 -1.17441504196897
-0.890060484111441 -0.660229824804636 0.0371863410051302
-0.997697632811483 -0.306311243497706 2.13760936994013
-1.31010828569784 -0.426748920449444 0.198632126596027
-1.96199701048188 0.986308283065218 -0.0741011413609361
-3.53736016368746 1.51507398525682 2.31977340774619
-0.104006267120283 0.365236288413309 1.2442932012623
-1.57091545444259 0.525388021805234 -0.975558619804036
0.992961714476708 1.82911645394813 1.41059474873632
-0.790677384304549 2.48280994039335 2.01384605804744
0.232870391250572 1.07994821696469 0.399126590199277
0.161410330101934 1.3559825336176 2.01847357452064
-0.756254310121047 1.1699652048035 2.10913922326404
1.07552016043333 -0.0365517008579355 2.73590800889038
-0.721186785252012 0.406641204128601 -0.115710709968556
-1.22956734158269 0.531452176987736 1.57696369719879
-0.503829423720414 0.0674797687698047 0.700883772907782
-0.470918423936178 0.196113837006987 1.5378600056573
-1.92664280401056 -0.694803773921985 1.32737404607027
-1.11516449438226 -0.192923249433935 0.445144739016606
-1.73447950568457 -0.092936792495256 -0.781100267377479
-0.749258539624179 0.682637574855565 0.585156894537306
-1.62038314582212 -0.130182980326723 0.811344846439481
-1.94957988594462 0.156379713314186 -0.110795315800355
-0.771906917593529 -0.307321548193273 0.530456675448348
-2.33096140544607 -0.0140214176895513 -1.22791061358448
-1.92153844091882 -0.669958044534195 -1.24565276614992
-1.65734697633227 -1.00220831455614 0.164045461596168
-1.6051831728769 -0.315774709400717 -0.301587948419861
-2.24708589825205 0.606642390140997 -0.205555470149139
-1.4052538193258 -1.16153706311525 -0.917821621021441
-2.42409709463284 0.722363250520482 0.304508288515292
-2.58887399106908 1.0422366409717 -0.820892671332145
-2.42331892453223 -0.0815468243696174 -0.814498862446009
-0.608298725468426 0.975360883260421 -0.0579991679060129
-0.323728836580281 0.00428881978717574 1.09287440804038
-2.08712482986425 0.635466599901198 2.17656020284007
1.06815796275006 -0.351111815165226 1.81815780333278
1.35943617779101 -1.26765977146605 1.98919911706953
-0.709117101410367 0.352463370104059 -0.376327452973977
-2.48449520640687 0.380363156067823 0.979163809446961
0.169480159938588 0.698257615419231 1.1656210834244
-0.337055661876576 0.284614382700898 0.402011897347928
0.581434319569274 2.89715365315961 2.89809232672458
0.371231902014974 0.854948127422438 2.93383232374276
-1.85757857735307 -0.0835410540848531 0.463435372089508
-2.04617750651256 0.325789926674992 0.953832649582044
-1.28105193088252 0.888933991143243 0.912803004016838
-0.958974748678829 3.11913307347023 2.87798971080472
0.66332261277375 -1.43011378691374 1.21714124365256
-0.141608002771844 0.678800045045395 0.383137365802482
-1.81902704150159 1.2589190121532 0.505529566384961
-1.9173066101376 0.397062402449003 1.23949705348072
-0.411513835643467 0.399035066553092 -0.454307361060064
-0.479919149402742 0.829628415200669 1.15642896868562
-1.15092467077028 0.989950845893969 1.17917918361228
0.592619642562161 0.8511801382659 1.70030163979965
-2.77532454752425 0.787699457317446 0.978782773834294
-0.198998400241913 -0.388160143216797 0.767930444198467
0.0299539030379234 1.33776035156057 0.192338226515571
-0.64979488661532 1.49785462424392 1.42772929171797
-2.1977258495578 0.642926620163321 0.749878989616228
-0.341027611995389 0.497185386227666 1.44074257054771
-1.04932745765693 0.21988865387215 0.743534925833847
-3.37378278184532 1.14738085897519 2.68824131503279
-1.28205445265784 1.20571313702562 0.653423158615691
0.123583529181325 -0.38039098490758 1.7516827940538
0.264080892995101 0.965950917982799 0.477366591134161
0.670405715246797 1.06418942806761 1.1006786477715
-0.0125481111853864 0.756985766982575 1.24366762667004
-0.709576852172406 1.59296895513824 0.871706371826167
0.520644952909866 0.516432028645392 1.49591141670597
-1.19291506147922 0.563869027976681 -0.0677897519449128
-1.61483352263653 0.705785585287478 0.473332428102855
-1.21959835680129 1.14679825394005 -0.265726992982604
-1.42602985540724 0.313549889957972 -0.62326511202285
-0.370082493230912 0.185398094602645 0.146833386891057
0.117847450727746 0.624158635396016 0.208169008379424
0.185745868270886 2.5759255700035 2.00255983140508
-0.233442197360039 -0.227567851428713 2.18946528457874
-0.954045431855219 2.93669412038886 2.68952889627869
-0.913426293862023 0.143254876890262 -0.0863885089388124
-0.0441510496957128 1.0084827202962 2.52101232733384
-1.03983540137774 0.931963910654563 0.408819826200956
-0.182141861672261 0.543737629481083 1.70599173234618
-0.485431747397812 1.78978438954822 1.10653951259757
-0.448180915127764 0.824786173588086 0.18606246154658
-0.920470389772356 0.530749195407903 2.48946155653659
-0.393746422037537 0.25902679607251 1.11845695039641
-0.192658928163257 0.698243672782844 0.443920428793606
-0.541068154584974 -0.107200111948151 0.818916091113271
-1.35998949374349 0.988450344237164 1.26608188712006
0.69425010789362 1.21234182983377 0.819374782397741
-0.770341057963672 0.910690130050079 2.20587692121983
-0.860743505956441 -0.272259917638082 -1.08293774596109
0.61625328584723 -0.054976646892884 1.44368871951928
-0.946972136628873 -0.281029197953787 0.617313560787093
-0.462676979459726 -0.517291649462861 0.759912310711984
-2.27090536263754 0.769717270135323 0.303747793712242
-0.780491063833453 -0.404142133937935 0.696649669690739
-0.895916008659123 0.406779936053975 0.130754379437068
-1.39418399661316 -3.09744057074902 3.30432688775358
-0.381263350462562 0.0882202500541114 0.368403653823926
-1.96438002033008 0.176090217575959 -0.0517529905814411
-0.776349953731072 0.579256419107821 0.38328365360237
-1.87164022672124 0.521241116196837 0.514547631504227
-1.43432471506605 -1.73366498453109 -1.38087803774712
-0.924259999784915 -0.790124704387377 0.525857448876413
-1.96047471049864 -0.809056715962817 -0.920047668680591
-2.16047036621028 0.0739654467366566 0.279322708694506
-1.29948484279625 0.170601291293377 0.521091098973375
0.794018057168082 1.52816529667939 0.903855014631171
-0.577207579984268 -0.0342155845570686 -0.357186867487659
-1.90462701286407 0.557245123844327 0.682230113188609
-0.896659638899948 -0.331948923008088 1.07602620654926
-0.430843010092224 -0.296525912857683 0.561960824589262
0.00886878599598828 2.97378832133308 2.654441110043
-1.39547630999022 0.65046709771661 -0.570593542344094
-1.89752603112218 2.03492724759218 1.54196211802201
-1.33241488955662 0.54139938093807 -0.308114410486705
-0.931829783616419 0.393132808437861 0.450682869235053
-2.70522420723 2.30728808734558 1.39603694108379
-1.3438388998624 -0.538511576857002 -0.0150244862480865
-1.05634199684811 1.21032832578068 0.785979856806007
-1.2738447527576 0.0725547400517225 0.289745996532818
-1.85550567458916 -1.15334257682931 0.277595709871244
-1.85604290989513 -0.393824744770174 -1.06143309241203
-2.1174549442778 -0.315486458351094 -1.26100150269206
-3.12530431873955 0.168857930013463 -0.725878176951319
-0.585523160653397 1.32829020107725 0.0732017376771706
-0.726968075811762 1.30611276362731 -0.206538600057913
-0.730842581663904 0.220790204999565 0.852671184420731
-2.43736848363827 -0.200713939726572 -0.312979402894879
-0.318758780683259 0.223112152895412 0.0377877147044339
-1.19955212110685 0.168400906725421 -0.550504083308334
-0.761182018991001 0.41007595161876 -0.228891015270179
-0.949327681862701 -0.077407916872955 -0.196251467830911
-2.19681391557974 -0.239931833929214 -0.563427432979902
-1.98727590209244 -1.04884262857075 0.520841129910543
-1.49955439874249 1.40824120462982 0.139323679926375
-1.88144071382857 0.0565234666441575 -0.284307946217754
-0.458207267030527 0.90152922948972 0.677298262132094
-0.775262602947188 0.475106551451969 1.76738175995899
-1.06986538764796 1.0100885425279 0.870110085337369
-1.98965720421703 -0.222783197544192 -1.36945282053819
-1.94518055361273 -0.498728218729506 -1.09006733201018
-1.36399960995995 -0.485897513544415 -0.425954237069569
-1.36684989420286 -0.264125501749113 -0.342985098908827
-0.954322821159763 -0.710812711070606 -0.294724242752686
-2.03549181240528 0.296881027727231 -0.892290655890082
0.18345770117548 0.258874220094199 0.553322667214689
-0.777148970323516 0.12317691529441 0.135086078441816
-0.335376995034231 0.311600999214754 -0.518024274093149
-1.36651181872646 0.106611105759178 -0.417582898866458
-1.33608415942493 -0.701590078469657 -0.731418420733446
-1.28142685477615 0.476795543178596 -0.534652828537945
-1.28173326411264 0.0529597700943966 -0.870959786507137
0.190390149454746 0.473999500001099 0.450126287800438
-0.647793348405295 0.401091781239659 0.660727214986252
0.215822170083331 0.936748964822102 -0.130682110448546
-1.59170379849102 2.35048152482003 1.24339855885353
-1.1474798002914 0.136154484218275 -0.423891740610828
-2.42540092549948 1.09547838413975 1.72092565879983
-1.87338078130255 -0.722609650682824 -0.390226343103807
-1.03621960981081 0.57455798864088 0.529411954563965
0.164854546470676 0.910117399310453 0.897392312805553
-1.37997839730563 -0.235780068552341 1.04049619247588
-0.687041474256812 -0.0180466472810377 1.69760674474407
-1.70877281011415 -0.350556954922798 -0.287361410475589
-1.3342278849084 -0.305132062129773 -0.553492937649438
0.281347272577839 0.973951007811357 0.518166994130364
-0.977762348416062 -0.732255342269832 0.410436442832449
-0.0855562783789174 0.357538849164479 0.210067162601757
-1.72871975297345 1.49674325095843 0.180676579316216
-1.09459920744935 0.401980366853985 1.56483828315299
0.111078349429855 0.702510621485734 2.10274637210194
0.465645115384324 0.00719701673112061 1.38463528096924
-1.16123058973783 -0.805879693158933 -0.63039999560337
-1.5347687460644 1.04032829618871 1.54194628227219
-0.0973510925929458 0.92135189998333 1.02404534797462
-0.0965011305186056 -0.486096444993246 1.63331931403913
-1.82990514624659 -2.89077649060404 0.0104311560565847
-0.624462906015751 0.878335903531914 0.845836004423338
-1.11601555596168 0.202947647748273 0.821522781775244
-0.677213503623959 3.02188527659829 1.70454826527147
-0.819355325815793 0.487425435510195 -0.132930578829239
-0.463505792432984 1.26007846873733 2.43468973215025
-1.70700540723586 1.78989162734793 1.20713655680929
0.29042388681487 1.08173796985657 1.26951361380927
-0.560869595483083 0.781159798630042 0.484439146336026
-0.575060414447462 -0.0977935426034988 0.696090342620556
0.910741183985439 1.86888186490808 1.09264378284687
-1.76378685586473 2.41537182540176 0.768142040842676
-2.48966084550517 1.69093990427818 -0.00469958075785015
-0.573833384585196 0.0791125927793888 0.469712787885452
-0.860697942265411 -0.164540263864906 -0.471262198770212
1.49459133381797 2.22610606128173 0.580294241548892
-2.72748151677529 1.12251259068861 0.568135634417232
-0.347571152860217 1.34501657630042 1.05835166509424
-0.688829396141188 0.592141746303891 0.258020657022447
-1.38302153302075 1.06421060143488 2.5353202806138
-1.03040676829621 -0.0166731657648873 -0.13476610475533
1.09570853996735 -0.573537437016688 3.5808694374849
-0.600616483556399 -3.39436503570725 0.802702490930104
-3.44593756171924 1.6173759422367 -0.108600812646108
-0.21825931938403 -2.22957949679658 -0.516960472365854
-2.02889613110656 1.43146738738795 0.748200292839792
-1.34644115680309 -0.535476605577106 0.930597238048222
0.227969481940866 0.821105987734521 0.118929484103689
-1.89734148354021 1.14157826835322 0.169055272212632
0.0726950301712883 0.704421173420874 0.46562503798522
-0.604486980799973 0.258815529308174 1.74664892377323
-0.445877689035796 1.91371390334735 0.972096367893922
-1.00830372810913 -0.243453261900527 0.177576676466853
-1.55569025778757 -0.342557501299411 0.25683857164278
-0.293261273548494 -0.801740813224194 0.231414984591269
-2.53221241972643 1.33416337995163 0.691764372005648
-0.63026962779274 -0.936555803128301 0.991556723761691
-3.05060816566475 0.327458903249337 2.1156527148292
-0.676270366398938 0.373325640539607 -0.438450870341902
-1.62257902153355 -0.585329677276632 -1.25557201131149
0.700033756529377 2.58183839492639 1.95117206484628
-1.22440862346229 1.09832425845748 0.962992179984497
0.471130028186447 1.41587661941584 1.9046642568915
0.10255474230524 0.371016855894475 4.54713523298705
0.174587684218454 -3.00419556224569 0.0756654718950784
-0.747670155840742 1.63006792823361 1.65738898722209
-0.381144558289574 -0.880044362277292 0.360924392685061
-0.616472138266991 0.304682625194395 2.71946660861161
0.646492710366031 0.300158659193076 1.57474974000367
-0.269473807562441 -0.630196613010626 0.284664709240635
1.25449538362285 -0.322062695492055 0.979751421025498
0.134287875074847 0.683183532836975 3.06873209790507
-0.279965623076303 1.39538453617646 0.933632718524024
-0.0781990991911809 1.83040349745423 1.25224543206411
-0.464045033539628 -0.355949003478221 0.61398144156977
0.782439433052824 1.30665255770058 3.16250422906244
0.81780421102506 3.16881934551227 2.41900700578771
1.14083355184714 2.88608426872548 2.55187877495779
0.327836956737084 0.894830861624189 1.95524913738402
0.0579797616737051 2.00009921881525 1.95611414854627
-0.0421439519767011 2.07700542813453 0.922169732396623
0.163105954203681 1.51164864338768 -0.0467766891731621
-0.613660063084812 2.03955337947203 0.755124587569886
-0.251934479066806 1.94662634740887 1.62810548181949
0.133498052977096 0.765374919860413 1.19776475929125
1.09428755372362 1.96728489416647 2.8251066998241
1.11826206290136 0.689203894485584 1.06240729003702
1.42891478515876 1.57953930164688 2.85768527507088
0.666627312704128 1.635579557083 3.17884033866891
-0.607522638958707 1.56244728735818 1.08392529199966
-1.25587985090229 -0.913774473718266 2.23483230047594
-1.76497630271196 3.07931563852977 2.42495247062234
-1.92405224370593 0.372573932185613 2.22829676648486
-0.0609966116567642 3.38144672502027 2.31071190371779
-0.759393899397246 0.276354743697283 0.191958271260335
-0.387060202772455 0.960493442202723 -0.0602474018522316
-0.235771377042153 1.23389293581209 1.32520998481326
-0.550692668138475 0.697306426230326 0.00953401146779609
-0.488902076905713 0.5332094415477 0.216414897688003
-0.726616044888361 1.74862732033421 2.098157273806
-0.405851489109276 0.374811904008986 0.910736474386344
1.00266160466716 1.22380257374664 1.12383652431834
-1.03265451497516 0.574934840320864 0.270478005801081
-1.213186468882 0.478847263683452 0.9805927068027
0.198677539549262 0.763667815038528 0.801928372671413
-0.101664120967934 0.34027266192099 0.603290333130599
-0.704834709181781 1.07648798256046 -0.353983236253724
-0.718735927133049 1.38705048671308 0.900141484231312
-0.112915457821387 0.894382870597424 1.31604425931311
-1.8098298531814 1.1304086988765 0.0125466429617915
-1.01542409961625 1.54472918003098 1.45753150313966
0.257055968205448 1.23590296368737 1.26475110736119
-0.539221961999808 -0.172128746076903 0.42845338728211
-0.324238212267361 1.13338302804182 0.885448169581154
0.157595227922827 1.2500833089587 1.41631768148396
-1.15752594752869 0.910606894670751 0.568431692084394
0.235569752581235 0.876572320629751 2.16216738588953
-0.0973098444933865 0.244193275786852 0.73121284227485
-0.274385241712107 0.262997689768476 0.378638475197038
-1.25958582001936 0.452225349628884 -0.392915131660903
-0.0469025572411176 0.246257742468763 1.10428617761273
-0.997123461464875 0.23010547611531 -0.360454482364992
-0.590654657587369 -0.778744844583871 1.38357959070586
-0.469413099925571 2.46297533004116 1.73049841360875
0.236813454324878 1.89478705891552 0.658558203739134
-1.09582496837995 -0.611026253705354 -0.841508782755255
-1.13769163112652 0.142073314058323 -0.547854864391016
-1.76990389405929 -0.165935042077817 1.51214977188508
-1.36134306678919 -0.49898794724696 -0.395834643570242
-1.75388042150101 0.00347414047868255 -0.653663795210362
-0.841412400556921 -1.16935984749479 1.362246847134
-1.22965473950755 1.11630386060588 0.762516543769996
-2.39992816753822 0.314623383405639 1.14377633486192
-0.27638596273538 1.14665310897369 0.473748594052558
-2.8746580499717 -0.456502550860327 -0.297918581929521
-1.20283953570719 -0.083992589223287 -0.437693791888229
-0.359030112111566 0.818475994101016 -1.19182554111507
-1.39701123676653 0.643840229332147 -0.494178596977811
-2.09285033943027 0.860014621258131 0.499978246546865
0.488514435880279 1.35119644505838 1.26030442615008
-0.717433338404499 1.58127743188591 0.194015765096363
-0.72050831350492 -0.0465275217268504 -0.923378661784344
-0.710348584307754 0.564185083351752 1.99031571304125
-0.743113490127744 -1.03017425603443 -1.08860545340234
-1.73103104701785 0.504259779266609 0.00256683828339499
-0.571138554533939 1.67841010517447 1.33281163996129
-1.46155369323076 0.149250461001759 -0.671685535468949
-1.72382301941411 0.907060290883903 0.451775266898239
-0.645602598110503 0.0871981241342535 1.3207337054939
-0.608511247573196 0.604365309611864 1.20959962461392
0.661883039852836 1.62867715874581 1.20226905522885
-0.199122985395944 -0.429121259403333 0.389306095136345
-1.01178541430569 0.556275658106911 1.30254671997751
-1.02725771203252 1.09950011072702 0.315066629690382
-0.755976452255572 0.147185606073458 0.456862775489777
-0.667263251312717 0.714132316832482 -0.461283726616258
-2.06840684488092 0.0475048775908767 -0.242520841308568
-0.745814860447422 1.34487279525143 0.41705875581264
-2.08770796979396 2.1492281132423 2.49995551513813
0.638472595441382 0.046758556872809 1.32110970251266
0.118568915861851 0.439076390966311 0.663791033678205
-0.676979099563659 0.67734862485957 0.964384579195125
0.0433591545917411 1.73353938791265 0.297930935896777
0.520866428274403 1.54895938017311 1.4478728270684
-1.49968501862656 2.66137525434524 1.04825290963582
1.44500338619698 0.841088907916407 1.57746211156768
-0.0991724752594864 1.49648805067213 0.663087846605564
1.81677078297218 2.06139369840361 2.1448318785288
0.29402112104859 0.611141437725225 0.744019018595093
0.938841241525362 -0.721829967665284 1.58485036456309
0.553718253237442 0.93006512021622 1.89236794515951
-1.04648976385133 2.11116969606264 0.830088177446329
0.353236592245843 1.06573760311483 2.12138534272231
0.207051420246077 -0.0725438982501322 1.02814199684697
0.0106953639100928 0.336245374660565 0.994753404267153
0.779692159286272 0.624930789411118 0.842499842385354
-0.570205002562575 2.08339812514527 3.39987189616831
-0.554574217522092 1.03756671252472 0.186228728194071
-0.486455743856139 0.880371131184214 0.217782920079047
-1.10246857253526 -0.278067882339329 0.428409740282526
-3.0626550604877 0.908903014679625 0.163937376103542
-0.557643000031843 -0.52365629494507 -0.171573740331366
-1.43155986456999 -0.95275673279907 0.6247547674847
0.24848369327213 0.266875077004584 1.7167666966836
0.290150529604782 0.532818018476774 -0.0514284663990693
0.157033648802622 0.541465186701733 0.142015629981765
1.21079337435542 0.54664547823669 1.73992539666935
1.84308520371427 0.916548668564723 0.881543465141662
-0.108534449943356 0.94220079729132 1.85472166186649
1.19501493408703 1.10370905204877 2.67584924745316
-1.49520874167075 2.43461620284268 1.42706603185548
-0.401460903845756 1.32884816446723 1.40080540118432
0.0464200652092844 2.28941170410457 0.925396317075195
-2.96056969424508 2.51903463199192 1.53833458542458
1.13831433740786 1.12945597964098 1.12979958926077
-1.12362198687832 1.32258413371518 0.8692752709791
-0.817345594196558 -1.12371773156273 0.495124731589848
-1.75466221894295 0.476110306315635 -0.50162239373162
-0.0463071970833535 1.0291101871944 0.746500503191635
0.199539176107006 0.622832339099264 1.24261371119704
-2.14264360644155 0.741759113285338 0.781624643490469
-0.785385044907605 0.538588631774467 0.164842831132208
-0.413201617996786 -0.258398831949145 0.99244424489837
-0.930037804274733 -0.470993640975437 0.309683765312081
-1.38448900006978 -1.11152296074585 -0.121837065430923
-1.85861000007165 -0.348301375309009 0.493518769764438
-0.399151526458064 -1.02867314122727 0.483918668166275
-0.995827176436551 -0.576112631073917 0.370103719458723
-0.0858609210440654 1.2178933375447 1.20980834412195
-0.130186147457766 -0.672904167149034 0.479776137326403
-1.21169281788693 1.45666603622288 1.83058553844143
-0.508114025319486 0.687433396513303 0.4362804877132
-0.0844806516080027 0.856214474557127 2.08700793130851
-0.651922312231318 0.729538510148129 0.143756995890438
-2.19054376050405 0.721428165302059 2.29422791049828
-0.435528307815479 1.53101942069967 1.67832788723207
-0.138147176649247 0.696790170858751 1.52812071408013
0.367938019481059 -0.656884646671842 1.29461254264649
1.22944912593592 0.342434874884291 1.79051922888805
-0.268900028901574 1.50880100459852 0.190287098204391
-0.994504141650371 1.89259311606236 3.3764782876933
-1.79163806549399 0.991914863276177 -0.756206999804969
-0.914154481170846 0.664518980588864 -0.594778895771802
0.693658605342837 1.69728799412614 1.47691780434221
-0.62764297690145 0.884987538918121 0.759810938045311
0.294014219115305 1.08613635542751 2.2631801355212
-0.982905281957417 3.23132518222254 2.97238591566884
-1.02870560007823 0.556172635705642 0.744522414471428
0.722813215423633 2.28979393180634 1.14579987004313
-1.64166382100864 2.1547100120462 1.55443541288445
0.0564008079088216 0.338229881766135 1.84045486907937
0.128935433257461 2.661851425087 1.51072707161523
0.33620015380227 2.03018405350448 1.18086563533803
0.291886531775896 1.59018739433544 0.413056179315825
-0.593984181999024 0.892607365721066 -0.412295535665513
-0.219283073154383 0.381320961633868 0.298755935088374
-0.525346877168247 1.61719270803477 -1.50089642940954
-1.33566936178616 -0.714564626985716 1.60047536038206
-0.573576130587563 0.911434769359527 0.130916521630208
-2.6958897241957 1.43899818486164 0.850071018481286
-0.474035247065317 0.109571060089648 1.15471382882246
-0.702567121625734 1.92612048079562 1.83083300196639
-1.99942364577188 0.0626370838146844 0.81588324815581
0.671332974327678 2.24974456136341 1.49425642759099
0.470426566180774 1.82943045316396 1.49391060766089
1.25178043525882 1.29414624488281 1.33650866352034
0.146725901936731 1.0177344298871 1.38415837802631
1.29029209246954 1.90253644023005 2.22581328869536
0.11239549138089 1.73228377044526 0.952360778974402
-1.97220962735239 2.31591285345413 1.82255002064068
0.111831417012692 1.18687724303648 -0.370736437077106
0.779531867740456 1.96310883768394 2.21843038340168
0.328290332412329 1.27420577707753 0.79387793786001
0.706802463586163 1.52948769958539 1.48628672258644
1.52000491311297 2.83719210680899 2.20504196990568
0.482236385528618 1.50752497305211 1.37156918247322
0.828275459016598 2.34674674334414 3.30350908677941
0.193738995557825 -0.278693217462594 1.88245541752949
0.331377092275117 1.2692450412818 2.27627769315314
1.10477290693983 0.473375537742385 1.89625904066698
-0.66034010847134 2.54919730969273 1.68887233168542
1.21355087460608 1.32329569343444 1.84033709244422
0.773163267653135 1.54848790166267 1.27174695897441
0.666272945111963 1.98595634407753 1.0055074028133
-0.699831632558695 1.67105088010539 0.670340213524245
0.660725672326993 1.90352052411639 1.94116949807808
-0.486583254865393 1.30728952433726 -0.765240826354576
-0.317123257112426 0.805031041635714 -0.666060450506052
-0.318704174615363 0.0385942234770857 -0.156395235015935
-0.775730104593605 1.71568073532091 2.24054438929384
-0.0387764803256255 0.801658576501112 1.18517365703745
0.562375314729102 2.41996308830961 1.72199694499805
-0.117333727695603 1.85682390353112 2.25731374027836
1.0266652181509 1.32881715755373 2.69189273605434
0.83695329443287 0.926400885544277 0.413683839685032
-1.29856182270862 0.444213932560672 0.373856118715054
0.415536400449206 2.01258178484699 1.66001033743399
-0.587433697618127 0.614900645931823 -0.0264854029958992
-0.933099683908999 -0.0330747197430698 2.41388115021477
-0.657696672698869 0.468301157685531 2.40379405888445
0.159350484481603 1.98763791535748 1.35267008825679
-0.893660515441894 0.279393847855887 2.67173288288495
-0.509590135825419 2.12366629415317 1.40274465940058
-0.0389470608084392 1.63703335409223 0.949890193298786
1.54702483941102 -1.56279251121267 1.70874838572129
-1.2896006403142 1.39524240008253 1.61053102637323
0.326387053195028 0.756812821413958 0.425817871080055
-2.48666528078002 2.07516980436609 0.571601077823572
-0.788485927355175 0.951496757817558 -0.122717791539319
0.476821108438706 0.105848976810529 0.917440644820844
-1.25022182291645 -0.820513240448675 -0.760055243462568
-2.04098372334867 -1.94752489802234 -1.0888203259971
-1.86656311039157 1.24788546449616 0.619463168021956
-0.846856220964778 -1.36291570256767 0.710266425125698
-1.98975873592482 0.0943283390591442 -0.806108229913551
-2.09386844272718 0.678897803148125 -0.414540792370731
-0.967124067761509 0.0961504906699013 0.285494853368319
-1.34010706416938 -1.2665841256672 0.80408956723391
-0.848885203632184 0.289408998873468 -1.05233473486751
-1.22833144124395 0.0600594346668254 -0.369975657752417
-0.641612941306999 -0.540618768762777 -0.354277239678123
-2.29729776853042 0.70665080105146 -0.957198865826815
-0.573319085388001 0.508794150832567 -0.14239246061862
-0.750982225790264 -0.128974607082979 0.0518525963083478
-0.897303034777931 0.263484453027087 0.7286907669264
-3.07420095998751 0.675734548941707 0.272194422091409
-1.22226219419411 0.589161072944146 0.892998572033141
-1.50476638333224 0.447552756560174 0.224207491160273
-1.45101022886504 0.488019044511363 -0.707347370920473
-0.974949378909624 -0.182633559848298 -0.138348861641468
-1.24918655578019 0.926791886122246 -1.18180056777372
-1.60947479328251 -0.775957336653163 -1.87127885147567
-3.05216403771435 0.0805759388222016 1.03873373472094
-0.918095001045801 -0.502360199155096 0.350889837578424
-1.31609208042405 -1.5793081471595 0.278049618858565
-0.638614255621523 -0.993309354604606 -0.48527612503038
-2.33760967819189 -0.703040724671179 -0.906546334794232
-1.34519262075163 0.728971533728883 -0.72492593004378
-0.768455866401127 -1.044959575089 0.731987733822028
-0.594388807416057 -0.250986483797259 0.475545277854165
-2.43929956125463 1.68685002257468 -0.263926226424423
-0.301469284959038 0.780838726830266 0.646993248055331
0.0110157146209446 0.711032541274415 0.442226946806037
-1.08705495034393 0.475569342293368 0.730980113562544
-0.164508309316456 -0.269933168875742 0.149147423963853
-0.0254623455271885 -1.29756246136718 0.639171962303517
-1.26796427451362 -0.131605928293121 0.648100130396305
-1.84212352723756 0.513509580227815 0.213858998547118
-1.05101203095829 0.328344478426079 0.678142718092367
-0.380422538300685 0.0688395681207474 0.69410719545411
-1.58652339503818 -2.23328000180018 -0.576899125042826
-0.155106047505797 0.141566990699912 0.00886379817476035
-1.6662834821906 0.467925991129794 -0.404442890614347
-0.352404478623461 -0.336258851293367 0.22326346462196
-2.18895978306863 -0.711287369950399 0.76257672684181
-0.986408645945649 -0.357411163531029 -0.839113868082076
-1.96418720616791 1.52270634798126 -0.232212094141159
-0.658461731384785 0.155815813740367 0.703856246710595
-1.39828423196114 0.201032015626133 0.180187430934274
-0.67615645651401 0.273914219405099 1.00590079714458
-1.29033061750455 2.04316274656489 0.215432273054367
-0.0417284303769713 0.0180720642486825 -0.187942149465711
-0.765546033029196 -0.117042745824252 -0.756098090816322
-0.94370683266489 -0.88260430503064 -1.13083287073435
-0.633728881250586 -0.944365548702305 1.2470309968147
-1.20171687758074 0.340667679705491 0.282401971171111
-1.5881672880402 1.29576378934872 0.25745977033341
-1.49121430830919 -1.75683982484216 -1.19793091125282
-2.41806178049184 -1.39593131197585 1.67724379503902
-1.85473689921713 0.315990746040442 -0.984227458397007
-2.20774901235461 -1.61254971724749 -2.50945012725094
-1.72127781988159 -0.847094351248514 -0.36581749599118
-3.33930360754511 0.380430958628951 -0.590879632841565
-2.40811242974022 0.142769112915808 0.396841171132823
-1.86526961426639 1.69144055441172 -0.739591483587459
0.0321679729689917 -0.0146073443019735 -0.340810986177866
-3.33991810317247 0.819159654684877 -0.0979817420221618
-1.28705931911932 0.833798688115485 0.329275508630447
-2.88230117670025 1.79496263794691 0.63351494936134
-0.992175889088853 -1.80038807681228 0.479244849711298
-2.16484947852033 -1.86701371514091 -1.49218192049477
-1.87113931874291 -1.35400985224197 -0.718078060272217
-1.89734334161436 -0.78225401711927 0.721574059009777
-2.30367814264834 -0.349940757555043 -1.49315445480584
-0.367858816604229 0.639902453751509 -0.323767240133711
-1.28763459857244 0.327086770820229 -0.590503895919339
-1.36944715143504 -0.661260033767875 -0.843543214883263
-2.17340284619645 -0.998748568771696 -1.26975796252737
-2.57912229415863 -2.57747529553459 -0.512543617759072
-2.18557045336098 -0.313622090669579 -0.368013589009823
-1.19692027742344 -2.40045231046621 0.232955845537656
-1.15874001118501 -0.815027019974319 -0.993744863870449
-0.832928764297313 0.270423445812752 -0.229548356680595
-0.766010422982332 -0.0736983655089642 1.44364635617548
-1.61835954166065 -2.4787110590955 2.96685760001385
0.741437660792969 1.90614775103475 0.593541033118987
-0.692745110987844 0.193852925050761 0.569801283335419
-0.767880009658082 1.36102901165168 0.661635798349238
-0.881717725492674 -1.04406054855144 0.671027729248107
-0.484550167460307 0.208393602528128 0.175515672050078
-0.364039496993958 -0.102916174329028 0.447322809548574
0.880409783648702 0.35332246233558 0.561183124906853
-1.15036165144416 0.738770657787525 -0.263048655013224
0.730467413124936 1.82112407700715 2.26191998672569
-0.487994342025963 0.347776199504381 0.667022620759171
0.847297830946455 -0.19753909494776 1.43593932267018
-1.20740344945742 2.66597834829755 1.68682008272078
0.177685993076415 0.414899349600458 1.18849464852048
0.3225852952242 1.65462874244593 0.938689078603606
-1.16725002038603 0.502539720201446 -0.0673015235278691
-0.585766639252247 -1.78028440158295 -0.675416092254875
-0.830854468564071 1.05833490246407 0.481347809302051
-1.13665954056484 -0.281963319617452 -0.0489956903266813
-0.737584083180813 1.25236814733801 0.685013434778322
-0.329964041815816 1.65195680939969 1.05130423136577
-0.0721154679486491 0.68089549638143 2.02602335266022
0.565008429890482 1.55876229383628 1.51449456940821
1.13064304413947 2.41434744717006 1.68314435941188
1.2265239133375 1.63414790718806 1.59454650599644
0.933396403661307 2.28749797854487 1.51678344032383
1.23821207880186 1.00404365271398 1.34580605690365
-0.0725321551215444 0.776994450990585 1.20913096741035
0.00132779664309773 0.216910749414206 0.493166055825101
0.108285682038697 -0.16760407439602 0.344991960803141
-0.315013199843201 1.160788741817 0.962804270324335
-0.730487093018285 0.262659336396419 -0.0814270128706568
-1.48468431493127 1.8524570818195 1.57521376554792
-1.56994532439745 -0.580786291056328 -1.28184048012515
-1.06097198089674 -1.90496345014604 -0.212781130298582
-1.00966176485163 -0.248663877038314 -0.820454443973117
-1.74620796718774 0.684196512667564 -0.132533120663201
-0.597310838445385 0.880894341941412 0.773147755009063
-1.8354103346663 -0.424720010678713 -0.00725887205440845
-0.0717936475267072 -1.90143976665475 0.91610571878463
-0.61362881075884 -1.88041391511049 1.091835273152
-1.67117016689694 -0.524153228028442 -1.18288464543088
-1.73552552526226 0.109385845293531 -0.150765678473015
-0.923710962792021 -0.543652562055969 0.460615545613496
-2.20166982493156 0.414535925419407 -0.125428629316041
-1.35672338827015 -0.272955720710116 -0.381524388231686
-2.40911237235126 -0.678146282789984 -0.542750756708242
-1.4589172794068 -0.24478836545708 -1.10942804949755
-0.457204980542439 -0.252371741227786 1.26061495037433
-0.827334383983785 0.189179062649008 -0.470339046352396
0.104928504615561 -0.36198724525384 0.0633557085195826
-0.450437613641731 0.656017479435987 -0.0613763379360095
-0.567835291451151 0.437462732716906 0.136465082079704
0.449364367767758 1.14560915566976 -0.280937266842726
-0.104727200001803 0.608992887064579 0.285610812598503
-0.302262570543024 0.853847027652177 0.839208711189567
-0.0352884832468946 0.900145363153908 1.29232984427259
-0.829700015203941 1.21639915952018 1.38272982572886
-1.11581090776172 1.56095036566588 0.689672136098188
-0.274608341219815 1.64298394438106 1.03311419032816
0.288946872453329 -0.0633067390035865 0.834082933842925
-2.12142424013012 -0.375249559447026 -0.75761479618787
-0.836539124274633 0.457029210840097 -0.292609034182129
-0.659363692865262 1.43785878599746 0.774973154459273
-1.39447015299946 1.6145369193627 1.24732887693046
0.327496258508665 0.152848357724602 1.8102963599593
-0.8762722503248 0.518304260164783 -0.718878940349636
0.821497725672681 0.252517541707404 0.832570970030417
-1.50214261427159 0.665019858777292 0.718119267795446
-0.384818382651824 2.39084054442278 2.47290097349203
-0.485173865920914 0.454056977695232 -0.20230429286664
-0.0706000615705777 0.554288864127864 0.0781273020315097
-1.38076073299649 -0.293247822122784 -1.25116220903566
-0.945815147649189 1.32986886186073 1.01704436827326
-0.430338454319128 -0.326326668335498 0.94799160327086
0.00545094011938868 0.300254550417198 0.996145605483406
-1.46960194518051 0.43254558544996 0.0726882805477924
