1.7902013281857
2.06328885425299
2.13134181327754
2.3611816460419
1.79037762646664
2.35746002257531
2.3494595588229
2.39345652499896
1.87531437897949
1.94174202126499
2.32779522697155
2.25095891906132
2.43345248343188
2.48647726732201
1.55650060709015
2.31028187854928
1.51033447732998
2.15717383558129
2.16107874795194
2.32236282733422
2.41265041569548
2.042335849253
2.31016467217954
1.77342977273202
2.01146604029477
2.40315389090511
1.89832686307484
2.47735942333948
1.88314912559611
1.8513334228772
1.92948317524495
1.80823851537737
1.64732444804236
2.06584580337756
2.40643230977144
1.97551198774466
1.86809706728026
2.07926720767896
1.85348142327813
2.22400339061595
1.86155842832475
2.02965736551383
2.15261815118278
2.49865730665822
2.07038761275728
1.78080705743061
1.02560505732811
1.50513463347792
2.3968301980772
2.0449391946629
2.03608659116885
1.96520377667225
1.45833237163405
1.49519626602841
2.07085855104034
2.26156826870048
1.56613679328996
1.79720701467002
1.66940686720705
1.36752185888166
2.35461349025828
2.22549712139053
1.67674563551305
2.01828752143325
2.45897619575646
2.37781785381393
2.38434938969217
2.27235329965889
2.22316581496472
2.03866653099062
2.34699146805118
2.38056645544332
2.02028888231574
1.76694105315659
2.03847094774982
2.02426243878885
1.8225311098331
2.12440019447106
2.12654887279794
1.95871282061566
2.25246488078796
2.09640050557999
2.04814639520188
2.26518606329328
2.22657524927646
1.35468326019635
1.43118572053344
1.74719979923919
1.64666447959128
2.29756409207328
1.51001411870869
2.46568047583014
2.27008756475352
2.11253373765244
2.24957043834375
2.12610913967565
1.86033508631413
2.41737044365275
1.59620532475662
1.59807240789671
1.11337729513779
1.92302246073124
1.59347447555989
2.15071700365368
1.66807862833585
2.25018793617454
2.28427737283289
2.25868703114331
2.22982957145198
2.41126193055594
2.49820698774255
1.8675015435182
2.37206286852293
2.48859833016266
1.16884116003583
2.30894927216059
1.82403750120355
1.43101636187127
1.87611321414353
1.85523350766327
1.18130520207536
1.58192926431766
2.15479753423942
2.43803420387089
2.46735637003377
1.86462344240621
1.91243796765374
2.03602741842258
2.48276099836492
2.06002465758583
1.8739761511262
1.51988352294879
2.1859055864849
2.22847459123241
2.33924270600823
1.9873846183778
2.3783876649136
2.13640068907495
1.7340514820631
2.01640915517279
1.41558956053953
2.00437587276169
1.37524484248522
2.32729629211361
1.69576725634178
2.09972026303011
2.00417472638607
1.79087153406458
1.60080985713576
1.76908417993287
1.81745395697998
2.14332438305904
1.81482292550766
1.96113543810443
2.36674909590604
1.95162802191093
2.10189060509301
1.94144347367726
1.92478156312211
2.13880308781119
1.53599341977437
2.3827717099835
2.10117259772079
2.13305613877726
2.13983886947877
1.62033511305575
2.35752863685567
1.409591313827
2.24067756070594
2.42043919117451
2.18818461517247
1.80269039618514
2.26711920123261
1.95278873531008
1.65303721793505
1.65790275368931
2.10532683404949
1.85172422683602
1.78707095711787
1.17907920152185
2.14967346953359
2.09667516366155
1.41485649325956
2.47020505667139
2.08130857607912
1.98667260107016
1.9189795430709
1.74728014080492
1.93896053638314
2.03940214097044
1.38579087252687
1.53996768156365
1.98443479726608
1.96526725011059
1.60147464804156
1.89854053575669
1.98362300559779
1.74987366104196
1.75490711976983
2.28188348569169
1.11431301576558
1.99349126040214
2.39991393700227
1.95051575414794
1.97544034037283
2.35113481953356
2.02987428020457
1.98655750309626
2.23408180064454
2.05765918287229
2.20029072586039
2.32380691911037
1.95615750554071
2.01350626965615
1.50751027223729
2.02435766043742
1.39924029999209
1.50721961439602
1.34589252049082
2.18007083610231
1.81614562475962
1.94836843837202
2.36020807590974
2.2995899456822
1.47164175993275
2.38580687384442
2.30791852960963
2.42222312932056
2.10232019741648
2.01833180532689
1.94523110027466
2.29173214965317
1.79876278214628
2.23009445385126
1.63771287997166
2.39843814519423
1.85531873969901
1.88953497859729
2.2416872212636
2.22842798741819
1.40563908859655
2.12385154767016
2.20319556371268
2.11904620184285
1.87797344841623
2.21618395258171
2.35253298559322
1.59343017834037
1.83841885795124
1.95328909614157
1.64032355179109
1.78750923078524
2.31775008090258
2.18752567008736
2.25741150821633
1.63014702605597
2.36099732426263
2.0902755026362
2.2569861872045
1.38164791062814
2.42955919360203
1.88974866630288
1.90376952869331
1.70331529864651
2.16469457420706
2.45978756945222
2.33946502277314
1.7344965632256
1.73210868662618
1.80834707002591
1.96168604092927
2.44074580902073
2.43472316798415
1.35350934597657
2.38146987425196
2.03358435359711
1.55616087927835
2.21668584354192
1.84871998920468
1.65987412896288
2.41602480935403
2.18977015557766
1.07284952071478
2.33339031193406
1.24183510808857
1.60189113299762
1.90094205348074
2.49790603220986
1.4488752604778
1.92813488493217
2.29628714741091
2.3199923831627
2.02908636648381
1.69838192803889
2.0868946870987
1.99370532412205
2.45540294867684
2.03653692802668
1.82451828325198
2.21167951060493
1.90477448739777
1.89349651610358
2.28041325193
2.18438298398456
1.55523098134508
2.34511056422089
1.5316000590173
1.90511649096901
2.42158569796043
1.57949339035555
2.44895217030825
2.26688029733808
1.95968852734484
1.60523887490184
1.77832999565689
2.04717234227833
2.14945423808677
1.4442344539962
1.15990387884393
1.99901448740986
2.16702500819471
1.69891418329368
2.3629927553289
1.70396002675023
1.9859092571896
1.7131621347485
2.17572934108164
2.17443630866124
1.10862277321894
1.45546210850632
1.90461402409104
1.59955019130701
2.09984354228004
1.95163671000498
1.33364381247592
1.9298272455255
2.22134998827936
1.74750430154536
2.01346040159355
2.09919506331606
2.45092696941428
1.861418938894
1.42253855606056
2.10098788849277
2.28238466940441
2.01306685658965
2.37597857249676
2.04926236150956
2.29950449520491
2.40709276153991
2.18139277409459
2.29688320280338
1.79236408359685
1.62617553535086
2.36738652593558
2.10679279783954
1.9279672874275
1.31893381624835
2.18089310145213
1.85663424449229
2.30717162404029
2.24601396301338
1.44642559295245
1.30332897086544
2.41514674789278
2.24963954618296
1.52490484393298
1.26555527039362
1.68089265136978
2.08104977207282
2.08175175139335
2.23179907398834
1.86070258109095
1.83023304319503
1.96239471811109
2.18917025660912
1.96567563063897
1.6369781022745
2.01141620638986
2.35526465702228
1.98355242890846
1.76497869529761
2.02234125833113
2.19858297807742
1.88420977646274
1.59242930598914
1.58900355938689
1.38741720412356
2.20924705717846
2.46257936118334
2.15395265647136
1.70023918767835
1.49574671101701
2.31887214538904
2.09329867832864
2.25148981436667
1.65733894222058
1.37305478291299
2.16811264174807
2.37475719115293
2.3586440936873
2.30296601671836
2.19675752052196
2.19079138748565
2.22705830038762
2.14065031128212
2.18646245085203
2.28341003679037
2.45820264444616
1.90706299066553
2.1218618560475
1.75145616898505
2.10875823655232
2.38076267338128
2.05192919642946
2.00373962323213
1.70277402240345
1.94870576037581
2.18571129430004
2.12393280241342
2.16531990275403
1.97881596365172
1.69218360121042
2.07252901184083
2.32786692518116
2.38201071417629
1.82635306423357
2.4834238951994
2.20158965893494
1.94983677549666
1.70304657413218
2.28344896700683
2.31976582755528
2.01245417918725
2.21269722360291
1.51510003441894
2.18182481801727
2.04430809854298
2.05978098360609
2.49704087046692
1.38655258143352
2.20948772082162
2.32182529643127
1.96714020719609
2.04856487066214
1.06767552243767
1.71135308086505
1.32888399042798
1.39781869965762
1.47221235760814
2.07565912406708
2.14579083796479
2.20798030676759
2.3464714936655
2.30629350351498
2.18603807400909
2.46620837609826
1.95498963731499
1.66855444483252
2.25390083864204
1.89299640517245
2.23240011023468
2.43089083704981
2.37284812712154
1.73681582389853
2.2449345185917
1.08882862299285
2.41050019414554
1.4558208646869
1.94745579285465
1.9469165581788
2.25811349587548
2.24339779317324
2.14094719245216
2.10817630475002
2.44887143737621
2.40576956410385
2.07479488908689
2.07958226894649
1.85542649364682
1.17663138111784
1.75109229503057
2.47565895239258
2.24494285717855
2.04673291762732
2.07506570533414
1.57091099883274
2.07943239011491
1.99361348622965
2.17162619436427
2.47886825593459
1.63389079658097
2.38284520039631
2.20464995105534
2.34829643948471
2.38692523738067
2.3438973229052
1.0109606651511
1.24542776885339
2.39220930393348
2.29847762551714
2.40299971172311
1.06261786067958
1.40171277043863
1.84354434679297
2.39671530627632
1.83237374698627
2.16900993933095
2.25596152343778
2.3917814662107
1.72249479815929
1.91230501940538
2.05639910922797
2.40137014495643
2.4181011943892
2.19904602276079
2.27218350747203
1.73202225631139
2.45325145082096
2.0702912639682
2.22853124339247
1.99679475664974
1.16123345255909
1.30978871892836
2.30855150910082
2.106807628824
1.98487774610117
1.87054708887346
1.43004511602476
1.87840260332878
1.43339251967956
2.18046022095664
1.34649507832223
1.80070670265728
2.0917349504899
2.06189379103576
1.84769232078445
2.19580696143923
2.40710352773334
2.31926403604766
2.14791135527851
1.68872989464657
1.64701730611423
1.74906650472871
1.85668966007098
1.29311981206474
2.4121855643639
2.48795041985378
2.09199778337016
2.27236861476958
2.48993823760082
2.14354845340948
2.38778057539619
1.57512566904537
1.65165013407694
1.84270299100706
2.13525781878932
2.31001483161206
2.25631549655413
1.83342789549471
1.95838059659735
2.02968868243958
2.1488713044699
1.84331644681394
1.89085584988921
2.01601894247035
2.19194166775233
1.48956553137905
2.39103636594603
2.18544527318588
2.25338614575645
2.30262180844861
1.638934653365
2.04515098959402
1.89068406220209
1.85727966455525
2.2104549786245
1.10817395249804
2.10930340522803
1.90075639687555
1.39656132216192
2.35921412190414
1.63695767002063
2.29381131975295
2.27755662766048
2.36788023793349
2.48285020387456
2.19693185427616
1.95290069961786
2.07504934794199
2.0332459668467
2.3172076426742
1.84743425434967
2.19366085879006
2.3402487576683
1.58353323475216
1.28546607198844
1.82499079782116
2.45439355207239
1.84651620271159
1.37307345632503
2.21805840770547
1.53675694251024
1.7619131311217
2.43247636719633
1.56265139631474
1.0795991360533
2.46129549444546
2.37292975409451
2.24761271618234
1.92643237138076
1.97114569632348
2.42539016605915
2.08371763722269
2.4919311865288
2.07002338959953
1.77071345943357
2.1888375611299
2.35272895025531
1.87115996237124
2.16074790066702
2.36166584761238
2.33934549663409
2.2181800986932
1.33906565295437
2.37035895193144
1.28245723084993
1.43189271113585
1.85006998250226
1.07187933641238
1.3012288615153
2.3205570913191
1.93861658302207
2.37489421523672
1.68875645886383
2.09391073587575
2.18496263161451
1.36602211358829
2.36229173674904
2.4567845649269
1.70717674522987
2.15704239162863
1.82200961304798
1.64995972459107
1.26303447006721
2.38371882979275
1.51866725332747
2.06669325598383
1.96548981713839
2.44928044770285
2.32028364565571
1.93777972578309
2.02462610327264
1.68237869705878
2.42386484648397
1.86828734453009
1.74179630716377
2.44132551904802
1.90080502293237
2.11845883835872
1.84705045313969
1.92334011333828
1.9392590034124
2.43218773257237
2.19406685078504
1.67884148635606
2.43168433586732
1.62192110104613
1.41012118699851
1.43878695589256
1.34895353991206
2.25142618086853
2.33816297095418
1.96450784298404
2.28086139237028
2.43375413439551
1.97140638150311
2.19776167579325
1.5887482561213
2.19423396413405
1.86185299342437
1.93723173861338
1.74224911869015
2.24044915785908
1.0030212877908
1.69635363499195
1.06022776729347
2.4834778595186
1.99074552893041
2.45016422353115
1.01137117682436
2.02335631990858
2.16438119826489
1.97006830327612
1.79439650493507
1.5693813956454
2.26165651010717
1.370305174071
1.96789907000148
1.98807631243758
1.37100042708049
1.8473272158321
2.30491724040011
2.38744860598392
1.99918063664372
1.75659038821887
1.62714082147749
1.91859959145271
2.37856005643758
2.11642927584356
2.43591261933482
1.7245020943257
1.48956555601537
2.05945190168596
2.35453018310392
1.68954492562392
1.48123170685299
1.82768308133385
1.6934447761372
2.38612865955645
1.64087672745554
1.90548751688855
2.31719290875145
2.46415301337154
2.18388846594613
2.067350869315
2.36665473360403
2.12182731154707
2.21055008272249
1.87688083973281
2.36999294030465
1.47593117381339
1.92397909225687
2.05885296734501
2.44189344649664
2.05631243223596
2.44771233317267
2.27448432774543
2.2417251621335
1.48697223841173
1.8327364722506
2.30118618705594
2.12083096629238
1.71428393471347
1.81962841464905
1.97867337826703
1.72434538405605
1.95124253172043
1.92885154791386
1.75822785958023
2.25699762965138
1.43091237650864
1.98287605033677
1.74589087446613
1.89235885571722
2.10158972272282
1.81056067078286
1.77897386978457
2.16551165609412
2.31438543056428
1.56874388652822
1.44478239542298
1.24075804109735
2.04618922427905
2.48155042141755
1.65018535819879
1.55189741051679
1.83331077049813
2.34159388895328
1.20581124239778
1.97008350689952
2.06685067249131
2.03485131526769
1.97596497933373
2.43388921285552
1.98365552017439
2.35195451447468
2.21904046195875
1.68778489834668
2.19846211524572
2.2347056670064
2.19732191640223
2.04863462427429
1.84909823961688
2.20289127423425
2.26430364148197
2.47207851007211
2.15408023318247
2.39377702681334
1.75751693442352
1.65232355128056
2.16925953511838
1.81188703676204
2.25514411022479
1.69579760502917
2.30987050068647
2.41749549450001
1.8618427352757
2.36241856921494
2.32256428901784
2.29053365181144
1.221671602834
1.78108165191032
1.60462298577567
1.78547354615063
2.20102707956258
1.38882716341031
2.24715704001914
1.17619347254562
2.38704932831128
1.40876234145609
1.79024864265775
2.34210699095394
1.75905808962557
2.04025031410498
2.05969037216073
2.43516431298742
2.38292016527358
2.27154835435286
1.40192937874442
1.66549673499389
2.12146693626217
2.09147061113002
2.03948210697059
2.37200048057118
2.3826478630911
1.87974462502992
2.0207105352267
1.21667475963842
1.15046386144046
1.19158844374315
1.99450173849168
1.35392856770974
1.36592402212636
1.92533004153716
1.81049066575247
2.46564455383747
1.73978040648784
2.32786924516555
1.87534381521476
2.21314065436558
2.23945166223141
1.98504452476534
1.80046214610529
1.90381790114293
1.70098130560428
1.15554115290729
1.50288492357976
2.43624985838767
1.24187659891264
1.75688761547233
1.98756252718025
1.57384923810381
1.29804054883036
2.35002507163989
1.50760320801712
1.31424286030713
2.05704019146756
1.37667682717069
2.38415252022021
2.11061357426843
2.17388244780404
1.59550474709571
2.24176697018903
1.6618840485881
2.31044410852259
1.69832820660492
1.39413201879343
1.38961142551406
2.04020386817146
1.69054779044907
1.71871741981028
1.90960742413695
2.48364061016443
2.19144361224094
1.75334447307734
2.04169118332934
2.40783941634367
1.30545398141208
1.95584700329891
1.95560874470728
1.83908771842681
1.76932002258245
2.08212021110273
1.93922107145841
2.43896000733621
2.24845310107859
1.44980946352075
1.23673019602943
2.15359137253203
2.48450459028769
2.40489699179598
2.05883854798469
2.11527831037002
1.21866130980651
2.24779117598189
1.72862382351751
2.02455426602339
1.17064564391897
1.96326429168766
1.68291389816349
2.41433265126974
2.44930020225516
1.85340387121065
1.13670398555902
2.15908597734875
1.99482342932924
2.08061238949452
2.33538808768093
2.35068554725125
2.4427522291597
2.14145007103522
1.26937049144754
2.18434455281522
1.68560013611821
1.82877811071432
1.99971631698159
1.26426280177244
2.47171694207749
1.64200716652873
1.51522272342992
1.90268182078578
2.09753112261762
2.48673135540623
1.45442531276022
1.48025062982023
2.01652437706029
2.21661695690424
2.09433106963689
1.56162761578247
1.74095625308784
2.12053518333187
2.02530060413558
2.41458420921213
2.27913514167293
1.28328210766124
2.46508984842533
2.00387386458902
2.42823776754185
2.14858589496419
2.28542413094763
1.29236854121761
2.22025342367455
1.50829513763994
1.36174403982141
1.77272686983654
2.08274844106885
2.29994796177432
1.74337114186705
1.96571615403699
1.6853078712546
1.75578483133265
2.19575748787448
2.37582970785828
2.345282454027
1.89976891660771
2.04775911677783
2.24998216593837
1.54264211626461
1.76630974823201
2.30416967627526
2.24793037558345
1.28953183362376
1.79990755761453
2.28942775938402
2.29215411335742
2.05197447447859
2.3426160139357
2.24827870383865
1.74429048286488
2.35323769194165
2.37409339686187
2.28006982405067
2.15695240534903
1.76625035353223
2.11150384884169
1.97960718224498
1.52039687597189
1.46184296756663
2.38204883080977
1.85659582154241
1.89520851029902
2.15202074248436
2.3538072471332
1.20218911736303
1.90735396566692
2.39045665874931
1.31546607558792
2.33250149901634
2.4457195173624
2.02725731881484
1.65774988268425
1.93959169181409
1.76888437480734
1.14012119118138
2.0181501733229
2.08484409428493
2.33900816836022
2.23862082283846
1.7096033949713
