0.0981376095377288
1.85331497460002
1.14666370336964
1.0300844877041
0.525521526138597
1.10210532614962
1.3380620523149
1.17081533610414
0.467253163136547
3.75455779646333
4.78746780871931
0.339596512266686
1.44454747157179
1.52503865230677
1.34664554133032
2.21042354761807
0.769945781059402
1.35870039723956
0.592634264150858
0.54299935087587
0.33327315399527
0.166417173250347
1.75155289880806
1.14803331601893
0.781135144978323
0.0828547826581153
0.0569127595977821
0.151262886728128
0.509913345952725
2.69401936026974
0.0330110996093885
1.7836774922166
0.58709387461015
4.52118306657519
3.74895527907048
2.81553804026196
4.31663164801627
0.341685461118362
2.48472239901952
4.40018013806503
2.24340219260178
0.856709517961914
0.575360179513476
0.624224122924197
4.90816183437292
1.08721889604524
3.61049518549832
0.323176900340289
0.669595208371074
1.84088864173469
2.91827158184441
0.292963891330248
0.90457733747238
0.428406237611033
2.66836266397259
0.437027755177018
0.791397922800981
0.539000992002728
1.32365501375987
0.426724570358964
2.7933966910985
1.99171251580177
0.265237441324743
0.720264743613821
1.47523211343042
2.85808370806362
3.12638189315197
0.965909816624249
0.98005035171129
1.13394860725757
0.742623320077785
0.872500369489934
0.946623581959433
0.112520355408443
0.0361481395489065
0.356954811923902
0.542823510710343
0.358196648793366
0.195940856427752
0.510263289950898
0.582959305180622
1.4975032089487
3.71286177517801
1.16663923529769
3.64223775102258
1.80515680102489
0.82886264531557
0.0110133961443153
0.736207132243301
1.28176956897938
0.174014648685338
2.16540776704124
0.231330114309132
0.916221679457642
1.74815298666484
4.23636574781673
3.02813975483509
1.59235149861282
1.40069329910469
0.135597344609378
2.14488945758998
3.56857393193969
3.17727662298875
2.29455506842077
2.35008331125121
0.392039454654352
1.41408305610815
0.472897667654781
0.920521718672395
0.242009495035155
0.316166446406994
0.969450870725702
2.06315276165972
1.10332388623474
2.32975868004838
0.49123517067574
1.28233265483411
3.77288079150362
4.46751263626112
2.47728092748045
0.644241760625435
0.0225444275853501
0.479591971845813
0.0846503710251246
2.26126217563246
0.89727399355874
2.29282098562258
0.413939146455954
0.513673542472666
1.33078780918365
2.64095896457614
4.02775012047734
0.792372698200971
1.59972982405765
1.9582933654037
0.736042215082814
0.38583863879686
0.78230813512253
4.432754140372
1.91991597687892
1.49643596520212
0.837878688361122
1.16872783407334
2.81744339863695
2.2247486364007
2.76738248075524
2.55156387073565
2.28302946571535
0.471529526067628
0.724645539162468
1.03649810953235
0.413438435899537
0.830201837960932
1.12588590830565
2.92878724384629
1.08883756860528
2.19495232464347
0.401352611375327
2.10246489632979
0.867572978667144
0.562578320805228
0.0963014416570194
2.5833443150886
1.94037860138501
0.815060112175162
0.070609761122659
2.20260223361016
2.22457954064065
0.638609153412703
0.0176781578840383
1.57643903804437
0.48597008045097
0.831062862053503
1.04602333932765
1.09595604335652
0.250105858758498
1.65582049692674
1.00309495096746
1.16784080963622
1.81987567948237
1.07455024843453
0.290665881326908
3.43936739951929
0.785417796842409
2.01999127518311
0.120041668834785
0.0126526182573287
0.483221654168172
0.856272129193356
0.418934449313748
3.94517663558737
1.53654119348613
2.51669809133501
2.00881770938678
0.778912810601243
0.50774631697358
0.611188909617518
1.81902079586947
0.862442228396467
2.38379920877418
0.660608586842218
2.0950654999928
2.94399818580917
1.09177377419348
3.650665156853
0.140485536567169
0.955254399190812
2.91557547206733
0.0968093563855542
2.92784996131402
0.892733236173735
0.258360942065862
0.452497028102374
0.385210663609075
0.084540904613987
0.239677614396233
0.477230423118237
1.98792991457576
2.78341951043879
0.22509867748389
1.45930950935959
0.263746683067368
1.46083441716421
2.66792395557371
2.41655241756982
2.62336329607428
1.08786045137542
1.70681445656831
0.265769207131379
3.30570312665342
1.09208912091552
0.879003962733359
0.460660889294453
3.1000553511179
1.7271131872466
2.12711866384172
2.93751079872227
0.30569170306912
1.07854212374357
2.0336768040546
0.14834350962308
0.635158665527196
0.636503911346057
1.49851252615781
3.36781433839375
3.0703035902083
1.05356302588055
1.93796152278139
0.718519670437476
0.991056367814078
3.57284841309055
0.623148987348795
0.226635501316328
1.42205005904114
0.689204385356301
2.38543651981296
4.56228292184189
1.23349898417642
1.30418186399409
4.72204016696399
3.06216351387583
0.779388629291558
3.464396331084
1.14349440395835
1.58434443102548
0.431721726946624
3.22067268670194
0.497475794846289
0.734040378616208
0.237648259967773
0.424798600292318
0.911408512192364
0.612567808995203
0.211992068289634
1.37303828899245
0.0977679885573871
0.335725186792838
0.181679419619206
0.514443797576465
2.50381197749428
2.13368809708615
1.19650940194553
0.657899952292926
0.39259092745249
2.41006478033334
0.156349876267508
1.04350417670008
0.146285285907196
0.119227359782831
1.00991951496933
0.323246875703812
0.169919992609483
3.36894239549249
0.0627795911029122
0.329575403242619
0.0444869239968039
0.251288339580092
2.74392316979127
0.876756324819186
1.70964504304368
3.2795891482551
0.517662810002212
0.427297940827602
1.12288136703399
1.22932212043837
2.3459847268524
2.68411723384272
3.67404136234228
0.210788533814839
0.570743767266872
3.34082635157205
3.51193043900774
0.598524019571073
1.96725788562974
1.26333063734374
2.30613662954208
1.37479493550781
0.468848248350384
2.92678537053204
0.566827223555989
1.95974173298432
1.69547972805419
1.76794686430991
1.49051845017629
1.5255523764889
1.6255210094985
1.6770836488051
2.37762368403873
1.3160235527585
0.346893930548856
0.0809349527972271
1.76894343499175
1.93623379505746
4.84046617952747
0.569114314103417
1.67812582278567
4.32803281633888
2.92763952984894
1.82609989453354
0.397720158484479
0.26324299462415
0.931327485818042
1.49358976398646
2.2910218736525
0.857275917726528
4.26956158724869
0.602022890244889
2.67263305792489
0.34830898278984
3.97927644582172
3.60550065818878
0.349946589666311
2.6331464081347
0.176395459052352
0.0862124991925888
0.215091012900165
0.37164747661989
0.543166198815894
0.111110915615734
0.395595275883062
0.756113299883372
2.31206694429694
0.114492053239375
0.151128029703226
1.49141829186529
0.119159288064933
2.70877437804023
0.389039424928747
0.768659428355615
0.883473765260369
0.866786347220195
0.163055266614814
0.208967705006719
2.34916422109649
0.138574199822877
0.148744155419451
0.603596294630766
1.46411799097352
0.509236865421899
0.0422364563155415
0.140735726373124
3.79260509666546
0.604585692058394
0.771919262371255
1.55933123955224
3.34644544615237
0.972394671898945
0.297863918227708
1.34903117098738
2.13834787427844
1.06829846768888
0.612758197022936
4.22140096104045
0.96322139171465
1.50560626042836
2.17830595928368
0.848091139891185
0.0746478895406601
0.15666779927061
2.88136526085101
1.81618945682024
0.698286722225769
1.05422743362567
0.429601196104421
1.04535707250045
1.4340948364472
0.11806564042003
0.262873401809767
1.0496502869826
0.704151294144855
3.18349969458998
2.36928961966652
2.33418497169579
1.79555421968131
2.86748016564268
0.46434160445131
0.749041076486146
1.22337135055417
1.56373313177611
0.219919677563014
1.80421842746828
1.48353212714666
2.63012094160857
0.771908899103223
1.15300435599704
2.83411977941064
2.03637131988939
1.75806898280352
0.988318542887414
0.521121493345179
0.209526595743608
0.332006879281422
0.336378429564103
0.566792228738024
0.751230309781303
0.613153759858583
2.8763923136469
0.214389065703549
0.812287268644953
3.16391995887313
0.631383435418579
0.973254935386351
0.687391129599585
2.15196444281879
1.21641424219998
1.2229002391739
0.465687333774591
0.325922406245796
1.13189097118025
2.23475156928606
3.40429154576934
3.94959899398329
1.14519207262099
3.4757300943389
0.0878235745092965
0.0735015989019938
3.12863372302884
2.46164373401615
3.76990583680311
1.94877621411575
2.04563130348729
1.65364606019676
3.10766404844814
2.08842408842827
1.8298676455788
1.78919183269716
0.965062080817615
2.28815950854806
0.275616430968247
1.94877704022503
0.0369045565712251
2.787589838931
1.60822489382551
1.03186908363406
0.287926758087642
2.87700187826344
0.836870228821559
3.32461648181095
3.60331820894567
2.3639330123618
5.21654136351155
1.36849281512266
0.10827440810743
0.251997968597216
0.159181774578459
2.04561549592292
5.18914359738889
0.968116836564458
1.90035077433204
0.135741502573709
0.535018381174344
0.249612919040746
0.228846036734504
0.488723171945658
0.796831048613916
3.22878415323149
3.18291610906582
2.52919004356042
1.18053272767758
0.877671563260382
3.95949588351011
1.40530340968016
2.50053454601743
3.63176653712391
2.51962290758148
0.266896434693236
0.890645694687395
0.0577366068525491
1.57144268256537
1.75369344216463
0.734195720627276
0.606471522576616
0.553512480492958
0.213923578745569
0.384532627341567
2.89754057441084
2.46711846185139
1.10809925565123
0.0440172224165201
0.76003678457092
2.82294598313948
3.14891277207802
1.84692307598219
1.61783702076416
0.633446714159214
0.219753843853161
0.733445566162624
1.02972849962313
2.04273167766934
1.77166627846984
1.11514286501949
1.69517707895165
0.898524155961968
0.152201350536873
0.49999637110886
0.997075596458837
1.18316865050031
1.18488849269692
0.840132923453161
0.671630042496664
1.1625443712597
2.98918687789878
1.4189993241753
4.32553915737515
0.383203198790268
0.141360878363931
0.0504505071422378
1.14957899869385
0.12999627910727
0.138562618335231
1.49291641583233
0.748601903007249
0.8259373420226
1.53223347602569
1.7496156203052
4.40185197212743
0.370142187049927
0.345054209071936
0.123720075384533
0.679044254316219
0.503299228279246
1.97937877139859
0.171317754976629
0.533320454004394
3.86040934949575
0.548623885815969
1.47715751262668
2.50091968060586
0.409106483150355
1.23007487563049
3.62076846598432
0.831211546266031
4.02466084807758
2.38467748348977
0.910975414703979
0.33136124662254
3.52043097901716
1.94317724869416
3.43227750372598
2.20582564168288
0.530741840895447
0.958647028696378
1.33831705325316
1.04542379192632
0.310039332361508
3.06056203380179
0.893736648576182
2.13959795505316
2.99206449503833
2.32174158914579
0.700049037633312
0.974741046149819
0.947221296956929
0.00472903122438074
0.383274859123327
1.38831382657726
0.188795931187094
0.145163160420435
2.02063573031751
2.32961389701595
2.83892413287778
0.774688576054642
3.12112927521196
1.93834625760916
1.75300043101287
1.00911383268197
0.538297778145895
0.904903189230589
0.0547499533527649
0.725614696518306
0.0397057084811655
0.53913095875374
0.703683478744184
0.519886005854383
0.0317745101528955
0.472758425829473
0.165156772373729
0.776038769587578
0.237776247119767
0.190363760955782
0.247194493355759
0.00956898108551051
0.712120845354867
0.214338357581493
0.212816708445833
1.21788507657956
2.75124198804249
0.430231429909511
0.158849236438371
0.69052132909146
2.23461729716751
0.906645128091221
0.667700205738514
2.37954539308315
0.146474689065946
0.729117800985772
1.10135523269071
0.483024355478209
4.51570348555453
1.17419289775064
3.77162664902304
0.977420625238582
0.829457121899995
1.3068953712568
1.80677591887596
2.81128072257711
0.22967371790826
1.01673508314155
2.45003858387613
3.47146677119356
1.24390561145334
0.518862584625067
0.307359136701574
0.780889304031221
0.564544161765753
0.347222012446889
1.79682671790161
1.16332516994054
0.340433999400737
1.05122684881045
0.97859299541123
0.469960872676064
0.329243257781209
1.67082164999571
1.63647704921703
0.280635493739573
2.80033727063234
4.59216410992666
1.07955467937507
1.16441210102364
1.39197220462012
1.58407235448849
2.72352499653371
1.29017636440076
1.12057761032084
0.167473151280612
1.54032844530469
2.28035704839775
2.53091785849064
0.648327790679537
4.45213857742637
0.17351501110693
1.24872187089357
0.56327033117988
3.77665949832118
0.642872622452482
1.14784921068996
1.65594906582524
1.91906218675034
1.2151977792602
1.92231122321471
1.91034171283348
2.02335451567984
0.92919694376185
0.155258441247686
0.962133410320719
0.478681933167358
0.294130129250727
0.25353861109459
0.258359277547973
0.74936070069576
0.980344288293928
0.784357646888418
2.79294450540644
4.11882013326566
0.0330755391171856
0.0690898863894423
1.18960996180454
0.17275237494758
0.495884689981434
0.665183371178575
2.3027114895146
0.0935264240494591
2.56331715206189
1.28258216182339
0.758825819600868
0.138540720799657
0.994156283889566
2.74464923223929
1.46669392257856
0.106773402240429
3.28283274500035
3.40295197425486
2.71558685842656
0.162624469954731
2.66469257809626
0.473038849944388
1.77998933986463
2.98524541755727
2.26523429058416
4.26383573030513
1.71980705079941
2.5164492363586
0.829307992139217
4.30044125685918
1.05601080945575
2.1458069957336
1.8090070203053
0.375727349971498
1.23861418344579
3.27974916865214
0.837624829618084
1.13795982236242
0.387712834294492
3.51434343237404
0.322278712829075
1.293537490289
0.717271591941232
3.09438536411983
2.35788994231562
0.262628361471195
0.764860832657953
0.244939854511776
0.52882979223901
2.53544632672972
0.0706804981728049
1.62612211910591
1.84018847320386
2.08022605762755
1.10070132195491
0.915603440941708
1.93213865387861
0.396599811697109
1.93846489837538
0.549375340181999
1.82333646128042
1.21379710097647
1.57673940965442
0.607138711110979
1.8821336641254
1.80632998308762
3.37988830989556
1.24033395880353
2.16940156786868
2.18217838549528
4.71062044677422
0.712775339959539
0.890446204626961
1.56387696482258
1.33942903132655
0.121590377776265
0.241478694406216
0.760834957496059
0.463589169233962
2.76619556162806
2.87729655451576
4.23669009198485
3.03623146422948
2.04637744177847
2.75171920397901
1.84320731680471
1.36486502394372
2.72969661984563
3.65423104327491
1.36266317356682
1.18811487302354
0.142763044072222
1.43587837118228
1.68185151651168
2.17184578444152
0.57433342625184
0.887340038281494
1.48826358611442
1.26782987588102
2.47689482643914
2.36876626067131
1.71675390067034
1.22402535945751
2.6808390121824
0.790913160185591
0.0849254597244398
0.639078650994654
0.75340277689713
1.90635146593559
1.58240012949274
0.233843821555389
4.05198099420385
2.49652242025223
2.01160281687316
3.04388500545702
1.16114315493457
1.22215805693569
1.91257967952715
2.40288828760938
0.761326806607738
1.00001648989352
1.35201198357212
1.73311431342344
3.35810306696825
0.296255350806653
0.668046686230127
2.77280257882844
2.38819211251217
4.40686969997869
3.74858399688902
0.954259129438906
0.403655430008798
3.96404214438903
0.417236399623504
0.963903268992434
1.61434444277338
0.207337452111054
1.18604712893911
0.329390980834111
2.6582356377656
0.839113882062514
0.273061639308514
0.839009011785535
2.09710858921173
0.630202039110563
1.94272812628065
2.50863788591998
1.1917576449318
0.759573865320657
2.604419204341
1.26587216050649
0.208125398183773
3.39103055171811
1.70752121622421
1.83982780505713
1.88554775889759
1.34246906595066
3.47327566392497
1.03903698983533
1.46854982667987
1.02943934241647
0.327124870452785
0.839542863966282
2.21482902340284
2.44746363247036
1.47490590747424
0.801804407521685
0.27278734127058
2.11131352085912
0.628724542847487
1.51183033434444
0.386402811263023
4.49614946369735
1.0013302429293
4.24121377837669
1.385490689625
1.47848056410312
0.562382391837051
1.67367317641148
1.96864585723102
1.8500073044364
0.268313540013151
0.441798210870918
2.34783140094139
4.02845668166106
0.439240781238073
0.431061277957477
1.9774901028775
0.379206604871172
0.349935281103636
0.690196962753511
0.990977127153907
0.440247141830817
0.215889958269201
2.92043335766746
0.915029741798012
1.21228734296521
2.08509957233092
1.16373605165428
2.28166406209819
1.84725349682176
1.24875964122105
1.25136038956468
0.126133981069546
0.184279512958319
1.07076512763855
0.57531248475026
1.52210464821552
0.690882580389495
0.18055889336326
1.87478813415748
1.49917464851327
2.05730974162772
0.0169035473940849
3.08562083695018
0.232015074347779
0.811040055225412
1.20304459891084
0.14505086918489
0.819440505458372
1.28408830188178
0.777008157392252
3.34012288129053
1.03677804095748
1.85281666769167
0.864157780335803
0.636605666887376
1.19704641842856
2.71223295083555
2.70433387144226
0.315583466449381
2.88603087138734
1.22183246498822
0.611418465065222
3.91407919968691
0.835914270231194
0.902384089385181
0.101846116560036
1.05596270661466
0.274404348893647
1.37760782975724
3.18062191336396
2.94304153325121
0.928357556738752
0.988199224594727
0.823470530056786
1.70334424212856
0.421037264086784
2.28247156811023
0.498145953437806
4.92446232300528
0.0889674208987218
0.253720070649894
0.482530007604481
0.976658921068695
0.433456834391535
0.909868590931905
0.68751011667758
1.25975212539522
3.59673111657785
2.06146387790465
1.26119337043094
0.809499605048563
3.73826988868649
2.39646698717172
1.00489395101565
2.01707614795211
1.64667066900851
0.405373132837871
0.295306771602511
1.88918725883683
2.98799525209107
1.71350151347792
3.92056642160625
1.02844038711255
0.674925637093544
1.47905222570107
3.13577131760308
1.44665808760756
1.80254317342012
3.24221181190848
0.570061893205177
2.7230208543232
2.86470023777304
0.631980817614112
1.46799930852957
0.178052089754522
0.482991140362544
0.0307241740081554
3.24706768381911
0.499182532131366
0.935591605983917
1.17797757728871
0.610632163964346
0.29499468164554
