0.181288184954961
1.93921047177823
1.73345713045467
0.798559510746891
1.23648997923182
2.84690882040012
2.21383121226161
0.925249194752299
0.844226576255698
0.14634696850736
3.09632812108646
0.29549633379795
2.11968481352174
1.58292687975009
0.332070166851517
2.01439774625723
1.5954981956378
1.65817451344138
0.959304784703594
3.01859243312522
1.86102688770148
2.00526022511768
1.01095634559915
0.91886823570474
1.85111538597622
0.214615495465314
3.38380046055937
2.301769723017
2.61265180280044
0.419795787086737
0.258157573099486
2.90450878738325
2.81435645508948
2.4684186128275
2.45365577783554
1.23418019554057
0.4616901097253
0.227293593427763
3.58532210121088
1.92392399660813
2.00568530158807
0.253950325264674
1.8989682509271
3.15566114813911
1.66070424405548
2.57454731612547
2.28142370391963
2.06119099006117
2.77184283357573
1.62229535781362
2.29622347649799
1.69835246412941
0.809098030825171
1.07877565926548
2.61217379216855
2.0521475768349
0.552339487050768
1.40200892334468
3.14295035641054
2.5172964112075
2.14733925076205
1.36812780005428
2.80400116422723
3.52302447850703
1.41319351062828
1.8440339461726
2.35760201240735
1.53746066049172
2.85606096441015
1.89491504633831
1.60630604162541
2.4267673230359
1.72264901805022
3.4742541491799
0.691411900226806
0.437945357154397
0.947638118584213
1.26363874529414
3.44868232428731
2.6289681616682
1.63423965502059
1.32182766298893
0.802326682184202
1.29584698630837
0.95371692658051
3.44228150603889
2.3266570140207
0.882030487301014
3.58333445332879
2.47989210931209
2.08431713579939
2.54358586600621
3.21059134993846
3.58065173315844
0.947876334838668
1.72269935488426
1.26464371779185
2.134406737357
2.65890424604862
1.60936044959157
0.902191534254329
2.06477797939656
2.96113958181244
2.33580029217437
2.91204103533473
2.93772682874013
2.18263977119214
1.02356502364435
2.25299433958573
1.72328110079824
1.49883220958893
3.32259283697967
0.909981420552627
1.17445326481826
1.37443868688656
1.20986463993232
2.16072602750817
1.27768193400137
1.91500219974331
2.51997140568188
1.71310574324449
0.682590559247064
0.338739654642126
1.66386924015233
0.219430831833758
3.05406235896043
2.88008029802102
2.57565022838034
1.71652037808368
2.63577593792762
0.54979955819764
2.21623613709163
2.45891264474075
1.859688001422
0.419221766433925
1.97609165380615
3.2752015296164
3.08155740703693
1.73525753493448
1.62204848036815
0.396313569390961
3.25373696417764
3.52627906474377
2.686651281574
1.11976872346076
1.79117350807262
3.07926718756279
0.411702485972209
1.88777858100679
0.944184288728292
2.70911289614887
0.850567671989241
0.821178643671744
3.13996053476662
0.867892454378808
2.40416984438772
1.88103241633409
2.40478786347841
1.33982733803179
2.20503053318023
1.69806136527044
3.62006753021451
3.43442290480841
1.38001290779939
1.71484312150011
2.42336969558269
2.01539524301961
3.078249239934
1.71056253258095
1.28816599511212
2.41180329244832
3.16296920355365
1.37637606770796
3.46563732348806
2.42319948813321
0.670003275675666
0.382567237656316
1.14955017097418
2.23990299798003
1.22211956125385
2.60612820995288
1.7072963617822
1.74768792748494
4.01195647341354
3.28866034318256
3.25424870375974
1.90909243674838
3.86268135140653
2.73757156779141
1.66293328776572
2.53386618555053
1.47566514479959
0.855916995243422
0.352219196144102
2.67685767589658
3.12114776305165
0.54242480803447
3.08657498733523
2.25863419453438
2.22470936359072
3.50201984611011
4.07916553834241
0.786373330756195
2.47423095576331
1.13439063642542
1.74487862674127
2.08708749303926
1.80325832923991
0.450141007462009
0.78092474299386
1.21954582594192
3.0063977232645
3.15818620243037
2.73555987067078
0.968935361196547
1.17595799945581
1.51865880108164
1.43139796692244
1.35883468278681
0.948682833505774
2.33463959927597
1.46192022550308
3.42549492374711
2.7232570200375
3.40314424935691
1.58479300445992
2.67692618718256
2.87128470556718
1.50038313488388
1.48109624152988
1.00939353649044
0.945320924968749
2.58502054703556
0.509735619653359
1.78096060779664
3.45917304970829
0.898941100896426
1.0855882811669
0.746784075286767
3.33873352093077
1.69127836302283
1.93235914125053
2.75831729410868
2.34647515690491
1.36563921168813
1.92450847816312
1.29386872389293
1.43037807258292
2.78627970919821
0.602025930639627
2.71539214868272
1.56150999370439
2.86186890717244
0.461164572124485
1.21227451268317
3.18317686144051
1.85371788784336
2.88054647808256
2.54920632248244
0.90670009139707
2.23296864630758
3.18990250719688
2.61610810420332
2.53918524627698
2.72532796981475
2.09120691515641
0.68518532402829
1.57877635746273
1.11463889373052
2.35825345895302
3.59586905163006
4.57254828793221
3.02219072752174
0.320740027155696
2.55497515275997
1.49795902838404
2.81892142209248
3.15689143663298
0.275263302473735
2.60112704188926
1.58598422322386
1.54161381774185
1.86507341481279
0.153306665302745
2.42660002791752
2.84086261709819
3.20889639673627
2.7581539240934
2.20842597132976
3.13480772106311
3.60755562498358
2.70013150461754
1.52422067733633
2.09613562594335
0.77162048276358
1.27071242632202
3.14198882307252
3.21305578422444
2.95642212960234
1.96262345717418
2.64497122614685
1.01327006219018
2.38163715727191
2.22148041193126
2.14397435399886
2.09502034375836
0.959616138816268
2.61142450177484
1.16331048952427
3.25594308249391
2.39610628713051
1.78073298880548
1.77805197989529
2.29593858616803
1.38096194748341
2.95509605826964
1.39171921883149
1.5313286580345
2.68822363624511
1.85987875871405
3.17808782021536
2.05979207614533
3.08453998763012
2.61026225921518
2.09546429216877
1.95198145864819
1.56813024829309
2.08637832639139
1.59621042104028
2.39082746992653
2.44764168196493
2.14499575873519
4.36975560536779
3.27367923363667
2.60106312896681
2.70816143556637
2.92354077231385
2.29460368599175
2.57376888675426
0.461528594813064
0.517271018255171
1.92882329220348
0.494835820738287
2.33742089363201
2.54405058827546
2.33944506590201
0.245814451498316
3.53731042019316
1.92772970300381
0.235183995649599
1.69349205724189
1.72089220948771
1.68343136830057
0.826183873254203
2.11241218967913
0.16331492559498
2.31934022679085
1.33115836980501
3.17375293414342
0.487131408203184
0.585011412791119
2.8865130441325
0.439854132434864
2.18088399710704
2.38245860619219
1.11854196178168
2.75768584820976
1.5873508770768
0.261877272440826
0.478290261165339
3.01645051099521
1.21789390278351
1.54761346802311
2.83296833370688
3.91424073746633
2.82707881212359
0.0339606764388565
2.70672404573291
2.4036563737396
2.60260379433631
3.50360311153245
0.171176674459429
2.54349355658925
1.35336968849279
2.55917127804694
2.03783116268066
1.14107529726889
0.755729709065973
1.62292979272207
2.9486739120719
4.15672026862229
1.15208014643266
1.87682609572762
1.19173711087656
0.221478987549246
1.75083294789786
1.57033512317777
1.03420900886899
0.200762984802878
2.17366138262995
1.38112449455295
3.67927472819608
0.250183948033876
2.41425284108128
2.73865652158097
2.18341354132392
1.19301763026699
2.84537499012776
0.861247522549466
0.49387110624181
1.63377168703235
2.29901073674164
2.9893242703823
1.86990830101749
1.79316042434902
0.428892710426357
1.62010552560259
2.22184135960516
0.874090711894047
0.471233482397718
1.39212806253995
0.723992288955151
2.66324494179744
0.447974867505444
2.33999490673609
1.13756734119644
2.24236148446162
1.3464462511042
1.81114176430583
2.99133381435369
0.654031418693787
2.37522889336579
2.21489474654476
1.08454389481412
0.230484477711507
3.1397675460601
0.509163320907556
0.566326973197303
1.34097696923546
2.31664678525847
1.88113438397634
3.6910083269677
2.43612193679048
3.60096865418794
3.28299968489915
1.76380108845417
0.22331942437328
0.183374756328539
1.06429792488838
4.24164025108555
2.93936775005581
2.01554803825267
2.25544583292786
2.19424489001592
1.88996699202271
0.447765340942275
3.34281779009315
1.78782324105306
3.0984959906611
1.18578527161079
2.65103335482706
1.21183024101619
2.11941121146428
1.35780635305802
2.54686478019827
2.2127705221999
1.25175165933902
3.22698257770641
2.56152650291994
3.29178766155772
3.97457299334032
2.7338380419999
1.78139386889306
0.890634736535171
4.10821094193315
1.51496567976599
1.60836347918391
1.247994638434
2.94000258546622
2.91427994061524
2.78510118799294
2.29460025641436
1.93120056245516
3.18505616993234
1.81190772390783
2.46358252612172
2.49598097065778
2.91372471655622
0.955725215186263
3.04073201966209
2.44629009199793
1.11607252081338
2.59455526886742
2.61467182224051
0.748080613371758
0.818593587870941
1.69177250974121
3.0842824280435
2.77072836138205
1.67154179347469
2.28203486782745
1.44818403974363
0.606238281369106
0.0326569716891777
2.83943570120568
1.38879830980207
2.21725535331647
0.951048780242509
0.385362651632521
2.58380164082602
2.9822552792886
2.50237150660402
0.353987586428283
3.22068034585871
2.57802197176149
2.33399382637856
1.86561962604431
2.14896517930313
3.42011700167609
2.10925378556466
2.10599327443978
1.79720314099806
0.366085823260744
1.49540419015109
1.16619994263811
1.52013104007332
2.22228756940024
2.39921112466145
3.03228901363988
3.39225152127628
2.06007895374581
2.98177745989666
2.25787390814611
1.89634603572061
0.622318763195364
2.33700732981055
2.27367704566859
1.90075311288809
0.714315307232768
2.24601639304612
2.71115488716964
2.02406518017923
2.1849751315899
2.67001275966153
0.0336873264414701
2.20154819859871
3.02322936824842
0.972338013721139
2.36698810585998
2.19756216860594
2.40042589292128
1.50697697225755
2.24565446273014
2.16458865363577
0.866120686582336
1.75933621474087
2.1907641858101
0.53139541905771
1.46740891985665
0.853377151000109
0.59945225169117
1.38084140378827
2.65616614796773
2.02958562400883
2.58021892454493
3.20908875359162
0.543109392665947
1.50957302124266
3.1150229526382
3.13310806487823
2.98687694922656
0.189094633564477
1.43651623556384
2.48318295036273
3.79975581294953
1.86032876656585
2.21166468953245
0.662674488344925
0.778563430294693
1.23984658979669
2.68826102692615
3.77352168919275
1.16221345257203
2.89314195004334
3.3949787822508
0.756528296603594
2.72669678625008
1.39048825167209
1.02826322066522
2.81658992709383
2.03371018705329
2.43186285419758
0.0050217268937773
0.390716098102871
3.8471666852825
1.41024599256294
1.7770616623457
1.52199814535707
1.92034257957327
3.77337113765752
0.225635233723717
0.748825425489322
2.92756743684037
3.7231356388017
1.35730756108376
2.29788903939586
3.46520737392347
2.43955793611248
0.0875564585757416
1.61904458170428
1.98834400791597
0.0897947387220031
1.1250238662412
1.4113007544577
0.0168955227217175
0.0643565348138172
0.177260351663382
2.39752493215856
0.119979964538689
0.600746697507198
1.02037910931099
2.79082080958015
2.46708393815169
2.98235659797063
0.66103997250979
2.0953031907326
3.56209772974463
1.72023488301658
0.709803995874965
2.24861310505262
2.34852304719584
2.69352556780009
2.0930223978475
3.61821176748925
0.388063862531732
2.8504721178237
2.33905300654243
2.14271760998701
1.49655759232235
3.55129382031989
2.599861732989
2.02606242891135
1.64864651988741
2.46859617929938
0.295044870489401
2.06168408804952
0.959749519902866
1.52219427635305
2.44272972193815
1.00367688339329
1.25032393207777
2.78259551891485
1.47315500536049
0.798147711885129
2.08987982549031
1.21783418228233
2.06368360233974
0.856150890103986
1.88998357838704
1.23647167132841
2.45076271915281
0.850879146334546
2.48608309076279
1.47144660498314
1.82854135403548
1.03959791979646
2.19756192851093
1.73891608589359
2.36626484177941
2.54104261822565
2.8161530717591
4.17448327524996
2.98870370754637
2.14150292592626
2.18920209852469
1.22508246411658
1.45654255020465
2.72963277537367
3.28627540911513
2.12412930251128
1.16977501628015
0.552092654362245
2.05603252543665
0.789638002197056
1.67059011133977
3.50661204978545
2.79567128789714
2.19008976875745
2.69559902483014
0.383463800783345
2.10892407028383
2.03199126464413
0.205951360987269
1.06594422290944
1.45248085074773
1.69819707072117
3.21933246530645
3.01278704759612
1.2406244460476
1.53168639528809
2.81923520465107
2.60479999833733
2.22890463360048
2.52130849278685
2.00695563983479
1.27737492395625
1.60278492780988
2.76638297442988
2.35766225754161
3.14925785284231
1.25313096524754
3.28127317330126
2.69095056881812
1.78868290090329
1.30072157699792
2.35817402972822
0.517066198818521
0.1164718375425
2.0132786854821
2.01156206725218
2.36312092015993
2.44955655689284
1.76453767248792
2.54636285938339
2.70298964600394
1.87821795375864
0.158370890699609
1.30571623309188
1.41902089714226
3.08181848124358
1.9697233935514
2.72176750334233
2.02463300888755
1.84221375370298
3.74220430030972
2.59909115962198
2.4325809216726
1.50411065111277
3.65782675938927
0.87317658188645
2.02287749237116
1.27977960281044
0.979266851676288
1.9086253099834
3.443052329865
2.36182333982045
0.970340480317326
0.216236431904846
1.43358832587315
1.87629717004785
3.26369474301754
0.875436697304415
0.939748742854203
2.84492712213189
0.998297797309693
0.747416045609223
1.77781105800002
2.8330235174012
1.98283920634413
0.793857657578411
3.04703126791726
3.2779512224815
1.90892605162664
0.224935161597692
1.11385554075201
2.48521840384448
3.24888815901747
2.78464921448333
2.38109707219599
1.38447131896542
2.4302494093424
2.77610901037727
2.41512008257418
1.38401512172854
1.11501009319516
0.662739297551619
1.15480385525502
3.4573122614434
0.223612876707649
3.4229199366077
1.80541510421334
1.30082855277638
1.03605079207624
3.27954408962846
2.50178031522308
2.56765194804399
1.50043831299704
3.62593711401849
2.15653053966636
1.33731319977474
2.36803277962065
2.38629095890134
3.9838346477851
1.21131857328398
2.29101634513845
3.33287799454829
1.56534653485537
2.40467016360221
0.386799406335505
2.41894457841054
0.964092500380236
1.38273484597379
2.78340390161009
2.96541747921852
0.971950314893509
1.27893038262009
2.07627384586014
0.408729483668856
3.22921670746765
2.05196934791242
2.17832067105019
2.81098019864841
3.37570931882132
1.84075536036494
3.57379773341175
1.37946880677382
2.36299530580023
0.811365238697806
1.97465767271927
0.981104145050038
2.48574056583095
2.93381924783395
0.343888082348531
3.13806738950183
2.70770454156306
2.60128743384453
1.29375547979257
0.84608940788397
0.878287510287
1.89103827961155
1.53999288631369
2.37996143704969
3.95804377496032
1.82850856719268
2.04129761605096
2.70393736156475
0.610790398406126
3.47051989171187
0.514055017560046
3.46336717703837
0.184633321721527
1.19187312274141
2.7744904300334
1.84493293840744
2.14768202268039
1.41306955336005
2.22418480625958
0.994871173698748
1.37150421571368
2.85115994775941
0.69559046581333
1.3501660053198
2.4451853356886
2.10752070740933
1.80352334164925
1.65563480634801
1.20706378678288
3.24039696966889
0.553402453889002
0.544589858720697
0.4511618577017
3.17871113006087
3.61988849485672
1.13703466540736
3.19816480823187
3.05900866546393
2.3393371936848
2.42392692623864
1.71043519272958
0.645198633911484
0.516945048767425
2.17161668209511
1.35316364935018
3.64520913159431
1.9975534453044
1.92447298804807
2.99825470667517
2.97719253086839
3.62875753752372
1.80182310877465
3.06153840645603
2.07895338995899
2.83596860142583
1.69836667032571
1.46430510280614
2.45510801606576
0.423179051699031
4.0455134190911
1.22221431609186
2.27418357950969
3.75455259965539
1.4592242606852
0.621530320454209
2.63830431642223
3.58966152154684
1.77465271397921
1.51804200063531
0.0633010754256937
2.56409424154264
1.1582697083192
1.40795617515372
3.05119591669698
3.11601833048673
1.90316968654228
2.74926716555545
2.76865038255621
3.81780014004869
2.89215462023248
0.0842878388161792
1.88534012370659
0.74342890204923
1.3626862510973
1.51893999774172
1.72362343263039
1.05058633390584
1.55427119988418
2.88059982480743
0.496258586179876
2.65097011443298
1.53534423624254
1.89326172180228
0.18248060302402
2.27834291629562
2.63399527588376
1.91730108500093
3.59308194645118
1.09295797142071
0.0951039478257781
0.214353099413637
0.211167594644467
2.34187437040736
1.19992500776716
1.00485124646371
3.31444086181975
3.23344764707445
1.0134207507433
2.28223661543304
2.94018348137572
2.796640551863
3.8278193226202
2.36551712641468
2.67513916052936
2.31162045091869
2.22410389260088
2.98731216532815
1.95970437591178
3.01508707034851
3.2646457823944
2.99508224540963
2.80884135194246
0.856800752428909
3.39869464744847
3.35188864708529
3.45239700130154
1.81358861241521
0.704025615906404
0.785556197683549
1.08952375975005
2.88629075613894
2.74806030130372
1.22498306485609
3.61261610352346
1.97313380692717
3.64371832983939
1.44932284019942
1.72019658752256
2.37141132160642
2.3722206367594
1.68598144962782
2.82679202772045
2.23215792736355
0.269236745365557
1.6609102397271
1.37400360615217
2.62270620643159
2.08174292712678
0.346478457998451
3.32367919087205
3.09884789131917
2.65965002561847
4.13491167131346
2.45256484401098
2.05350065550198
0.86317524625907
2.97430142596655
1.91057673068812
1.24090555550554
2.53472605321638
1.26305340590091
1.7003061182497
0.975741948845271
2.91863045916375
0.351795614844097
1.79055755711169
1.8131099959954
1.16872523105354
2.46185753604623
1.85802517326237
0.35111036573893
3.00916633305855
