2.32346789570016
1.97290865604059
1.64127525760576
1.87392518492977
1.56810253891622
2.161011474641
1.9450274749696
2.17456589090114
1.80041054242702
1.96309879282074
1.88735113793574
1.72420184260805
2.30394303261555
2.15607976248586
1.7359180893195
2.37955394324065
2.19394811549667
1.97938144665831
2.15448406940259
1.39143272912027
2.37906493298881
2.25920406170837
1.72679220953853
1.30468230290429
1.94902518981183
2.3063926517892
2.14718113043631
2.3291572578676
1.94664462347515
1.69102909227832
2.27379484308592
2.31517980459399
2.21161619413696
2.47574901228062
2.23441532288362
1.1037648474058
2.17511133051837
1.58008501660966
2.06027494683161
1.96465392428188
2.04996534463967
2.42601087947359
1.37915570424649
2.49824620008126
1.34483120306663
2.49897783634746
1.52776150367453
2.3521743688945
2.41462892590095
2.41182081990778
2.06131432923233
2.48267144624633
2.3764421927085
2.17553347593541
1.36482566456724
2.32783686671104
2.29586116537252
1.69205929954237
1.42818953490713
2.2882349242464
1.36141715062902
2.00126216461322
2.38248136968502
2.37614936543285
2.1551182029184
2.13313754725133
1.74204889335852
1.83665172060067
1.70178401484688
1.98609952311564
2.29213916168334
2.16271002459448
2.12952968046706
2.06686956259221
2.33470071104155
1.74340907071663
2.07631398498823
2.26908166829593
2.39456573854393
2.22539089064216
2.12212624890997
1.83181033399249
2.01524602431821
2.43765806459869
1.49376517605917
2.42168537853266
1.94398736332578
2.34550266995082
1.74815095579058
2.46657613478891
1.60351949756246
1.9174826599254
2.2803583283795
2.16290786394116
1.85964583192611
1.32280251411913
1.60875779644786
1.75341996510003
1.7580478870225
1.67539533570041
2.17601479993741
2.25114663082545
2.14714794679791
1.89670049166119
2.02007475862161
1.86013050388713
2.4311955925821
1.93862973401283
2.30461013255203
2.2876022338839
2.02903595975128
2.23996174872943
2.47494382719336
2.41936601994431
2.21017122591242
1.03806301850319
2.01507482600667
2.07252958786682
1.90135071136014
2.35843655023846
2.39663191289964
2.20471025568762
2.16029191379624
2.36852679307168
2.24163266385394
2.21248047715483
1.79648268714856
1.18467391877551
2.30157233876504
1.69530649077519
1.99312936123531
2.29825206404002
2.02282994771677
2.10181776347064
1.97517581150892
2.32990615714816
1.61122048722473
1.73674836265003
2.09914633933782
1.9969128667353
1.90101941992591
1.72195862274906
1.9623720935436
2.42787388937417
1.53823016950287
1.41755203390162
2.1132429584663
1.56269281250401
2.01932108667388
2.01049923789724
2.06777066357427
2.25429904255448
2.39038198349105
2.0849242639526
2.25050948494786
1.76568546492567
1.97592197295995
2.23987441761757
2.06769321726712
1.4857487556067
2.47588858735074
2.34426210594413
2.05629621845125
2.40175968782477
1.90290986596577
1.82371028486633
1.16252740509806
2.01679830714435
1.65310164551626
2.04745337064818
1.98560616944813
2.4379423875997
2.13298689973427
2.35835347621053
2.11640469688258
1.82342979480543
1.63062679245652
1.15175928033522
2.19355059181162
2.49807311959905
2.41842061553306
2.23597933947241
2.29674629266907
1.6129010922547
2.28667565542995
2.06177423809292
2.13799127862487
2.15099926184215
2.00532243787734
2.40813933276138
2.08871095031907
1.92912133860418
2.30894394419567
2.21305530127237
1.75732023101476
2.18290845053958
1.6120444967499
1.73046507290651
2.10696199042689
2.25142612358432
2.25093602825767
2.4498027216652
2.14520435000167
2.13138754485201
2.43479144724591
1.39008180218455
1.48019336163144
2.35790363191615
1.53226981973123
2.1742246775119
2.25877599406388
1.90529106701405
1.98317228377651
1.92116983164695
1.58745361229528
1.98782743389999
1.18056349392405
2.48608760630106
1.76146590490622
1.26185349458573
1.94659516533711
1.83441959028329
1.18797897699632
2.05899273665993
2.04536781068661
2.17803009331839
2.18208588088567
2.0476594995274
2.367417569985
2.12806164344408
2.11609678095892
2.14484214179923
2.27367676243571
2.12482593956578
2.36613760357713
2.1022851413194
2.41316970907023
1.53391439344986
2.47729251226844
1.61949856660345
1.77853772236983
2.22065620300115
1.96955050595516
2.4479342953915
2.00230947700805
1.63439732233972
2.30808329489819
2.29486355006637
2.37428445708787
1.64277701794536
1.53085088319927
2.24779587234636
2.47674090040417
2.30931295607823
2.42349236092499
1.86183302319108
2.18491727536412
2.42623224942767
2.27581366283525
1.70077315544122
2.22421879558866
2.45300843945766
2.3298838584705
1.9962935491078
2.03736733878457
1.09132624093182
1.63970967800492
2.02832541650614
1.74077150819165
2.15217106444222
2.22178209972187
2.29936003691638
2.05517338248904
1.52251984710053
2.21615996584945
2.40996113289307
2.26911027489048
1.91449712695552
2.40383003501222
2.3084116922441
1.72575793167158
1.06891194646887
2.39627943120009
2.49284150755629
1.74980044166191
2.47809023479275
2.39559191007399
2.18955952440566
1.63907117937104
1.98369515832427
2.12823813748869
2.05569809808153
1.90399915663916
1.78894436397793
2.22237349856517
1.89947381994407
2.4157519955735
2.26177711670808
2.15548586348253
2.13177743353255
2.09269234096786
1.50851739789834
2.23848216111763
2.02744506746162
1.48272285345464
2.25559309879381
1.98771030834937
2.35033883162456
2.03167037381279
1.18333786271927
2.41611421924444
2.1894274858035
2.23422301349704
1.43702108823156
2.14317184323187
1.91778220268272
2.18009341545806
2.20975185862525
2.05616083599182
1.9305129047706
1.83813343076451
2.41044445402935
2.38021632572532
2.19515359663905
2.21478540002633
2.39613731172555
2.04463450354252
1.84335806767105
2.06640285571307
1.76604216694058
2.33132850837799
2.25095522803046
2.38421329067218
2.44775947784324
2.00744652320221
2.05175828182491
2.27807303420191
2.10631925243183
2.05054250416417
1.94061275246598
2.22390629603047
1.14395728285155
1.81861494920938
2.2986707613706
2.20740227439995
2.39948932379132
2.12544787378397
2.20856880704852
2.04108046201406
1.8097348848839
2.21423663941185
1.98033409537965
2.45618194373522
2.37424858871704
2.32667905036457
2.25576372794552
1.82311626347742
1.47811514539062
2.06667739079424
2.07810421438823
2.05344665471379
1.73700122979599
2.27711776444261
2.31067666047026
2.34969982028541
1.12187903931776
2.4600677237203
1.64185778604009
2.16955942441559
2.27655251942452
2.16981161397871
2.21822563340738
2.19888201530307
1.80830575583003
2.42782787048347
2.10297205157027
2.34021384325258
2.44706936207249
2.33002885543647
1.64099212429495
2.18564409220332
2.12112210670119
1.1541174310249
2.37442147338637
1.92884456567318
2.14798725294306
1.85189561088818
2.03320858385634
2.14129627360703
1.81339809785501
1.49106115754185
2.16298494719354
1.63514255140734
2.2257519338204
2.39951922521645
2.11183211314479
2.23826931044477
1.91964354835349
2.14004739953196
1.1477044017704
1.81101017454858
2.47893843470615
1.51149497413038
1.38083844956467
2.22119247196601
1.96978306817708
2.13380672549562
2.34110934156466
2.26516130045571
2.26291054281025
2.28268105526931
2.34555924421765
1.97099485770624
2.23205339191901
2.11972753140103
2.07215366530013
2.09753398824692
1.83820573432346
2.33596164853626
2.16460793444213
1.35359275638531
2.24501864481536
2.30681934167734
1.82363424171713
2.11149880206107
2.40566658422992
1.83118419448203
1.70234210701437
1.85063270435585
2.37580016892012
1.95590423347596
1.28293407874175
2.24455503384097
2.25839501463604
1.93561811148532
2.23678003393912
1.44652618367494
2.26717100463473
1.74156246975246
2.0108614623026
1.21994315533873
2.02018286077656
1.85581559296139
2.20044215924722
2.08066268550578
2.17419661708013
1.71712209433171
2.47679660057917
2.05345841202053
1.37638060470458
2.09414031201514
1.92068552841088
1.91929798830604
2.37056607503617
2.07618126865992
2.09182018934371
1.65595281817879
2.24892793624656
1.75787036793185
2.38282938531402
1.68450919515166
2.19502240066374
2.41963840112173
1.87173680402294
1.7801964532981
2.21057738205025
2.34590920539169
2.35399795291305
2.33893302112105
2.11705288849246
2.3717414031368
2.23909367130988
1.67430361053295
2.02512632092127
2.22288017986141
2.26000761788798
1.88249344028392
2.39406178385937
2.15670114137228
1.22155410382803
1.71739072656993
2.44996573124874
2.21035544687053
1.13764475128109
2.4471525483128
2.30234170182979
2.2271427778804
1.54330966137432
2.01073447339998
1.92360351354368
1.90883521861654
2.38444870271215
2.40026767459147
1.71057463284802
2.12203367621203
1.84364486617075
1.52012248280727
1.55829530354578
2.36803979418752
1.97857708261382
1.63536361651475
2.32426704772679
1.59574765907794
2.4061946073056
1.72564206357614
1.78440936332017
2.39730763443995
2.3697964283215
1.91103873930583
1.89197325416574
1.93342904808735
2.09201936098205
1.56537725573506
2.357941865627
2.36972742459336
1.71359877686264
2.06633082978416
2.21510560902004
1.16556709176228
2.05590711285123
1.9933703695272
1.7841211250015
2.23336070262809
1.49781648241838
1.95021982853603
1.71476029005301
1.81041086054427
1.73519321257849
1.85760216779453
1.93019236486357
2.29470535355469
2.12549626782468
2.06807341765147
2.08733547844985
2.36447524493732
2.33445283293763
1.93252720068143
2.13524295030348
2.14495741891216
2.30403116132412
1.69154524618845
1.89877171077117
1.94061474733841
1.93855343662529
2.37328696572099
1.92647650519
2.28117947964384
1.55363595387289
2.24081774580699
2.45488648603033
2.32123464004131
2.29037403210041
2.33123645617091
1.87588066471993
1.75497172235124
1.64793369280113
1.21371487557133
1.97436400773529
2.02619063948773
2.17031578046176
2.19896009012494
1.81920948544049
2.39735395559531
1.44588500220887
2.20903086006693
2.46177701681556
2.45420297822854
2.25489795730078
2.28283811649706
1.97173587725038
2.43995759955963
2.37060550272599
2.19634322678131
1.7498388860321
2.3143457145059
1.94395836341637
1.66726514803327
2.34555555541756
2.03102052025256
2.16304700645363
2.46278595057901
2.41782823153494
1.81037875497633
1.79597309629388
1.95104483704943
2.40569287850654
2.06646649102673
1.81321579381935
1.90416931109103
1.80771651678571
1.69538977345401
1.45233138146239
1.64734541387513
2.17402956608564
2.33867421831054
1.77222117802306
2.11330258717819
1.69180267025063
1.68715949692009
2.45282978474302
1.85061355959026
2.17492269601969
1.85766949451054
2.08696936705518
2.09884158098128
1.78473983149238
2.44638334156202
2.31550309561902
2.4400763018035
2.47922733197312
2.36251896493265
1.57593005094216
2.30109104031971
1.91511038374523
2.42097918612346
1.9281416652337
2.29240759649208
1.95909608277113
2.29629215446443
2.27777385178332
2.0931145255514
2.02810811478846
1.51929789839197
1.62098173904553
2.20889603123754
1.73111011164818
1.6827583028876
2.11638384028002
2.05849107364924
2.199407394205
1.42088319825689
2.40160290536001
2.20919743177897
2.28981010993508
1.96540024666828
1.63002467819212
1.91811947380968
1.9736535091336
1.9125123408313
1.92847774096038
1.53248623822441
2.06942002449022
1.07053395306886
1.98583697392813
1.77475794743132
2.45835599226575
1.96661669988475
2.23897149232064
2.25267950572617
2.17858901161509
2.42661268413254
2.39624746462424
1.76467264945804
1.60808172238374
1.60845973048267
2.01122065445402
2.34753704294476
1.7744861294546
1.51531107399416
1.99385678433996
1.91968209464751
2.32503509925745
2.24131680953607
1.78421305576837
2.33801490970549
2.1290276609667
2.44750118429771
1.70518411185406
2.12117644445441
2.35591109957711
1.62989457821503
2.11237907517457
1.72773212920833
1.92190095529966
1.9479982512297
2.00651495449917
2.13951628161451
2.42856368371391
2.08667826665772
2.25163529318742
1.88211263031582
1.80907600413608
2.0804050799751
1.9187539952978
1.08242679394222
1.72359579390412
2.49883372392847
2.35380654939899
2.49581936793799
2.49510653305122
2.42157387420299
2.15667530060204
2.18322026724088
2.45908230469634
1.79875535109688
1.79436794957627
2.12898401353653
2.161595866308
1.49112156077378
1.75803841954391
2.30907499637086
2.25822411628321
2.40893798475358
2.08399989484532
2.02180669855564
2.34624376917348
1.68368250469601
1.57896212334629
2.16081422056997
1.98020203986609
2.36757364055129
2.17239514815058
1.9765248092794
1.34670888691017
1.73942802467408
1.81360497627446
2.16871947749813
1.52183695565702
2.13808953784365
2.11949925129451
2.08445043633963
2.27151520432947
2.29173518608335
2.1800501096471
2.37831361411973
2.27995796257875
2.29965142598932
2.14505031106
1.79699795421632
1.8394567426703
1.87660260772764
2.0122306289524
2.49228007525101
1.87270382913913
1.71831118638864
1.65420464838529
1.59605096364183
2.34032940079129
2.42176464693499
1.74803211716365
1.80924229974255
1.81723516145411
1.42830949714956
1.75495359869193
1.91680445128152
2.32296440176697
1.46345429607355
2.20377358909299
2.13059274317999
2.39800152418369
2.32789370912784
2.11115157653597
2.05018367952545
2.20974274368647
2.03489946207247
1.94940715759975
2.4174635274027
2.05519042010211
1.59941538560139
2.14147278496936
1.30302152585119
1.97843726854551
2.0801885219364
2.3465355953503
2.19889979821966
2.40601770137205
1.6623708147174
1.85376641971707
2.39403071059326
2.17025557643882
1.34247867357172
2.40732118653198
2.26218338563708
2.09210452330255
2.32434092946837
1.95561483265121
2.01995595951291
2.33626081783965
2.39043820980969
2.23250163405578
2.44148259974994
2.09197481521195
2.15296307216522
1.89963967164211
1.57480718783507
1.86904786761636
2.23569088257198
1.8345009661595
2.05443331754346
1.42681285352504
2.28210960541047
2.48121389157477
2.39080394115596
1.97563876376213
2.04321710511361
1.31628847646964
1.60746882227109
2.09726202765439
2.00281225960737
1.2000728595406
1.85213516651324
1.79049940634373
1.88495446661013
1.8172785106439
1.65934523430619
2.21120848592792
1.57114382659834
2.22717158958828
2.34508345837
2.2901028878079
2.27490392067032
2.00903515190912
1.57360412200516
2.02793422260764
2.16222215152584
2.02088335274193
2.29341870088081
1.81125131946335
1.99737947843402
2.27046087049054
2.14808389028901
1.75400676141673
2.23486444764962
2.39297971184034
2.30286521524216
2.26333326184203
1.46437646215404
1.7803800391426
2.25631515236578
1.81008442458659
1.85988284572338
2.37525732329048
2.32884346780099
1.66758542940876
1.65930210495414
1.64195795879297
2.26011043073147
1.951322660994
1.94605570617365
2.10369882807033
2.43065921157336
1.56105800742123
2.06584515294789
2.30662113851913
2.33884829098566
2.19958022178249
1.84593503820594
1.00429136619738
1.81266151821955
2.33322665985061
1.88736259713856
1.88894876422638
1.13171191746849
1.72189609857079
2.49858741848978
2.48998274426611
1.46912724704878
2.21496051872398
2.48819493016852
2.24155021199173
2.41971644729342
1.61200413872531
2.33926439905032
2.07206619602252
2.00156816397865
1.8449430865528
1.9700166925812
2.3124644835904
1.69591303008616
1.75101425083775
1.95230030067993
1.53610086485463
1.84740187903568
1.6145278328353
2.28924116514994
1.96343594466398
1.74348073255241
2.08021038517774
2.17701218023376
2.16974729993752
1.97752055276789
2.086050123128
1.58468630152657
2.11034153837387
2.21565197849048
1.92282837922286
2.30780153639251
1.89959523732229
1.50401330384264
2.32466058809803
2.19092601611056
2.11528993487029
2.41206959357946
2.00349596740343
1.72574021163896
2.12345125754812
1.88034076135736
1.94569753498357
2.15893814844404
2.1900823198874
1.85493447597269
2.37733577611582
2.34843702788876
2.18095996706694
1.90238042491168
2.31105706719168
1.40019740910341
2.13794957112195
2.12701024389689
2.03137014745816
2.28333819450217
2.35742907671301
1.60875376110115
2.42465846986723
1.67208553715073
1.57969638803815
2.07283176625304
2.23467618935644
2.0958090025873
1.52137559786616
2.24810844439313
2.04936878291237
1.68844178940546
1.82082998478427
1.88194683999899
1.80662750645153
1.22784844304925
2.02099957188149
2.24644310882754
2.32064147551711
1.2356536768657
2.42993833018951
2.07569550743351
1.99865283223518
1.98568336922851
1.9254001283625
2.2702219127855
1.79621100124269
1.45486945021134
2.3319646560861
2.39526185949575
1.71277308703583
2.15880519439617
1.97877017433695
2.0143018223793
2.0282103778882
2.34804804121453
2.12673615332464
2.04223963166765
2.0417926036938
2.23801815896899
1.154354803047
2.38725640682204
2.14502245559392
2.00690706381332
2.10919762621593
2.43682028218498
2.28577693296076
2.46173490836884
2.11131485183027
1.79149280246118
2.25973117824954
1.87130298347157
2.35761024197786
2.3557228584972
1.91474157641394
2.12311903436006
2.24556288221842
2.01657826468667
1.22077581130279
2.4630149054852
2.09428290608401
1.63880054330259
1.61662032396585
2.0894132951925
2.06058240799123
2.21813811645551
2.0295690249045
2.43716841891467
2.20843049188834
2.05215089059789
1.94856922071876
2.4006705172004
2.26881034438883
1.39023964404697
1.6129966792869
2.19174751746156
1.81749859962119
2.0805126542939
2.2675094261544
2.44564602569917
1.9732816446943
2.46658324496133
2.29972123301839
2.18721503996881
2.14868940545692
1.96019281377393
2.18386823581392
1.68899210235898
2.43097514320909
