1.45584073306347
1.60024656155006
2.22485502679279
2.32942022253523
1.54774813376018
1.97457246387443
2.05712630953826
1.63348004272174
1.52879230725886
1.91901652883234
2.15002839045645
2.39258462731324
2.29959649692855
1.17457532037005
2.46043049917966
1.52090333386036
1.61880814263092
1.84155789173145
2.15905624937123
2.05377133086099
2.44789498524482
2.13484185498961
2.00840601706077
1.13530288774529
1.83790788279185
1.60097685313631
2.19116071617524
2.09718681752725
1.74541169508768
1.65688661333369
1.48489285961418
1.43906362594669
2.15987470212785
1.87008267420853
1.5843429187952
1.80015731485507
1.59903327281038
1.71384587258706
1.38445329343821
2.03215174711411
2.20149872418349
2.49249160963144
2.15655927139145
1.2157380838481
1.02514530589573
2.43946322403638
1.37030586764915
1.3160849601117
1.599936478395
1.90389543507739
1.83962658220787
1.72277291519359
1.8604330651645
2.0597036439908
1.87445310608509
1.45193687550206
2.46329923379197
2.0425365399148
1.62642462877534
1.79101168736364
1.83135876023328
1.38875338787146
1.78590417653813
1.06726280090458
1.69752283044383
2.45246401851162
1.94321140534426
2.14865154447783
2.19419167722734
2.05079008991086
2.17447586397866
2.29053002467924
1.85214983979483
2.07089678351613
1.80196866623893
1.71215029372419
2.15266869644193
1.61686966006591
1.9835372539104
1.52576652379855
2.03619492224383
2.19354347736063
1.44044780504451
1.28844512813649
2.12478087855412
1.26703322641636
1.3172563933458
2.22512158591304
1.4745269573548
2.42793540907632
1.99902540168628
1.38057383311053
1.9970109746412
1.75673727110432
1.93054802305801
1.9670321846476
1.7074580414718
1.74819035640336
2.0670458680472
1.94667627472154
1.58217776140777
2.25799937772254
1.26117941511168
2.05519477726755
2.0269198324518
1.57159064542701
2.27873836960542
1.9146634252438
1.15913519537748
2.24634979605279
1.23185132985539
1.08714440328704
2.48973394510582
2.47817437008533
1.91711489366079
1.98986222767812
1.79553698262813
1.67639916994533
1.6488122039472
1.69389522983139
2.32368646064714
2.34492371573584
2.32830912847399
2.17130893037284
2.22498763770636
1.83023695926769
1.8903525420906
2.04900279967335
1.54357559802845
1.96671091318897
2.25939391197043
2.00867559605606
1.4001762564179
2.19422102137817
2.48688411211488
2.08484902767305
1.70802488763966
2.08995662687281
1.87391103058425
1.65253726820023
2.05329448580672
1.97433048947688
1.71686173357155
1.63313235513213
2.23987527097375
1.48359429399246
1.90676490826312
1.60587170467164
1.91642999284576
2.12536854805171
1.76752011810511
2.30352029581379
1.88404560787012
2.21265629257924
1.71479518156795
1.89456972839158
1.91913789858718
2.33520083538663
1.59042807217929
1.59160872991747
2.4368768401339
2.39373443133808
1.7596206448763
2.0980964176389
1.85523955879675
2.13376030516259
2.01492485226443
1.84621535700449
1.93156041052322
2.28594040300319
1.74336072067461
1.46684104340394
1.88532387896255
1.60810429801288
2.0694792583406
2.13125416176418
1.55563694522561
1.62220934937527
1.09956399328164
1.94039193786718
1.2875482391394
1.79720808121729
1.66309017770413
2.14704752974719
1.53971683146964
2.0172744626553
1.77788057598141
1.79666585920465
2.32555065620979
1.55449385206795
2.21901210713866
1.60427563067266
1.742589458363
2.12832472281708
2.04007964320274
1.91251900428569
2.11012321773804
1.76716045023157
2.00504749572326
2.00342522039737
1.09204048515385
1.69347330302968
2.10937462175938
1.61276150973102
1.63147713140144
1.52273445250123
2.39813105375026
1.91462064393753
1.1471258285888
1.76505789025895
2.39557605110125
1.87889619890088
1.73891718126155
1.8107422004639
1.83828850030969
2.29835899415688
2.19398185953059
1.38084627526979
2.0377185977174
1.80476947002103
1.87287718552723
2.13292411951447
1.26053557495421
1.60570956776306
2.07660834875774
1.93267724868337
1.96626506404017
1.63957162725312
2.2575167074034
2.20227847759065
2.05066088559045
1.98426951431696
2.11524339926229
1.94127580849524
2.13732836227793
2.20992834521112
1.64193790790094
2.12881775571506
1.27104950069148
2.01200683857901
1.27409978451948
2.25964922510715
2.41184974490877
1.99150662809314
1.94734610984588
1.75192180260816
2.04051890265725
2.41906652057925
1.61449511844202
1.78545665124773
1.53289425199214
1.78720205323038
2.01414533801761
2.34593800565013
2.23310745979724
1.29956513757932
1.70594271635929
1.62168915956673
1.5705419097682
1.51036467631919
1.68412195195099
2.01598074050429
2.07030020684647
1.7390644293078
2.06989004277212
1.82398324529321
1.88099862337665
2.15991632239885
1.75583797392625
2.08956860293186
1.98504021181915
1.42694254978329
2.05758310339697
2.05280684129369
2.37399069528364
2.07465873352036
1.63732913303294
1.49411460172232
1.81285458709893
1.60869343929751
2.02516494167522
2.10503609649135
1.19973958472995
1.35075644434477
2.27454021032667
1.36258610372042
1.31308052135026
1.39951513895829
1.30370868838224
1.98394166231518
1.67981128529357
1.58377547533871
1.9077622523995
2.43513708266075
2.20299881602057
1.87958565064001
1.76376002490323
2.20794321870755
2.15227353194781
2.01868602625044
2.29021499582011
1.94308101855269
2.03803689980492
1.48185841113821
1.15290677851976
1.91912467386733
1.81469901933846
1.83111325676637
2.48388784363907
2.18185108168193
1.59352700334905
2.10202629716053
1.8385797128334
1.37871883111493
1.68338660594943
2.00335642203964
1.95507956309555
2.49146623918317
1.73819412580003
2.13887125889368
1.69308037185305
2.3362196027265
1.45737590855083
1.9721414540264
1.546536921987
2.33203827158095
1.07050491263828
2.13350595082753
1.43715827410106
1.79256184590361
2.02834655267022
2.0627521982987
1.77516910493798
1.89780398090064
2.29101339619067
1.6072326307586
1.62917775375127
2.07149196220753
1.57426231991612
1.4577945007997
1.85564877919836
1.08080459456464
2.30932761321952
1.60653357306981
1.58360520543111
1.39860104770271
1.55345681583357
1.9562667804901
1.79350547959387
1.29765671559722
1.09963995716752
2.23191163662243
1.50025305747484
1.63635467157163
1.67438007011983
2.05503762840384
2.09535938808727
1.18991499236777
1.41084460850286
1.7586283081332
1.38322884851971
2.16636204820368
2.02130218166442
2.41041718937702
2.28545492109344
1.47787516724735
1.2947636193537
2.0901949207137
1.91991449858219
2.19232029074076
1.90468804468025
1.29116773459049
1.81660283491418
2.13266718854674
1.86401967582257
2.0769027408514
1.72320439010277
2.02435367040895
1.94720582882798
1.84955303613868
1.55516847169562
1.65430737085351
2.11538194488015
1.57634087188138
1.71500642757452
1.86061805950161
2.13421853040152
2.26639206841816
2.41139260201342
1.97545316367852
1.5244296304429
1.5792599535199
2.16279047654347
1.90335643739962
2.25996293290402
2.04710442918825
1.79231458397186
1.88572552045091
1.04067041546592
2.17237040232895
1.27459715667097
1.64160602390566
2.34894967306923
1.78750668185095
2.13924325660143
1.91904754351432
1.82464838344196
1.43056406746274
2.16529759391734
1.29548594223985
1.69333339942025
2.2819786376062
1.86928086421033
1.76092343195887
1.88780673754322
1.08143630768543
2.22244216876213
2.0091852742806
1.55276315534334
1.7747431395839
1.96899042884477
1.90401727217449
1.12057798346048
2.02676235966222
2.00970416702248
2.27152749090539
1.75324553741594
1.60488878703681
1.47590140497139
1.97977758006079
1.32366685160034
2.06996196082578
1.4576651075787
1.19075274088086
1.80688923004956
1.51431385129137
1.55239382653295
1.98877097695847
2.22851674970874
1.92169085199723
2.47033459672199
1.49667594410497
1.50430189782698
1.81311667218386
1.80027490622559
2.40486726271024
1.69865538728505
1.3907446152626
1.18153362725895
2.11765628964352
1.44354658093193
1.37785574357169
1.44590976751076
1.93763930866667
2.26584556026205
1.91419395482064
2.00912792884915
2.234014053692
2.04382199267406
1.98046936533766
1.96272956667254
1.10075035317952
1.6408611956588
2.24414771233066
1.98249268343473
1.9699153585409
1.59187210486298
2.34737864766837
1.25064458408315
1.29336276479235
1.8647768242011
1.29269604415099
2.08947851158203
1.96553679086998
2.49176823175707
2.15427830083324
1.42323155900485
1.83072020490575
1.05083762344835
1.72662899373754
2.08473254192593
2.38155465993908
2.33247263716268
1.4083074624944
1.91712053309169
1.98848492075704
1.79396133395675
2.22221932140569
1.66932887652304
2.359843248377
1.76534309056157
1.73811146067386
1.55277548894735
1.63343270930269
1.41648673341644
1.99258529579307
2.09337690043641
2.24628768165109
1.87380440798801
1.5149855222784
1.42065404777006
1.24181992161344
2.02434296856846
1.56788325906206
1.88086309549613
2.44240580471359
2.47340333370834
1.43104260190923
2.2953629379727
1.89717810104645
1.94807197070458
1.33473885766482
2.05673155879492
1.44786973770951
2.2920859914259
1.18468970287128
1.99553967341549
1.99093529716941
1.8238066266065
1.20089746361474
1.96147987873683
1.55340311187025
1.61470384291404
2.24289934886917
1.35314148562004
2.42453128684215
2.25080597949085
2.19564853224772
1.6574408080525
1.95695743409037
1.0483377705574
1.79562133998655
2.10146326054486
1.220013183788
2.19027703354923
1.5724348162579
1.99722900570218
1.81505784937816
2.03486406166893
2.06816013255548
2.46574011968901
2.04038615176489
1.57666289623315
1.15503243395856
2.31291522788552
1.31770900525222
1.14911729539561
1.5751986297727
1.698595108782
1.56248704790941
2.06884581293349
1.77746201897935
1.31414888804249
2.09494368754166
1.9821957122179
2.33026864570412
1.98970729868688
1.89537858370498
1.64282643821653
1.80448480902495
2.29535011365646
1.42214538147949
2.1001689147187
1.86437187028118
2.17042726708174
1.71682338592452
1.57955319923598
1.64377047319809
1.9545506741688
2.05186409961285
2.36096544768456
2.2382361254195
2.01759169486614
2.15359762151107
2.31376966237758
1.65580007461232
2.07327695008969
1.99638639780777
2.00324245524637
1.75229891934724
2.37592586998514
1.14941987552236
1.39881096737197
2.09601017086036
1.72196985662223
2.21866685404145
1.88800181002921
2.420239153918
1.76945159782082
1.93264752046584
2.10207713128288
1.94320120223684
2.37220186930378
1.8225095907565
2.42870007189899
1.10022380352347
2.06615490266434
1.67374832919877
1.90514056770141
1.71024916986124
2.27247187603836
1.33215775134912
2.24844557677451
2.14285347459383
1.9336069117277
1.30056802334845
1.07466991444747
2.37739999522024
2.12899916742976
1.96969427275245
2.22323486256096
1.52013326466642
2.06716558450257
1.98148740338437
1.98669445925059
1.30275528834245
1.77044397548395
2.39624572400772
2.1480718663233
2.2995986864691
1.98968228091163
1.98700019816096
2.04470503236428
2.14866796920917
2.07833619011604
1.70839772736995
1.80046962670358
1.25129986288146
1.70925583491586
1.92529760857273
1.61244109033879
1.8714549079006
1.05512829342294
2.19228894734959
1.89308919084059
1.9564242489298
2.00966026628769
1.9418615093336
1.4283021599708
1.73811234996935
1.87911817719038
2.08496302884434
1.85241648204126
2.00973281281453
1.72429363121441
1.66807429891321
1.90054397182914
1.95557651201378
1.50143882922964
1.26852021139972
2.35898472238615
1.79619304010053
1.95445978267413
1.88336375296541
2.14221563864507
2.40291182515409
1.99157132958319
1.6592863021163
1.06371467014388
1.8686658027972
2.25945365483006
1.6690735949534
1.89410970443761
1.41756430793881
1.5811796117038
1.93863205370586
1.57660690181508
2.07940535260537
1.78943097304931
2.05439279871088
1.75925142781497
2.41515273989115
1.8440300515921
1.64545393272013
1.71079671177614
1.96449665829883
1.87030858113801
2.33289259155685
1.33757217305167
2.0452210389578
1.53668014824894
2.01176027580769
1.95161272326671
2.06728759937637
2.44014012672635
1.20153197883529
2.39782461555579
2.22865337088098
1.26562542886698
1.90622976981596
1.60639308219747
1.73521242475707
2.24366543201085
1.90185862551652
2.21807175517159
2.19192711261278
1.64091405875872
2.34372824866628
2.00210637192391
2.19871048094027
1.8975443523707
1.99669941017921
2.04085221411359
1.2057875181304
1.988139042493
1.19212466901931
1.45298736528978
1.72864942013739
1.49491950572925
1.86026741876933
1.73794791166514
1.77056345050477
2.19921438099953
1.47988928577734
1.75779475220473
2.1200395716754
1.84254621841131
2.4468545986102
1.90190574028886
1.96629499330049
1.33752906774131
2.28271545007418
1.93462945398198
2.136457870296
2.10435075585837
2.29521321813689
1.90178224705981
1.96998218713116
2.23861424669684
2.01833803580665
2.36551966408242
1.57288023849945
1.38731297615684
1.36358716242151
1.87672029985598
2.39947167489251
1.90424190183055
1.62634149704362
1.44451964423387
2.09763606690747
1.83039900434366
1.85175564758546
2.39940098958856
1.98499400858109
2.00739502229203
1.58882218325023
1.66533757819643
1.94593985055957
1.46825396328307
2.11997289242824
1.98777206510503
1.64688793953751
2.29135452789422
1.70624777025648
2.13175321763086
1.91909804521141
1.50764029579764
1.70763995353752
2.30898348906744
2.14714369558622
1.89565830031469
1.6848033136705
2.45980711345694
1.15729252852181
2.34766793242579
1.07044580186122
1.56358783538246
2.20698850795599
2.13478390305281
2.26319650482208
1.85448779763224
2.45330082926214
1.49953814854348
1.21932331438999
1.4082446280525
2.02751811101465
1.99923634020308
2.49469908503075
2.33309040914244
2.04570651965707
2.07084877217387
2.27300394893267
1.69019737753348
1.5829928075394
1.58724617211118
2.1197647931964
2.23806078692738
1.53667880998265
2.49093724147492
2.30077214449762
1.31066981159236
2.2376309206688
1.9871387772133
2.14813427122142
2.40357901138523
1.66247963953938
2.08871095989099
1.51420297843722
2.13048130841933
1.3670200491089
1.72190680855166
1.47992879972659
1.26746862495739
2.02206305216068
1.82112017392909
1.79361871600826
2.09045695218158
1.30979382877518
2.10403739863566
1.38935926913878
1.56129949159558
2.0400959913657
2.43627705231868
2.2787781675968
2.10724331959636
1.83373234112342
2.1849280372588
2.19627632273891
2.10142676264094
2.21645628692101
1.9484811558915
1.81411388644232
1.4784287699727
1.46527183465959
1.55877688716759
2.22668944631915
2.04678377973422
2.10289301344499
1.75298148784609
1.84010118731106
1.56795953400897
1.8758097452728
1.72834702426128
2.23918546383831
1.86431687492977
2.41009115645371
2.0649519342847
2.18094500647569
1.71711786810951
2.20964465408422
1.61394549987394
1.85913264849585
2.26548381555958
1.65747402673783
2.12263838744278
1.76526915469007
2.26892046963171
2.11010914848587
2.42695036348
1.30684709727559
1.20970254015439
1.9031197113021
1.1453192437828
1.40775553947682
1.92548690193004
1.05115712406961
1.8231954552837
1.90347159226262
1.28472280252175
2.27356185833878
2.36704923895737
1.68462132503145
1.72978638194653
2.058317186041
2.11645026295098
2.48124864748033
1.32515341088217
1.91470596596167
1.46715579142549
2.03554051263529
2.00451469226879
1.5614555791725
1.8716240080034
1.15395892521465
2.11243076417292
1.68913879823142
2.07544813122235
1.51313078002162
1.55851178884611
2.03502813796778
2.0563673506911
1.77507109347518
2.33062350627169
1.61482115212825
1.9361043882833
2.2585254356165
2.24965018510902
1.85206384289508
1.32816276798633
2.2300690128808
1.70315172785956
2.09761886069902
1.92905746100799
2.02179322995118
2.16096257664117
2.34797715957503
1.47388544393346
2.12960356708761
1.86771767667053
1.64142393876376
1.64588269292312
1.01157234993558
1.1443118495862
1.9365894376107
1.49711295920563
1.64421365219376
1.86330758940819
1.59091675718328
2.34144469488258
1.63901501259962
1.39249922088904
1.70093177148055
2.17016586706042
1.50673043399354
1.98634013840458
1.38626716174899
1.81811097653082
1.19679308388952
1.82661889794323
2.01152055929681
2.29028872292373
1.6941501633019
1.90539404686361
1.01007407239982
1.7640704911995
1.58887266452517
1.14208212955956
2.09172283915396
1.79556607611794
1.62381616537712
2.33331719508498
2.33022920391701
1.48931638778423
2.30004349069028
2.04980027681768
2.26870416741314
1.73498253481641
1.68315936710586
1.59794238385243
2.36921969596633
2.47462371717682
1.9524909319711
1.23966779735023
1.11905088519988
1.74813124251394
1.21615288410043
2.4028774026266
2.0521746243005
1.62724083602999
1.86192598316528
1.02348240142735
2.1469258589059
2.29582441318776
2.27344913744325
1.52515922682376
2.2080182981673
2.20868363688248
2.01555505608815
1.76429810214499
2.41986819004476
1.98058025188181
1.54993687038227
1.76829852729952
1.66558732920327
1.42565053731225
1.47925024855898
2.11063608784631
1.57262792962868
1.8311518350663
2.22041368008776
2.08338477811171
2.290671216371
1.18904448623129
2.34023967736982
1.71339182473056
2.21292512931657
1.42472828498744
2.16453400449477
1.95119395200305
1.95364303146339
2.34570833645335
1.85867637449968
1.62554299209922
1.34973762541948
2.34447086342402
1.59121077051786
2.01345570998243
2.07497018106708
2.3440091150136
1.36528194256459
1.60738474673376
2.07192272540407
2.22989087097171
1.44312100619277
2.44010478513977
1.83961411996686
2.03094176585173
1.47205093524672
2.22956418242003
2.39909541653481
