1.69084487302182
2.08819585053718
3.98952530969261
2.44063690723156
1.12687674289616
1.63512871950991
1.75067606491158
1.13597652220403
1.44627158548751
2.07794197247751
0.923115282711282
2.00960605091514
1.2165897622395
2.41684465261603
2.1901879085624
1.87479016772972
2.55275524413438
1.78396285209396
1.26137931581919
0.746296880582073
1.68994489051138
1.15786916626246
2.33443205563201
1.82066361290142
2.44978690257224
2.24109565637479
1.23880826940933
0.937513374206199
1.43770763874674
3.37038802733973
1.69280591567935
2.29464295652349
1.47440356470387
0.598831258395986
0.834726647751906
2.03942969674902
2.50129789958864
2.61153675928021
2.09561348132456
1.60101305549083
1.7529659692808
1.55199663171857
1.41813551946854
1.64553304694038
2.13218213349671
2.49534484630957
1.35883389547428
1.4201534450313
2.28584773331911
2.94068701771937
2.16384834816663
1.18870706748934
1.19676709785223
0.981147796369286
1.76445789063385
2.05991816833814
1.72186081005013
2.7531736519988
2.49341594635427
2.5632254530228
1.46439531990871
2.25267222005707
2.64084974792233
2.23255246791633
1.61018615267728
1.72006539713773
2.33454039855839
1.27646418384912
1.28630503724931
2.39948014241928
1.92483090087026
2.7386121544122
2.05441018504936
2.46161679083118
1.28672822784806
1.13264928718177
2.47316626985306
1.509874698955
4.05052906803152
1.34753542264553
2.09124101050721
2.36839829299536
2.88765627466817
1.32771839121119
1.00007497920867
2.03936784200828
1.74527221945241
1.26970980743828
1.85554758956051
0.918225291303075
1.49516548195931
1.03283649284393
1.58689141809604
1.78729307734181
1.60216210811219
1.8705887047822
1.11834475724488
1.65277065236495
2.48129532654903
1.39519454578
2.62766904857714
2.24525260542737
1.94202659779397
3.90824576043669
1.23000623990463
1.45645630233121
2.0977889741991
2.51208937031185
2.0205092669132
1.90873620310803
1.34773935878097
1.7079468200115
1.24821962768454
2.34271999802287
2.24859423680516
1.51919778668201
1.88098072791517
2.39071030197014
1.97790085500561
1.01182450566959
0.607899236475403
3.88171422317469
1.60975799074674
1.36561239137762
1.01406002819105
2.71666429538014
2.36871807706045
2.04871966931432
1.53260674591968
2.48256846465972
1.02434239248366
3.62408491984232
2.41854270621205
1.94190900678025
1.56818139041221
2.9090754728221
1.36499374535868
2.05776642380976
1.5290691181744
2.07049690975453
4.37350999259891
0.976920290537568
2.24674647946217
0.877704599594196
2.43555847855043
2.32825621532581
1.65509420934649
2.42335257385678
1.28431901065453
1.34027679087062
2.02476411096327
1.29312981070846
3.71659467666223
2.90165106012315
1.83941821130041
1.16271015692663
2.3834950318719
1.27495950423925
2.55950000746703
1.29885126727201
1.22063995391471
2.12066805170948
1.5210179233051
3.28936359239569
1.57151356157069
1.18530124589714
2.22934713480704
5.07566361120287
2.52742406654202
2.13288138862419
1.91027083454621
0.982105157343285
4.6139967556623
2.41183065731168
1.13805133103673
1.56296829367103
1.78980456015823
1.46565785960308
1.4667933519804
2.11008306189972
1.18004336235142
1.47571054756924
2.02685619767419
2.75549698168215
1.40747134394626
3.00182115752311
2.17914493272408
2.71948926183022
1.40583916954033
1.66163848572302
1.65192092618855
1.6718511138755
1.32821877684272
1.99410693537297
2.68816447162172
0.978828381119311
3.12095958042718
1.1730614403128
4.57055626928843
2.3035668904886
0.987409928716491
1.08538836355316
1.90526227163445
2.86874360716567
0.956668942976399
5.09444595520142
1.28729265319745
1.50113515583284
1.65170019264318
1.86132507299165
1.60736332912697
2.12768201189319
2.113334132962
1.86245654674095
3.22415074497165
3.29655378193456
3.42951236710192
1.89970045580608
1.52491381546105
1.09752758937952
1.45030655618465
1.79258808886828
2.36416676205719
1.40620857723416
2.22904827519105
1.47594562842622
1.84003377984389
3.16046762562669
0.990405661493284
1.08280165488744
2.28377465189317
1.57240442735046
2.50059990162324
1.80187142214773
4.89680701909866
1.82824450849927
2.3196207521959
1.57864718786495
1.8652775278164
2.64484260376754
2.4462366400153
0.853803808858874
0.999100670032787
1.57942700492413
1.285117689241
2.15241138411491
2.82837640951213
1.46585913558177
1.48910496824693
2.02102697867253
4.73161168519801
1.23291685894867
0.910678721508373
2.71773283052622
0.6350302366431
3.20504992727206
2.13393059475007
1.2829782248058
2.62005444321835
1.48032597824092
1.55210378804838
2.99772127191041
3.04198814334799
1.66754621498508
1.0640613372642
1.14063491001752
0.977637598483449
1.69065802215333
1.67270196437333
1.80089925788842
1.46563325421887
2.29198697171004
1.85358822880574
2.26436809822641
1.30232918218609
1.42412069028445
2.37159457228043
1.88813005281601
1.91134161187374
1.90503507898772
1.7102686689431
2.26456612206002
0.993417334832814
1.84557820272353
1.63608746435773
1.35040603324581
1.7385075370928
3.27396017220538
1.77285380757776
0.819903195859959
2.00948548971343
1.12909918838877
2.21989969463862
1.61585077714738
1.29252894844092
1.64123662703616
1.49281212848619
1.06450634066634
1.40494533566474
1.47780323057499
1.21657013738555
2.20198989908652
0.879134590462934
1.95578276512504
1.63768815005732
0.960775295975274
2.20774105375304
1.42240739141906
1.49760467821035
1.32582491738811
1.4674884509091
1.21359490124766
2.28479748591242
1.84221674697945
1.82134172665958
1.21954453189314
1.23184431109494
2.03587476520805
1.15708030852197
3.51369934128531
1.65015227155459
2.32190102745315
1.78866629684145
2.62312873387669
2.2604107939169
1.00025507098525
2.2364368114731
1.59224683079606
1.1803017883387
0.772181585049697
0.954067914958542
1.2939801800745
2.2001327496031
1.76057340194725
1.99779784909113
1.54902154050633
3.08176559860638
1.89071345212124
1.7409878689252
4.42323569606216
1.54723232504639
1.65822133875394
3.95380222348234
1.16147928904167
1.92110357734021
0.941641813082499
1.81570776214193
1.98237820171135
2.80537169283762
3.15078013602176
1.25655652773571
1.13964888456546
3.1080966322324
1.91773988683146
1.84602856627387
1.76560427572023
1.21990530970811
1.04264440961762
1.34957122360265
1.63500065128058
1.00360370873216
1.93856940365412
1.90021368645982
2.37608709882641
1.01546013261754
1.34211314792186
1.17853137689321
2.04548584329838
1.92532089222651
0.939868284253572
2.19717388478354
1.72570346093329
2.8837336898278
2.17152244596833
2.23505195736822
1.04277938872076
2.32128357890352
2.68122618850459
1.39227716238008
1.7398422926902
1.13544733788333
1.06570278399518
3.15035221296039
1.82693188556467
1.21144221447637
2.45108280355774
1.96784899357281
2.0599604255942
1.878814946274
1.77273821624363
1.04953252105891
1.51887806469648
0.988264021056674
3.78772088002811
1.39431499932686
1.49855406030832
1.13188505032704
2.08026229817149
2.05177727372475
1.05589521571201
0.59864394110804
1.00324311499935
0.997392513424255
1.45973801678717
3.24710578604083
3.04178719881648
2.00178449685425
1.44521748813984
1.27296454441652
3.4836658908815
1.4774027896326
1.69206359955638
1.65315416584367
1.39780120101828
3.89727083155176
1.62826566666177
1.94112785499988
1.21791583716533
1.82607397165068
2.75158603717939
3.00662971152948
2.92485145828464
1.24706025197933
2.70152062181691
1.02683923356839
1.7087416967404
1.94767032582366
2.84245684229655
2.50354759215971
2.05641489130445
1.64376991035544
1.5520059602961
1.28801109542262
2.43619787661372
3.94352185637046
1.69436712379918
1.86092442850526
1.76245219601224
2.03648537365737
1.57455996275248
1.85742892194887
2.24323156643655
1.94022362172084
2.11507654144574
3.06378515514083
1.06129830110427
1.95955915177536
1.84799478645412
1.03131871427448
2.07752956784246
1.64368307413995
1.44709341432611
1.420159262346
2.1047775578038
1.33658339151747
1.95177800528084
1.39277464275966
3.01386618188765
1.60653765345914
1.05619309171783
2.03161759701673
1.72656323328997
1.09316890297028
1.44833232564672
2.25856204437277
1.30296033495901
1.68598967051179
2.5968818212526
2.31500927686437
2.59103764770032
1.77692272578574
1.94449970091016
2.51415589369369
1.35542395374874
1.89625999536162
0.733978509882665
1.2413020635807
1.63030218977516
1.79381404050648
2.01528947605788
1.61552685415411
1.15219856522805
1.63616434510792
1.77596157904614
3.63197806592397
2.05078543967686
1.88833110828894
1.04032651826546
1.5609638115872
1.69604827521475
1.37344741661983
1.35928497029925
0.67247513375535
1.12378779855297
1.66489100318119
4.12640614712895
1.42306595124493
1.19335128054881
1.96672227109128
1.75480846137789
1.91148340795904
0.782534465366159
1.3217257120483
2.43939579194469
1.38178038231701
1.39398693141441
1.00986120918236
1.15383801595865
3.37229433290934
0.907528659123912
2.84677560777866
4.43103224670354
1.57107434113458
1.85288843790031
1.55940901135224
1.10961258446471
2.07621533161957
2.87864127411711
1.48965129451478
2.19687669623374
3.69906400524042
2.53608591307336
1.39470124104506
1.50518252613894
1.7183726402202
2.31450843290561
1.58308072538434
1.63349326179456
2.7869844978971
3.30608778527197
1.93069381148368
1.04453746632319
2.07007168354069
2.01181788439638
1.2022466968622
1.83314060959982
2.61575687648857
1.98904502504243
1.23602434175721
1.44524270476022
1.70648278782996
2.13745359388986
1.35846700221372
1.87937817663623
0.979857851313141
1.43036048014337
2.36682804937408
1.47536512559373
1.81217752366383
1.55232740783093
1.64520890407662
1.87556850946975
1.22944612288435
2.59318840192501
1.31474120701246
1.46340245134594
2.54802185177741
1.24618234579744
1.37707119624006
4.20152550920683
1.85336590974422
2.7885722420243
3.5417000646853
1.53226342438244
3.50020646657239
1.7311000923188
1.8919700801818
1.97127652454284
1.27168883198846
1.34002870788726
1.86143069172024
1.57529490778215
0.855506671140268
1.63646447746779
1.33167439355041
3.18143981628623
1.69011763358454
4.24693632514737
1.70391229177578
2.16195304319549
2.85395277067373
0.990095423117792
1.72538999922672
3.75103650075505
1.42550143972387
1.47422381588487
1.56953241004701
2.30003398282594
1.84481001305525
3.03539815139091
1.38181928816074
1.3934181806718
5.59773577233206
2.02423043634992
1.08200220807006
4.3503544530301
1.65705478940721
1.28036258936032
1.57254387709638
4.24569026757134
1.34471747331648
3.27139073092565
1.8741628858743
0.926061614176865
1.92686885963626
1.27628523786119
2.68471613582245
1.77583449250176
1.70285408872193
1.95630739874385
1.17245703171906
0.33454581339556
1.39912322140778
1.53769718136748
1.35251468201713
1.49703710159445
3.89724730629738
2.13378438511451
1.57458703149134
2.88202403942892
1.33027040088707
2.26870385424899
1.41534269215301
1.01620211557831
1.52984315991783
1.71829803723094
1.6204334401253
1.05089537644848
4.58524317633799
2.48969371906211
1.97082057640894
0.889265933062252
1.62702081354767
1.39298460153325
3.28457320749314
1.93437422105865
1.47313799238377
1.94433505776547
1.80929155125429
2.16927008816869
3.46225630890705
1.82226306671408
1.844397177762
1.01932482272828
1.82484010093003
1.7005092590477
1.03638085485046
1.57355415852194
1.16676529482789
2.29744408075772
2.0671424111643
0.917431737648883
1.61227461974922
1.37550376842356
1.87893934303113
1.57268095924431
1.25083322195653
2.11334522846645
1.53567684748237
2.04224302270522
2.57102474974202
1.5634381541512
2.01046578107778
2.46320410695533
4.44216652640384
1.72484653499584
1.92158281430903
1.22220042114885
1.9895962783741
2.17337028559659
0.748363762342766
1.70945475104978
1.3794148409943
1.50992243881881
1.27059426982557
1.50139922600905
1.9806594214671
1.19764716731316
1.53291855894204
1.9113404663553
1.82424892060148
1.48545740274664
2.4069132676262
1.79263727142531
1.47514657353133
1.07076628199787
1.67181227314915
2.60821909422409
1.42230958830384
1.1870178362192
1.95370045074364
1.80777528364066
1.76005818824501
1.58696733301292
1.5502886940244
3.95283504392034
2.13861202008319
0.990431487222301
2.31614335513056
0.826473233710824
1.82324519106235
1.39371331800965
0.883512773350255
1.77426831872472
1.21900888788258
2.53508307395933
1.52713972822842
0.918665264542833
3.80792234557359
1.92382541549805
2.15470456728892
1.85976351581975
2.09078775118239
2.14483627005172
2.44710268493786
1.08243757451161
1.44036376747272
0.937038693225109
1.42184510056828
1.35557748413041
1.99383777286218
2.03361777073557
4.04942659593756
0.9792611951533
1.61120671476328
2.02749116315222
2.5079989491874
2.29505595388969
2.9083814556313
1.61086922815758
1.92016068281795
1.11782834509866
1.54801816446671
2.11104475950754
1.5683530586229
2.16776096957187
2.51079601400099
1.9079707712325
1.78354263191908
1.91544450620782
1.78934046661876
1.76312740847613
1.63641410270405
1.21444215882011
1.67504104959491
2.10639043385798
1.26379970383044
1.23922332879316
2.54001549029249
1.43163991674303
3.72392796963598
2.09005739467825
1.09817637800788
2.09835697965406
1.423436864537
1.37755668225231
1.93977798121525
1.53149031009528
1.83708002197108
1.14044293592547
1.90715467437621
1.46055839387202
1.14682590608486
1.18298038783374
1.74322900277025
2.35101016973483
2.12446819274136
1.6282083576771
1.05774742514352
3.47272717298243
1.8260262457535
1.48479872212765
1.76284620314544
3.10440277609992
1.29710525573874
0.744020652921164
2.02867574082953
1.94075159396154
1.34694341850989
1.92889261426063
1.55328245082316
2.03621621847795
3.36619368080753
1.99513728744634
1.73914633822232
1.77463674014048
2.03509676624124
1.80467976081653
2.18536880454397
1.62815152548969
1.7284726815092
1.40221586971558
1.7526724934434
0.819451451834432
1.87712530089094
3.0029420379563
1.66990475415502
1.27798853502426
2.25802701474243
1.76153135253841
3.02013128697921
1.5799756343373
1.79633016314167
2.24215878382685
2.252246179529
1.14821073568521
1.88784263581445
2.13655117969914
2.52749264775858
3.10072505799742
2.49050152577055
2.14212934434714
1.30695374223085
2.0708942134068
1.99104893081606
1.22372024931861
1.65305225272911
3.47248915556894
1.8049815838761
1.01074212965022
2.23228513952908
2.48709913232429
1.65080967528528
1.90619927806077
1.26950607573503
1.52631368589665
1.71789743534168
1.5615590857612
1.65164905697127
1.77165956749446
2.02864668523931
1.70069816701494
2.01289790633915
1.30553622440013
1.60299247916925
1.682773246028
1.32691152994626
1.04353988246148
2.02369451733774
2.33655237657586
2.07958066366746
1.83603905998052
1.22515679471141
2.38319849093435
2.30518297516853
1.58345088938595
1.43670984109564
3.54012828013746
1.73842721984643
0.821185724201734
1.49420229192198
2.1092687405771
2.57455755994866
4.10121950274595
4.16345940997994
1.38755226924763
1.51649992096575
1.84212110687746
1.27306405887446
1.72474880560476
1.42172239876811
2.34713925641925
1.24364568777521
1.41032899069859
1.65412292991117
1.81124771425217
2.18381806077715
2.77947511730766
3.88315768237775
2.25288875171119
1.93059738125201
2.80696438637037
2.72864507840132
3.02656003096293
2.36936843941648
1.9157203860266
1.82133534047504
2.28181300787876
3.71230852504669
3.58389919828554
1.95003049013856
3.30881201571579
1.70101936770717
1.23031246885449
2.49957588139843
1.4423942609176
2.05875028181324
1.84391717952396
1.22963424482987
1.60833400193627
1.3213941003438
1.39522731681346
1.58645881779314
2.56760052607022
2.00355505963938
2.77652526215852
0.870973176977217
1.38535157560919
1.55660296770162
2.38128219371163
1.26301186319896
1.72062196992222
2.12106195749197
1.22482961484305
1.96800247139046
1.27690394380798
1.57896112150488
2.25481438055854
1.8065225069873
2.08518688997922
1.39044027749342
1.86286601407733
2.40724169948615
1.32629633982378
1.79498804455492
2.5383832115976
4.17478272040734
1.46476493930185
1.78290796897085
1.08807191397811
1.13634105292337
1.56372645598333
1.24861685598556
2.79586726548465
1.36666691691924
2.60257857283126
1.54509505568855
1.66169467981561
1.57447763228236
1.54529377069758
1.95626139966599
1.75166411165944
2.7964157623875
0.951934563152778
4.14565062399123
2.19765471789018
2.02223765268437
1.30838403187701
2.86087391611237
1.14232878239242
1.39498013754693
3.90649383849144
4.68493440558879
1.09925047394708
1.3511888363049
1.87891634611754
1.86498967920292
3.01034682062766
3.30030736164489
2.68423866526148
2.22640769496063
1.93318194616108
1.49456126252534
1.15646716442969
1.31227319050923
2.27823788314272
3.51098631462345
1.49154958876246
1.71778389730061
1.51826036813236
1.97343585173409
1.85263751875428
1.55586105330169
2.48868376522575
3.31707639859341
1.83718740108061
1.85289279391686
2.46221521758797
3.02454973751624
2.1971257834617
1.14036067301753
1.77187689586144
1.93334207959074
2.08510797969327
1.82963885347396
2.10935433674152
3.29247284883911
2.17142531840766
1.66460689844895
2.82291055332935
3.86386337803069
3.43866527890171
3.46352997269661
1.31825625492885
1.82914618927092
1.44291044267896
1.2753580718048
1.59012647491359
0.856682828960644
2.06999519805945
2.54927339206076
3.37012480580892
1.26237256981718
1.73736971417279
2.09403566655199
1.74070141004324
1.20817821490497
1.9882942116702
3.56630513700699
2.36763779958399
