0.644808567756273
1.71431596020635
2.2994038933078
1.10071089483109
1.49508904298953
2.79785505486289
2.87733831020711
0.143644228741958
1.65600493430647
0.674105418459698
1.5919101690507
1.41024314768972
1.94358503274989
2.64197312790204
0.379883510090383
1.1555125065724
0.485443463789178
2.98723547285838
0.816255039075406
1.17078433784757
1.59727492975989
1.20484192792332
0.412775477862971
1.6132996278615
0.12786749668163
2.68337190076598
0.241567361918116
0.400729646068659
3.00784866715938
1.77266187020399
0.133109052846307
2.3565649151364
0.930190185291424
0.0775757473277554
0.940856303226415
1.87728939108495
0.385979251202883
2.10560948602563
1.61525748360821
0.59908610999467
0.265954629105423
0.4184564178001
1.21987402485507
0.516007803462762
2.58052075035812
0.548296338780431
2.09991506855952
0.809584616106895
0.42881279989607
1.18757855334422
1.45576808188027
0.325573081750573
1.99058571398565
2.28534864521617
0.20147165054639
0.519892841337079
0.311814892127865
0.111688572007955
0.119763475896387
0.55566948378784
1.27631016221884
0.682081756590754
0.0609565744186679
0.335698705908943
1.78081418114659
0.866461569904539
0.575987561959394
2.68002779252504
1.49092888858871
1.46064899121715
2.0066005201804
2.45254135622979
1.06601919935227
2.97386342202857
0.840874490917639
0.599909209324244
0.817473054307362
0.357748978214264
0.310665508185945
1.39342158595012
0.539419844893891
1.14064314112674
1.32667058618301
3.21553259795532
0.898835702994614
1.43999447830538
0.306312291459928
3.09975612397573
1.75771553274461
2.78321800551387
1.94864761333327
1.67772934126938
2.09883608039511
1.99512220429075
2.03469572102596
0.284107274915738
1.31237395848606
1.12005105275263
0.443674551785804
2.41937270437208
2.34845874557283
0.91597240315481
1.57990189180564
2.23566471810255
3.20533223278349
1.60339734186916
0.703676298358271
0.729642458385785
0.118230870065815
0.491165887714836
0.599983414232699
3.19588624389561
1.2369216385687
0.586080032816437
1.80225551960828
1.37630499244394
1.79804621262519
1.56943779899906
1.50782789237762
1.04869887686887
0.143359709971065
0.296103523155106
0.844131058991849
0.836170251527723
0.896477581657933
1.71283023345851
1.12713167652718
1.80488810170217
0.0288296940305826
0.964182279148055
1.40357519331087
0.087895954488515
1.71286346203173
1.22455988609673
0.665836791116654
0.23004922570542
1.0868772072002
0.957807220487429
0.181830711215242
2.95172739645636
1.23471405298364
0.722872178379154
2.70624537663141
1.82902627882264
0.258619897700972
0.540742972715073
0.232028635633001
2.71940631293628
0.0470577184777789
0.750379055620504
3.11593385586641
0.332102792916129
0.935120908002514
1.55567319743069
1.55962895072513
1.65709254856756
2.80302155089318
1.02449473132966
0.808897730783064
0.850760076071324
1.11538476669402
0.281375525396135
0.330286546728946
0.146740775189899
1.76776960280679
0.148891369696108
2.12739507013893
1.02287335942662
0.0751296842162439
0.214332929558877
0.815855936452088
2.96423987778661
3.03284123023119
1.96030601696567
1.69468999542094
2.77070360943474
0.823302077196424
1.59710526679116
2.51461895469234
1.5634708836228
0.552530279693428
1.70743816093067
0.553318011688682
2.03577617500748
3.4556931613056
2.17586532038402
0.454002380435499
0.303044391955398
1.1388524227667
0.207618747288423
1.97125400044894
0.80110972209854
3.04556913300463
0.178975228770708
3.27729463383006
2.56549883017901
0.536747119152389
0.526125598622372
1.92667009616921
3.08347439443269
1.29944043213349
0.927893655067579
1.13550411630789
2.00490835714315
0.743632640888232
0.108893395940756
2.8706314131254
0.67860677694175
0.671195876751016
1.57568678141603
0.691998030143907
1.20939791650396
0.39312622287179
2.03339935720471
0.354725985036228
0.858604488876947
0.911143055719777
2.29291468166933
1.8861593873061
1.01320985710772
1.61215416156147
2.15387150822285
0.877349923288227
0.406252452631166
0.718839572292543
1.75394599558628
1.48261116920569
2.89596013681735
0.0835003501641954
1.36207203216521
3.12567445393812
1.12763321121281
0.812294215558198
0.544733751049364
0.0653772228633193
1.28326493639204
1.08946088870106
1.12452031984685
1.51359384566881
3.0379015483727
1.065519080039
3.02834227616608
2.81140439052466
2.0172360974206
1.12381733863295
1.66679232011121
1.0136708140146
2.8130266218659
0.0671977534920634
3.11756045039455
3.00119561559346
2.84802027057537
0.537103442729043
2.1884013182016
3.07369526325301
2.61689570968745
1.7511982346039
0.750789841026006
1.37461822183837
1.40199299487955
2.80827114589963
0.201190591112145
1.71250315316447
3.08113736697671
2.29111287710924
1.53261315275804
0.289170400115362
2.32389618783938
0.609108655954597
3.05272891689319
1.62679642866813
1.25184960871755
1.05591794587374
0.432612804072516
2.53759696369243
2.24756944247677
1.22987353908685
2.50166420475065
2.72259349109618
0.182373321839741
0.619759985691717
0.424459826571889
0.473022916478825
0.290040300188061
1.06882691627113
3.101014579651
0.29159921079237
0.748628884949697
1.30312936900908
0.580772141620005
2.31675787607303
1.55482323832987
2.06873170060056
2.37956799402954
2.27625226564813
0.898784899933815
1.51839675895179
2.61196548155135
1.93588811886366
0.0741854993852895
0.465255659974727
0.862274024017008
0.0812041311994244
0.38012865455857
0.527652819290538
2.51822898897719
3.01208345561025
3.21822971569526
0.0946258028902269
0.456314587907764
1.9634571153434
2.88488055319996
0.162856003822172
2.4593608752044
0.946478820099573
1.27587878645455
0.810039023421503
3.07500880605182
0.485953496742945
2.00441931032274
0.0311069359608776
0.743107706213702
0.912417728932591
0.56579991564879
0.822288470108586
0.998805104108762
1.29117943634971
1.28436490047484
1.53482733398538
2.80991520056722
3.01822329439273
2.32086333838997
0.0639961023166647
0.953919607100348
0.709062482717774
1.01448152049482
1.99771054773676
0.746118088156066
0.655213462065169
1.53132744276356
0.631084647118408
1.31568417654384
0.455988740644771
1.35785435485633
2.8576454421891
3.25744355017872
0.34000464852413
0.761600451819685
0.98060703459314
0.765017536679515
1.2338514702827
0.482554763454708
0.0480777962255753
0.246977184374772
0.416514092526158
0.642539511297171
1.22869517649255
0.210746756157392
0.54819281439883
0.419528670093223
1.20911338120781
0.630200273914727
0.0167997626947769
0.20442170511714
0.0661179429270125
0.139348200231459
1.39987162388345
3.2191661755426
2.31111949516861
0.754166250084008
2.88246040442338
0.0594047968737042
0.955997015606882
0.56930895495139
2.64996236912876
0.311727463456568
0.800712720215079
0.32248678858596
0.214285393275235
1.05133493067568
0.655443445006737
0.538122757690941
1.01293722408461
1.92946948840612
0.843103981071932
0.417072362021718
2.37728205669397
0.582645133705419
2.1140775148374
1.3751760533742
2.02647692758454
1.78525281499009
2.71059719996169
0.480157740776004
1.05981052383261
1.08021847775766
0.394668265035165
1.43418917382602
0.136909927873684
0.767692705514072
1.27478506921745
0.182050940469024
0.110241963518575
1.92369614318272
1.34048772936504
1.44882956992035
2.64150286326617
0.166705525906337
1.95569459656063
1.66065546655004
1.60812191464406
0.215419169481368
1.14396820421105
0.928113707606602
1.7397612905456
0.571954335880957
0.436499833677181
0.1738349009078
2.51866588062849
2.12190154020562
2.03040523601752
2.96189176331004
2.53786952495986
0.390148060820438
1.28995786437293
2.61640826858109
0.451604991066639
0.316337206788802
0.411790991764835
2.01581516169812
2.93026225200491
3.41352849487794
0.978625753449579
0.622005030000157
0.251431231743329
2.88099120408966
0.882457946472097
2.0817839769746
1.00914049687865
1.41192292574414
1.64503876084603
2.2962926011647
1.42139499682926
2.24624205760626
0.455461133582611
1.90428223102628
2.775866178899
2.89192687561241
0.242220442724208
0.494031905359472
1.81263747556225
0.507267496961144
1.58082119689227
0.0954310146822343
1.39104472195902
0.668451868932569
0.731526225920511
1.09367021432373
1.80001837392765
0.167975026337538
2.25704942038477
0.797552104186763
0.391851795048538
2.17922441613729
1.84936027889902
0.176234703470329
1.52775383499415
0.211770376759007
0.732000903529857
0.461440097776792
0.0541126655930855
1.77149942080561
0.889900232132065
0.60112890340125
0.0607281159541515
0.76610815682211
1.18517522370873
0.405879330986046
0.801729484071089
0.407304999202643
1.28396895674586
0.227422054326818
0.159335938133426
0.842534773047245
1.76345559790019
1.80194335370725
0.678435518198145
0.177517706909843
0.621357978139125
0.0996227302184778
0.329284832401644
1.02990157127404
0.0858725935744804
0.916127634756749
2.62025547950029
1.39197813970871
0.274021935066485
0.214706382269438
0.666270366038387
2.77013223428233
1.52864079963725
0.142147183025139
1.82112526017481
0.295128016095898
1.71928749799903
0.202622980215445
0.5461544866786
0.0971372054980958
2.60822192860294
3.41180426122692
0.167985180569816
0.187379340921432
0.460315305207732
0.0851254592492099
0.412493537136992
0.510358257383102
2.41390133605402
2.24637437145555
0.155651013217509
0.267237900096968
1.58044572622919
0.757971599049353
1.62200943216393
0.446668750881104
1.28474328316818
0.607029870358693
1.34289821345349
2.73359155060336
0.547471583779842
1.10159949302371
0.36528394490814
0.671351515023189
2.32287713696804
1.90044223677741
1.76744345690732
1.72830187648703
0.784900892201925
0.460730556652975
1.68063299285766
1.75018127604243
1.0568377528044
0.202569307770243
0.299471189627398
0.962730953856901
0.0328743959187927
0.501178826916304
1.85135230958763
2.57962153708858
1.00532928905377
0.290256335252594
1.5653808605215
0.902772743626372
1.32096367323719
0.239506014390163
0.822225076308955
0.539071201539087
0.402073813055773
0.0766115023912456
2.31695473734112
0.476189457707227
0.738521471068661
0.228519429459007
0.438312253190144
1.2367681330768
0.703708568124475
0.585354390888383
1.05562355573354
1.18245585091601
1.22765101267296
0.0673310561036773
0.454889073528662
1.92231692608561
2.41766289704558
3.40233505227322
2.41276238478765
0.844357403174051
1.99437362350975
0.870193457923524
2.33623938826525
0.0374652229265
0.186027673723652
0.662759282024687
1.96213151964253
1.66507393240039
0.516384867200456
0.7304280405586
0.150303621072131
0.220866098216163
2.61761254838501
0.776160056824089
1.59110548294877
0.596189549039563
0.758658281251304
0.0724322848114497
1.15151187920715
0.33552245567804
1.29631791152824
1.15184694535305
1.63505544045818
3.28645899316052
0.985212456589222
0.598100976953341
0.91718893625056
2.10852215070817
1.14589315772704
2.96197923764228
0.600269105469396
0.353833382902559
2.4573662034692
0.975402698997846
1.68582403670448
0.288130266574142
0.322303891160091
0.78169976197679
0.0206372074081486
0.00554601272335582
0.632324998617151
2.48307252628751
3.38819423778057
0.939336786533213
0.0904953745810763
3.38200983576749
1.38099244316553
1.24419520971211
2.2065009820259
2.18127259999265
1.32049968735431
2.81705309324632
0.249782485066429
1.27014645633705
3.10862164816534
1.21789753466742
2.83328393501301
1.03598605553478
0.317874337771466
2.05843719490045
0.0442974259332461
1.13601681528114
2.7991994788386
1.59513199541781
0.735775162453849
2.29244659230318
3.03054865921544
0.0125937304886018
0.0972287960304755
0.476431091475379
0.372477213657873
0.300837663062946
0.914863078571626
2.39588684376249
2.78446771240747
3.16613874474025
1.46614286138196
0.400737124543171
0.214566714552562
0.841287531909116
0.834246062421808
0.684574875716113
1.23450508768558
0.215760899992935
1.91544285724309
2.74807841875962
0.27028398362644
0.841774736842161
1.56749070955462
0.66781478697508
0.769178772179035
2.90828387618416
1.05708621098016
1.04623881081585
1.57090468977585
0.303885493231941
0.332196915381821
2.17354063708625
0.413876740299955
0.581113819658888
0.723901882973521
1.22572980748772
1.28154217058618
1.59867259821178
1.71956385277022
0.862875252378529
0.493401253756036
1.16367913471242
0.0615837318878184
1.00924170148706
2.4187698497614
1.43715010191673
0.873498096116528
0.420629958506885
0.853059992678049
1.93359421174645
2.93033161375896
0.753260553888879
2.30718730395682
2.55570206308132
2.40428009329618
2.03405616957147
3.00461734707101
0.322651508398711
3.48540779689254
0.403404749437095
0.739725745110316
2.6772684245236
0.321564508421309
1.39180345689567
0.104639284635
3.06417676663985
0.113084773571706
0.808253187552644
1.94689779598389
1.25065785457246
2.62610515897498
0.946374106681756
0.265707225170273
0.907140500356614
0.174283510606838
3.02059999310256
0.106259954352175
2.62177086945988
1.01260123800792
1.49867533127987
0.878472172447685
2.30987987950409
0.670933990929855
2.75326790524544
3.36784229306615
1.38054252331473
0.979155674484209
3.17907085265014
0.608604242447021
1.25419395009481
1.07433060805634
0.896613382396293
2.45712960783424
1.98003295014996
3.45003703824791
0.219038062478384
1.25093529913687
1.9336968767138
2.90798861819791
0.892975276426709
2.36998728425293
2.7879967174914
1.15443645302662
0.158698503988761
3.34227081075253
0.585387164913145
0.536043250716326
1.68957586390337
1.32883284158443
0.105667383913854
2.45028069490136
0.26740186670097
0.718758751039855
0.0735430242664463
0.984138394878703
1.26311822860194
0.0707989633696941
1.81176503601496
0.595205958504183
1.21909824047696
2.02335026626189
1.67773109455107
1.30340284379352
0.424376761090207
0.539463381248431
0.879405855973151
1.70892711276234
2.50964579371703
2.3597588909305
2.44860172505706
0.532035685702795
1.43464154083527
1.90475094522634
1.60277618005395
2.69692607423718
1.51786753339447
0.803581395662078
1.12027551950773
0.11154979266056
0.493690055661123
1.03866005776679
1.79787411274516
1.21116932239962
0.73125501665231
0.427092378134781
1.07648934220424
1.89690444825033
0.250035397874186
1.99943847832922
1.05066672954714
1.35988448234199
1.55187085857581
0.838039447704679
0.328803950843519
3.00874180956986
3.34240232232008
0.56835890945779
3.28129164720508
0.169609259861545
0.483448900690199
1.33203478729211
3.35264759538023
1.02059573314531
0.744031106526074
2.74944276586594
0.46553553848683
0.368685407335313
1.82241216736532
0.0818324510581241
1.04305263872831
0.736468381816011
0.576379944976718
0.502857653676621
0.848324734836876
0.136820898307824
1.43780925569459
0.421233491150574
2.40703141527285
0.196201436047512
0.0603119719558528
1.1214762304317
0.228490784755788
0.417312093979456
2.93375945881798
0.17797601770331
0.428959251098159
0.479913292684495
0.242825944173609
2.30279883295354
0.0711120472929564
1.48454797985625
2.53698832852519
3.12304519940199
2.79346143005668
0.314504834151936
3.32054474259278
3.24494069362693
1.5620091179092
1.18151070462859
1.73286366639341
0.306381630480617
0.447972889651751
0.136177661864429
1.39375641458275
0.0496976809688859
0.374375774537764
1.431595133915
0.358430913870657
2.03854963661337
1.29052701869806
0.26922350234745
0.957339851946835
0.324344489284495
0.597411346100623
1.23965554933862
2.30325453565345
2.86507534401923
0.943943669545651
0.659538730717662
1.55631405812221
0.28637708647147
3.02442064297863
0.609482766846218
1.24678585342717
2.897696426717
1.36933766586934
2.06126717894949
2.78897872577753
3.10430352069424
2.1628576705895
2.40389720893547
1.21745448181788
1.216971870375
0.408885689356633
0.968122897760194
1.38034735487114
2.1418993570934
0.653139294408616
0.428209123243848
2.09292747229529
1.85718563278896
0.793963729161818
1.20218931709343
0.617695477559811
2.72460503339779
1.75533164361482
2.15469012948417
0.0714872261781576
1.32477646924928
3.21271071048219
2.28682588355405
0.307480826316329
1.1153366507019
0.256997752023341
0.495219565753801
2.27277821341071
0.449095778065412
1.39732895763483
2.35632631268973
1.91976906920042
2.69436729733404
1.09807464522793
1.64134431212229
0.177584383782761
0.961390295990951
2.58138786516038
0.149815781703208
1.33508738463198
0.320327175800175
0.600138041894517
0.0484747611870429
2.60508267126681
2.07013049649302
2.03951333131031
1.16257590571298
0.840774513236006
0.432772708868144
0.770514341862602
2.42210538966599
3.35634662724927
1.36182217680714
3.00664963881155
2.53136192838405
2.59083321350955
0.650125739128217
0.64378248202087
1.43093008704689
0.0596854925226624
0.924985975520325
0.794141352422472
2.22675806783151
2.92589361993422
2.4790824960235
1.45978757323576
0.116096621074768
0.353260898525761
0.6936561709805
0.81235269845063
1.53407156243897
0.256011429808605
0.885849095467436
0.361339827632564
1.31963424224236
0.906922412315017
1.19108623426976
0.698702949221306
0.306311267273744
0.13221840772617
0.218872665743211
0.873434741896951
0.267492396106994
0.868227009089729
0.363526080370565
2.96085712522613
0.493073013581852
0.0365673977790732
0.292913344585962
1.80341671739034
0.497802122002555
2.18549176061518
0.711327840898223
0.605794477706783
1.8185706168322
2.27734788526136
2.973455578458
0.639999458852981
2.67833014652212
0.394939101020172
0.389107146172105
0.373853535264109
0.202812590334261
0.904670272922126
1.73986832060675
0.324457495607084
0.443433967767496
2.31977086038268
0.367627733240244
1.12339015542513
0.280704592075974
1.68533917016872
0.959363669872298
3.20722003891311
0.503256163147671
3.11223007950177
3.3448696447566
0.363948111686901
0.520487047852395
1.44263775006423
1.755091181228
0.69221867213335
0.643047450094568
0.11931708310668
0.152297561647048
2.29838563303234
0.868156906047853
0.4066654680903
0.791981323906154
1.33142784023994
