5.34734849692749
1.67656197091599
3.91300807981406
5.83158743523103
4.46376322962678
4.57792491976786
3.2388380654766
2.88515202815471
5.06267062385276
4.77284313233263
4.66208544835801
4.05320373345506
4.19849465233619
6.25248508758284
3.83760786334926
3.28908138320655
2.49571963335083
4.1358090722138
4.50307638492851
3.91209676448684
4.76739963306917
4.14055117256481
4.53868407737307
6.06714079811162
5.25910966580496
5.11607425944315
4.52243649287959
4.18444025598783
5.68411671050305
5.08747167648155
3.83784171651828
2.77078106639727
3.563728107302
5.77440885901819
4.6747770682809
3.4002436909054
5.58332854302819
4.99470012523543
3.22182017342351
4.99087446990456
3.85752767258339
3.26821382330346
5.8420095608357
4.95147931632028
3.15434833118145
4.65061597470502
4.90722590302215
2.4079480609897
4.9250899854206
4.77420748544743
5.10729711559633
3.3192582900265
4.52780532657453
4.40440968762445
4.679617275905
4.66193267936696
4.23816304067985
4.68906650704764
4.33616649915337
4.89060283547084
2.63871147792086
5.34880869187277
3.89964659446315
4.59779046037618
3.9733748731353
4.18093129187689
5.30187608747437
4.96472369762591
4.80979937848883
4.24136059313158
4.07343839103376
4.37474541209079
3.18604900493991
4.71643554568952
4.72975969639046
5.28457542425069
4.01507401086982
4.68014263424657
5.02770072937425
5.05454570563741
4.32846997725697
5.99130927105744
3.3172701626147
2.87059702906591
4.40106556436521
3.51162982551186
3.52408444883882
3.953591921499
3.18654802883257
2.63897681146435
1.68097772475656
4.87430088859078
0.926353067683984
4.57547031855082
4.74314154059375
4.33947282778641
4.28571021914568
4.3272776904663
4.08995768707499
5.95560446985523
4.05654363811699
4.86342311862172
5.05563432393564
4.26037542018247
5.4169138114387
4.90673284009054
4.43552132346981
4.17948384578857
5.21830909370924
3.78637642670877
5.18257702491091
3.52431639713135
3.69474265599989
5.39784558290841
5.0752724222286
3.41453575397959
4.81643712800826
4.72431558262861
4.12290432382688
5.59769476190801
5.92782091852447
4.58552465911346
5.39053549712312
4.68169981804189
4.42100018816388
3.03535450966078
4.49532085425034
3.41913476346633
4.94064030135759
4.92844193355216
4.43341054791663
3.45404503403921
4.74113012466825
4.49931378354837
4.89077477915896
3.758088669456
2.91377392015213
5.23415371988888
3.94886173022953
4.47642993229452
4.58099242641339
4.43025433859755
4.23763702948475
3.25920971462398
4.44109355398038
4.37216751552267
4.29920530688224
4.91805956687237
5.85385840991125
4.59110928587297
4.27310814077815
4.09301213581577
2.2968091491793
4.9668448315515
5.85915420368654
3.72783112139038
4.31297573979722
3.81298557088669
4.93310381502968
4.2248346677233
4.40539570737964
4.29004515822187
4.28553401345894
4.41985388695223
4.90364732602842
4.42455795407535
3.55554172507808
3.77342360850258
5.64821534848802
4.28509082323483
5.51856802398034
5.07581828243554
4.51524059101727
5.47219984241566
4.57000356254114
4.88098977069096
4.71061292881546
3.41417516247108
5.24305596475749
4.60099107299301
4.2553223755534
5.71887594620965
1.84338152459697
2.98042404571462
3.37239372671022
5.08072019155971
5.22202458832011
5.58634154689921
4.19624082581888
4.60382159843613
3.27240264964369
4.82505997202884
5.49799311970021
4.77036972656615
4.9472807005804
3.49105349443586
4.92970083859303
4.92963943475299
4.24508198047101
4.40664010402592
4.17810592477395
4.4209889014206
4.76692575782421
4.59232988026214
4.75598855633761
2.43318791501142
4.4696905188487
4.70126458169888
5.16351959801413
5.11360929761001
4.41088668161446
4.47062830660811
5.048752014789
5.12815623063928
5.03189169585544
4.82148431756308
5.07669327530211
3.30359417257148
5.14616505712262
4.94335911807277
3.11961411601074
5.04704966065019
4.55722397643885
4.42656672911748
4.89819532381771
4.71926054309989
4.5985677995575
4.70543006239024
3.35840240356266
5.13624011125597
5.6696462205566
5.03811013565828
4.34442067875197
4.70803977858683
5.21847863513272
3.28959145287011
3.0865568597794
4.10759402120368
2.87944871089827
6.00102877339309
4.87182102785452
4.36266240617519
5.34601344055679
5.18691340514763
3.67313902265382
4.89877268401779
5.60440739072915
4.21984339512204
3.33779763187796
4.23783142912739
4.15849833414059
4.05662729912543
4.69959570345446
3.34499126125548
4.96192559163936
5.09732353324388
5.52122146400947
4.03068247589621
2.41108232701301
3.89745190031695
4.68597279341332
4.16762805931547
3.57712368679684
3.69521828049451
5.45634315489267
4.65861359627278
2.28716887829511
4.53843393120501
5.22756301935867
5.11497891683857
5.29042545840129
4.99168969051004
5.6049977890494
5.59338454435729
3.4927756746351
3.43665024344212
5.04483625672764
3.73964394348509
4.73694838463354
4.6342662098466
4.27905520567916
5.17021309007481
4.17126072268536
5.02542868110718
3.17032142821695
4.35512074212857
5.11804469614236
3.87535471014739
3.04107441829377
4.56842376689475
4.24504689189071
4.86994566600442
5.00628085032056
5.12516155198576
5.4045323331511
5.0208654033816
4.96126286277344
3.23946133852336
3.32887037877905
4.72928756862046
4.70891689394626
3.10552602497931
3.38623530688189
5.12832732544237
5.88102703953323
1.11357735642581
4.77224530208694
4.30295924687124
4.08547468177141
3.83851560618362
5.42374350477154
4.55807710840357
5.36355656750645
3.50975151478773
4.96153036051383
4.94183151810876
4.2329473609361
5.11161144130391
4.73501640090031
3.47099848079805
4.67392080667419
4.63504948077289
3.82649409244546
3.32155788553722
3.15203862937988
4.55691518797719
5.03291294909722
0.17953323570529
5.11083945571139
2.37580044378344
5.52150206546548
4.07985782482152
5.0913274962992
4.04836542886425
5.17319736388131
4.64695649132655
5.17340187957364
5.09754134435247
3.73891073615117
4.51007539687963
5.31985638172541
4.33891586655218
2.77919431273313
3.64781721380551
4.8771377795654
5.92276909868202
2.63304665890246
4.39209419431843
2.17356065388667
3.51194593575764
5.36761492600979
4.83177256432307
5.82181531998136
5.46217986523608
4.76438032640086
5.11490501671206
4.90120001169587
5.14930010427008
5.79930224523356
4.51333283966405
5.52643849708524
5.29179771857268
4.91918407219851
4.1120694646229
5.33010826638641
4.31956577450829
4.02312600873286
4.60802030162149
4.50608671566791
3.58507640995879
4.89350720746654
5.04841482293495
4.86522089560096
4.59786440583197
4.63304460460827
5.01641698902782
3.86277850698352
4.7718671883937
2.15619944236686
4.04704441689427
4.79221682684644
5.2099313305012
4.91539601762637
4.59502442229822
4.88117981504847
4.12271433988749
5.13930657217714
4.77963733487152
4.79326988099686
4.55250678755125
3.31643853781062
2.97582610452122
4.49367119932037
3.97230610051588
4.04659165747778
3.23662209916785
6.07109168353911
5.30065716230842
1.95314715811098
4.1157944234617
3.58360688677973
3.74149763857653
4.83208402953517
4.62027591664992
5.4582535599716
5.2910694684421
4.96529727334591
3.96965156364235
4.33417804936577
3.26105398291348
4.3388967260262
5.42487089328282
5.58112149497184
3.40980409307181
1.77063218336584
4.74943241211902
4.85355385782522
4.64734918028995
4.23751710507324
4.65831719545307
3.85420690391566
3.64732634316135
4.31256015022683
3.59340376327851
1.1645635024005
3.24420015188246
3.91410757658736
2.67858609999515
3.87855104373907
3.62891839983151
3.15211163675615
4.29542480868471
3.78870067376267
4.97763227806576
5.35592860811736
4.25823999587767
5.56552488266201
3.9778623959608
5.01861227421938
5.68901759823423
4.5679823013592
4.21848924687183
4.05976319131934
4.66935717624971
4.10918975166959
4.70403646521905
5.56395817634246
5.69000192603582
4.42265622799837
4.41175215624281
4.26429830892122
4.73309005632867
4.88495518038012
3.99833195112124
4.77965860589145
5.93778849543692
3.17788446850049
3.79033520118509
4.82357504419229
3.49883637575727
4.60837547901067
2.98110823937732
4.87521020649657
3.91169865109663
2.05083841870405
3.7741210668247
3.51251215849874
1.85202333310423
4.47756103350569
3.55359076556175
4.99159850991299
4.91840815149873
4.56494345219815
3.76426788477875
3.07328146660084
2.93138072037386
2.55134572903511
3.56086296438049
4.09142939534613
5.28695507605327
2.90411986452176
2.04167129048347
3.90976207184884
4.00425302434297
4.29058992479094
3.86571434874086
4.01724208683978
4.40688469315842
5.2090798541089
4.66229549566362
4.61618024543589
5.05907409947163
4.81182660486628
2.75557645042829
4.92944719198966
3.30917466631995
4.59362309095019
5.69311386742136
5.10268443280026
4.28744685564627
5.05411507726319
4.64345025526971
4.47906700519864
4.73967601846659
5.10555726708014
5.34601584047263
5.42522423394795
3.87615173345797
4.97282118609556
5.18785080849044
3.56992561254889
4.5591718829074
4.77496673624833
4.75534773680437
4.27123153104064
4.48283453118883
5.02446363140329
5.27304357582556
4.38375223432599
5.10947228962876
3.71340244027731
2.7548271615565
3.42206727941269
4.83416894228349
5.59347360046785
4.84817285894903
4.12064670556752
5.22731061318331
3.27758677268202
4.82645121376284
4.98625783019278
4.29279546476282
4.86555559232982
4.36105600643016
5.0206910032242
4.66690083249298
3.89666122009457
3.77005958970643
4.09715126220704
3.02168712424817
4.53235513645484
3.7414431050495
3.07234226983067
4.04322790619916
4.48748643629817
4.73685282284478
4.3577493770978
4.88125412932339
5.3315809197744
4.5378185132363
3.13898203019527
4.75629806943538
5.71131080233485
4.89371346448082
2.69633773553157
1.88070182291817
3.96728280486333
4.7125519214896
5.33221947874789
4.5431905401421
4.42546322835263
2.97654414102899
0.495957650812022
5.23090366767491
4.88302343369485
4.47160203396301
4.90870906781276
5.21073873431149
4.4841626672304
2.02486064689885
4.95790084114337
5.05315335447786
3.96082285193342
5.4376676129066
4.2676061350318
5.1387007259226
5.20499950601852
3.18069974032098
5.55823190988157
5.34992656239509
4.69326464432386
4.91456013053275
3.78002913681801
3.81620044565388
4.84935743653791
3.95945091011922
4.89908014221589
5.06887650777572
4.7861750700036
3.36116963208663
4.94370248274906
4.59724854067904
4.60219954161541
5.33118705403304
5.27771388042853
4.78641544368217
5.26806771962174
5.01441571857998
4.02978573864418
3.29641071802022
4.38951796064928
4.01245565108344
4.41441003672164
4.29323809121687
5.1051123801608
4.00899387996696
4.0801440985347
5.29681994325021
3.73995525618917
5.21557026608133
4.7659542773699
5.37611663972272
6.19258178277103
5.74120560067618
4.74972329096289
4.19674739050288
4.13363514510911
4.02704958932664
5.88944488745563
5.33171482113061
4.90544472899175
4.50144734448688
5.38017075188968
4.27458442801814
4.38859989536824
4.56684098357099
4.74936049948228
4.55361943186727
4.82544420351535
5.01941921153689
4.96403098244957
4.55431266106068
5.8883381595807
1.37609890097045
3.88921339017435
4.29117030867038
4.53124937402445
4.03857293531921
4.63213138670513
4.06104371617388
3.2394585583503
4.77024202295031
5.11430393248974
4.33352439299246
5.05267764151742
5.51370859076822
4.46538804459127
5.15583402721197
3.72610032525292
3.94665635496825
4.94393332646611
5.88835579681495
3.70744320428245
4.80076409890578
2.94426849703263
5.0587405476795
4.58876295778044
3.64435755139482
4.32951652635978
5.07788241585459
4.19156285320842
5.3544170056317
3.90962497154961
3.76976908876669
5.34567821887623
3.40068656136972
4.57232922484241
4.80432135059286
5.67265256125145
3.6702461071101
5.16608376614657
4.85014134218387
5.15244442759982
3.91889772002989
4.53099152999697
5.33528428749055
4.71325571546783
4.33378558891424
2.18724720115879
4.03687526889693
4.51087893189085
4.4627025974298
4.6191998116648
4.82000176920442
3.77100849514434
5.06589838523893
4.14552087071472
4.2669617335309
4.13711473151792
3.03522965280825
4.19859765362285
3.58092126866286
4.50254758214669
5.24005097406608
4.68771142665118
4.36778741259949
3.36354651846167
3.46652554116509
4.51871630949669
5.04835129891018
4.365126343543
5.35225046760748
3.39744719350484
5.03580243473821
4.16619089644328
4.80578814890723
3.49479614233417
5.06381939008471
5.11762813657624
5.24375268886164
4.61739207633555
4.23176100797433
4.57971544854581
5.15388702860271
4.52911229717571
5.23828939606842
3.46578941710749
5.03182774006421
4.75965408561873
3.11905728452358
4.96817788006601
3.43453344859069
4.64317990781338
5.06353657190096
5.58881997663938
4.41278750558076
4.21778774505809
4.85184408060473
4.25422583910817
4.70405194492532
4.10357512199164
3.94899407182524
3.34206740303233
4.25616096087326
3.79804873771959
4.16540106405295
5.38861229321998
4.99112105347065
2.68910407804912
5.26146674611292
3.44806454698531
3.75017230554347
5.11324071847188
2.35500368281569
4.10200456599562
4.7777743007087
3.7753707028145
4.26314113093406
3.65670617244896
3.79832273364039
2.7277919352383
5.4598644720359
5.03559050378726
5.31982384008061
4.85749528820434
4.15419211762178
4.57549082480282
4.52666755083218
4.99530080290044
4.46496238108856
4.19927582587825
3.29842849359769
4.23934156233111
4.50712361820297
4.81102046870294
4.96883863422903
4.98602352429696
1.76425956763126
4.61511810392859
3.10887530180805
4.75908318423196
3.48767437406914
4.71616791161159
5.52889062042137
4.72357856413762
4.01232382692984
3.91369384575081
5.62536711127782
3.62039329940253
4.66938334312
5.50962179881228
4.90307611618476
4.21097590929675
5.32225989088986
4.17550484846462
4.10801050890514
4.01989719971773
4.08395809779681
3.90884518286741
3.82481936854371
5.58865968382876
3.66945387438013
4.1601186051129
5.45416622149159
3.96632447046
4.5478078545058
3.22739848757782
1.18774984993437
4.73766195424551
4.95636827846383
4.87515155371184
4.11988974613084
4.27114950546848
4.67745806842007
5.12405656306922
3.73263874075109
3.26019148561078
4.88471857409889
4.21695822901335
4.57185698182036
5.20255035034503
4.97619202223131
5.06755796061458
4.42578631568727
5.16872311843439
4.15533798796059
5.09753538448055
5.20789594130311
4.77259665689083
4.30895930365598
4.59022646179437
3.74888816070508
3.58054483381153
4.48323261885636
5.29317879458831
5.26264600707914
4.65792031095765
2.83962453182814
5.29027082730148
5.52088751633251
2.57629292604993
3.66145398310842
4.17919005085774
5.01907218185203
4.99312275126842
5.23791564489378
5.19463357645065
5.26868727626071
4.82568678025107
4.28038927045784
5.21807444960621
5.1024606684741
5.25720048440428
4.9056159276197
5.07485357862948
4.7036928755994
3.61627311368403
3.78030899834335
4.98126599712749
5.31916530178049
5.31096647031711
4.7121380059549
5.32710602064625
3.82558449479305
3.87185565011066
4.04188418741658
5.352505858751
4.55010956475372
4.83971016920479
4.13076134613541
3.35224716346948
2.40488251886858
5.13774415133488
4.72638484368041
5.2946923282083
4.99143002856978
0.0894894119372477
5.02095082264941
5.0066215858781
4.2199656551596
5.10690565585097
3.54581226136294
4.14277362737094
4.96353256465182
4.77256799807963
4.53176152342493
3.90919412617389
3.90391257391146
4.99616565996795
5.703275053865
4.34307002565741
5.37360422979575
4.61277501773072
4.95156819660966
5.14081051687338
3.43679845998042
4.58905371292455
4.3876221801206
3.86507152335034
4.88884814882245
4.57552211581129
3.21987841252803
4.39260138302532
5.45828149904711
4.34804589500705
5.00902228015641
5.54085488395165
4.97082516090149
4.44539541590213
4.36252480966948
5.20014972722969
2.77472865371154
4.80971724343596
5.56310772835473
4.82934654084056
5.175076614345
3.44202375995729
4.26956584909383
4.89801711504276
4.590042935822
3.22347188683611
4.83565748344258
4.06686209104722
4.45424242969178
4.78787445697993
5.56913155149964
4.76914531755595
3.93212548068139
5.24069357293198
5.82551980436938
5.71120762903466
5.17271039730441
4.70711465668533
4.12427271977076
5.13596393888664
4.9919567873927
5.68643970376264
3.64503370012681
4.79663828987254
3.07800979721161
4.16321999492484
2.97745003286431
4.97816921751828
4.5165768099462
3.70020558099155
4.22146532663773
4.2773627208303
4.37080185577946
5.14836776410657
4.89310878977698
4.45196752715865
4.73492743561982
4.75363883337321
4.88330473789188
5.19427138152356
4.24507011881958
3.27462566129352
3.86504666117594
4.1329513753821
4.10567102555811
4.75439786377171
5.05841597748993
4.76180763527329
3.52040409806523
3.80363291100052
3.45445278019188
4.04897079209772
5.16074009287534
6.1064038238896
5.15333046552721
5.1968145734315
4.06658231130341
4.5987388088271
4.48500184569688
4.62596307351357
3.25524384562068
5.24906755361906
4.93788384933322
4.23726841566774
5.02723687627257
4.70171895359123
5.42052742268186
4.86021593676876
5.33012455256244
4.72056864728599
3.77363653662463
4.91055165029256
5.65754218632681
3.7585148425958
4.8112879942229
4.70935248851424
4.31669415582863
4.57474025666524
5.55068185744133
4.50610861506556
5.27830367314082
5.07081014606088
3.94328523419618
2.47745066809068
4.67183875369871
6.3595240823707
5.03717302733827
5.0165736257341
4.09831201834097
2.79121989877415
5.39104698726307
3.9163984477772
3.28041817141776
4.09809169121864
3.99999651326446
