1.13462260523401
1.79767436190059
1.2472083044575
0.719448854662044
1.02965717350856
0.139050372967027
1.55249347995532
2.15891844134849
0.735003048529237
0.93265958705177
1.80711898413199
2.03593456095398
2.37135231722463
1.75909162935911
1.92374441336404
1.52694695458038
1.13563573287061
1.15892484034188
1.90078913529363
2.16643888634789
0.285104370328712
0.417343283700064
2.11360049969093
1.08598475437615
0.54233951816484
0.801474190765459
0.390907084449376
0.773272138253394
0.52701879568981
0.797066308614267
0.144655206133775
3.09701456256271
1.67232403280404
2.92354490627544
0.372866742837285
1.57879031253284
1.73640149244554
2.17237652929067
0.881507651450403
2.24012773515112
1.02834078710508
1.49799008428025
1.24849919208492
3.19994501575295
1.84918608670497
2.65764908633429
0.531484140511562
2.64071152522793
0.777152415244152
1.42680556505007
0.909465784845234
0.561809746671772
2.51811377198914
1.60210632294889
1.93071556124297
0.384067517477524
1.42429178611731
0.339219861838725
0.571055426039782
1.59092113508941
1.71069780537919
0.624696398749092
0.857888205879901
1.44683962777368
0.143142467081158
2.492113781339
0.0934604275266523
0.28584234641489
3.15054089053485
1.08601329252299
2.23355762487529
1.27783348501394
2.12857302810394
0.0165210434574555
2.3641609351213
0.0359062918346291
2.47273943026852
1.51924162654836
0.497951925952473
1.92707168588663
0.554682382240345
1.17338952303795
0.383054147050251
2.50447534677758
1.52590237623057
1.24298376539522
1.99436173444679
1.01236744710335
0.828871214874122
1.1692073432217
0.162226334496645
0.734593508357986
1.55665776436177
1.08734263766725
1.89135701418229
1.23290454891396
2.78319924326361
0.92269570957954
1.50851682230195
1.68971565133611
1.60986930285424
1.00960097245097
2.05918233767691
1.96177817758589
0.938896007012656
1.2650177432754
1.23158553102456
0.385601691030261
1.49889895232319
2.19589344922591
2.29818745637727
1.03886336310207
1.76107709582104
1.74452729867502
1.25291059661689
0.881607544026155
0.496358476817908
2.75770485451207
0.939090626807825
1.21553332703037
1.85560879830105
0.0591254697216968
0.261652334645058
3.18205514600511
1.01991201010661
0.724467778621404
1.70143728447606
1.40751024230592
1.03060803980018
0.617512653405038
1.97770833676485
0.427557451860614
0.0849540895432613
1.25283647829547
1.8053215472894
0.914529181763674
1.48854421410402
2.28251252822263
0.0749512748688465
1.28200777689947
0.763275173787787
1.34190564779045
1.03025195957045
2.77534774705356
1.07821949676402
1.17800784878239
2.21875125299566
0.286571013443781
1.58664634882921
2.93803326597283
1.14605755406115
0.614209319949731
0.377378501938803
2.08334091319022
0.508808363198873
1.96687792629112
0.29047226802115
0.71937601095614
1.96826902877511
0.396033905522669
2.37613572953606
0.479896942553296
1.31274766251187
2.40552819232193
1.9547346635131
1.10143337886203
2.09546132347187
0.32963976657406
1.1173244311907
0.0376900125263955
0.0778480534374215
1.53444335457602
1.06833313369814
1.58045783793209
0.417171254203426
1.01175023927242
0.967744592485492
0.930032762727816
1.83135463885953
1.28796632089849
0.761781377391973
0.603037267723468
0.857935071465673
1.06742398784363
0.934665671655497
2.49886540242831
0.170003845879789
0.774536566135052
1.1396676698168
2.16721813710846
1.40743395125783
1.952088550591
2.2112779120799
1.48222691901903
1.61210047124403
1.89252419893706
2.79617495186568
1.56079635221531
0.817093002700402
1.22083310475091
2.72938464130631
2.35788825551042
2.04932589578127
0.278431689688767
0.816871572027375
0.717329866342344
0.096613696640716
0.998302358816399
1.06019049726825
2.92768932232415
0.93527280328704
1.88501722557318
0.772932202774884
1.80141234250387
1.68313104832541
0.47693274752861
0.586613157095151
2.68618636738136
1.99747011033426
0.832279368286542
0.349771711008194
0.342417951988687
2.38033858308549
0.806089801487967
2.96106469607838
0.361514632299498
1.29257225519078
0.218497118866806
0.142275855681022
1.27692202629737
0.0195416326824294
0.351292297471981
0.636561275172098
0.729867916025329
0.565687639612157
1.04677486621145
0.482006951553422
0.706479635446964
1.72583238879663
1.39967260518123
0.844577583008436
0.699653535470307
2.67838002667505
1.23453893084941
1.41979668000384
0.589230471740254
0.556792726910878
1.34306165514041
0.727106287357386
0.509164697759584
2.16940325426259
1.35079944072438
2.38326013334053
1.80470516559848
1.75476171998754
0.605929042524607
1.8411471275892
1.33835788305169
1.39078406266167
2.63223034243331
2.60676937163031
0.427276602609658
2.63433029008851
1.87950228858313
1.89309596129182
2.3350246727232
0.445808345754983
2.34001045059671
1.54015546343761
0.51061337087465
0.552224167720946
1.43421101117365
0.647523363152106
0.465900922190494
0.840447908464385
1.3815458565519
1.52034825800049
1.97800009207182
1.45877101370804
1.25248334130996
0.424303232361265
1.13248356122218
0.433777471332045
0.185590826901358
2.11065088652089
0.470184993824415
1.27886133559643
1.21482164282695
1.22896149503572
1.75249654189836
1.79817128934866
0.37780986653576
1.19717868023901
0.577671102363193
0.554461270847724
1.25142739033503
1.06406053380171
0.868167663113508
1.38735572556055
1.00566867370434
1.98545831864426
1.90929005561337
1.42407389055405
2.18414940934685
1.92163751448651
1.12949790935925
0.347735987095042
0.455796100035684
1.6749330440313
2.20742260089943
1.46978991458996
0.86860172186181
2.15170090451508
0.973139243686567
1.8790525308443
1.03460682006559
0.949478473079405
1.91652456953258
2.20842874723177
1.28253440429292
2.53985246192509
0.257575400297538
0.927349018829502
0.18846196749171
1.28094485931166
1.81132333496348
0.569219285748177
0.519012308436039
3.19708711501724
0.0335590971073728
1.46867410707646
1.43854257136607
1.06699226528097
0.0846677220694066
0.5402298190721
1.27095106737645
1.31243723050675
0.920967470647575
2.21274210730103
0.130685428299509
0.0636337114449374
0.0299568793912246
0.273771851615145
0.144124567170093
1.24143891200448
2.53043850973849
0.229431903794689
2.08825333115866
2.65665480590934
0.877907541365463
0.397831611792308
2.00931136463889
0.773639903293771
2.1804685667534
2.85658075972747
2.57632171919116
0.61845709010072
0.11747174703243
0.335757695462705
1.07056510186652
0.499378717942013
0.185009726364407
0.343437682100552
2.38795566153154
0.26369873748148
1.51029522944192
0.406597319906495
0.67053137388129
2.62554377294328
2.00516656641961
2.20464709348723
2.13028642823707
2.51323761317899
1.73884903754123
3.0391510086607
2.41027738804923
1.27253366669126
1.13614902325335
2.52994009097481
0.949832582793186
0.330365401784097
0.838307052053227
0.146841429625858
0.222528613967722
0.563273005340386
0.783670045695571
1.628752591706
0.528352374566022
2.97835184676985
0.801750376229818
0.21263363029012
1.49992548251062
1.6793122285039
1.71351525557548
2.14276151929585
0.548274109885045
2.19011644684627
1.29603358401013
0.662624786890107
1.47157810883499
2.66806704505604
1.38408912022961
1.85064419737537
0.894914348221218
1.60467899954713
1.29041743669534
0.492522942187515
0.997513491285599
0.905436972114687
1.34516197441076
1.74835356166024
1.10026929086507
0.579369779394233
1.55505779742702
1.92383694580438
0.143200667806122
0.888656941947654
1.20004834836474
1.19468623407001
0.584949979632227
2.58795837010033
2.01058653796151
1.9485904033236
0.577500839100135
0.245466099258399
0.484417227185497
0.628306365231346
0.908959363626096
2.51468206817096
0.911213908209842
1.64301975244144
2.50977313256316
2.39830976344098
0.845134568908607
0.718513939683391
0.823507621320319
1.83212312975328
2.33067992058526
0.374282984770362
0.734824936503253
1.60777112944061
1.7050220856904
0.866928574200685
1.13548802659897
1.17126885980958
1.10185404470675
1.34695711501759
1.18378574133879
1.18498508162289
1.97074686706093
1.41380992814332
2.18179234019041
0.852760282733911
1.83446998794239
0.310385879424673
0.114737633066226
0.306518763568742
0.411046600576753
1.28234291856544
1.6795083316801
0.845319874438334
0.885435907499857
2.84883076258385
1.53518439571724
1.81506875149628
1.44335864010974
0.424229552619718
0.102036007352014
2.04251745208994
0.225492685184679
2.77097818509362
2.27220331479108
0.124057038892628
0.163018757840435
2.55177864562945
1.07006740891868
0.219295425984192
2.02713211954429
0.326096906635546
1.91197897261311
1.52278772537281
2.72075643101399
1.3149733971667
1.50195977436007
0.231236953130897
0.473633410198914
2.84538598695221
1.1849370205769
2.74540419083263
1.4474543558538
2.93562920956266
1.8564381014307
0.728310310092173
1.46386527352136
0.986029240129829
2.2030631282959
2.73800829800446
2.31837430082705
0.160536169148955
1.18216686763651
2.40268287497297
1.9180611741954
0.127761126326929
0.94288172619749
2.14891958154266
0.133289737733424
0.295554023011514
2.11983721826548
1.68353543293921
0.365688845388482
0.576675047830143
1.68069255959712
0.216574302262927
1.00862594380414
2.21496777360073
1.12920974292847
0.999811621671787
2.48556872591626
2.80394648885183
1.09041224732406
1.14513369334951
0.694878691327052
2.00824804761826
0.590568509762592
2.41610523353899
1.57888149961579
1.27449078071265
0.783666219524795
0.878969006854502
2.16582863198482
0.192856881257465
2.20426397668695
0.229434554690965
1.78530502175466
1.06962281763824
0.993777030460169
1.0298900936211
0.701796375109836
1.1135743632688
2.75480316417856
1.65274751325055
2.3288345069879
1.95854348274102
1.82788147659909
2.28587967350335
2.85572733390281
2.29476638414975
0.180979913106971
2.83184878986142
1.76728646747421
1.68133031628351
1.94097823256271
0.845492009558183
0.685802384110688
1.68672582146537
0.481914401942603
2.99755868773643
1.54728657619465
0.663111405555764
0.369782499022641
0.984838229427957
2.01232459274366
1.43675723034495
0.417910947544067
2.45849161536096
2.32551707680075
2.04155842237684
0.661217245892324
1.62232931053877
0.946846807790312
2.3988781546894
0.651596279409885
0.518326867172176
1.69414785839807
0.445350067236768
0.163812851850925
1.38561770907644
0.384432805204036
1.91210360250638
2.38813804384385
0.284151716727756
1.41951932835033
1.34667771843708
3.02526539317011
2.43113553416056
0.560383507434559
1.4652630559955
1.77347775043257
0.470226033083296
3.05426267234719
1.11518727971201
0.33846773605171
2.27434962465766
0.183987415946459
0.99331650992516
1.93581721274635
0.476424145061247
2.53342576852875
1.76934787306733
2.29807646334176
0.235076644278485
1.47646395116101
1.08718728919416
0.489264589837218
0.41317685870969
1.41900045259935
0.799925559877559
1.31409774921729
2.24031313020078
1.66871542399928
0.198064264324106
0.0550239211254129
0.32971235138106
0.243522200104919
0.0530084212175236
1.9104173517011
1.02185977656971
0.257079571468537
1.70342260934181
0.36574743529992
0.0510323752994892
1.54680186355884
0.719024958968598
0.1169482739707
1.43863850974733
1.11698710874985
1.79772136391493
3.03308694430201
2.16581087922841
0.801233330088487
2.71201608979388
2.13532974850383
1.56485458939165
2.07304178998527
0.0897920053990355
1.24651563475656
0.367483068261612
0.354037710148957
1.33075106067051
1.60429484739717
1.09382584172124
1.13066434647002
1.51268083174265
0.184444096946383
1.81148578834531
0.0354563011892053
1.6658633129727
1.6417198342123
0.843224215887064
0.277006916631221
0.119873380744622
1.41473922047599
1.42492397476303
1.13711396547777
2.20676949443689
1.92246655945198
2.59564470163372
0.975560513331174
0.648642105480962
2.20251863541967
1.24913737449365
0.261097986218494
0.550518696767807
2.12820803361456
1.00258271969178
1.3275536640213
1.27093654808694
1.87111779714728
1.32230437829171
2.39189300936723
0.613875140070471
2.27963444630915
0.919620587656668
2.76126246754933
0.878192976368241
0.992421763789701
1.91284507603705
1.63121032372546
0.459889370131352
0.327354913963159
0.179212104953034
1.08890829172254
1.96928758816683
2.28356189342045
2.43024068304486
1.2977302506753
1.62582062988241
2.32789194818365
2.61395780594528
0.431073549744591
1.42526806259049
0.653440100092889
1.1292022392353
1.24420215119385
2.19610939308666
0.723587092692528
0.830549744094052
2.333028001831
0.469714497795604
0.804920140355708
0.368435652441704
1.21127441226575
0.258894320285595
1.36336565928711
1.53013660970361
1.65445601353543
0.771266051651935
1.1621923597204
0.562061474431134
0.108942972721231
0.685184855106621
1.11710083210437
1.88143936774686
1.89509538262852
0.160951321066477
1.32818874910564
1.95545459248535
0.0821868134690515
1.60610558280912
2.53834574873879
0.895995315392054
2.13009607049202
0.994310487255313
1.00871048480814
1.39072793847096
0.159125592960374
1.15415649121228
0.996302630621103
1.96348025875952
1.75495380914827
1.5478970172985
0.194370584309756
0.633135063379479
2.23012436868165
2.23946648315106
1.23860311515882
1.4075017284728
0.751440217721069
1.1115907120835
1.74060399522954
1.98371425699741
2.11203096279673
1.46750686135111
0.572041879683411
1.90954974258704
1.03564910295854
1.26367463879665
1.65929060995493
0.150901861295449
1.66158046551664
1.1707505621246
1.10928409940552
0.437839523499689
0.250863191121276
0.842926225719619
1.45315232071823
2.00131068971992
2.29388544951781
1.00491832121613
2.26819856459752
2.46400116133321
2.32569928942308
2.50026046128611
0.350987091511057
0.0937901822138862
1.25210330425966
1.51186578389583
1.05903938424616
0.898823642897435
1.16556136365163
1.95844996435847
2.19474494628593
2.16181142966766
0.872957702154432
0.258128256143999
2.06188688297091
2.10061714815121
2.32221549501102
0.514428433723996
1.21795051788657
1.29288639384782
2.87570192482375
0.725196029445584
0.554790098912674
0.909082881076098
0.779859097672699
2.30463607280078
2.08095123218482
1.8154051402304
1.17640689928989
1.01698162523687
1.07369713344118
1.53705140359598
3.12445021768446
0.344829004542065
1.00590625221146
1.96446835541907
1.82531902877961
2.95508175747533
1.61708872831878
1.80944237488426
0.50159453892967
1.43210891298714
1.83993649171551
1.61037156599688
0.118214030379557
0.636549240351961
1.44906159742163
0.209930475130413
0.678459266133465
1.91866743121815
0.911706913206441
1.82089771187144
1.94476523685171
1.03267325442177
0.615841211376455
2.270747126437
1.64157793169063
2.70592284879746
1.32419058607618
0.970188048692068
1.94656688951618
1.85847284102206
1.11256621452895
0.994284165206969
1.00903391053268
2.44996848646662
0.961764143362966
1.01509772113488
2.92255882829064
1.68961954992465
0.704956748206484
2.689061183126
0.923821224632854
3.35520110309499
3.32766535204705
2.78652717775197
2.92457821744335
2.45466294544401
2.04671346474598
1.1029529798992
1.80715766346031
0.412833020206758
0.346108017688608
0.893623337596076
0.171348166420354
0.152047936119379
1.90680066997464
2.56090638772135
0.824961951772884
0.803502153302489
1.12011997301165
0.500721441307412
2.86215998843093
2.58640602946062
0.893822894117447
1.50333033082019
1.39623868091174
1.64134118878722
1.97879186143847
1.43049844589684
1.73681753689911
0.720917118678565
3.26730435560933
2.56683568578561
1.18708074483696
0.569189390017846
2.06739467143299
0.133426728744359
0.758062754465685
0.128973847962675
0.917559299610329
0.741441579960475
0.968514839974229
0.260270322066535
1.49795759191082
1.63445380136045
2.03424676884043
2.65257767355316
2.07512519578193
1.4201116514939
1.24449352718752
1.26201690070695
0.660835033460303
1.83915806867762
1.05938248965392
1.25248795898654
1.31543486803136
1.56373757628267
1.23683395077624
1.46364856395104
1.69386967634092
1.92067129361401
0.0301887190673638
2.23579828211465
1.45887093130834
0.823052138882205
0.0244186412681154
1.50125475912709
2.21613497539744
2.71241329218701
2.37003589729755
0.386593673302326
1.95427797764733
1.97906128983543
0.855684850836051
0.828876700801438
0.223283765589549
1.06288833634921
0.0568818090835924
0.49445654732237
0.211508955027516
2.32538128719721
1.46693150908618
1.20265781896522
0.208064026694305
0.604151552904553
1.1466834319772
1.56177119261967
2.26005774299732
2.6516370445244
0.697426717597864
0.403427402245091
2.94981233076324
1.49984022774048
0.189294019379636
1.83351174198516
0.411047635501388
0.880409797726908
0.86168902113758
0.878339151116915
1.43152673306747
1.20877012516516
0.195783008327624
0.204844765552802
0.204335568903404
1.69701001765205
0.441572092687658
0.865895588857029
0.709114262646491
1.11816686270449
2.2140968186336
1.68339955708364
1.08100112971866
2.5897276128424
0.579712420241334
2.10921928479095
0.822787474839577
2.62644333818457
1.3115658825186
1.2080378789064
2.2504143796713
1.08279430845491
2.39587609399344
2.05610797456618
0.49606009531734
2.84172924628009
2.04650654387094
1.28558337569569
0.209797805031884
1.34725031024445
1.98155417926064
0.51038245958397
2.03406529907098
2.44891429724308
1.95066321294678
1.45946434525056
1.1368683005407
1.50149980726121
2.37628817738428
1.99368642290314
1.90551491777896
1.78568054829543
1.43493040423248
2.33574114061405
1.71544439109084
0.920927740047856
1.91535274276538
1.75750204614162
1.95947956995502
1.10420002239926
0.890429863436613
1.77244958294669
2.693552414324
1.39537769599131
2.01652463667461
1.09448388374343
2.14096888351081
2.2261565271051
3.07473617888173
0.689304175407852
0.994549060044841
1.53698648713922
1.88695096974432
1.66570653708958
1.57345370003512
1.32596890063607
1.06808183758952
0.850421160612726
0.67710664202547
