5.96063233859187
4.96941410415848
4.74448833013981
4.60964235233737
4.39091200194503
2.55452310890612
4.46995639310975
4.50931477399378
0.799793470943932
3.48056567454674
0.803814435188291
4.23990433107107
4.23288016122957
3.16092548137892
2.64277846186079
2.94953588161331
3.2277592197421
4.56920951532986
3.42009759835932
4.54003962605783
2.11035730986879
4.43929870783771
3.9754819901224
5.00411590507881
3.12989097965009
4.3539515766174
5.53210216078221
3.46409115707339
5.47166847427781
5.22173875191565
5.51121712600717
1.69527787194692
3.28103861317635
4.14173846881606
2.4303716293783
4.04881321537263
5.21520240862678
4.44274006610858
2.83543363311671
3.5120620760897
2.21697945096958
3.88583067571094
2.41061668943469
5.00657272224652
4.84221760724873
3.79499916561088
3.83998764924775
2.48294460374427
3.68756316576835
2.08733595620237
2.60635439765325
3.07723891047994
5.81358520393404
1.11026628098355
3.26065462599957
0.77377533098278
5.7350372720955
5.39396460883497
2.89974002895476
4.3455086880444
5.58843746360629
3.64674643283214
3.51064949000069
2.44841262052781
2.10195704466578
2.98800261479861
4.2572377153983
5.16871015825751
5.79703120633281
0.705759001984876
2.41068411228212
4.01164630303609
4.75852332166094
4.55701950775812
3.69705262822863
1.73417468772422
3.3598998532871
4.08212063732124
4.58228778124373
3.37818463551573
2.84327898164828
5.10099131671643
2.69332446766287
1.35880512765944
3.3740423026078
4.17428903515802
4.5609600534
2.74798050810071
3.25052252974979
1.66205540688194
2.90063625585694
5.25662462429195
1.7494120510348
4.5338858496701
4.57199747809902
2.63697128534562
1.71190090444744
3.66497976214407
5.0355970197915
3.51451405471468
2.71414023618345
3.93099818129623
1.52035248298373
4.37354223161823
2.95391903767811
3.08647975022843
4.96750532625826
4.76370997666787
4.52174743414814
2.64058431244541
1.65101455526714
2.35137790459221
3.1765767942657
3.28856574687245
1.41228540822076
4.91589191040668
3.85625545788487
3.89076142692011
4.53948595858597
1.85961379787402
2.38901481546988
5.06397350510315
5.14075678137031
2.08209961576771
2.72780997568154
3.89746547250304
3.98731733368509
4.14095881396152
2.48030209871045
3.51914704811777
3.58946791546477
3.87458066074145
5.2275745398573
1.24201305008785
4.52478008667196
4.13773725588922
1.01028451432536
4.60292386270252
0.306356142984057
2.08821219591205
1.4387990400713
4.28436144658973
4.2165861834361
4.46031534021901
3.13238655716113
3.18554571315664
1.23159589407082
4.78541711573856
5.41841673654076
5.59675607893639
2.38860175854168
1.96987151004839
3.02072079969081
4.11248286067496
4.76619987109486
5.01897400597219
2.7920940844899
3.7865828442364
1.46193805955607
4.42717333633518
4.25251761408084
1.17646458045292
4.3985784651406
4.48886711820671
4.12461556831878
5.32427877513014
2.49535504313614
2.18468753984511
1.22731472954648
5.37383972548173
3.71310906899803
4.03544017252822
3.53328097109859
3.3183341377984
4.7483952333748
4.01474675635998
4.50740657813398
2.07522844792124
3.97803999287122
3.6754961900092
4.14477664655162
3.55112643443528
3.68745473420461
4.02849615775078
3.59256014845564
4.92073491066875
4.98977292649997
4.26612855610884
4.74069726545451
4.7589784371762
5.31759001824378
0.516499195184591
3.01581046323541
3.86504825764894
2.70539066189449
4.2668628666991
2.29713811213375
3.72201921452926
4.41755070095568
1.38992297519256
3.51418585590259
4.11863742703407
3.33108643180036
5.6548105725713
5.38142198605595
3.89761006564972
4.41212369766788
4.24378050903301
5.45709392237353
3.41207215732672
4.21911914601754
4.75867343581987
5.23630628855259
5.25388015043323
4.19113747804797
1.77136643288688
1.75970188535394
2.50084094836406
2.85761333045286
5.61805809186288
3.47706803136478
4.8814495730412
2.36470138534641
4.4569824288788
1.94765094235634
5.28732198991589
5.43186876674022
1.534022131175
4.43909733584231
4.85173676564609
3.5607199593015
1.42432460680754
4.7583115525015
5.3981423247541
2.85356275008614
2.23116554420616
2.50218464490907
2.47415376674646
3.5916733842084
4.23201927696115
4.12296065608893
2.73521375729466
3.52130738573782
2.5459111502769
2.24511758874462
1.86910086205749
3.48614513182779
4.21091490784227
1.93622385002468
1.76848552570679
4.71336459109088
3.76842953523452
3.04183978526104
3.6818268572625
2.34936157909916
5.00794335535226
5.64221588005082
5.01814668075701
4.67607636576727
3.69600378032961
2.91426621295155
4.00959435560217
5.09480255253428
2.63143831456138
4.16062632541336
4.38953440395896
3.4909966991791
1.47586257452928
4.5000064857301
3.02896032058146
4.3363630670866
4.79722344204785
3.21707161434489
1.91014779712199
1.56724880604878
4.43252209769581
4.14396340902912
2.92670475788253
4.52198326218401
2.66919630825549
4.36715817611253
3.65733597170649
5.41545854052436
1.77107457863334
3.77322830775463
3.19009731958035
3.26227424397212
3.0653306265038
1.65659704447472
4.12934639401346
2.06468184061601
3.86911063325423
5.03877950657857
5.22978523656305
3.37881925182352
1.67742240528737
2.23162134985028
3.20211754515532
4.54190490102394
3.46732432692156
2.51113212991186
5.46442135057877
2.3522844464434
0.965741400194436
4.77341207468038
4.80559980587781
4.30218808360547
3.01823287501052
2.24636657993479
2.23316093281477
1.64424972137941
1.80517248240505
3.27422965030144
2.49614008509954
3.96415180413301
3.42515694275826
4.97008773454715
4.13177023050041
2.44529140425776
3.52116947095334
4.63707670068617
3.62503187871223
4.14149283074682
4.73174567035734
3.62992022197137
3.59047946783656
4.71334567316478
1.27769202454302
6.00171925423213
2.51642010713209
4.37303687324524
2.91792180597956
4.45432279514841
1.68967856718427
3.59760835232865
4.46241988087423
1.18459747271708
4.69154193539956
4.29832363807905
4.54679615500136
1.38258926372615
5.08716051529456
3.76662410273717
1.20161575471504
5.3757257528601
3.06813423040084
3.61179377119975
4.68258751649891
2.53351029568016
4.24526914535487
0.662582933650153
1.47300657419027
0.358405430944033
4.89868001273103
3.92462440037477
2.6731732657063
5.44612048092137
3.3247008134006
4.59404245125332
3.32154949682118
4.19840408039684
3.66161550009303
4.64082640317974
2.23731658760524
4.31022081578074
4.7225094053879
5.37957750344636
0.568434434119219
2.08374171568875
3.81820211339603
3.50809531470329
4.53330499246199
4.34973966683206
4.34819512331554
4.04881490582813
3.55098754149191
1.74937961893731
2.95297195883002
2.70531062867799
4.72478833630356
2.73229823159912
4.38989455191555
4.45656296668996
3.49866208212586
2.54358606017734
2.98084329585231
4.43261414641132
1.97346562486565
2.38977272024142
3.64189892454906
1.49060940655404
5.40776208246368
4.46514495241443
3.93542743060921
3.68859478542028
2.57988295949438
4.53152935557225
5.34340928499632
3.2635741776737
2.47485250870183
2.56220367181883
1.24491735327885
4.16422247406184
4.01993397680366
3.21357160802473
3.52910213446346
3.00031747331526
3.68326717324829
4.22948553793128
4.10591496654802
3.58300249280649
4.33783629593115
1.98891660157258
2.71487226752524
5.20213765645437
2.77193072726635
3.73894734523292
2.26285573179744
0.630870102079267
2.82417762513497
2.52079424534057
2.76125940260666
1.84252924655515
3.44766275959004
2.14969765151669
4.523069679828
3.76156558431504
4.56438349051151
3.26258133764587
2.55865142809806
3.56372435833242
4.99825560328357
5.23371298785437
3.44856937787662
5.21539829332129
4.25855678699342
3.97464924298042
5.88203687043472
1.59907900245288
3.78382651783416
3.51406929875211
2.41293184298465
4.61925828112525
4.62578534119952
4.78918591311214
2.92255208720663
3.65902220316289
4.64537735444756
2.44503252112035
0.457979473336239
1.79542337757964
2.7899073606419
4.49308168384187
3.4582502851526
4.34596841721261
2.40222249590351
3.36666162069135
4.65965684212888
1.07281905594605
1.8353569908714
4.49930194862834
4.68173698833588
1.78176339605274
1.9744342956069
3.16510193104233
2.15811729496775
3.95141560547493
3.77364075603027
2.98224327851496
3.37350607297447
4.53638802063284
2.99686332088095
3.75931967925977
4.71942012588145
3.87277925093939
2.42852360787267
2.60760373258748
2.39218746451231
2.50554813305791
0.989365238734773
1.0287555163278
3.8048329794742
5.54668370878913
5.21873098244249
4.57197740729081
4.01067714865822
1.20627507621839
4.30587005195439
3.92603228150432
2.64367738212979
3.68152005807398
4.37258099437413
3.55433021809261
1.18641733759109
2.55137373528631
4.01646172377525
4.78031086254701
1.77111326672925
5.43933506915646
3.23453924784441
5.25714361200698
5.15448568703459
2.32330029495614
2.85131590545081
4.69385752528526
4.66290032454994
2.19428587269758
3.01140091989257
2.9350453183487
3.35425235163111
3.57220171593221
4.72956896826214
4.56306798262778
5.69539173849786
3.76396480898497
4.81711199712306
2.30559472463199
2.20697504502627
4.30785464451728
5.25709045879582
3.42870192375364
3.07888584812625
4.21998315571887
3.9053576980047
3.86202412284082
5.55760373258524
5.06477444475397
4.16711116037227
2.95870885541764
2.36104022988163
2.94191683459085
3.73694072408733
3.68913595533461
3.31416231213924
3.15460876379939
2.91800707913467
2.33256562535902
3.05367041836556
4.35405418760746
4.08903229908892
1.11508554922556
2.38999667355452
3.24864691660141
4.13496783942755
2.17557206637671
4.66721073573873
5.07976530489782
5.76227647383807
4.66449546158114
3.64797905347418
4.18689977539442
4.87752630306049
4.05740929107939
4.88075406743454
3.73914700420919
4.2353533875937
3.14294577532924
1.75262155256056
1.08276043575234
2.51745503658115
4.35206825810758
4.10569516930922
5.30873137942852
3.78275526179075
1.5896212624451
3.38936510933613
2.14413728178344
4.31362134679278
3.5926467457742
3.50322086579746
0.791124525928898
4.64022306792357
6.30326616336369
2.4500714955576
1.50864341715117
4.49000335992491
2.39231064082265
1.64066789495754
5.19731356448337
4.34826230554329
0.771103017187635
1.54098654412095
4.98844085739847
1.88679964354102
3.95951765853954
3.86390621186165
1.66581727741014
3.91307366346461
2.37961266203042
4.25576749086274
4.88273430854237
1.10891009080378
3.90830967936189
3.20134554878398
2.80338399525847
1.78934319676072
4.00449858117892
2.47987275838144
5.00105389619884
2.60119691870173
0.568276933857778
1.9828498880741
3.09998848669115
4.99423650297592
4.85241841877887
4.19249508867934
4.35313132815377
4.44169043056709
5.02716320960723
5.27325806727267
4.99821823263569
4.99592743304873
4.5429729268355
0.798217178305591
0.263390518817474
2.69935806435958
5.11469295940922
4.01774075679388
5.06515841755444
4.8519389618432
3.79916124226191
5.35182388740474
4.61200893888772
4.75204685453061
4.50552243000259
1.56045045101901
5.19573988833767
2.64491442171379
4.15765629126223
2.44165907410271
3.96810185409338
0.768839098095007
3.84474899163134
1.1024025160048
4.91510565110464
4.39801740144613
4.31028824840428
4.56671188667074
1.54820724585203
2.89653741605909
3.88465454634732
4.44635967819501
0.694575168158829
4.11055514811634
2.56497795769184
3.93810876360003
1.70380722868802
4.24590074135386
3.36325189319991
3.97955343025719
3.45862214835191
5.13114066802151
4.22688083703066
4.28195900099695
2.46080456204962
3.65733544256544
4.77858324924729
3.61522710042618
4.12400251509246
3.85309774137974
2.3470639261602
2.93780963051854
4.40993528077917
4.71514286672191
3.51878954194514
4.5882019905046
4.57540811414932
4.65685697382366
3.28430942605754
3.7116314524635
1.69724110970362
3.78468822201408
5.16114717510395
2.81498158548308
2.06425931296504
3.10894965104952
3.47154853524862
5.29659547268032
3.78154606458443
2.38448365744283
3.68399860865729
4.11377293055104
3.22448031976877
4.0237351243464
4.5042644993825
5.37191710392639
2.39908408608325
2.53000730421925
3.03969547272885
3.00761979166243
4.72959259546394
4.70102014351269
2.55208351890838
3.04499797813168
4.91882625268162
2.52283712182207
3.05840060919556
3.27532581947372
3.21966789661706
3.5328621336909
2.30280274335355
3.06808959029385
3.56573805877192
2.65829971252645
4.45703504341546
3.40619586731896
5.39558687016091
1.4218509658862
4.37910294483849
4.68217063357044
3.41848489987951
1.50563001020774
2.53623668618071
5.05428044177853
0.423722870984551
3.86484163696847
2.80210995301656
2.29567126537233
5.02114532265806
1.24150716649442
2.64569074342121
1.81785713159815
2.49523236164162
4.79587697022524
3.52372580754478
4.5296722215619
3.25139760764519
3.69642829755654
3.37681729290217
4.74439010034874
2.63776135684727
2.93567900516034
4.34844895772209
2.67980448618242
5.53527072685744
3.0503491137921
3.54008495208735
2.68301442166081
1.56936948583357
1.9788846570051
3.78839375692381
3.84324163970319
1.64458697456504
1.41923478515519
2.1946447418358
3.37744656378004
4.09423174847368
0.769298619127828
3.98882732485839
4.66105503047792
4.59837727590475
5.27596520447778
4.66229349422453
3.38592890969989
4.52176139317022
5.12335730545426
4.5450598790593
1.98211316167315
4.44725566876763
3.26920748842954
4.46716842818359
4.5552521755613
2.47496945067235
2.51669634881151
2.58711859690845
4.78765280018305
4.48049301247275
4.83558499859312
2.16046979708915
2.15837084161391
4.85306605213698
3.65784791542719
2.29820554767253
4.1121110383169
4.49330393283441
4.73124865976417
2.13089314969267
3.37833963820184
3.57297553467983
4.83214655203495
5.04274779608977
2.45516565309646
2.14571715056095
3.88665501499246
2.2763823823932
4.93344301822053
1.86241396773999
1.68722433770875
3.29567803989317
3.73040527848091
5.26835393225426
3.01736757374461
3.94680724090035
3.36885385296117
4.84320096752576
4.78968815108719
3.81405455593574
1.75345650057586
1.00898920697114
3.68149575431609
4.39188640750762
4.41167877956812
3.26368655346816
0.61113584968227
1.34981651934389
0.77922791762481
5.44427920389061
4.20523102314226
4.11202502236596
3.85222652160275
4.08396987692441
3.5467357692533
3.43265585965898
3.77084619939797
1.81255632325769
2.51613583974248
2.6587111250875
3.0503518110326
5.6543953043392
2.22615119107471
4.44001045685141
3.60859011254627
2.32750472166615
3.9878483609468
3.91249920524061
2.04151696362427
3.82804056629974
4.98396582320782
4.45199321106886
4.52204848811952
3.4083069609617
5.03478805147986
1.60248585473175
4.26979347870327
5.24164693603991
0.314836122910914
3.98967450154842
3.36855719233406
2.56510635019364
3.87967108240089
3.39305819579361
4.25939739317221
4.12114337499752
4.31204598935682
4.93663949854094
2.37233530736126
2.87112416415097
3.77079592854892
3.39641050034362
5.14431877364884
4.16278714368729
4.47633346125441
4.34074155015418
3.03880001502781
4.06812750987747
1.87528734528561
0.76811520239985
4.68166979791115
2.61811744727917
2.95380282504224
3.68135638085469
4.853700449749
3.3472026417877
4.81387753256814
0.800789318798251
2.32765935546533
1.93990217349263
4.35745721252436
1.47242344789903
1.52936694380919
3.66107798172846
4.08688269256755
4.42703967155451
3.9621348954268
3.67738772970479
3.70995172408113
1.33275795858882
4.65050176976349
1.75687395825184
2.52667221612478
3.74002616831
4.48249670166769
4.76309721187611
2.29831605804584
2.88096496519118
2.24462453325674
3.81162906935572
4.50716874205981
5.56950683844997
4.10769539675648
4.10445987388237
2.3303081706964
3.53525703759031
4.76574426512908
4.69046541037259
2.70412446279176
3.82157452257298
1.65477993343781
4.64123757265811
2.74393777988926
4.48505122712365
4.52439980299953
3.75042298966295
3.09447274569888
4.81377313670607
2.12940002791373
4.64897527782497
3.99180665866455
2.83697659637635
6.03728910350225
4.28072460229151
3.43662204954965
5.01851653818935
4.04051419794654
4.64121547457571
2.19796892552375
3.45481449796666
2.36908445164739
2.85069375212747
2.07137024165962
2.74279456604388
0.759665827640444
4.83653710566588
3.90108780630459
3.63257955924252
2.46048152512083
3.65565663007906
5.23871325644501
3.08477926269862
4.50701990877423
3.61492363675769
0.590973864120698
3.89937668482387
3.15174505578026
3.93012665874922
3.8031087607153
4.59460527815878
4.20558859409358
4.55663283642991
2.43290644309163
0.85688950922678
4.89659239857373
2.10662102771084
2.61904972914872
2.70115512457291
3.6669194960248
2.08411661095961
5.06581075264532
4.49646232734371
5.11358432636345
3.52499290458523
2.5986622048011
2.24002015874153
4.9032912971267
2.13502524914977
5.52772836948346
4.07280474618256
2.2704730461106
3.98115157393653
5.06092423222788
3.93298386015547
5.67997223499396
4.38562521297998
0.938598011181565
3.80759908791184
3.53033119937107
2.98141611205258
3.84738744394915
3.41776774659059
2.91845525464142
3.80902522187937
2.01857387329738
4.50104922319172
2.24515347686325
2.59553108788146
4.02044727046915
4.1508699400139
1.1219862130641
0.133985726911545
4.84652347317716
3.94941277002788
2.93889736054388
5.25333427179272
4.23230327234129
2.01725822123918
4.52810226985852
4.92438701260003
3.26526401998315
5.56473290533857
2.31350894015957
3.85049056911163
5.05036480542859
2.9023909525657
4.63714120616739
5.17479377009434
4.74593905043757
3.76215748528847
4.53268609794282
1.96307162406483
0.496813987544905
