2.12291983050467
2.11154572528589
1.6017367665796
2.09312162382378
1.96268239558478
2.34553219321375
1.9835836228941
1.6028384502616
2.41412432942508
1.75174843421173
2.16912604241484
2.37503155877581
2.23259276767623
2.02917334901343
1.74675696424577
1.634340581611
1.29376299201967
1.88764446519568
2.31910590256596
1.86602632116073
1.7214523638894
2.19970600315914
2.31209257590432
1.90881341103798
1.36406503578483
2.48077213735732
2.29987205279398
1.37566908846837
1.43520932124836
1.43968065407688
2.28336669136322
2.10791056624929
2.49480361956302
1.80381668710776
1.13649932057166
2.23631691718617
1.78997525819267
1.77677361056676
2.07753329796611
2.227949578986
1.80455773678118
2.25948892077451
1.71568014344692
2.33977935063321
2.16772957858365
2.26680677862399
2.06208076684856
2.4375619439297
1.85228362923399
2.16269473767917
1.83605200510548
2.39048822574977
2.13471718578439
1.41350896011506
1.72080283194912
2.12927444254111
1.86197690352968
2.09390276650434
2.22659407733501
1.89136584054076
2.08651149052396
1.47105721274783
2.20825358310773
1.96507981811403
1.97304352423564
2.42935887379684
2.36973629756679
1.43066077260964
2.36594360250645
2.24793620847125
2.10061702596635
1.76958960752746
2.07490348271456
1.7108593822403
2.241421809202
2.4100684285259
1.44136172709508
1.57466229964488
2.46578441242465
2.36657774583079
2.19716798665525
2.34095528586143
1.94075825278428
2.12536210503423
1.91376633406818
1.74638850700645
1.93984823990358
1.88665283728756
1.6724868109401
1.72541246378395
2.42905094759379
2.18809983529542
1.99321401689203
1.76410883741768
2.04123552728639
1.89110285603448
2.2502517147292
2.44233804852113
2.11801034197212
1.3786022489776
2.12703760375297
2.12524000958489
1.76221412577619
2.11569325163107
2.0645174676691
1.92403737375615
2.01072329759284
2.31626282447572
1.29393690867455
2.3740876537812
2.35818861498651
1.78475152077038
2.47983927199504
2.12442497331495
2.41570377239082
2.16903702561655
1.77272569791533
2.42016284034101
2.11185675785065
2.31060667763979
2.19864318883439
1.59748142199468
1.77969839809809
2.434806642643
1.78422464820888
2.00024403498464
2.11212469350256
2.46599914101228
1.78778559825601
1.39240168456498
1.58026120433668
2.05413754723393
2.04591030668956
2.1102135373204
1.24229737571321
2.12641813474592
1.71773045149418
2.08003649085705
1.93110971483167
2.11313985045096
1.96323746462249
1.96979520337829
1.71540787910505
1.98590329792003
2.28720786290448
2.12836371883148
1.19819174856106
2.48220793451955
1.98462203808546
2.27257184975109
1.47314148127394
2.07602390673952
2.21351162938495
1.69167450654404
2.07630501022668
2.16697966679066
2.14302044235051
2.02476523627522
1.74306723498698
1.79334522300237
1.94079765394019
2.42393482755323
2.08572685707359
1.64211887152168
1.80596105727266
1.6571196877403
2.12247006450816
1.83611376079627
1.82199925189206
2.24839055229608
1.52306568109405
1.69507198488174
1.84285726408265
1.80373599637533
1.78109276120826
1.877850186639
1.48881184122182
2.31204954000305
1.87397248093801
1.70301507836473
2.41638031846873
2.43348971370263
2.31927548272517
2.27582007862318
1.90745267010165
2.06352502268112
1.1282903560022
2.27389669890496
2.21618685918795
1.21594543281478
1.64951565140111
2.44367703551717
2.06958476509541
1.66051529502962
2.0208184185836
2.15228182265506
1.38252093358464
1.71174728367121
2.18761220530726
1.69748501754289
2.11020930270722
2.20602825574069
2.12952413097867
2.22486928968013
1.10224141202988
1.86722791282969
2.01322443629819
2.34515974880696
1.57423891951564
1.71114001989206
2.13812145737097
1.85919113758356
1.24299417263281
2.1273295896308
1.90362904937083
2.14340722534917
2.23985368468954
1.70815859803715
1.20575972632235
2.33264242533823
1.52974450414652
2.10381499390896
1.99404538167148
2.16636035548239
1.81574934543411
1.79444156710326
2.20940290049785
1.97020023565451
1.9487720940037
2.18940242995438
2.06847795999891
1.6779274549327
2.22365180735432
1.65065509284191
1.92371798618008
1.84544989055192
2.28127892100945
1.93705114227667
2.21586291073466
1.5271781800324
1.92633649233093
2.17832069916516
1.70398677737173
2.20419959299232
1.86032669937425
1.89243804356162
1.84999558374376
2.29574995858792
1.65349741357295
2.04377291962042
2.10870136260605
2.37000707057274
1.39501524022108
2.36462429988093
2.06429491858285
2.22632710365747
1.82032991144984
1.9157187519688
2.09948873223427
1.83117050574798
2.06237717178408
1.97210229675896
2.16394495347039
2.12728576808816
1.61192775423475
2.42329152638425
2.32775851580672
1.88957248290791
1.77103855491396
1.28281367397814
1.97116496796869
2.18377328514462
2.07329325702516
2.1047031413483
2.17249806172546
2.42741643646481
1.81407754184251
2.28256321996888
1.11562639906675
2.13119568024671
1.29860078398302
1.3581566626241
2.30093069058496
1.86605926154989
2.06742672832892
1.05651136496892
2.39748787411531
1.96594958738901
2.357268479931
2.14827113810152
2.4014584878969
1.92777767111654
1.57109768392401
2.35067869988719
1.64483896858806
1.69222555105794
1.95310755907757
2.2068922800782
2.08169178616911
1.81752724131927
2.10272359899585
1.50909985723579
2.07352522501674
1.54142324596538
2.48973637361045
2.20425025961878
2.01752179765939
1.60533385706438
2.44923740930912
2.06110133031836
2.33508476887511
1.82157473900617
2.20736691656747
1.45620803251274
1.60494408491423
2.08619721081521
2.1498178820717
2.43872584042243
1.78357702904782
1.79090118808892
1.67114240200582
2.34213474347167
1.58496822615703
2.06681628511359
2.24191767689891
1.44087889207859
1.99751065666345
2.1677411668746
1.84797796324127
2.17057501548652
1.38364427913274
1.50244660985691
1.68160569868216
2.43868289996513
1.66420127560596
1.56303757245783
1.24537936763035
2.33585726861203
1.78854961066486
2.32702527300186
2.41471513618437
2.33214136992927
1.5725074051332
2.40195167127104
2.05421166422625
2.07998210826667
2.07332054810058
1.724327431476
1.53502489128666
2.12900371192241
1.6663415186282
2.42517100854178
1.27340911413258
1.61793033058963
2.21427503129459
1.56795325961946
2.00778934504472
1.92266829666693
2.24066810931625
2.11743625695377
1.95094801201242
2.37167928776852
1.93357944253113
2.04766508464225
2.48561927629315
1.25695929867071
1.43139115166123
2.40113289303853
1.90811436289233
2.25204353633563
1.75419700774285
1.16268999380227
2.41829028158321
1.8641428810102
2.37192595009945
1.43114348434593
2.0310195489965
2.04125165526112
2.49301209909026
2.23858397929582
2.16557172210705
1.40045201981606
2.1343900902463
1.96297090556567
1.92043129635781
2.04945188011328
1.61872429495337
1.8499852862855
2.16713194743178
2.27964803083971
1.5142965397363
2.40115550541849
1.5003508898486
2.2564348559894
2.00877049470953
1.39394266617964
1.51883697773808
1.10223417354795
2.4945815121699
1.50672412357022
2.09107411315935
1.69284159234102
1.98826999854821
1.9169844265358
1.79567488341042
2.04860964961264
1.83144559720884
2.26285448223495
1.91982470649864
1.85366895107504
2.15192712431526
2.0367744981986
2.43873980386623
2.39077876818758
2.3909481583896
2.19989761800943
2.13096681765565
2.16003266808776
1.38664593176079
2.0174539249356
1.89533104408102
2.14125266909042
1.88611462918279
1.7780500070465
1.07655568531167
2.19584663960154
1.85730714568916
1.626058939952
2.08621620180366
2.25903499932781
1.98867839809149
2.28964078180261
2.23196276749671
1.28150015550056
2.09524428290954
1.70380495643679
1.39107305029555
1.87035578094061
2.04339215687995
1.9859807830333
1.13708063582618
1.61578811611086
2.13467736197719
1.54626107755144
2.01447492055544
1.95478953973118
1.95907339842471
2.12740690924992
2.1096058432585
1.5925813554778
2.14196235723887
2.43534996292714
2.37335363362325
1.37366376025702
2.22783670075281
2.48749351125587
1.77504680585123
2.16617310106031
2.18553639904536
2.42715696907993
1.94214578854912
2.32239397093433
1.89463996776431
1.13838107273405
2.4051388277876
1.99176253566462
1.50889602028245
2.10924304377122
2.28487481610843
1.64085481452772
1.64304326663874
1.34620881522942
1.82215628828411
2.07168359594207
2.47336164993492
1.59835944281048
2.16336987661307
2.22246206293981
1.49795556146073
2.37280118537801
1.87382597078331
1.48530303443922
1.35427229940934
1.10528906731826
2.11753720261061
1.41665648562842
2.29579687619549
1.85504115364597
2.1212578631996
1.98969831221627
1.989017834229
2.43656774887161
1.24759857561309
1.68679783080412
2.38863179981159
1.75628220041537
1.93626143416026
1.8747812340058
2.02118060644075
1.15460278147109
2.0125177191029
2.43748275391229
2.4207685168236
2.03987907569884
1.63505725210358
2.12136788313326
2.45296608703702
2.34788176891464
2.07184352407569
2.31340261344534
2.17662295217482
1.95379450882579
2.02942607148632
1.12284943690797
1.6541677018719
2.0934764529737
2.15314897279613
2.01569719313166
2.12742425501036
2.1197140326232
2.04844557530988
1.48643868159404
2.09934107588537
2.40656258873065
1.48477413537479
1.73029185778565
2.23689113558396
1.75924478933852
2.21610185773272
1.70887160167788
2.05677817926982
1.35894356149025
1.56139809152902
2.07389972998174
2.04738520852869
1.86221280311894
2.31475527599167
2.03010449324994
2.44608816173685
1.39504402095158
2.35005697475875
2.19281783754276
2.27544667667574
2.31070728791105
1.48219060900509
2.18820547542093
2.35293926781785
1.57773261904597
2.12467690117776
2.48336113759986
1.41467579164545
1.71450596056813
1.75506101228915
1.46066340259286
1.75703197818145
2.22048729410829
1.83055036970659
1.8790208703673
1.50854607071965
2.03021115395525
2.08533307197392
1.49464296638109
2.16040031538586
1.81941580943379
2.18884891571036
2.49009542580921
1.92447649156297
2.07304810357376
2.17664996392371
2.13307786991874
1.49146231779625
2.07967575538856
2.07774727898708
2.09522122984956
1.87707144925708
1.69573758226889
1.98866479008679
2.20531805022244
2.43221462529732
1.93781696833945
2.21157445802851
2.07126200785635
1.98519980017777
2.44131521761066
2.01856347842881
1.54814185664556
2.05251492190883
2.04864343171698
2.21900813852514
2.20120576583963
2.27265776133662
1.71271875271185
1.70391356141236
2.13575498483738
2.09368993850938
1.53514927338105
1.79021405797175
2.07996867007763
2.0452684795363
1.95763762857799
2.42625837077739
2.0417314859826
1.54744011199415
2.037309595114
1.16897458762389
1.69258886270436
1.06098088705271
2.23035663053115
1.34740281669689
2.1801931477425
2.2537705995986
2.19153591562384
2.17260853435045
2.02434952242735
2.47028911456849
1.47025001772215
1.73154646809354
1.90125397485707
1.67965185558538
1.53370191803407
1.68146914630884
2.38586311980714
1.80212574743871
2.26440913186245
2.06665723944204
2.00871608633862
1.65355558982894
2.15423201563608
2.3255549626009
1.57129944652511
2.23613700062061
2.41690562397577
2.08598318421914
2.05350354840799
2.16731278617119
1.53129764105275
1.30796810721016
1.73032873825842
1.71762285581907
2.36165444740509
1.46544445224491
1.64956616605758
1.99655015003557
1.66705122941628
1.17086543535316
1.60083505641821
1.10403459112072
1.90985013235829
1.99408019529712
2.03886969694929
2.44771873244788
1.57663465704878
1.44494701445144
2.07889669366283
2.40577791820928
2.10706223491737
1.29755796497252
2.43132002151918
2.03880946365175
2.16256423551611
1.69906584515605
2.34310027793518
1.78122993012351
1.85705814185227
1.77310022065862
2.08990148737719
2.35432501345994
1.89547630010633
2.04657400374536
1.51146357328429
1.59235335448658
1.13683597662999
1.59446221953952
2.16782956044431
1.9302044199339
2.18129032406052
2.03722432367931
2.07299907642038
2.01684963026138
2.22334372508007
1.59778264249754
2.097459491264
2.44194479792905
2.46042025704049
2.05389594689665
2.40773100505549
1.15760212386646
2.32579673898016
2.38905764362629
2.44019313803899
1.92223886173646
1.72667829979049
1.45415719930672
1.86038102302124
1.66575151306744
2.30858893984561
1.63430902729391
1.61963257982692
1.7900627628955
1.85299016773483
2.15004177570536
2.2666127599688
2.16005486666947
1.72874431184863
1.75376476083687
1.62293639619646
2.05360031942324
1.84673624575935
2.21883918210517
1.60675377520576
1.39962061966942
1.96382415622484
2.45909236013008
2.35139967760601
2.2220012519656
1.93632622225095
1.60900663974329
2.23145265849881
1.96822222496165
1.90493614635618
2.41672105012128
2.248540489301
1.79435253823344
1.67354701398352
1.95294499099145
2.11570263667157
2.31153804740366
2.04160862421101
1.83705230410109
2.41593230644829
1.3730503034466
1.60319365478465
1.768512067974
2.16972225891699
2.07793134115986
1.73103025477797
2.11857428533389
2.19202899919218
2.12273888954765
1.91218508851405
1.61162168525832
1.81458398787269
2.08484313176796
1.64983338293999
1.9875617458171
1.51567271847621
1.56186907305153
1.43969623172539
2.2935080666914
1.90296517868183
1.63694356359371
2.13060930279013
2.34245461043899
1.33730125439988
2.05223403767581
2.23128904972547
2.10519305474498
2.16398864262969
2.25242182553937
1.44472261219832
1.9769427910554
2.29572546106969
2.48263729116587
1.51539829701442
1.20460882322513
1.84098005092404
2.03372609329394
1.72754426605973
1.44114964862571
1.96383567722725
1.39442409669475
2.18108587016847
1.81632981420389
2.09015739700722
1.31311790279692
1.65477684116497
2.46418751860999
1.96131222010013
2.04415370572167
1.16561654334801
1.98108949299118
2.03277002495048
2.16072173471411
2.31214974754495
2.07367317743903
2.01424554204146
2.08818391106811
1.65041654983621
2.12030206530526
2.2215477758305
2.45816005046947
1.58792867425598
1.52009526401068
1.79753235061268
1.02343548577445
1.72008893056435
1.76713555767234
1.68893419771472
2.46886813811255
1.36155018186084
2.41946593801458
2.13876436546633
2.06879674427724
1.96174719241482
1.69638160903667
1.94477557162511
2.12873659058323
2.43849918333658
1.4458559867864
1.93819579231254
2.24376034001474
2.12109993174101
2.01982472751181
1.90683400632315
2.08303782992999
2.02603146053328
1.99938322643126
2.05167903923676
2.01254730946369
2.41454283637875
1.55058459673303
2.16282170623704
2.20814258396275
1.98315140740462
2.23069156575857
2.02703179058542
2.08329336963901
1.45137963574346
2.14423011315094
2.24564047744421
1.96865960779108
2.3255257476984
1.73134136916891
2.45274166364861
2.10614402308045
2.29361218491704
1.75310145136327
1.74638542881629
2.19477878096698
2.18231780583609
1.5654957468846
1.34458866953607
2.31718769518678
1.89137318556981
1.69781512101362
1.4052737794093
2.13693829677514
1.4918167012633
1.89956808741574
1.47565136553182
1.30670272867219
1.98743207794626
1.74392849286089
1.81974281955633
1.72795565065261
1.070281535205
2.33095035919037
2.41448476544924
1.37192995864306
2.13838126769136
1.35485084985592
2.35658956397517
1.90274030650032
1.87134580808474
2.00172302240045
2.20398638473686
1.90224531888169
2.35600323064385
1.80597621693303
1.81641351631206
2.24783025301988
2.22219525352936
1.89860775799161
1.31494887538529
1.82563783606298
1.98110466899932
2.29596656229622
1.75541760598941
1.70770489977918
1.51364776390167
2.20409049922756
1.52151354527696
2.23263907930911
2.21819048950624
2.02480719476095
2.34233485591764
2.20088690784267
1.86351147480543
1.71648215448663
2.23357481049278
1.30480116113133
1.25932008113176
2.26586177315179
1.96221597666227
1.27782693017348
2.40798763038208
2.25752404959849
1.86759851655637
2.16540936118848
2.13673567470824
1.88782464185325
1.82542410840104
2.34315078476104
1.06501550595005
1.77639976762317
2.21082987879822
1.5759083990832
1.32130603833587
2.03831471574918
2.09180407076137
2.33409042003769
2.18611531987385
1.78119817292493
1.85191822607122
2.12446861442791
1.50536524220114
2.27203699839471
1.86343367516978
2.40916754484301
1.84321785208647
1.56699259972904
1.98383542248368
2.00289027316298
1.43939872462647
1.75201948374027
1.94716300169965
2.42083318767539
2.02215926959749
2.21905642488336
2.43958630485294
1.99256267961396
2.45411535630073
1.47138216758652
2.01976473408594
2.31265847447116
1.83261769523959
2.23103979153672
2.31792039577266
2.37067940682124
2.15471828297137
1.15679572840691
1.46727575420633
2.39197803542792
2.1138936024536
2.30536538105619
2.14747031939413
2.07957576238345
2.05596127251595
1.75286894061362
2.03184298360446
1.77709153406087
2.37019008580365
2.05235298431072
2.41895524659714
1.63669144897232
1.79177260185001
2.02211960912399
1.80569477897448
1.52925645650426
1.99158764033948
1.3298196649109
2.31547005737251
2.49857647486303
1.36556370286375
2.07051902291244
1.70886065043606
1.77936254881205
1.86596128550943
2.2454166113532
2.138480244219
2.26649562430948
2.18525203123104
1.33622263803487
1.39962007257116
1.83353091753787
1.74022729288919
2.44724954609099
1.38285108881439
1.97670879651331
1.88443924049171
1.80274732247487
2.45655787413249
1.5439874750616
2.32822038018732
1.77942411831113
2.01231595800479
2.4367901145689
1.58308401845973
2.27233787971538
1.62710226311864
2.24890108409666
1.89923514182338
1.85241891932521
1.80515356252361
2.20665170961948
2.42620419510828
1.88455394205981
2.43010871442014
2.29444164005662
2.47836133740872
