2.2664760270496
1.2836050007243
2.04392845324374
2.43247874981197
1.2095693745656
2.05574016900796
2.06503538935321
1.56438951395092
2.3069986691088
2.03591527339855
2.22534968041339
1.96402922520618
1.74112426431709
2.35375042770443
2.06852336664707
2.01200342306114
1.46170213024125
1.62541517886227
1.88634800882258
2.11157195873396
1.83091246522167
2.4799578683556
1.76659504448305
2.25836043154221
1.699548594641
1.1255467455946
1.45724042370744
2.37439010403976
2.35283300068438
1.73026106293931
1.60944862571552
1.4561365052523
1.48632020527423
1.62454521781565
1.54332655663288
2.48051085683913
1.23540080647188
1.54544508180621
2.17324955668234
2.43059320842951
1.98869017866799
1.33290226221265
1.08525219085594
1.08616978028476
1.25616478008237
2.49959540812484
1.07407149211443
2.16974912894821
2.46998215531622
1.78525191314899
1.77817012356828
1.27609811530391
2.00217664853397
1.12694783098369
1.83779943860215
2.11614581196298
2.32073023512562
1.91838023456167
2.12092700600454
1.72821804621011
1.87927316544183
2.26365299548836
1.2260706261474
1.09041409341266
2.40583681999364
2.21742843090119
1.53011632203887
2.23050073592935
1.36441768943092
2.22996986645876
1.71400755966161
1.71082676744283
1.92326215359796
1.91795697781198
1.40347179794945
1.97621095467147
1.99656367881037
2.23048006005997
1.50834936610114
1.82602315096467
1.59715040946626
1.38044324530348
2.02695965389796
2.22317862332441
1.85858576761022
2.36682738473945
1.64784942965579
1.28476104663353
2.1429188236021
1.69442088151264
1.54262925256194
1.71898613000531
1.96036436108372
1.79537424636227
1.43463811397745
1.53380365285768
1.24158311811323
1.41236770730309
1.83373181744326
1.81050063884564
1.31273103156957
1.72530267051197
1.73964577332556
2.01398936753555
1.40424159571708
1.39654665922924
2.14124617251215
2.13847604422207
1.1473874752528
2.21928569783405
2.12451164880825
2.04299302757273
2.46735174389152
1.79791930361986
2.37671806121126
1.40682119808866
2.1049686646416
2.03131734806964
1.71537801323867
2.2990594855693
2.17840014071493
1.85411299064427
1.58432150960264
2.31694373026078
2.05997188504339
1.15567096946356
2.25587025581944
2.30451828067859
2.32608909546282
2.35859650170943
2.41564772119993
2.10009015182607
1.79227576383222
1.31272794532904
1.09793801702834
2.37341676285468
2.39396002506311
2.18275937757487
1.76406241763158
1.49818257647102
2.06709719918482
1.87968827660347
1.6140552752174
1.95757104028968
1.43333524837361
1.66084352602122
2.18478464684187
1.83159365658729
1.88762935317083
1.35761863174
1.24216658150076
2.32149387610488
2.31126128194589
1.51532886980459
2.05241261298206
1.60743879392673
1.88034706644663
2.2966071464162
1.7650027890053
1.60587147262643
1.44517362310917
1.94674307432176
2.30983952704568
1.24256199424556
1.77403521176774
1.95622615013991
1.45310455104554
2.07570908857926
1.77277983771294
1.60543472897583
2.10907659508962
2.09479005340002
1.75124734827942
2.17872215902891
1.6539714934735
1.73439975275118
1.75016834351891
2.09019787064288
1.94505010795055
1.1403692445541
1.7945241726586
1.69387770226352
1.16687329596261
1.27462106582834
2.23088116672624
1.98779136129595
1.95784276961063
2.01677230887952
2.02035239053785
2.06828532587536
1.89201256505263
2.31435451296785
2.2494218721027
1.90162835657573
1.4037882514378
2.35190067959913
1.86521106825782
2.13636650485482
1.47113431217285
1.97666106348829
1.37354225857704
2.33725662987224
2.40683581319303
1.94981394128244
1.3999667362337
2.00729535454396
1.61506938128434
2.18499116267635
1.48511733839412
1.49803996727062
1.65769338486967
1.93581657069651
1.73616271460843
2.26897386769214
1.69480635143124
2.13871857680929
1.12250786703666
1.10661776257116
2.2599423760922
2.31244379730976
1.67801945792689
1.38722843314459
1.63006465410426
1.68311875122996
2.35671346544341
1.49658272363652
1.74645170035855
2.14553783464302
2.13273193213465
1.52589607104858
2.40611055510285
1.80334184817436
1.75788151886449
2.03427619819562
2.31145443879599
1.7028771288267
1.5787455650305
2.26464507296309
1.51067920728942
2.40491261683263
2.32325397949599
1.58593908036348
2.12947002120438
1.52029861816918
2.2511384143459
1.44884758644483
1.97428251543473
1.94925672914934
1.85395687086301
1.82193461009668
1.70520718531135
2.28711844918528
1.33479895291311
1.15407809453615
2.06339250161618
1.83401696574092
2.25530179916788
2.37133424534649
2.3299350159322
2.10554029605151
2.2871746597963
1.54028628404874
2.32453278744011
1.53811559571922
2.3090579135113
1.60935145713371
1.48397244234728
1.83480714736782
2.29532088433381
1.40168309027203
1.57577768560507
2.17054810792486
2.19112704768753
2.26260206341513
2.05678626211145
1.85902731737432
2.25083549974499
1.26805442305599
2.27307403083904
1.49440759694014
2.42949736242535
1.41933038231203
1.49950130439411
2.49977380924131
1.75285780608117
1.968649813233
2.11448745492842
1.36212628993469
2.26749812176999
1.60516181921057
1.97028124961521
2.0639925933562
1.29734823847705
1.65354086874649
2.0307034900099
1.982472841989
1.76504518061847
1.40980555067325
2.08744043666385
1.31449259679442
2.12065744247434
1.13286550905223
1.3139451528022
1.4393833274738
2.47663013158546
1.85845500453517
2.35179415544701
2.48623815364911
2.36572693844788
2.05277606774943
2.27497907584819
2.04081064876485
2.14048233643085
1.32751391049295
2.3712113256491
1.50608760872626
2.17887690698855
1.34299516129618
1.62140059199775
2.15282282660806
1.87125604994519
1.80949027105403
2.37503609228567
1.46313639808127
1.94345737377086
1.80154336618673
1.99489472022996
1.7642179502103
1.59597213653254
2.41173266056486
2.45817670336014
2.4268330744052
2.35088334381651
1.088932902655
1.77251866606639
1.26974569412581
1.67296301919167
2.1789459743814
1.9538863812126
2.2305450909775
2.09498150736106
1.72524703815924
1.13993355036193
1.91962866218485
1.51050494041054
1.82003807030541
2.02499222883959
1.74197077629266
2.04056872558498
2.18265077075564
2.04615188812941
2.43314012428785
2.19229351847143
1.56763479872687
1.90773604783091
1.35390216400274
1.50620160743055
1.21128215617462
1.93926550447173
1.93170469823859
1.71013961221544
1.66933510497737
1.34747133301694
2.34317865943226
1.43048849447752
1.92833005153052
1.66986865405265
1.5751606403458
2.01660307013446
1.74407465590328
2.03074083685509
1.46544189446642
1.85502293023443
2.00137614767461
2.15234974531158
2.21376673779926
1.18364669179037
1.42019057341129
1.67407184192283
1.89989476988854
1.17895160102894
2.39249050396261
1.84016912702543
1.1662129845942
1.55919178287513
1.73022573354473
2.20875541768357
2.08375661299587
1.26039268449203
2.21741807140205
1.88526677434897
1.69081327553413
2.48304301270064
2.29313526375204
2.03445672692803
2.31845128763095
2.18229283506267
2.27571091791225
1.31955630268032
1.58387554598095
1.18916295539482
2.44746951663384
2.09237308030026
2.43827956047629
2.06342786721404
2.27786983144341
1.53015453910785
1.69580243608867
1.84303256425973
2.35186830778196
1.91685123297321
1.423714026465
1.7028025855826
2.11576758955775
1.84052441139387
2.1341062159529
1.6648143084605
1.94803523375747
1.06541106930917
2.01706251846586
1.46845549616179
1.39623820071347
1.92088809186819
2.17908915517139
2.44182858982471
2.27739323806962
2.28494280537422
2.40188632834712
2.18943008713198
1.82660179974302
2.07506819684785
2.27858240218407
2.07695781452555
2.1306238514043
2.28801439352299
2.20763378093318
2.22438670356699
1.90045632127126
1.90143145864983
1.36168650665227
1.23103540068037
1.91861063885268
2.09038804129893
1.57790032465627
2.04815305505431
2.16111120768575
1.62431308183648
2.19148048532814
2.09841214705288
1.63660090049928
2.30759252351382
1.39983525919496
1.79530998650151
1.30955508915085
1.61197606434482
1.79835646007843
1.49647498334365
2.21721987309168
1.58235288350355
2.45202608159833
2.16906227272286
1.55153618893155
2.00688800307396
1.70644485915308
2.30471338028833
2.18006295623502
1.42266546646243
2.38971158325956
1.52463947386351
1.76708345670564
2.03582763295486
1.57240800325289
1.57899656930864
2.32685466864147
2.23009724016741
1.14077767774774
1.61759983875863
1.49835508931286
2.15148968816672
1.78740749283227
1.86121731512619
1.83386225027926
2.35970456956131
1.06284443960112
2.38436740543915
1.91222561902817
2.31641914890996
2.22118601242174
1.38497139895606
2.35786922158494
1.76063001739089
2.24689570451566
2.36971481451383
1.7270917392689
2.00953157216726
1.29389435657715
2.40789728174103
1.52573437085033
1.36915162331909
1.71357841731705
2.37654890707565
2.03186647208355
1.88525873296396
1.54797769981338
1.55892349945686
1.62552246266818
2.41531564140602
1.32090099671772
1.71331972494109
1.94295995352581
2.02521300546639
1.69626995677945
2.18537724490099
1.14463629403824
2.4119229121324
1.99231449168115
1.75731606273043
1.83208303293679
1.57859196724687
2.40653767528943
1.55862594760861
2.29938803275
1.20925522389381
1.46659924808899
1.70180926893382
2.32052995597871
1.60608550272852
2.22031431046685
1.74009034885526
1.91424501956964
2.32876387052606
1.40703997431279
2.45893968342681
1.56850572612522
1.83259971895681
2.14274696510984
2.42237623865138
1.91071195338411
2.26602547176767
1.87985128920051
1.69177816422311
1.10491052788086
1.63438753237986
1.05107395292942
1.99828096743804
1.69972624689215
2.22693358123909
1.41056575694606
1.45935319108682
1.04858256408487
1.12772056581776
1.66211482065046
2.02087996479232
2.18859786039184
2.13175813433841
1.58335370753449
2.39854003907698
1.29873636116291
1.63191670242322
1.90687737158956
1.27899734214939
1.85732250166724
1.62720549279868
1.66121562493329
1.85482870979859
2.06939221763693
2.28422986988247
2.21965637355702
2.01358810201127
2.44221243392921
1.89773735305574
1.17101424316194
2.00290680149089
2.37351625634315
2.36294045689034
1.63660739173969
1.80258194868077
1.71070395511025
2.12021762159597
1.5986496368472
1.67256619067673
2.16245208252907
2.3996404664579
2.45438910734364
2.4207898903676
1.88970061867738
2.28527359457129
1.39880335673132
1.983545884449
2.06055122321524
1.76921041957131
2.2150213385074
1.64416921510087
2.33938342979292
2.28117961965864
1.46968069998941
2.12147346727292
1.91649773560601
2.46051984973592
1.73499862515033
2.44304085769598
1.73537416745615
1.85540765716934
1.87839870943375
1.86676496532045
1.54579731393074
1.03256358076395
1.22978843925879
2.48561475431046
1.55772795299504
1.51481066774622
2.38717426580039
2.08117970100974
2.44079630696481
2.42546897442605
1.01497465215739
1.55188694241568
1.83769952038558
1.41584271230392
2.1651617657441
2.37766464041475
1.65024815593675
1.95631697697412
1.84778675334092
2.42285423920949
1.73734765165555
1.30952911659195
1.60219714647551
1.88646797874645
1.28504997947582
1.2595180624765
2.366434571579
1.65344614836162
1.57932561167501
1.55387035421929
1.66409226490789
2.01572836553617
2.03885338378123
2.35446204186717
2.31533578644719
1.92191001650656
1.99364937187305
1.27703229743397
2.27825542265152
1.54735296977969
1.5777245488239
1.86783051593619
1.68627315273341
1.39483935933586
2.32092456176112
2.23172632727147
1.41480010119005
1.83177488576422
2.23844965727893
1.99584981192537
2.34455728102941
2.13381913059097
1.40912043082069
1.38291829040981
2.15282994826927
1.86564409169991
1.13692880736658
1.11730735098481
1.43364511440505
1.7261154451832
1.83437277327439
2.47260752485459
1.31776541587881
1.99083833054854
1.69717565611827
1.57053037999823
1.51756011915797
1.67747267742148
1.7243843900097
1.89209316243376
2.20333837655872
2.16237739540073
2.23883848968119
1.53644104212635
1.76166313679662
2.21018531735167
2.15653124120633
2.01664022983165
1.59223101834485
1.94213733034259
1.00764489604891
2.40364567320975
2.46738134544241
1.08346321652308
2.46204018048465
1.45891934935835
1.63851956238194
2.39181790203592
1.48216174942783
1.26195783651286
2.37213980537516
1.71542759982516
2.09248958190927
2.0797940251492
1.47059673401775
1.84525667832498
1.52113974257363
2.22963296811042
1.77606483801142
1.80104696316553
2.11360042723811
1.68468536969737
1.47560182627387
2.24640534208468
1.23564915445877
2.32494165919595
1.92918868992867
1.4703908345163
1.01727275208924
2.42135962447703
1.99007979920234
2.45470953840563
2.12000777774749
2.20159531933542
1.45231279933928
1.50169035077677
1.99138086884944
1.55727041640772
1.15990138067182
1.48963532841035
1.96188450558814
1.28653719320197
1.54871556063054
2.2467647733734
2.18628548529007
2.09360811369617
1.05008221876805
2.01114932549354
1.81256621548529
1.11606743563619
1.22542095688527
1.05788997580961
2.38799172934772
2.24117204678506
1.97659644809461
1.9062072215819
2.05880955070896
2.16104646448233
2.19049955824913
1.73420050780101
1.99099537287545
1.77701537481939
2.21610367950887
1.59258396967116
2.30991817646447
1.18066824864275
2.42339204957339
1.56753992937969
2.09314717976218
2.01830083364648
2.10849788184921
2.41208992240193
1.3932645903074
1.8750935400696
1.3315067923668
1.08486706592254
2.19201269687556
1.3754833388983
2.3337180587823
2.40613009223845
1.11872868222478
2.03708942505057
1.65546507128851
1.74658044746643
1.63285388278938
1.37445366427906
1.84651075845319
2.10626184351306
1.8498692303192
1.25952698375143
1.85560379357519
1.98300131604638
1.89834239420297
2.33305554015481
1.40085891455755
2.00387347779823
1.95482753280804
1.70641977339863
1.18186297757188
1.49878288202893
2.12344257597034
1.66700204730272
2.04289303910141
1.58395300822425
1.53116718321788
1.25524978107047
1.67058385494205
2.37460042287108
2.4098101206561
2.27487994706115
2.10914735121787
2.2950052391803
2.20740449274076
1.73070256110231
1.49661476810907
2.20782543067487
2.48035219616905
1.0521777944572
1.49982041748863
1.80705367694724
2.00401031266435
2.07015049732227
1.48560729511244
1.05885700955646
1.43973503911429
1.65736840783699
1.55734990284574
2.12886146785079
2.12599914987861
2.18727806580515
2.42417441370589
2.34895318652224
2.02617151060833
1.75534123060897
2.32310188605874
1.70062892123627
2.21231897684073
1.99067740202779
2.14328998514483
1.4789408531939
1.16195566076561
1.61695906804803
2.27850019735982
2.12111163111952
1.66612035711287
2.18952920251444
1.96072488808226
1.70466661178273
1.45149427759326
1.87463175546886
1.77965018293202
1.90241523602812
1.43108619486907
1.74703497744039
2.22153990735026
1.34037888421401
1.73609105148145
1.73612477776775
1.32775308175051
2.40381836824372
2.02808227488201
1.66183260486452
2.39196578855595
1.11416215393296
1.90297378450283
1.89735064556999
2.10024954518267
2.0159961421751
1.66357233859971
1.51740003057005
1.9896360251395
1.74012944564617
1.2188795233648
1.43261620177804
2.33250653404609
1.66321963682721
1.49581637315568
1.52995809140497
2.01237754036743
1.63148173638094
1.48977708554031
2.07195090753697
2.01209305295202
2.27266764141549
1.5559852453943
2.30240748762368
1.92851977386617
1.54496627460205
1.21593929506579
2.26493096599591
1.92972629082176
1.44409509841189
2.33277668634468
1.05874701423613
2.11146238619247
2.27974462493903
2.20627669068496
1.86870725561039
2.23203852327631
1.30935064929295
2.03525811310452
1.37566269827852
1.88224741633407
2.34704270955168
2.19942099847638
1.4648161300044
2.07582653037138
2.35552675852915
1.43641844636829
1.93567197988761
2.15377948346246
1.66549039073984
1.89084637151715
2.12188891444535
1.21583762060134
1.82987606755395
1.40079703359799
1.57558765046407
1.89289283459165
2.2256267433153
2.34097139104531
1.79142055477841
1.91722969267573
1.39257716730332
2.21180268007905
2.15286660290976
1.43709965451293
1.5770166780062
2.38037697386202
1.82167049234343
2.35193775923102
1.72949646616859
1.67432876030978
2.47241688349161
2.08146120988801
1.60371326287175
1.60805832071076
1.29034333038224
2.1501070795756
2.19559331077053
1.72165340782748
1.77307486759889
2.35772783248354
1.55591021528322
1.37608121205527
2.30214998808473
1.63183556721709
1.99111808033032
1.87952987858035
2.04313127795407
1.27498683293028
1.09713779351176
2.02720074226675
2.10594239937789
1.45393082884734
1.61593699610892
1.94347088861888
1.52927157209033
2.27232853252827
2.27254643467588
1.30869553342193
2.32337248469251
2.13316243150946
1.37656496534564
1.10905889997202
1.10081630899527
1.86224386513184
1.9866939920695
1.62979112944089
2.26428698201641
1.64410616851696
1.59909582718921
1.30399437354326
1.80958660754418
2.30861932208749
2.45311481063619
2.41707695499237
1.06505325441632
2.37398216926886
2.07142774646751
1.62662226958737
2.15960708582352
1.94386553714342
1.91590536601006
1.09913861593494
2.24917510291429
2.45499131933266
1.27945562538813
2.31853057454064
1.36911550483759
1.68313407716417
2.35246902542905
1.72385327900599
2.41945533486737
1.63973273229857
1.96719443328744
2.35654846102937
1.83217915081247
1.89078582977237
2.03970601288676
1.9043787068498
1.11678284561617
1.81670899780955
1.87866070893096
2.09919826871562
2.29552234373028
1.29518509724842
1.32220108812239
1.8304643602476
2.14016968197393
1.39844513453741
2.03241274128448
2.09371733269687
1.31749956132824
1.98035935291826
