0.745095291083615
0.110192493456491
0.0924462784010946
0.571763588069994
0.0778772191342123
0.539462175840511
0.423114113771212
0.20719913981195
0.597984290407292
0.0901495365909722
0.282046852456392
0.326973259850919
0.187072038683576
0.714250109828287
0.842558203321981
0.605498679510538
0.0755174091407714
0.463152082284956
0.161533193805192
0.036869992664267
0.0901081330588149
0.547959967716834
0.437422487634096
0.590801650353873
0.880045500762865
0.54580633004561
0.961475521584398
0.477144579398845
0.619322573684204
0.0719926916598808
0.6595583064029
0.0246082521741201
0.0282964199500211
0.938994921906753
0.0666945923465026
0.210893654184706
0.875294161770049
0.0725797624704166
0.955386019053039
0.132024458586155
0.457066708505689
0.624683560099767
0.313421683391087
0.30549910623026
0.675459147625112
0.322645806149581
0.679204410364194
0.505397980694977
0.139954050301286
0.74738413947794
0.666679510252751
0.936482083570263
0.392214957716762
0.285077485614793
0.768511717213076
0.288676058569702
0.407963585930887
0.135622302179044
0.40995200517024
0.332991770798029
0.534851586983332
0.21393087218122
0.537179511787414
0.546978685212424
0.774190380301109
0.281609761791684
0.215732177756469
0.692318080490406
0.302579300799997
0.127170249585143
0.621227570500506
0.181840273318953
0.0981556087730905
0.461640979331616
0.394899230538176
0.145685910281675
0.698317226044553
0.772416124735525
0.64761388005792
0.180686432493707
0.313048945381481
0.589247937405533
0.652297596089981
0.248191058853713
0.140926262528018
0.148936109512316
0.404731109815051
0.121225792973218
0.731892748653482
0.354439166461456
0.486290612490033
0.632824295077917
0.0318431581142405
0.195655586333528
0.630779039205466
0.551510585466753
0.142745991667388
0.456984271595486
0.510599888591499
0.258443830953706
0.595007527127283
0.371925697812602
0.174502108652653
0.271061973493502
0.335956581954806
0.108354555427796
0.121470793364418
0.204331971039381
0.0462512728431784
0.133346522468337
0.242066404566618
0.638243589724537
0.37271918090676
0.0850405111189531
0.0587196328151458
0.535225207168648
0.683108188475458
0.82544918078689
0.151734363819354
0.16586064577763
0.627238979478029
0.230708809151252
0.468139678852957
0.291758074604617
0.15223788116019
0.286623274952614
0.709980397597282
0.596494355855897
0.882062490138933
0.972716332061756
0.0679237181661381
0.621248703608908
0.558174150836574
0.772567415524107
0.951931123593857
0.388535976088361
0.600367625713031
0.545458243670663
0.408097362279885
0.377187231964898
0.619128337149518
0.0627498066280993
0.365430692144863
0.0652255009477831
0.132768158701891
0.194804077018243
0.713455869786545
0.758406665059811
0.279969259575554
0.319759713653731
0.855869972419471
0.703796062431254
0.562324717763411
0.312350445136827
0.39857429398382
0.0671552133941116
0.875609072529351
0.696697184597213
0.428825937272626
0.260570429376792
0.552574655412135
0.00652201887111669
0.738961841484048
0.0956987172919124
0.370145024880147
0.103709736096184
0.410882751050665
0.677193062873744
0.759151190379225
0.384671212153644
0.775818273029264
0.138210673652857
0.856445273221684
0.0822106840826691
0.686388298034579
0.169166676529694
0.688104478391151
0.0597899751707078
0.190307134173507
1.0156451528104
0.289042940662783
0.0534939055829327
0.236762883187072
0.545554385047386
0.579947922434939
0.484728843570271
0.0982072522273587
0.618283944096868
0.629850473505208
0.816550308259568
0.10199177313319
0.604268903898382
0.491190109175283
0.587139732390525
0.563921040497949
0.494621381022618
0.244113645298433
0.369188558991248
0.452264611229884
0.761754690477225
0.0619123673917862
0.564852082116903
0.270227014145947
0.0445838389696348
0.192713283648172
0.12943318013665
0.469831766192469
0.490208342082067
1.0345193572777
0.233488780655805
0.492400200413109
0.497629014112038
0.225559106800386
0.555034080273085
0.552601229174346
0.520858364565362
0.379422144873722
0.0702489436800004
0.696258772680071
0.553952804283927
0.657258035010105
0.119697745353788
0.0225931652372845
0.0516190234720705
0.458054251462526
0.0295927737794962
0.588531226726126
0.450490911313523
0.548183530006214
0.667307882455863
0.194837960988773
0.314806332033343
0.614340483987553
0.278006362527223
0.208517794784469
0.580555255636379
0.263606430096233
0.9016437556421
0.401450435025584
0.0777151886946059
0.780781250182084
0.336997234477805
0.250536330762117
0.0177221982629335
0.312071210640012
0.137484807894671
0.459679314773848
0.0844536805290586
0.266796486991225
0.160103228601695
0.221427464042719
0.0498313494978137
0.478196428714702
0.554826044105
0.218887404444413
0.606901768028037
0.594308874229346
0.451823651220717
0.76741402410757
0.321189814750307
0.609408293199851
0.270798240111388
0.425760373637861
0.0852067069196455
0.06947846703314
0.4150876046223
0.0921105821501461
0.0795177152225297
0.528003941857124
0.781488769298456
0.449922273225262
0.0471303967845754
0.192344687228461
0.618564017464271
0.121858601827857
0.598480114257063
0.546734607876817
0.605163148307862
0.20335157612656
0.412481659060924
0.517511267196127
0.21304506648803
0.0965280638593442
0.527778834465514
0.752486625786218
0.443177981066348
0.038199597539554
0.414693408767401
0.779865755411156
0.180253515155472
0.37726353428089
0.4551125037292
0.0314618672512374
0.336712911611475
0.0373602892259716
0.491201733752805
0.311739674554094
0.332647826160983
0.303266141294352
0.746450928353956
0.195377529383877
0.0117059456547694
0.669561457623523
0.34181624701817
0.616396658340575
0.121673307491945
0.337605906591237
0.660987091620054
0.341134499995383
0.280192735742982
0.298527748882046
0.823913784983382
0.247013440438713
0.475117766484431
0.513296967453833
0.354323759905739
0.0526965874509758
0.340256540088147
0.807004443507171
0.142710334292792
0.0126940386149563
0.624444894980418
0.530486299846116
0.254751556179735
0.454152450960863
0.572093034931357
0.167178132113024
0.175875374515
0.573907172572299
0.123476184550871
0.290437824040851
0.342221616657134
0.14915645397702
0.161498918908609
0.119428750482126
0.17925916229974
0.313100366308005
0.686224276932541
0.758627838479093
0.548651569244893
0.933803773837227
0.329419322950884
0.0713877571565344
0.150354666712649
0.328221772435175
0.145540437671146
0.0576437473347845
0.364371399487212
0.866933443754849
0.80258780589034
0.675158579193821
0.460140554935752
0.580019805223306
0.393310274437982
0.301240683584579
0.659013619863966
0.676066476107765
0.19205506158896
0.092491748317289
0.0914471873663413
0.519356386962393
0.0988177109795643
0.134608718976065
1.03433779748101
0.556511877441096
0.682255576082295
0.420551776806681
0.247797819721125
0.485107858983518
0.78564713200399
0.413121549507318
0.638116065564234
0.871567686887129
0.413547276471339
0.0737728147539263
0.8910405356819
0.936637737105518
0.602307269620459
0.787467335238349
0.0722767037445555
0.810390638921014
0.775563411714357
0.391288134066896
0.456834803345711
0.188148564420754
0.489132465886989
0.159081903874311
0.55490755286737
0.178151450659742
0.136427579707852
0.523929851133974
0.396464509164254
0.346426922190828
0.57669201313917
0.093114913437391
0.146498673848124
0.749016902012283
0.336610145999708
0.614444664714253
0.749717746410161
0.291696595764682
0.0852444419083819
0.0179859071226004
0.705997300905731
0.331547870037032
0.348236226457612
0.205079835828268
0.466296649823542
0.210395418059383
0.716828474626455
0.161816658122556
0.109321944905547
0.196783151343837
0.437049905656516
0.520708701824984
0.938930961819641
0.0667837978501806
0.490356939692381
0.15188038108095
0.0402953067307505
0.0790798129253829
0.679507539422525
0.0458154715001549
0.46943425346831
0.0154641809524302
0.415268638383351
0.143145176078953
0.424761513920556
0.272952496829986
0.67763392433517
0.105757609313928
0.143705267069401
0.493313736408232
0.0246800285734774
0.694093719450976
0.44868825750491
0.292405274820463
0.27419886078259
0.211706101211762
0.534586854057585
0.171795383230235
0.240672202008547
1.07680432831021
0.446485236268074
0.603308359650184
0.272807149118857
0.623040701540398
0.265750101037056
0.804242742252418
1.1053749272043
0.0847821988799532
0.762475910998786
0.504671912578474
0.144426154403359
0.903778512963082
0.509509140105253
0.086245419354564
0.515683484154429
0.246155656466146
0.190723257133971
0.387882371320269
0.352397749426391
0.17027414434534
0.452608992326115
0.533770383936011
0.71946359206827
0.0572866747700233
0.827573413052579
0.0408259396616496
0.0639905853425769
0.370615454533822
0.703036228461506
0.0753270766183588
0.103093577905481
0.381212416692936
0.491973883426916
0.686647374886491
0.446963145147989
0.194229876725567
0.33408960338958
0.339703904701746
0.821290649570015
0.244451684079899
0.489593317509783
0.490340458021971
0.577975673907065
0.531622829319824
0.915489240229283
0.0243232431669997
0.415687587898595
0.479156257105677
0.349599546220154
0.55818353148155
0.541085023240262
0.270126352479791
0.367751928301006
0.129896356925982
0.345410227385662
0.668335522965242
0.385736760960707
0.503485215192357
0.0535646922367998
0.324143496826688
0.967570456889179
0.134429348762556
0.0434701765283556
0.0929202544828073
0.410570626548401
0.339587330446392
0.72227556112537
0.211648899174593
0.208276392867786
0.760638565887131
0.445091804792684
0.20237807127644
0.170340693345619
0.464340313773697
0.397738923501643
0.481959413660509
0.301176083576338
0.0774572792451848
0.25077239181565
0.291517422814946
0.899275271587363
0.683278508496104
0.73084603951146
1.0562824367486
0.0969271084911789
0.401048798553024
0.547750236856335
0.137355791094704
0.238016153240572
0.220114175274097
0.303938003250447
0.494188798726332
0.0851835978351087
0.100237015290292
0.388671261446843
0.399080171349367
0.204006744223062
0.833719098295694
0.514001658776228
0.345854889136107
0.310316772740136
0.563083515990847
0.680653438461821
0.551213457040819
0.550070074973913
0.387416677937851
0.553277981528554
0.98591610150701
0.745593943803753
0.75020300381238
0.736932693242879
0.549401563065155
0.304573655288921
0.0355242134784947
0.259083742714421
0.634929469515814
0.227550684639612
0.171878665224636
0.593233039495268
0.935720388727573
0.64090462603674
0.123383870215091
0.130973339821391
0.117607095901907
0.255704140552766
0.258652302920619
0.704967327381525
1.0437802144803
0.0522771906855472
0.430007884882167
0.29342202178658
0.23243225890573
0.273411227828906
0.480821825540254
0.104315430651542
0.0307306356427484
0.263897076198569
0.162648160429676
0.891449591983772
0.79890904934744
0.452621287987252
0.251313976196058
0.234885095828504
0.627172047838916
0.358333594690484
0.291948930862037
0.210519151315632
0.0330920784148958
0.615683415117784
0.00220541677864839
0.58671889864405
0.673083228100259
0.538280014453371
0.0777950638087802
0.681308276637411
0.601961710209677
0.455866519972365
0.317141579345454
0.379046536613091
0.786207531573475
0.0249730008599966
0.0780513574891996
0.412795286744823
0.40166540804601
0.779068545365232
0.730006100472709
0.0628874616927941
0.0709527014234054
0.816494634174509
0.524993565343957
0.158631185126708
0.966637534484703
0.843121609644887
0.394474194450824
0.673846700537148
0.0766947974165278
0.591766255532654
0.218748406340884
0.608646576788907
0.27649506527474
0.213256243825262
0.797397319172986
0.507771524358865
0.443922623193619
0.354730244464109
0.856088134057682
0.449437552940134
0.0728712543483874
0.213888581161312
0.626427485647
0.589099241400477
0.333075065783846
0.149645274861362
0.0159328290048821
0.0324489702703025
0.345777905521728
0.03520777151162
0.564669250793082
0.132967928746077
0.184961679349135
0.938226417474632
1.01594819704913
0.446251601586869
0.222100045215852
0.596184079674288
0.628257136011175
0.428542499787686
0.18306366713934
0.523707085254475
0.432244247692867
0.480269224374791
0.811084213394477
0.16347089318584
0.689558191390396
0.583832696128032
0.669005096477073
0.0304902202964364
0.0729811788251755
0.451081610383285
0.654041891958657
0.74792283967361
0.744536999885753
0.139152318445519
0.626141466103587
0.665830245546999
0.916089283767765
0.387452601147703
0.723617731841706
0.344613510511507
0.0105581638877963
0.555381944185684
0.281761647480183
0.647323265891472
0.138848917965232
0.346995760510358
0.370734823872214
0.388001267010477
0.212200289705284
0.506726871109512
0.759839793606946
0.432056266733931
0.330782932932663
0.467996794835325
0.471307259553163
0.0197532251375368
0.0227661941623797
0.0971880861587971
0.620910333563827
0.719361933056145
0.675618004229024
0.106727121416288
0.073018606556721
0.0374150740435057
0.848439770957677
0.296121719939977
0.576204560612709
0.530654506842265
0.106149531762645
0.246321057077744
0.575567282071894
0.186292589842733
1.12657275829599
0.654758833233266
0.110156254269542
0.592449191509132
0.852539192617581
0.532306973482953
0.483569162836054
0.10285166879721
0.547871875685721
0.27755365570786
0.399312870135657
0.366546095992262
0.655240045257762
0.266900456110196
0.204417192804849
0.526050558580507
0.539403141475814
0.170086242910163
0.377559449876628
0.520649774969038
0.466584292861316
0.617070146391209
0.901935081422639
0.612901623638368
0.386669338460527
0.181004550398295
0.230839417344185
0.181557784900069
0.791138559003197
0.126247599608699
0.334237668507481
0.716577266575629
0.0409121365236838
0.853458001053201
0.782578296216098
0.809214754736949
0.104980712363161
0.736380408389003
0.228713132551292
0.786455149413919
0.306313303198283
0.604658294115512
0.533130925671677
0.718676588897658
0.146570445813755
0.172550881914471
0.927798298391241
0.635379232901613
0.39504401664037
0.3520885414407
0.222159310508574
0.108173502262798
0.462928002805768
0.658888963545305
0.575084606691819
0.87024468553852
0.598519056770417
0.370843714026245
0.564432132398253
0.392465239836524
0.661509870266089
0.554978793261421
0.715989122200038
0.138097352638304
0.439946456899774
0.530364044806445
0.490549184973639
0.732885800292995
0.249373819015887
0.310059021042128
0.357196992139183
0.314062794078177
0.0757206086979044
1.00634515399206
0.0836865570840908
0.611673058902509
0.109918907548494
0.742070408591476
0.33952361961005
0.481940417671337
0.653368817463829
0.46956083428977
0.819013408269587
0.12358432228299
0.300526126525653
0.644817517951321
0.387369714061743
0.21380217740728
0.346226296169951
0.516329364257366
0.325118901692684
0.0248550835471322
0.239239005787285
0.269317573730997
0.278227504715421
0.16142125470127
0.753207633173143
0.55690788841636
0.557756522681881
0.942697830593247
0.250734255784043
0.539779994546861
0.348607465067487
0.577752866370596
0.570678565257508
0.156477068222588
0.892279320490599
0.233394270927987
0.459100566755221
0.499739238247775
0.268690630876372
1.0224491765523
0.384309119990777
0.267876802228502
0.203031590501372
0.131306514908499
0.48410451689435
0.770150125758773
1.11616792091681
0.131135006152848
0.179369584068498
0.565919061264934
0.182745095477983
0.385815203376691
0.0553146567342299
0.723058839697337
0.280918907814221
0.248855743430793
0.0644683136772632
0.0881841709514143
0.0506325917999589
0.0747317515666689
0.121958920982779
0.028835265442948
0.630899257355291
0.06537922292596
0.738807374903155
0.439575807565863
0.545271860906538
0.587399208528957
0.261424668576552
0.990767532580953
0.578803288523492
0.4984265892273
0.797370699362901
0.377723366423508
0.137623814671692
0.412109889108975
0.710640866941525
0.118977553404255
0.722315675960228
0.260529342531159
0.175807963194248
0.180058219629492
0.569539318995829
0.702733856561113
0.502617338745303
0.537272347684237
0.673901184737312
0.39122542130396
0.3948433074809
0.326395780439467
0.401815593263136
0.157617722438504
0.670938119503441
0.154193251902
0.542636284646774
0.619795727769918
0.819907685322692
0.350102335877987
0.483625672443186
0.721946698174881
0.131525274053488
0.123570901768052
0.217492578032041
0.0692447056015663
0.733098386221191
0.0712651541432731
0.577128267646422
0.0741462965921793
0.148882290742096
0.235677933142094
0.0587331991733351
0.0895518630211638
0.592275073600853
0.0432465238079004
0.676478577070758
0.0712981072362063
0.391175175437615
0.503447487057492
1.35420671090947
0.282778207825481
0.111392222418244
0.628164331781051
0.246253127016209
0.465966755272191
0.884878768243624
0.391084979839339
0.782382904634529
0.0233958748531137
0.0911466507814493
0.538427929599071
0.054422249301527
0.546952666568899
0.0780869492125549
0.190837496345071
1.03509506387096
0.100698180426847
0.538193089850484
0.369094936554587
0.635761104450788
0.609763212150197
0.240945152391657
0.620340355944722
0.191300286766793
0.125060432706894
0.204982276076821
0.840353140841334
0.758459466514673
0.398697911922724
0.725124078945107
0.0724666417245174
0.764652903659068
0.368286145344163
0.20377572994179
0.0697804202557237
0.792665861087029
0.108918293763411
0.371077662465753
0.6026700105986
0.883043948909974
0.768336742943772
0.0775422606575649
0.0836575785114708
0.649698418902356
0.62536253380284
0.411314365277918
0.631268250558048
0.353423720460227
0.282356681613658
0.0771640623461642
1.02860054779097
0.575630854967075
0.567382593781966
0.501381976008622
0.237396691880169
0.10949736076933
0.640416541427601
0.199904365689241
0.0156587930338734
0.0981569350117047
0.629756717303199
0.63676193587232
1.18622842517333
0.463709766672556
0.357394498656761
0.223409780325072
0.587152962850158
0.0509167312073285
0.363058157004872
0.704886624497815
0.808980767808722
0.96229784119448
0.877767779884651
0.254999000055828
0.233121450161069
0.109421610443341
0.762333529887593
0.848901388511645
0.476621969722752
0.516400671784246
0.458166222529342
0.542566645018858
0.760565212728142
0.52811017271815
0.273014542991947
0.390174074651938
1.01358838712921
0.294907373065919
0.199792907635841
0.638714233351219
0.531557326115018
0.162032342739464
0.383611176814347
0.342407016786429
0.733679316908815
0.302902474145054
0.421278172084376
0.0708571999577496
0.545719483072245
0.912884467015563
0.0814252850876406
0.0528325750091529
0.141701938624849
0.18304107399549
0.382953176352297
