3.45414618646646
3.52381494758172
2.59343526640705
5.30223805685647
2.52985930854511
3.8561835004032
2.28196255530511
2.91811593097612
3.25687702189018
4.42827349185734
2.1427597682745
5.02250139473262
3.39835942332583
2.37976020367939
4.7498829195277
2.42691881341104
3.63391765465627
1.89064757836837
1.39597850335314
3.84940256642028
2.708445466691
2.17684371915547
2.81903391425589
4.93350144568249
4.78881118932695
5.40899818006383
3.45905928930889
6.13639868532154
3.73756077710086
6.22275829760672
4.20637251268634
3.32030522610369
2.03058689776623
4.56155443063384
3.2953824581056
5.43549553211494
3.0425272014429
4.16966390299408
5.96970160623882
5.59821440500511
2.22574559257538
3.66100565343941
4.06485925051286
3.06072809041348
2.16544444690119
2.88287953753899
6.15790742999615
1.89651850887473
5.07123946535631
4.01868464340876
2.55903967914567
4.97416101459931
4.1862156176348
2.15439107405052
4.6475248255568
4.05089775644349
3.44690374616043
5.34275974395205
3.04945640974258
4.65432661289138
3.21117635114149
3.78906500272111
5.73223724793319
5.3277398599597
4.88063851151188
3.57827050982437
1.88142538751113
2.45105630885555
3.47606034457296
2.67797032341074
2.75113577270953
3.43307401027863
3.42925988535068
3.56180946984043
5.33805754890685
6.16869974943761
4.37603256378701
5.55294238667751
2.59662222197524
4.22679712095906
2.87690292575358
3.02829834750981
2.84352787342537
4.36517850942171
5.07099759096009
3.95341114542582
1.58289656683986
5.2068710952887
1.57004030584814
3.46300962429723
3.68303453761753
2.11914576339065
3.69491185112332
0.702784803560684
3.49016417353
1.6256292015157
2.21279402397962
2.53429627661282
3.23607034248063
4.6755837319366
1.80554789066984
4.36616606817479
4.12612954987942
1.63760620842079
3.66485936704838
2.8458866499446
3.68455050116282
2.57860337434936
3.30627809687848
5.13377592456759
2.5524954460756
4.16044193928132
0.928652047499564
4.69283863248205
4.65192871833632
3.81687477216917
4.64176270155839
2.40104327311235
5.0895436188236
3.61783856774036
4.07397462963254
4.87192765966683
5.80713830478943
2.32333822515624
4.23134389043908
4.65076970759775
2.23214256800419
3.88083068025741
6.75111953941492
5.4163827810427
4.22243752491243
3.56139749446158
3.21556805739566
5.16533327776023
5.04667563492
3.36542729210238
4.06002177283719
4.0380610838573
3.17964809711424
2.8081929663665
4.11275358355034
3.82102157075791
4.79840803543642
2.76778473144377
4.23926140898544
3.65075254491488
4.25625889975673
2.50868732143382
3.87930301392039
2.3064634330197
2.4373039627927
2.8504324305995
2.97962217365525
4.22809698893679
3.44270071700125
3.50684068214922
3.81956599894349
4.20533451065981
3.45578785133843
3.92225627162241
5.91317688633999
3.95446609369107
5.03040386894571
1.27281949827421
5.94149879451149
4.59312548570961
3.98682182765053
4.75705969575574
2.19585210763599
1.13627444471441
3.6541615965688
5.54933749282673
2.81393764990119
5.07186041504584
3.13696987499081
2.67748680188772
3.72832247919458
3.49756398897874
4.08876044677823
2.29961442451858
4.39690619820017
5.24250544251001
3.25250761692712
3.48166654138143
2.0026083530001
3.0431394063148
3.35079182381591
2.88971428174125
2.12587210959163
4.94493337010971
2.60587214458343
2.15991689765926
5.8239615889624
3.89227067601089
1.81328972694539
4.36971139415386
4.09302563601285
2.08848374296424
3.75813351267965
6.82085648962786
2.99899354799355
4.0714933749453
4.68073868437336
2.83882836872433
1.76309049901324
5.53759478355005
4.93529518422039
1.57753121556575
2.65025460979468
4.0844780405806
4.12546349277965
3.98958679048316
3.85101494918568
5.53854274224567
5.0802148512344
5.02994134596751
3.63233074525603
3.25371098356172
5.17521434276362
5.66573809556725
3.43278244612931
3.53084072779922
1.64151442459451
3.3393661903151
5.06970233788974
3.68912481858616
5.69828032666414
2.010554838612
5.70494828629461
2.68607847482276
4.70824610451699
5.55528828386225
4.18758917457011
2.17931687366834
5.02640342869949
2.53655570953322
2.68862057046098
2.69767158769937
3.70533597318124
2.93334375129764
2.55453580793131
5.63348301114685
2.48030444499776
4.52515323843674
3.31802641470399
3.92434646013047
3.45407831347613
5.26371757689001
6.00989894126963
2.31595194807136
4.80977530026131
4.65834457056996
3.85531015229996
2.39291013194364
2.36024538210563
2.86308669654887
1.56758164125641
4.83267615557593
3.25266084866925
3.67648096599631
1.96293036488426
3.46325609357489
3.19346148284704
2.66758764776096
3.2596578372603
5.49347549596471
2.08634252515098
4.83614698204225
4.58544070559479
3.7805836624683
5.20748123119938
5.65340446288107
3.58823903055847
2.39123717864015
4.8754834199719
5.62956955701636
4.39646868004424
3.59258173644975
3.15775709427469
3.25331331459959
3.57954043535384
5.25257790565678
4.88955551502139
3.38425041157464
3.61269775778111
6.07896409341746
3.0138382845171
3.84089992981404
2.36323745636045
3.74960070761285
1.88604960355993
5.45621376168573
5.77864924005185
5.55765441749642
3.88640174983817
3.83873123740032
4.9133680106457
6.47088582664727
2.36743981848516
2.47481961102288
5.84090137661576
5.22214276435316
4.10325160058391
4.55602642375418
2.26614363962341
3.09157058608842
4.53402972228456
4.57205547935376
5.07244584793705
3.95233570099438
1.58372141372032
6.88862419284238
1.748181890617
5.29560651114523
4.05592741770134
3.17357534095945
2.20542064872755
4.90678436165365
4.63521416957838
3.43564083860172
3.39595819490369
4.67873658190549
3.72946668026927
4.71036693383392
4.08593017524577
2.87339478120892
4.12970604940673
3.31873330730541
3.42588327619637
3.82718303740712
2.29414952404423
4.04596732297043
2.63076098153958
3.32193099948233
4.19522339440914
6.40708186920722
2.92101057564758
3.65361535689853
3.61387608526578
4.386850072442
5.26516858941598
6.11349895657248
3.91352890492349
4.7982437198315
4.22639713629583
6.12179337590658
4.8712524607508
3.04869932273394
5.98664227047108
3.15850697854395
3.46071817158801
3.3073142862887
3.1481636124478
3.2455582341131
4.40176471873646
2.13762876163006
2.19851195991762
5.63180195162872
2.95949538696544
4.38216490985243
3.42791910592672
5.12706957955143
2.30316943199142
4.22635798238833
5.80477587715287
4.66271724659059
4.63477403283939
0.642820734983775
5.19878233090942
4.08338847538132
5.30255735475218
1.24537574476689
2.88957263526821
3.4808215365522
4.31923777219242
5.4364391802311
2.89128139260043
4.38813732630241
3.70093652545615
3.70952012798362
5.58512140351595
2.73576301286215
3.29783915135203
3.92971792952737
5.53829879028732
3.70215499877449
4.91371143147315
2.74679425648531
4.15197166607624
5.46959119420489
2.55039964570522
5.40136367295008
1.88029323509702
2.55754229917864
3.24662052442427
2.21336130151853
1.78127554997761
5.65336539511202
5.91607101216435
3.80766224386805
3.64998044083731
2.95924289817729
4.45884112170318
3.57552543910592
4.80734279795812
4.24574969498854
2.83434939177108
4.2191288504993
2.2625183159959
3.67951734852199
3.16606068419429
5.44059296118846
4.45553305460057
2.62912168765005
2.6118833953839
5.85371647329581
4.11240134976712
1.9213371693526
1.68602686766778
5.06678038100694
4.78177729355601
2.15341129984037
4.10146998495118
2.33998510899032
3.19649370994786
4.52585011194718
2.54456017314495
6.16467075034671
2.67678634011479
3.44343307056773
3.81226035915527
2.97221097893638
2.90305428743384
3.41498388028663
4.9893731740427
2.93072142055381
4.75867227822855
2.04993271378928
2.901954737916
3.68215858925255
3.15023947931418
1.861196093161
3.64705306467924
2.99153554163675
2.87151866720291
2.48804404422993
4.5543143314918
4.07194598788218
2.79586502338678
4.72245208108055
3.71544410619365
4.70013293750519
3.04485459930111
5.82128233961856
5.80287116826608
3.8359402698946
2.94245054733852
3.29062840103825
5.79651140944186
3.31725762267293
4.86983308334295
3.13458218577241
3.63301173460892
5.15875215446354
3.09503714753411
5.77943308223674
6.20448369930215
3.15616815226755
5.50670709646957
4.08969126183263
3.73612448014947
2.5907569027055
3.37542048109135
2.46914364313173
3.69658962883093
2.9816801816765
4.25033762553209
2.75825131076688
2.95106243012687
2.19845573221142
5.84234868523002
5.68099469707833
2.07721061991012
6.50245626531879
4.45689152371136
3.15677907831985
4.36102952661006
4.76292876210096
2.14420707709876
4.05093216063626
6.84710781940901
3.28512031128484
4.25105349051059
4.50764584354893
4.04771081046011
3.27088243001065
3.19774624035813
5.48688177650606
3.65239199676983
4.12271050818708
4.37707993479872
2.67761432132305
2.76620914611582
1.92307372648557
4.0537679322648
3.20073693188613
4.40468627746497
3.11580160419437
5.17859938609642
3.45383003486321
4.75232342702573
5.39749241320269
5.02640367278542
4.65146849163822
4.09251481001406
2.85492697511712
2.16744591113297
2.39938750583819
2.75944568273217
3.71737844378363
3.85496727649435
3.06920180738492
5.58301659104906
3.44825532539751
4.23266152007138
5.53226238797889
3.12525250641152
3.24513553109248
4.33344292230003
4.36483640666495
3.41120996780735
1.29377660007222
4.03265545777267
4.09921892047952
4.44539915234758
3.56507516280734
2.80818990656152
4.69523191792756
3.36368894095398
4.19141758946168
5.20363254710421
3.37224866353969
3.54317550978834
0.542361958863109
6.41118994236287
4.93113783422848
4.88520880205299
3.26058921728733
4.64318181847301
2.04164902114336
3.65122650505517
5.50118807361747
3.8727939467575
2.01676278603422
2.07275569796911
5.66627476468466
4.53631306870799
5.22859162056031
4.65067189512972
1.95997581209891
5.41678639754704
3.96484014809377
3.33088525697052
4.03650654041908
1.32868623933439
4.3872863098341
4.19881855983203
3.91385082956227
5.86953085288099
4.72062623294191
3.87093564395672
5.89636027030892
4.88370833603607
0.256211696412276
3.9465501668509
5.52144219727167
1.73649655757629
5.68770943407107
3.97940225539275
5.2960125939586
3.80341396488413
2.14719933689298
1.66056029648225
1.89328841309631
5.39897999325863
4.86521622742481
1.82508065172492
2.58912132981995
4.35397589486962
4.76659301667879
4.03472088248693
3.39839642931425
3.68570408730978
5.34852369013967
4.60909507670559
3.65817344011988
3.88766569302752
6.48037115889937
5.13809768448429
2.82265762545554
4.29880405235595
4.67441391972396
5.46657350097364
5.8513179920416
3.58562168939299
5.17634616401181
3.78380013167299
3.84023493648087
3.50183791049128
3.8559929647438
4.23108476722999
3.93980988484744
2.73248228272892
3.2793167669304
5.33671777359123
5.35777368634719
2.69571833141073
2.82631087031891
5.75400036367254
4.39708429346274
6.07954984265291
3.91425283567895
1.81549156905939
4.08452743618959
6.23328741626102
4.08467147005353
2.81823887802254
3.09332732295198
2.32077325872997
3.58600641977147
2.16894948562149
1.37201313869321
3.45242692033404
4.58810378349775
5.02428880750177
6.48725388619922
3.38619276771131
4.07508829645095
3.55716418854149
5.77425942719087
4.7082043749195
5.20041774037844
3.34240720891974
4.19312802496807
3.75558187317039
2.93736338515263
3.72259559987763
4.78635660353643
3.81946182447748
2.70218071770854
4.76115032104086
2.88521730936515
5.0880525302565
3.1814920824825
5.62228355244649
5.00235677764988
2.91114801998868
2.62105488838012
2.9078419866882
4.81605801295771
2.87071874471112
3.83495423949732
3.68004601523139
5.0073135665323
2.12792201912493
4.50764485775592
5.27575752118182
1.34676159825135
5.51337509887524
2.2752960242022
5.88592432931618
4.71350728319261
3.40905946484366
2.53087872076855
2.8685531508296
1.45828452510782
0.809537439613308
2.26115592059726
4.20773466710303
2.57234926187486
3.34100265943021
3.89390039681271
2.88397604191667
4.7732001636142
3.72610862231268
3.62161012245613
1.51846906958021
4.11059364124215
3.35845116613697
4.00364989933139
4.73605871879851
4.36073307349097
4.93659409576898
4.67561061644583
3.77913503541847
0.993941843321393
1.94152344992775
3.70601518772963
4.26236917562143
6.12581664571505
4.39150372644265
3.84944282427324
3.4798948181236
2.05760953957021
4.05266828531364
4.10121793090965
2.62388964707215
4.09893169651684
4.26641275043975
2.37248191482507
5.89891171545032
6.03684003888029
2.64513467801723
2.13474313491275
5.92675750521697
3.9279039670528
3.6880246489085
3.2878854974701
5.50569220139733
1.83750654697018
0.934915349374039
2.17597897343123
4.84777850446017
2.23416156153139
3.10369500217535
4.74033922400505
3.51617024068564
4.4652410125883
6.15569358102462
4.35711114616115
3.42655142301295
4.25981178304177
4.54333664203232
4.61333014868164
3.52362963785914
2.60113221349478
2.72644881628248
4.33368031643743
2.44566975358076
1.24037437309637
4.84201821017175
2.28751436125269
4.65050582563922
2.7617372959263
2.55720705194689
5.44716074291693
3.10768448157617
3.78659611466341
3.32650434991623
6.06269624793201
3.45179731400927
3.23162336129215
4.51417274547589
2.71440343881854
5.32500210074882
5.75941174294189
3.65518784053305
3.04721488963661
5.39384435245994
3.82128405662471
1.05276573285255
3.24061266463761
4.219305661587
3.13473126691299
1.55670672679306
2.61310037683293
3.91499385741289
4.46090197789287
1.73342497745503
2.30861373842793
4.60900932436361
2.05794201249218
2.51644415771766
2.61091001938892
3.22354311006925
3.1913863540973
3.99234859401667
3.41069812676742
1.42656462047422
5.69533846328597
5.64580876800258
5.16399454886178
3.03129175490155
4.15099972107227
3.74192167191915
1.85690030378782
2.92347905963147
5.28422758996228
1.61402310915885
3.79542585110006
4.40796679261736
3.35892096892659
2.23036413319673
4.07521326172059
3.15672614409331
1.74878258812547
2.58696978235342
3.33886656362276
3.62885025863637
5.57956985914985
3.38691934666804
2.81127683495566
4.52097627680566
2.50285744522839
3.24634218371925
5.79858069523376
4.91593812201719
6.13611225606615
6.22688511580381
1.84107344679957
3.29243888675882
5.41819681644365
3.8658688537817
3.21626731671509
3.69790939705661
3.31475355641521
5.90193415220219
3.5357633009519
0.816778669945867
2.92688247097516
3.20870170784416
5.63408489783732
3.45670448628137
5.35128452760025
4.64162862182174
3.1500793126272
4.36807012325656
1.79021461641477
4.03089282427161
4.97644070523176
4.82370695299526
3.61581041705515
4.92148028391086
3.06443408884112
4.1289746248977
5.885574511722
2.40844091834717
5.13122351425124
5.43284962104297
2.1103144966583
2.78750597800235
2.4030892929316
3.79458600018542
2.93493004125562
4.84130014191445
3.81089117354894
5.0296534191823
4.23977534532307
2.33884143820638
3.38141881677782
4.08623564090073
3.01694378531589
4.32380373593573
4.29791990640259
4.65642041131409
5.30580027217158
2.82871107306665
4.53857266717841
2.29669921036341
3.96292543899232
4.15849415802665
3.7331732495989
3.16515618176332
3.58553763859245
2.24328149651658
4.65833532206707
5.12169586392876
1.76478040828793
1.92368250519753
3.81102712892635
3.86908984724526
5.18225228831138
3.16275891403466
3.28865850576349
5.66769205544348
5.74998608539955
4.01001991532479
3.71147537336471
3.91258718587682
3.63504101747696
3.60838535787222
3.29237603205731
0.922209101044425
3.32979975890027
2.41878755746687
5.12230580583323
2.45175037549116
3.46236917874032
3.72059830705968
4.5013240805485
5.13658024762088
3.61673659132174
4.05069391240467
4.06970149890281
3.25439966639493
3.72292744536438
2.9532706411361
2.94351333115022
2.92080173338861
3.78983325213895
3.37359582475073
4.20581066141217
3.11760848792721
4.57377590729336
1.98013050070683
3.84232359132474
3.40367308330313
4.47732548439723
3.81724463330053
3.8994288992784
3.06087143073211
4.98365474656485
2.81786411383096
3.61052004379967
5.21587114385262
3.69584107569108
3.56749670277948
2.9981529142942
4.87474415471868
3.78253309016559
6.14466733738999
3.22756278265472
3.85368429826273
3.51143554660925
2.15373294488813
1.66187087741716
5.44062743419241
2.54999031977322
2.41670270084405
3.30604218687925
5.07678138522027
3.04218802415866
2.77195016561242
4.13859576583304
3.03338099425443
4.82658532901115
2.52784426786151
3.76541734411892
2.54446856754694
3.92996510449568
2.40752181787343
3.06784758204248
1.90952628577738
3.46424573819467
5.34723574601525
1.69492972053052
5.29371998592339
5.93740219501664
2.53875650252191
3.80931308286976
3.09860120606965
3.1976573540391
4.00465774233591
3.76720559402905
4.16430830328466
2.24245788382941
5.53787125392634
6.39295796367981
4.45509174139759
4.55188105020633
6.09058768062494
3.42227253140543
4.93729927000551
5.97435816304324
3.22737656194313
3.21083524449379
4.3241444100577
5.89386980018392
3.71797518145692
2.94241656386348
5.41304029961928
3.71251706031876
3.21094024877669
3.93820611855836
4.15472716174103
5.62975468548359
4.66158295617285
3.32594230200462
3.17424164686578
4.06572724789531
1.38226748459028
2.83291434851395
2.14524784919343
3.29984789957339
2.87705783670731
2.78097432392847
2.85955332056391
3.05158674033739
4.88621536818661
2.9436265856283
2.22932577717095
2.41436187613327
5.43113684024661
1.54629542798144
3.37831050159991
3.11437859582863
2.46524811375221
4.30123955890616
5.11404257675599
4.09466377226161
