2.83250764115767
2.37553286824428
2.65982136217829
3.25141367468371
1.900794117518
0.468027521189086
1.82382175941001
2.57079466249846
1.48287350890228
2.4737693604264
1.27969267924825
2.93567273566937
2.32854269734179
1.01977951553332
2.45732313315257
2.48471586427202
1.93654988393718
2.48518444485724
1.8752090429098
3.1354159636242
2.28739698642003
2.35038945175119
3.16776637648248
2.27494925612069
2.11313192143931
2.28623703354896
2.02250129096465
1.96473110247172
2.17602663361704
3.31884973861542
2.85184253261012
2.59787995712146
2.39410442768536
3.51463571266152
3.06046772787662
2.57606063093684
2.69096805269779
2.2068277484543
1.73957817209332
2.0280486094731
2.40408774075912
1.54015704542173
1.98322785322322
2.98064571979322
2.80576949738781
2.82258793334923
2.21792004664608
1.24913647862043
2.045820561014
1.6251001352168
2.08908640192926
2.24997517225588
2.57717879343646
1.34057023810558
2.94566717756848
2.77846804335349
2.95285375182073
2.05787831670693
1.8279592341014
1.87362166897373
2.20141133856423
1.66987555091076
2.02582908937138
2.5760945758302
2.08261778468076
2.635618166264
2.80411576654927
1.76414589867599
2.24600474498665
1.97914859391457
2.70585014111658
2.37808199256722
2.51644766655842
2.30224877070818
3.34638541864662
3.18319697624971
2.84075106567786
1.77512575121588
2.65447964486047
2.69115482648185
2.644499314925
2.26326075662307
1.97793398051835
2.09022162954585
2.29577044863966
2.22706999751549
1.22426339332808
1.28804756818972
3.15756885676445
3.19474241413519
2.2988135340952
2.27094061100041
2.28940513851696
1.83058363941705
3.2357496643776
1.5389013525231
2.75566917305902
1.46612403973603
1.68774046414317
1.94722602760243
1.92512715644969
2.16297072275919
1.52759976141306
2.71520902662994
2.34052101984395
2.4639832250619
2.32406851962937
0.756407459047466
3.26868399722858
2.4021961238823
3.60385241131214
3.44960416667108
0.657465194215629
1.05853215845733
0.898574126579865
2.91724973716777
3.06238490153188
2.47996138043812
1.99089288377661
2.73922090506959
2.45957250669627
1.49273962158684
2.29728559857105
3.68640934366185
3.24867456741134
2.14564665115003
2.30511945574272
2.09194172203957
3.17868628318119
3.06999864256241
1.99069749975978
2.33516156686602
2.05912651665343
1.59889395385392
2.6006543252119
2.00212941418956
3.16868596871886
2.0403992026672
2.57783725218803
1.53618850340813
1.76003124011983
2.5904623643755
2.56450962624627
2.48850967097506
2.53034846166855
2.27812596210308
3.28217335704762
1.83572794984123
2.31456657981866
2.6492801402804
1.88775246739871
2.23894626621029
2.03246085880896
2.24562443922122
2.00536661605132
1.709987359984
2.72293660712748
2.57164688684617
2.02948947335458
3.08748690301314
2.60334957529471
2.84097195423721
1.82242153732106
2.40684072992132
3.16833756264965
2.40230755533769
2.61780575786466
2.82439627002624
2.9479213802154
3.46765113771622
2.21809896635341
2.67440273554773
1.19288812511514
3.05733163078184
2.42759091324113
1.25609483268588
2.5495061272477
2.80104420678967
2.86245480002598
1.589489305034
1.62781810708923
1.98687966923769
2.31507554908501
1.45191992919577
2.88188207676505
2.61907401908796
2.60396693399225
1.88660367276566
3.255219501754
2.38512226497402
2.39240616814038
0.389791177062157
3.26464087350531
1.3009118462762
1.58086303744658
2.1966918688672
2.09545501087504
3.0741974629029
2.52557273289803
2.96623361070724
3.85658334042442
2.59606430204678
1.97815346265269
3.07094983435172
1.96689667648535
2.76543938895473
1.10683338462431
2.31655389476266
2.68860239192395
2.9261332141241
2.31611496392079
2.19333817823495
3.36676031245673
1.89310350943971
2.07343719141769
3.03656942453509
1.07248812303044
2.05988874008351
2.30680866533063
1.93769318850946
2.63616188770289
2.11324721636397
1.54640737018607
2.42027076375856
2.87002913930186
2.71530070664615
1.75006202929174
2.78685904969836
3.08718063201617
1.44627398572686
1.75165018061552
2.95463364701579
3.82900827008938
2.54092799325839
2.54685824328817
2.92849104204291
1.98411213747156
1.88761357206087
2.28803614508661
2.58182195563077
2.02076220878522
1.45915412383217
2.60341099987339
1.13724000893551
2.16181815778709
3.10439339542275
1.60973702583898
2.3961272032973
1.91648170782386
1.60130608721083
0.6113925166377
2.78940347744293
1.47549246544749
2.48327939094536
2.52412201846211
2.71660790389225
1.73726386511143
2.28293060395174
2.61602331922088
2.03781796943082
2.17256125047586
1.42855193201099
2.8585648559567
2.33213058759313
1.09158039483615
3.26836833455017
1.62340441616631
1.00015034255434
2.88468699148645
1.90225344981096
2.09648019255389
1.44243454703308
2.90196888860308
2.87069777111804
2.42896996370271
3.42606278696688
2.31787338886126
1.7902318784154
1.52499245519913
2.07339415207624
3.17588352504837
3.28004428123869
2.71411979839157
2.51896340547632
1.54235615541249
1.96184225202961
1.46572336103174
2.79299323792186
3.03627774615179
3.24755128301523
2.35828646899852
2.56229620075441
2.27747444230905
2.64339765918999
2.39033872691937
3.55571271926467
2.45182217885468
1.34392358046606
2.28335195697027
2.70954607407472
1.65933059059204
1.46492982519127
3.03374851170192
2.24236545149684
1.94161166964945
2.97929862493109
1.1905946472716
1.44633418673548
2.52370208780882
2.57868464014206
3.08203442484518
1.81848714117241
2.00184907863077
1.59626821306317
2.5378808546873
2.77422684001438
2.33223489107433
2.65362147068916
3.20839254915409
2.98138554090579
1.6571889490135
1.07060396716599
2.68410985961514
2.77879852128288
2.19322609937773
2.29834005206496
3.20819040012859
2.59921877092754
2.883858684662
1.81500053806264
2.84769194307242
2.03096563874164
2.69958565656161
3.16404608556175
2.55387319363435
1.56627289801811
1.85797604221471
2.96724556784917
2.99822282918765
3.22248966876256
1.29124946234559
3.500661977646
2.83884264690042
2.2227545677668
2.26019239864875
2.61051821342836
3.60487501346727
2.24964940613897
3.08393723583636
1.81256926725001
2.36740168215163
3.25575742131158
2.58957461153214
2.67544541945982
1.74984855434663
2.47550260275384
2.31901468209879
2.34338414068199
3.1942469850592
2.22250963719734
2.03982189909022
2.10862753503302
1.77326684246092
2.05258127763979
3.21697904242022
3.62695596732077
1.29598577527594
2.57899353109
2.92546689376803
2.52829956616192
3.04473336180792
2.8211170551491
2.38526226335261
2.60571472415911
2.43354057354195
1.11359927361906
2.3556839048965
2.9977215034379
2.33534675882005
2.05298023443085
3.27645026812864
2.15128553893034
3.55417121747654
2.53556596765377
2.75754368831759
2.44881223532738
2.60536301043186
2.10882192650192
2.42006688907189
2.44771183522326
1.68166308211629
2.18571964527763
3.570655649257
2.94012998668321
0.991496237431948
2.54213090161296
2.0812947818787
2.00952842161874
2.19696565072723
3.1853943811104
1.94909586588461
2.66366671658241
2.67986757736632
3.05014831337805
2.34331848916569
3.08594981338245
2.84916530734667
3.19317152343937
1.29051560897448
2.27135361594545
2.88130255688884
2.58530446849841
2.39270992880191
3.07549237541147
1.86480737414155
1.30085766829163
2.53316431537244
3.18674831791364
2.89273570420139
2.80976271432512
3.29103595068985
2.5927215279143
2.7569095938204
2.6348217986185
1.3594189014222
2.50401790699921
1.93811808032345
0.832863138356226
2.32012031464246
0.811500745900662
3.32781098748126
3.31454446246187
2.13642331399003
2.18418419701706
2.78568363233933
1.57592986496115
3.14759034536735
3.13324753230639
2.50075596754118
2.99406869240641
3.22224459067259
2.61052061740784
2.48191103327132
2.47803511944306
2.44387342884512
2.51743510227486
3.08147949728793
3.09878043970112
0.829980806324651
3.0788929190286
2.83000949483044
3.22902229426803
2.09096385961691
2.03602598211592
2.16833264898188
3.09237603298122
3.36029165739625
1.01823755868897
1.75683920827088
1.56974862049168
1.51627033108702
2.37290880786418
2.0230455347995
2.68748255015248
1.84210661741138
1.74862666445525
2.53784291844851
1.88010300316914
3.69009541565273
2.64545142332871
1.44221687255106
2.9119304428788
0.593935535975943
2.74662627999654
1.88111094384328
1.11803067182196
2.1331304774806
1.94789615792076
2.73265673092781
2.10557351858742
3.07851037157841
3.10967526596113
2.01132480712768
2.39667007938128
1.67375044228132
1.87573306932763
0.881805547546021
1.79639807353741
2.85924802047474
2.27287652826581
1.15317536712079
1.71034305642132
2.51650083592927
1.62733474765762
2.16396829642018
2.45371237017776
3.2432543726849
2.7391925213049
1.55229072281571
1.81227233441995
2.34327096354403
1.47616701116469
2.32516489129576
2.92179399860916
2.0712144375774
2.85129663883528
2.73783148841419
2.3326560666818
1.06738255632459
2.75121372223319
3.03253383976838
2.67199695085048
2.52350243187379
1.45392195285525
1.93699435897063
1.31048096087955
2.11899338297501
1.26978165439696
0.616265928567379
3.51521391269115
2.43686243493302
1.73700779931139
2.56167453193744
2.82485517242431
2.72858070195057
2.98710550687689
2.09288752872748
2.71731242818453
2.73119594727335
2.8085056543064
3.27060169160683
2.0591617284354
2.15709451162458
2.5019408266837
2.72309010841638
1.8007158477389
2.20068862827319
1.25490173216151
2.78135046104174
1.8407603728867
1.25078989385177
2.61724793562453
1.81862039948964
2.35881441052187
1.69514898858624
1.83059969638439
1.74240932918824
2.1200141122915
2.41937339680376
2.78151199111262
2.60744404545368
2.46295763835057
2.55071955259704
1.17873203508366
2.87683823412247
3.05102995259444
3.01488767591636
2.45142781431265
1.8539473700382
1.01314334391577
2.6519387511712
2.06920870872669
1.97919096918295
3.20473288279552
2.64549400126636
2.35490575715967
2.75498936220403
1.71489195670828
2.19568111855618
3.03465951929063
2.45376004795132
3.44865760210628
3.30361273020919
2.76593892486105
0.501505072401355
2.27665039220889
2.68230414386563
2.38803835936
2.22591743844241
2.72137699672921
1.27755313265777
2.45476180761847
2.66187941795312
2.17722996744183
3.21151714892411
3.05260191304475
2.44328880280336
2.62397806708813
2.03445980614739
1.9486352523823
2.92496205669976
2.71217710243225
2.80281448621087
1.72713465748286
1.78502868503845
2.59970634131584
2.59369041447036
1.67427692098642
2.17716164938711
2.54648834141423
1.70579144079245
0.248199169335786
2.57095731159026
2.16943492427121
3.32161435919869
2.62351034964565
1.05709427723197
3.91493975252451
1.64872009510037
2.77423664659634
2.26379103533181
2.40057022856094
2.07912277822635
2.86531611053402
3.65972271216383
2.29679495799885
2.49594384731003
2.85424583878587
2.51879668936847
2.41988603258816
2.11936741365295
2.62860105305442
2.64752188345196
2.95972971633843
2.19966477917556
3.00602191081437
2.07118848791694
2.85351133857043
2.64156294836233
2.60617463752472
2.80994086887465
1.78795656633138
2.97832100998418
2.32678272182972
1.87349995686173
2.02018465024274
2.87051856577258
2.79090051567866
2.32698276825349
2.01164604472468
2.71834939357216
2.52366536330107
2.6191571595594
2.61758181790339
2.33989164115438
3.07454038693497
2.37156889928462
1.96697460733334
2.30896253569263
2.53259196950164
2.03525834377906
1.40054920746122
2.76511531403593
1.53680681172152
2.04104716536598
2.78633933315031
1.05931618606979
3.44896555510131
2.9301425978809
1.43644238219005
2.17243538418957
2.86728161698999
3.24819839488779
1.57019542832
3.55282609917022
2.09688013545179
1.99558174312092
1.56800997913555
2.30859874803382
1.65921614896565
2.55990094375938
1.91487898738182
2.55795311639476
3.16245139645097
2.88976719949693
3.48463428565601
1.71559243340327
2.47875178983182
2.65953056659149
2.35042206616219
2.23499888384221
1.50940149891322
1.70009485846267
3.22158686522488
3.10704032597388
2.62858549224554
2.1449695910747
2.23171521314472
2.30969048599532
1.98844596014602
2.73261406444953
2.96436188922097
2.61332187715518
1.32755891794381
1.92921951925799
1.83226350886865
2.26608127217246
2.20466878377628
1.05105400171408
2.02624498940269
2.39335946107308
2.98796372277099
1.49611940412936
1.59975131340845
1.97507426778752
2.9496913618068
1.44865826965581
1.72097002630812
3.1767321635174
1.18037950644122
3.04102834376695
2.18013059954276
2.52544067935676
3.07639608655041
2.2916287753406
2.8430809033383
1.61699518322523
2.52338939699074
1.30268064153649
2.46807258828886
0.721729361018505
2.48626928936077
2.18451126291978
3.08382555491564
0.931078361166706
1.93377302527413
1.20691099755864
2.04851185734522
1.9761711739752
2.16187255743322
3.07706100947208
1.31203974445753
2.17974791519613
1.81415198844996
1.31618638472449
2.70932049433745
1.87036589699192
1.04629258951302
2.06823638041253
2.61083642877101
1.94205537412999
2.21239434714635
1.31485877665028
1.91649592582658
2.03288937488989
2.65378324213049
2.20798785137907
2.76669135344817
1.01579813789692
1.90742005598601
2.79015233774854
3.2220593620912
2.25778957167727
2.70224640603334
2.85233280762093
2.49094247048252
2.35730037162067
2.58717285662721
2.40049392184805
2.55438659028834
1.66899545318895
2.1511625201791
1.75091945000107
3.52200384812702
3.35607125789664
3.79695563948302
2.43285822918786
2.8440214138355
1.99228292771929
2.63860425115231
2.65008598413207
2.24294655693567
2.43718401042127
2.05460302823719
1.75307057921459
1.45934326345115
3.02941358961882
3.61990593425879
2.84825590476032
2.18416485607995
3.00814396772295
2.19757343168761
1.66979570405285
1.43943162906913
3.01012785950941
1.6487524429833
1.81630626458976
2.04562802330685
1.50139732651469
2.81512758089896
2.42269652805365
2.60602522754511
1.9519807189614
2.6310742639369
2.37287853077018
2.87537543728655
1.75290185721358
2.90861399700655
2.5849087137475
2.25485854614681
1.99895261906134
2.36792152750175
3.03679883715874
1.8714570699685
2.48229729836447
2.35986784973278
2.39513324171947
2.8248921703509
3.17117756902306
3.11056439228442
2.8790115050401
1.72886048252726
2.50269667220185
2.4621075151675
2.98578378666208
1.83187759920629
2.42961867421461
1.68388370079711
0.710734405642753
2.29453010369809
2.51879250408323
2.11826489693843
2.37868976845013
2.12911112580223
3.31651923392217
1.1989083770994
2.24883618494353
3.07015050611625
1.69367219467318
1.60670907457133
2.26691732923818
3.25555460873301
2.27977313167314
1.46308372476836
2.86637705084004
1.8739813226872
3.03141018971449
2.45244589966863
2.25562452525172
2.53062729703666
2.80068919419938
2.75433829834179
2.60847386113834
1.96751454420808
1.74092008272777
3.45890022443161
2.84348556331148
1.57978147050067
1.77093594797895
2.67153015474779
1.92379851527804
2.14653503747926
2.34742476322448
2.54273438787819
3.30768744857749
3.39419875905475
1.35412886664562
3.59532112607691
1.91301589026402
2.40917948530637
3.26898069509423
2.46281284062271
2.53419925080767
2.98051014561694
2.20957444940035
2.51888250596676
1.91034547336611
2.48829943682157
2.66438486596091
3.10752923638796
1.34329280552971
2.06912827696913
2.19089978953891
3.3656859976401
2.60642882726155
2.99216364516487
2.39165829007967
0.518714524291599
2.80250099091764
2.41662812026902
1.28307855796634
2.52472966999106
1.68169747291222
2.00650745345988
2.93118315968355
0.94069990065517
2.88756112508316
1.80127803691846
1.55614679597866
2.33717878553083
1.65345709366387
2.26907732748664
2.54186396510768
1.8424591895273
2.26247100913336
1.69058664207265
1.18225089691883
2.98116600715155
1.95545898928391
2.72925077116198
2.14623495426849
1.87272245368409
1.52795136286359
1.65740884010985
3.03792964970348
2.10005650692883
1.32063730779948
1.75081208223394
2.48470158386559
2.06415403506983
1.39869256703129
2.98151644815785
2.72692573205369
1.60638317026941
2.99430415336284
2.35505535122258
2.83825480361189
2.67329248246191
3.60096971826787
1.4553345994277
2.57588616489362
3.05987586964985
2.55351582728813
1.65132712202322
3.04639048955962
2.79389783142876
2.89969901375613
2.63282487118474
1.49836609979934
2.34003918674724
2.06710886823465
3.38400025066409
3.33630776492737
2.89889930713305
3.28266228894017
1.01352531308992
3.45400514902973
2.20612129503122
3.21563823750565
1.29166384263595
2.46583322887028
3.02201068239714
1.13635956612402
0.74430747212292
1.62895007011882
2.87365037054788
2.70917749546563
2.40429617539096
2.63107737845408
3.47824362181188
2.44292852758172
2.15949628185216
2.067077223659
3.13379032833715
3.05989618217554
2.43629544214194
2.8032189852719
2.45688016941474
2.78831412293799
3.53891515059711
3.49958465133011
1.01584545967009
3.79464204778516
3.33684345297665
2.92114165047927
1.36416675196688
1.96126555986654
1.84876479053036
2.54149555887528
2.52297782706406
2.9938652881941
2.83441270475877
0.699196284599773
2.7750165591462
2.80002796758004
2.06402610960596
2.69678510816265
2.6296395678193
2.20620474489763
2.30185617224415
1.94418928142529
2.66083299753045
1.94887064667164
2.55060233202085
1.93828562900283
2.30793680203777
2.3950156275085
1.67639211048406
2.23828692025645
2.04976373499161
3.7069287151029
2.10110703529746
3.16312788087512
2.67326754924092
3.15768031491632
1.25241281754454
2.36741368721785
1.86107785416602
1.38991219739329
2.01328946702833
