1.80654137077824
1.57566559437491
2.08005787089717
1.9215875781209
1.88739226038688
2.03290627408044
2.08274459257738
1.29025838007829
2.13937351281029
2.20188210554996
1.79832697670365
1.30791936370985
1.85247586758449
1.94593287190134
1.93878958050977
1.58434955369969
1.92286964471591
1.89879058565762
1.66322167938389
1.89815854137344
1.42097917394896
2.34192881632226
1.95149748496252
2.33945062822426
1.63315188380461
2.29072979197753
1.48585950546509
1.96474858472063
1.17611600023419
1.40847973030578
1.60200173963763
1.74872530629558
1.25610005804414
1.99157502601263
1.8657369150632
1.42200404521871
1.90529133235349
1.76216960333009
1.65233585759323
1.46701860524649
1.92605711067428
2.01484225770514
1.69121514840785
1.48844420828935
1.99892986069612
1.39836195880781
1.58096330895391
1.2829925835231
1.8289637214514
1.13728673471458
2.15208838893621
1.59730600616909
1.47906434784907
1.90925737901578
1.5396722020644
2.20235472823621
1.63753047199419
2.04248591713983
1.66749124870962
2.16018680051762
1.35769829240988
1.25713211747612
1.65940231139262
1.34761052999508
1.16616431542588
2.44436045885614
1.23455585613654
1.30979224225927
2.13297489913115
2.11714595942473
1.50128588313454
2.29011810267273
1.68723321906111
1.89246601133274
1.90353562804213
2.18634028507954
1.5540787430762
1.4548850253939
1.84200101472531
1.82521385948227
2.11395609750211
2.47478823371483
1.66052952666418
2.36041168582638
1.48495052979585
1.12460155057119
1.13232908407866
1.91525497551137
1.84746999617606
1.09692830200532
1.78320853133973
2.09027654406804
1.36898469020657
1.49583132377736
1.70579585156651
1.85537205086928
1.41786645848251
1.340303679224
1.53551714937973
1.24625161625259
1.08618110224265
1.26040484870061
1.26122255266526
2.08357317078625
1.92524386313879
1.77012864864808
1.70262715209107
1.69546268006911
1.09403837953823
1.90407426273743
1.70828115513365
1.06712581707142
2.41972245233645
2.30903632842942
1.42697020220264
1.85886232364083
1.12039720372762
1.57123787420831
1.03838379411083
1.44683326718535
1.9398120033505
1.31656403480283
1.67098778049995
1.9820503320642
1.06333554230163
1.35866611807913
1.25461556734515
1.99259316425405
2.25276953423966
2.22866732655884
1.96595495956016
1.59805705935357
2.2566092327308
1.60907521509466
1.15794278188866
2.34732496415405
2.08389601494648
1.29936789380795
2.13923544252713
1.38449664702587
2.07682244470094
1.69356156330031
1.19252105679423
1.52509462430122
2.22087288242615
1.6656452507996
2.13503453754435
1.76814887853054
1.43954257311051
1.66086559536558
1.30726534397482
1.97932167239668
2.03005291732406
1.84269006669411
1.72849600729046
2.01028148239038
1.83676124114027
1.926346715178
1.92632454939461
1.6405352174352
1.27905489253193
1.60337794620367
1.89147655504094
2.16083710669384
1.89602182277139
2.29851687163972
2.34675685759432
1.24074766524494
1.67776268869888
1.84355172076302
1.23026630478795
1.20014124952855
2.15862288479984
2.24837786126797
1.72759051501884
2.15317748490256
1.19861768963174
1.44696093275847
2.13009082986627
1.60525858531395
1.34680890938153
1.72615929140268
1.67715643259495
2.2815875138737
1.96108745862939
1.81884980903934
1.89278945977758
2.07935657857285
1.65675394449403
1.57013146329659
1.79079136031728
2.10230069650823
1.53596751915518
1.74758268057465
1.36284056371938
2.13516547647088
1.56276056020646
1.43497620805795
1.799044226874
1.2363618787072
1.61574877977367
1.96654812516716
1.96433079818597
1.42085311920423
1.87562361469586
1.73290497427782
2.21520950431122
1.78904639539487
1.80183157051227
2.11501181701503
1.64139568644605
1.62118652601915
1.50181723566487
1.94190358400498
2.19092438824523
1.55404511629361
2.15023037304097
1.04370816281815
1.07926620921324
1.45521718109209
1.45992721028857
2.12257038088855
1.51247467227431
1.67283738793683
1.59336061978155
1.47984722405504
1.5851065920942
1.37146660155923
1.60774862051837
1.59276752871111
1.98143542301548
1.78553744936008
2.01530020450135
1.86651194663477
2.3009698810284
1.62359313162
1.40636921134519
1.74612404556667
1.7621946077156
2.32431872427241
1.63036195672479
1.89276180508987
1.28934593552425
1.17633850266839
1.4443465374542
2.22739140890946
2.21336932427028
1.30126780611017
1.77871378842359
2.22485275662409
1.78459626015556
2.28158516367075
2.39404610118706
1.5069820823133
1.80933592942165
2.17796554301644
1.4377318553608
1.85018881657191
1.99013679259822
1.74499705930015
1.95959802485145
1.8352054371374
2.14083167217479
1.37084504271836
1.83176990923706
1.30768395610856
1.97449636926011
2.27495918051443
1.59058838678841
2.0551137501129
1.78948788838345
1.62383497307108
2.36685328501523
1.32075764170219
2.19425781426744
2.27306927580741
1.33387149359554
2.37003607105506
1.2557501482513
1.23978329513206
2.04638064923595
1.19633925855544
1.91873101584967
1.11991936124855
1.351460498169
2.01250021485946
1.40129008425955
1.12008373957616
1.12866519543889
1.74510344220605
2.44638277560225
1.59948756736688
1.4866574587827
1.97689688951028
1.80291383899286
1.95206967480363
1.89344776414932
1.94371275089403
1.29008602574315
1.79215246024318
1.76199129726513
2.27926558346914
2.00617537206857
1.41899234961772
2.13522555210285
2.01218194348449
1.46968000889795
2.07183048470851
1.38503660555312
1.2554734980068
1.24086286479541
2.39723613371024
2.29941554994967
1.86314978672083
1.22108104311782
1.77448801929854
1.63876094677678
1.14521970586508
1.87983271938345
1.71492914832346
1.67472768511709
2.27895853184103
1.86830808265818
1.29340064931761
2.10417368007103
1.85603580190416
1.6754925831073
1.35753250010914
1.48872393964791
2.32343388008918
1.82594307179384
2.0613427883411
1.59505144476724
1.58572756164712
2.14326636107408
1.06913499383879
1.20680393096728
1.77036277283648
1.50183163411804
2.23847308232507
2.27930616749219
1.99340411362989
1.49635604107886
1.89489799265641
1.96476452182786
1.51035074242433
2.32693274338724
2.14278425057366
2.10444925388584
1.06915744870432
1.16346005271244
1.56112189187953
1.52850588034096
1.90683068179706
1.17190718245762
1.08683713450347
1.55629020876065
1.21036551386764
1.81091300595206
1.68279460939346
1.699237286718
1.27953514892089
1.65148924357486
1.01348572993266
1.60068695042631
1.27804807664604
1.74438842344461
2.33648943989225
1.53452602061908
1.85393816971711
2.13823749603515
1.72445831896415
1.8478728514919
2.2412326965994
1.95355948711898
1.89945080295099
1.09914319073256
1.81722192950694
1.11191132872378
1.60744278788914
2.23781372285085
1.23857779303605
1.48938871914666
2.07274196363415
1.38494828675263
2.46264508105291
1.70413542174515
1.38964571157466
1.80703206226908
2.09766555250735
1.9680441118301
1.47599882474327
1.35216555641435
1.72531723945249
1.96812918264773
1.82677099372199
1.44958971267968
1.96680507590329
1.22992850605031
1.1066269688195
1.04616574185183
1.8324159940434
1.93455514478819
1.47882479316445
1.81554081154965
1.67930226702248
1.12980714064521
1.65750368843534
1.76166082591196
1.34628208554951
1.38916757648056
2.05214157685032
1.26147447594381
2.30674193687401
1.37361503130249
1.40647345164863
1.37723003161434
2.23366138823869
1.92802150912927
1.60412225070312
1.78248154937992
1.52210594012419
2.00644249370756
2.09832199961221
1.89524629481067
2.30770503562655
2.28584881461693
2.13602034233684
1.82209892272514
2.27156967139847
1.2493271932525
1.46033093165783
1.34429111715255
1.24173054277872
1.82858563622147
2.40642294160077
1.56514843453558
1.9033894548434
1.77751034401088
1.07723011753265
1.01395715960308
2.15152575708801
1.32644188693628
1.7204540022923
2.1326096273372
1.32511730058707
1.48289261320022
1.20518827075712
1.18030025626579
1.14293633386739
2.36232547706936
1.11028606374438
1.42247067920263
2.00385464982025
1.41398826315395
2.21837916965911
1.84801312132474
1.56024479934754
1.54886678036592
1.91897924588084
1.93954188427361
1.50847369657803
1.2035878007804
1.41326102339265
1.313295840756
1.90142972217105
1.7064509899559
2.27230971433079
1.27870469192151
1.28129538270298
2.10716330982093
1.49276846332607
1.72228660056695
1.6014177209381
1.38956412726007
1.9534591290516
1.78387185598891
1.6406855752936
2.18360574901744
2.13954282652025
1.97438273993993
1.06091820704841
1.13087769553447
1.01053425830526
1.07469529654244
1.50070701144334
2.14686437231455
1.64521127103016
1.11614956483767
1.73648922150393
1.90851141339138
1.98276664308924
1.36649834800671
1.70446776232112
2.05317658359422
1.60214083869279
1.25188363555293
1.32862968822278
2.32157360829627
1.24347763093914
1.8596738960758
1.43832726955547
2.0415841374849
1.5242893251576
1.80330820856013
1.46001068892541
1.70537892004816
1.28867318700661
1.79395537488572
2.08002182067505
1.6424148052097
2.1772216368482
1.41738881324971
1.33504084884893
1.42244259793804
1.35647226319893
1.61470366061853
1.48618847601598
2.33673820796161
1.47641923361501
1.58870331653514
1.25262466873079
1.26108963579878
1.1325101070542
1.80277651916966
1.51270573890621
1.55557773841938
1.53154074324291
1.61184606445056
1.4888520796226
1.28421084792144
2.36900165913865
2.16249112059415
1.26990214745878
1.96456386115815
2.38265154441114
1.44194157531978
2.12387787566941
2.31830301444806
2.48966289404812
1.0650854889603
1.416972878051
1.07256894169002
1.59120579375741
1.86406777726354
1.65701944285987
1.39159964721468
1.33054397105824
1.48756765691785
1.39808708004316
2.06428508047422
1.47041926457284
2.0662615676201
1.67746484403119
1.32787645423025
1.06042788115627
1.64540453644964
1.54411904339553
1.64664467894571
2.1714708741092
1.30212892099161
2.03560044019567
2.20700457590181
2.0549543709868
2.07890002864001
1.92687034680104
2.19729347645112
2.09205036857933
1.60049569342846
1.82399184858295
2.04171219054918
1.72525720670771
1.64013868956027
1.53638886277327
1.99422480052249
1.81360270383842
1.57357337634268
1.47216363069066
1.89429701390378
1.83710708105078
1.16870962746611
1.43633340047321
2.33183138513101
1.70848761749921
2.4986960324118
1.62189948377486
1.46154146334256
1.42722779507939
1.67545044169604
2.15252866679934
1.9124467963682
1.68117296177687
1.12813446616567
1.56719234315181
2.32167726419984
1.34649622896227
1.84163636894531
1.9383987383208
1.79766567054927
2.3683159258956
1.18302235907376
1.66230517228006
1.57992512929456
1.92857398073728
1.86436158818963
1.55975089097807
1.39059952075256
1.094640279097
1.56317913761989
1.95359624632014
2.18279088362033
1.17401642788119
1.11186834009221
2.20823595746521
1.08521508319032
1.30959596513648
2.17849949991185
1.53121072713532
2.10702279427417
1.36430679429441
1.35404029823926
1.24413003822796
1.2191452087683
1.65164337600947
1.46327010717003
1.6241810317908
1.40132570907579
1.72280379396832
1.38592882284677
1.31704908796895
2.45134578764283
1.14363675202798
1.46403265875051
1.7942760739528
1.36003544787863
2.36468713324596
1.56202669088327
1.46211766234865
2.34198992941262
1.42908267177304
2.05911713998286
1.81770469567676
1.09826009742664
1.27241000833729
1.95081276061816
1.47230029033396
1.78500042727079
1.93079101783542
2.31264811745465
1.37621380622847
2.16119256763465
1.51007252122639
1.87860891669885
1.52929531260361
1.68873743923
2.2260490033843
1.80931706586612
1.40079165452
1.87570871151374
1.72763307367452
1.56738949666781
1.81555303182752
1.48208275497542
1.36351728468951
1.65621320297348
1.75409628500059
2.13235174552121
1.95165157372494
2.44012751282701
1.18573554906909
1.93731058747225
1.56098790517354
1.7939383804433
1.99336656193207
1.87565062240424
1.62233066087697
1.84229665765525
1.693620372735
1.30258117982134
2.03371261448408
1.77574823884741
2.04592888937805
1.67440600538083
1.07532615541659
1.28799263498202
1.88481347759079
1.34552330156552
1.16389735093795
2.41031682618425
1.45849834271097
1.67251545525054
1.61468556027867
2.31753878652265
1.53726360476831
2.18996381804706
1.71722262440718
2.22379756162049
2.33636215294909
1.39661665521425
2.17940467100513
2.02274645705682
1.39322062879666
1.69919327386552
1.87572576971089
2.02203675720864
1.67844046605686
2.28862506776397
1.0598683742522
2.27645878948416
1.69667355271764
1.17501985996564
1.68953601537974
1.85174528652915
1.44965044124461
1.22173909189694
1.41792629984751
2.15930510779514
1.81089192806009
2.23540652733587
1.11290837851082
1.53410467589983
1.99323849650685
1.17447685046838
1.47275192396098
2.22769406084837
1.43988579872369
1.35101188362473
1.77054823798587
1.53849455201804
1.89019766604594
1.66820047351592
1.23702371590023
1.1777914449618
2.37281452946694
1.26226872954556
1.12199646868976
1.58050509107815
1.69296450190314
1.56965896185987
1.95047956628642
2.02416467350161
1.6292535306671
2.04798740837161
2.0423762454561
1.46470101829922
1.55650289168015
1.47701975641575
1.48899046612684
2.12550513474139
2.04144511817121
1.64189310872366
1.306571766254
1.2184333140573
1.65288697316922
1.60159345616951
1.7505566667611
2.40247870426546
1.14070834173428
2.29322746039703
2.01203070428306
2.41051131994217
1.91580189319956
1.19802810944662
1.35829660893421
2.35557358971779
1.61445766640244
1.32189697425675
1.61823810873073
1.92217946651818
1.61722658100028
1.55971174727097
1.89387636379674
1.25252174092387
1.2386377434861
2.17302481707078
1.31520083595649
1.79763064871428
1.27553537685492
1.60889202886927
1.25657438089532
2.18498281146446
1.81001518590705
1.53117391489708
1.40377002661713
1.65436953533798
1.84401449127071
1.72367467130742
1.56803525023279
1.13417076119614
1.64561666702087
1.05770619209074
1.81351382683744
1.50572936458079
1.04777638867166
1.20832175345205
1.56664023637839
2.42198106764128
1.52342020932615
1.66259075450863
1.40728936756276
2.22596254324426
1.98200032566242
2.06766784870161
1.61001954999047
1.62766604386901
1.92739716562726
2.10154470347464
1.26050035333582
2.12183144714836
1.74695271494775
1.76497378726259
1.62242879068855
1.18147300524621
2.45288126026533
2.00984588374771
1.23714391458531
2.18162255424468
2.32956165511172
1.50555298167105
1.95191955590594
2.05799440344119
1.96889262075617
1.92102541332686
1.97110988732863
1.93960197081796
2.34801055008876
2.33054715157914
2.32078407486302
2.03016550542733
1.99839078699042
2.05859043181522
1.94349263994258
1.15841861243293
1.73491249268127
1.19089091446174
1.76065178695709
1.36318902831441
1.45410030492862
2.04583792610284
2.06927751273513
1.64612841029162
1.36519453011526
2.07028462237611
1.69020016048999
1.89447374111534
1.61641445976324
1.5156508489904
1.38330326210396
1.34644801253989
1.33502267276545
1.04686974792338
2.12353304899593
2.26317160341831
1.70594865721859
1.71908271464719
1.72862945418835
1.02251516499908
1.38482352783847
1.60882265773893
1.42295648082423
1.36901587355429
1.63276008509884
1.24661765142328
2.00189930324568
1.67971151966914
1.6674319922746
1.15452748385766
2.15190576527889
1.52961387972496
1.80269413835647
1.79874660757144
1.1462095196808
1.42129201125686
1.70893971825269
2.02012947312148
1.91285484517809
2.38264036028449
1.67288653743809
1.81417998281179
1.54966537050621
1.97715115334121
2.06031715313838
1.50871288939892
1.75907921286198
1.26364499987222
1.61462875798919
2.39225927979699
1.54240989553224
2.13164602370975
1.73937822545442
1.81662976018191
1.37762279941406
1.79421809821452
1.19866835782092
1.54409673875496
1.97361726714667
1.64808254964087
2.09040504305575
1.36194280531942
2.35824865138572
1.91935677429537
1.98604616220891
2.27239342623909
2.3360043225263
2.09545762145499
1.5726502959426
1.74600956623869
1.87968501801127
1.99429973639284
1.90116254132414
1.97888676530269
2.17926862671185
1.66361907859093
2.13617404387226
1.59837960493385
1.37195426736512
2.21557940149398
1.20951064713118
1.64250584859135
2.30171125673409
1.96789999992784
1.96288073162856
1.55568329260608
2.03142864170914
1.38128297713471
1.94259394284983
2.27353130281203
1.64871723754118
1.80855419915029
1.31764992386819
2.30204585722654
2.18783452000247
2.17055688513217
1.96235207528157
1.33951372994461
2.22416131268555
1.84613701210351
2.16026669405671
1.76211250213568
2.1363816042647
2.10135455622879
1.25173255549844
1.33084996198451
1.1247568619359
1.62626534828033
1.06607074732443
2.08210783667954
1.83712460431426
2.21733873404922
1.94019666439906
1.24372650257769
1.15297396565988
1.45965580658369
1.64104690231961
2.14336938484819
1.95023306119637
1.45874533877466
2.21936939759429
1.92514978962541
1.4392083734227
1.35172657010617
1.55302105827231
1.01941316296619
1.0085433556841
2.25532447318378
2.00820391664053
1.61453224162607
1.83787712205808
1.84070528415095
2.12474301271915
2.43721701699152
1.8349057406332
1.91708906935042
2.11266618966315
1.86751060511768
1.1281455416108
1.17726389224556
2.04657989035314
1.7849632913452
1.99744569843395
2.02231209652839
1.15479855062045
1.60678220694295
2.23729511923804
2.31892974703618
1.58640644035509
2.15587309459403
1.68687467542583
1.20399822576967
2.3403790474371
1.55179068537004
1.55210271312699
2.14592328317669
1.31484024981838
1.04995869031014
1.49648458661472
1.48830193425174
1.04558344319609
2.04987172222829
1.52181095539674
