2.33005932988866
2.07154726966835
1.90291727213177
1.50800657234335
1.9070416857822
1.84597995559021
1.70172296641579
2.37060679222374
2.14758816018277
1.89546387432318
2.32339911726748
2.41573353857409
2.34608805201851
2.35648787816216
2.28041954405019
2.31875927172135
2.4165189959196
2.24593184635325
2.3437022839271
1.87614686178952
2.1579604425417
1.94243491945286
1.82830309075539
2.39941067748687
2.32768631996268
1.57229515181206
1.47634092505015
1.79943386674985
1.7382479838176
2.27451736209171
1.70811582085778
2.00387747639584
2.35084918608039
2.34848591819754
2.39523099260691
2.47801273912965
2.01192496572618
2.36387688752911
2.05829335067437
2.09012696139975
2.15684268383767
2.252680002701
2.28758233108051
2.48194823562701
2.49797622599599
2.4127241753399
2.41647802974471
2.22199675232637
2.36219253575711
2.30432988192103
1.92912557918444
2.12222826362627
2.25350899900824
2.04693969046078
2.39273865967139
1.57960137073367
2.12124725773244
2.12451272257214
2.44938929554281
1.91624332823017
1.53122202745333
1.86227399505
2.01290125055
2.42203231460503
2.32736192030349
2.44206028011957
2.4939565445815
1.5939881998772
1.82782708490249
2.21429760793316
2.06946949106737
2.38970834891145
1.69789531131351
2.11237704253987
2.28762442220577
1.88774188910075
1.69178170908369
2.2509404910145
2.43950804873983
1.79523832442589
2.26790586309719
2.46632850712878
2.20109312918241
2.31235876039681
2.2932701102911
2.44860188240278
2.32170881985617
1.44355037707032
1.55700048541334
1.47823202028112
1.95873473537995
1.47347869124809
1.94325818631441
1.51881821850936
2.22575337737192
1.96323470138898
2.39197050069562
2.37355277998915
2.36238288796122
2.00519174695897
2.20750563091526
2.28169572197447
2.16539874342485
2.14156073213902
2.22919524587356
2.19214715625689
2.28683840450435
2.19252535256036
2.12693328400548
2.33750531976288
2.49705203486657
1.97397106332994
2.45976857453486
2.08321549274247
2.42451878999599
2.27852911261825
2.09712952135022
2.36139112865007
2.38824463044625
1.7491037461954
2.027246181505
2.01944750921139
2.40234389950108
1.87511702853952
2.42703571938509
2.38551667582801
2.31860532141318
2.26777221060219
2.28936444505385
2.23773020761355
1.99738454676726
2.3377356217614
2.03652159108888
2.39374342480649
2.41445624462421
2.39531179279762
1.7933614147876
2.17847755469412
2.25276544191187
1.68549674662635
1.69799411424197
2.23638580792466
2.32172976500011
2.17575466715687
2.3088630942428
2.24502583383422
2.2101334464774
2.45456622115334
2.29262311097031
2.39562077379535
2.11386275636367
2.39840320471656
2.42399747172296
2.34544071697628
2.13137542301358
2.16226259064455
1.93618995233217
2.35070646987005
2.43371663456483
2.03680188974129
1.83010779245658
2.41188736824468
2.3718864478034
2.46260044980215
2.29133445532959
2.29138265317628
2.24421276362915
1.56313544807196
1.95590303469966
1.92688504006528
2.25793437266358
2.12093463075488
2.1933796446526
2.40957819738046
2.35115833881055
2.35223216758752
1.31799410249612
1.97547700113757
2.42094140184249
2.36276507938883
2.44849339099911
2.48674611696735
2.27334928501976
2.46845537923656
2.38839460263396
1.76196569922091
2.33629035080149
1.76135065430888
2.31655528352105
2.44847396030978
2.25340238924971
1.74971620690882
2.21744917444867
1.37578568255983
1.6505599972326
2.41526324176602
2.47173520253261
1.67067109368606
1.68682308936211
2.36447024815809
2.43120587918313
2.48135760263317
2.04065967523755
1.47646995904556
2.16472834833358
2.39505968062509
1.87675242175992
2.37049003444166
2.23622106919687
2.16698047236691
2.27606143919068
2.41897661322125
2.02807158329708
1.46059665858171
2.03783749986295
2.11865148721783
2.10613173423568
1.88932366876432
1.83386546334913
2.31131400512883
2.09168798893407
2.14482682916987
2.35691891526144
2.1841969375907
2.08091759318611
1.84108525910919
1.51126036912829
2.43205056478685
1.64626444541444
1.6414556607234
2.44284728278823
1.71205704513651
2.05222376479319
2.24048437674084
1.43393441916403
2.06634476826315
1.49472162204727
1.90069156802532
2.31838463737298
1.83145830741189
2.33118386016607
1.76251399836102
2.27370458587425
2.45774886371553
2.48977513220675
2.45584011576999
2.40780654188215
2.41314821295985
2.21216507063115
1.87822420574354
1.79653807364289
2.43261856902981
1.95520949704941
1.92082920528198
2.04054758732424
1.95218160360341
1.81907615679039
1.86216136662402
2.15619376142125
2.41915113979094
2.44041978290176
2.05715927964072
2.13956286133145
2.41185258595225
1.64742037213527
2.27347925224513
1.97015915479254
1.94907445041112
1.94389407046807
2.26837189995684
2.30461579171746
2.23488584669931
2.16728175504321
2.3315307036929
2.29822540715584
1.96093846367774
2.07917351410847
2.29320563714362
1.1833861909886
2.09576375914497
2.41208792584658
2.4377314985623
2.37731156262066
2.17370945774279
1.25373620634125
2.48718139095534
2.45058627671857
2.33383238470263
2.44413929334896
2.34105825844689
2.4746569374993
2.35524813501316
2.0437077584882
2.22155843327889
2.05144304063074
2.28035812929511
2.44820460927702
1.90576397398888
2.06206018082087
1.87913022371602
2.38436247765312
2.29094114688948
2.34430334887769
2.38295977940807
1.92272337738129
2.43883438007101
2.22459972042471
2.45485190913016
2.06373032317923
1.93791464816354
1.83036497904634
2.45823474596552
2.3208094042959
1.65904702474016
2.36459176930453
2.10463489663437
2.06873110217111
2.16475783767317
2.15137540577144
2.08614008652739
1.79468247502649
2.28610341543115
2.44713711897266
2.27483263930162
1.69166435195465
2.47570622034617
1.93850137530293
2.25997532455249
2.23102280802776
2.32951737502029
2.16923954763569
2.49101196072137
2.04685682310821
2.36445376576828
2.28111081258992
2.22611589637566
2.46860287518703
2.20128307339772
2.20659030945023
2.37447295848651
2.42291977694674
2.18159670857882
2.27389314306777
2.27402900657357
1.64579580869446
2.04917439236083
2.40343323319672
2.08344430544559
2.37720827048114
2.38855635509922
2.29305792151155
2.13984404186839
2.49963390100912
2.14078080355499
2.41996729944125
2.18781693206791
2.43828596655192
2.37209497847146
2.1234643448835
1.88550481522567
2.00009961664801
2.19732150615499
1.54667183845086
1.88282113950747
2.32024424037302
2.21162397457238
2.3023762113543
2.44656420730144
1.98892898412625
2.24127394939854
2.09116598515671
2.30417593416582
2.46856660877533
1.99251163218616
2.21202960709641
2.35339855205039
2.31074213089886
2.08477377772562
2.42099820108492
2.49219608269739
2.16658102826474
2.15965888916637
1.97442904517883
2.3728317540198
2.10771435141813
2.43401767438721
2.15064374331068
2.12099430592569
2.19924331229097
2.39046166972741
1.50852423557999
1.11746664502005
2.37601879154467
1.90743786163972
2.22692176100948
2.43252416616839
2.43120035576511
2.45671897495506
2.37576467522005
2.49959581975141
2.35899808017422
2.37782641475714
2.29498800873295
1.74045754163627
2.32367817443582
2.34486675002347
2.34490576525798
2.39510371296015
1.76357258098441
1.62134225492308
2.18055278931838
1.70232123824549
2.25697473473691
1.92561324729843
1.69382440946434
2.02525580566645
2.2358963088569
1.91912756782655
1.90758163712719
2.39063997793599
1.81946373234838
2.46929849102129
2.1222922547697
2.4095739204423
2.08889257072608
2.34578092504898
2.33094917127751
2.37172845825662
2.29206134015183
2.07707423288686
1.79040205941553
1.87141583882896
2.48078224358408
2.26562675631334
1.68177196605089
1.91318966017104
1.58460380180654
2.02611302768308
1.94445940911942
2.44790922245063
1.38971781927229
2.03717812830699
1.72708451005432
1.57556441095378
2.23961418172112
1.51440522247235
1.97670698367007
2.35139795496848
2.22916841666599
2.35179368005995
2.42535207306037
2.42368794024784
1.8729681995094
2.45108900529967
2.17293226886674
2.48249941589138
2.44020368971429
2.14444764245784
2.08697556105541
2.29767405537213
2.28329943738833
1.50854513922319
2.49143158118535
2.40915680617362
2.21032767389075
2.22800170653421
2.02807558372444
1.80903335154485
2.24373710413794
2.10390647248446
2.29011176969506
2.23894028320141
1.96093386446741
1.76820101224524
2.4731270305535
1.12080721044739
2.17585544927912
2.33003174378482
1.88745469964271
2.15254618106531
2.27030309948066
2.35683170283997
2.42797704803829
1.92600415497705
2.42005841594875
2.06972655299563
2.38248589827131
2.26557279282414
2.13797273590285
2.46527705915656
2.45911346091744
2.10619044043095
2.18514351265762
1.61608102803137
1.08716007257693
2.19185585367271
2.37247657837138
2.2940698884527
1.9595055376593
2.18665005112224
2.27579613840613
1.6519134049791
1.70518587645688
1.51161394175888
2.17797766835836
1.40705517534109
2.03770976387608
2.32138590822704
2.35072214962678
2.46310808367222
2.34629999235463
2.29519573934343
2.12033379096081
1.84615010956553
2.46248013414973
2.39486971841596
2.3430655245907
2.04089315461812
2.32595727291891
2.07989013076062
1.51530462946697
2.19874207918218
2.42961810367626
1.43842234890499
2.23092196039417
2.18442146090409
2.37197502882371
2.4567992504225
1.7708422264187
1.68456511098704
2.24975874671622
2.12665644461332
2.33742676063578
2.25446004022505
1.61079778213688
2.19167240920352
2.29517583759449
2.42041036678207
1.53396660658236
2.26291692969464
1.70175618679332
2.30203892048196
2.38609785299631
2.16921506005993
2.42936335105042
2.27336218862732
2.3959943915966
1.96910585260137
2.25982649617526
2.29421862516909
2.40714786842753
1.62490162628284
2.31339439810047
1.31136579953742
1.8168519952457
2.4257786649593
1.71709946646929
2.33459840279645
1.68865860361604
1.94317851501587
2.12024578480634
2.48909467735685
2.27545929422027
2.25203480665994
2.27271459752804
1.62116584599935
2.38075257506642
1.25970525859432
2.40571592518029
2.12718146535031
2.48188460658859
1.72217721491031
1.63383904074093
2.10982199114431
2.18365261647725
2.09847670758447
2.3043911852558
2.17194821479505
2.00947934454983
2.07355256934328
2.37914925232365
1.40409659756087
2.24979866440525
2.17890817438021
2.47431604977655
2.24934885062989
1.808194473308
2.06005865947828
1.84699342973698
1.90770720535188
2.40719407674813
2.48454517929932
2.09427926603236
2.24970287347245
2.28479903340921
2.35865331667831
2.06633869704698
1.91951756560892
2.24647226569577
2.33272918427423
2.2362798858734
1.7409473098741
1.82313734892258
2.28680057131362
2.25362482818005
2.25898192952043
2.30820385548385
2.17246751623588
2.48736330659572
1.86531574994686
1.41664759454041
1.48317018693646
2.44235329736532
2.19360077484176
2.46144545941144
2.41705871874157
2.22997362408488
1.8760014050975
2.34268171474583
2.42806687478445
2.37232218108684
2.11421251012591
2.28841432049327
1.50561984111374
2.18028112534989
2.38961878338963
2.43471711893454
1.57135996946194
2.3119412280133
2.44667741219664
2.29076111544812
2.35621027550895
2.10663692861328
2.00149514307539
2.23020487317896
1.89197781076104
2.02244382301946
1.58169729487372
1.77119379592736
2.27439774809274
2.18342357895639
2.00712231083109
2.35136602096162
2.4148579138021
2.38403154964269
2.42909083562317
2.3043760825898
2.23773697209001
2.43574449863903
2.10101703195155
2.48552991299333
2.38287045794848
2.21730245931447
2.1292685643424
2.36828529983041
2.393297140245
1.98326790259179
2.19755687779014
1.62075222290105
1.94181376120158
1.65464579190737
2.29498130880106
2.1445996627869
1.54379132085438
2.38366744520439
2.44521087703846
2.03229973388979
1.72395462546091
2.42949977808956
1.51649644720128
1.87865490340981
1.45749435100179
2.39036394783015
1.73514678202524
1.76841396818718
2.34663436474082
2.22131894750622
1.15794607604362
2.20681912532802
2.14944726499248
2.14841440314463
2.04085994255798
2.19128406352958
1.93425457019607
2.32201418413169
2.09997101270029
2.46455518830945
2.20431008243361
2.41165289120702
1.01063046334798
2.45459177497905
1.52208760854714
1.67936349582721
1.24590666434103
2.40940304076095
1.94139335019112
2.34224158135935
2.33492980425579
2.33829242668834
2.35631959337342
2.33738524131894
2.34007130882604
2.02192757725954
2.26042688712867
1.90151313955292
2.14146723277038
1.83023715644806
1.6588001139036
2.30286864903919
2.37899559786815
2.40257927188144
2.41679024971546
2.17288518329666
2.31829055575918
2.11136950678752
1.87354317834276
2.21921202989792
2.29210161888603
2.36889380157579
2.27225642558033
2.25469966534725
2.29667174547562
1.89392882375868
1.93903752427167
1.88851994668986
2.13913329356842
2.13845258727254
1.8050468528017
2.05912682448289
1.5738252765229
2.27984371443027
2.46909400965431
2.25239401543854
2.47138533814889
2.28010509383554
2.46331052169901
2.33173756660031
2.41704665246487
2.16715852579314
2.02961816695527
1.60398456945522
2.21686621962234
2.25164396207293
1.99438350836127
2.08702242018455
2.12112822700354
1.91170950550987
2.03410930899317
2.15033752968389
2.28147446645508
2.00190202494274
2.18079700961672
2.43247048855911
2.38442022419468
2.04321740692303
2.39858005271814
1.60327909119068
2.0467973036657
1.90367029328004
1.56702969470081
1.32453669108208
1.969764749755
2.25079006527487
2.41352323001642
2.39967515139146
1.70653780311331
1.77158338850094
1.68571394383511
2.03426902791941
2.40695913381327
2.33448423409797
2.47697573512381
2.47296329509355
1.6219272906134
2.4400201855891
1.80716825799451
2.36300660498076
2.40387153822893
1.99133389733471
2.11837367027966
2.00278851636413
1.60467666274789
1.75917861689367
1.45093639483125
2.25228694559842
2.16335254414846
2.36427389609569
2.23147655561791
1.68685750893306
2.3412364690628
1.46370541800674
2.20666525018375
2.43416685572301
2.24434895337227
1.95070775188191
1.3536187209177
2.04655504553462
2.25560062970416
2.39092223625639
2.4128247293139
2.23576778212886
2.23783591580811
2.34216151249939
2.08949771284599
2.14976841093784
2.13048961619078
2.20203013058581
2.40388226126605
1.48621530642191
2.18001490752353
2.39322759759611
2.22452737525251
2.22342446438377
2.42107444098367
2.28371180441236
2.22921909997873
2.42459855960795
1.23113202730482
1.8712040890846
1.05268046169502
1.30911254355716
2.01412654077264
2.10254414433597
2.36003412369138
2.174738544554
2.40915836261545
2.24239222408185
1.93235062987636
1.8164831495764
2.11534720850545
1.81143277879824
2.12159148129499
2.24618237438958
2.44659897540454
2.20349467937581
1.67795844688501
2.3607380913292
1.28194560592991
2.17138274101142
2.29184511798009
1.66541682152102
1.41737588363304
2.35420646541293
1.87609575344664
2.32890085639403
1.94419498983451
2.38618929220826
2.4101431487198
2.38897324058923
1.90363266647259
2.32783056313813
2.06703297237153
2.03514082374643
2.38290991864773
2.20552170774502
2.4267280667647
2.34791196867888
2.48038351659717
2.41214546997973
2.10336237177388
2.18221104025315
2.21187325050064
2.47498676219984
1.80502095591971
1.63409211019811
2.46103693963365
1.2331002858634
1.87411574957211
1.87699757699445
2.13735415269432
2.15211813913273
2.19650837352969
2.31376439732708
1.88529565969716
2.04154985617152
1.79214771345187
2.37537136075407
2.15575785038504
2.22294703680919
1.33541149808854
1.97144452793777
2.25542453402284
2.34732247138404
2.10168466637172
1.58068338687049
2.31865404107392
2.4160792234184
2.42555375799
2.43471183159148
2.43386104435073
2.42836626171174
2.39324741678
2.18451809178934
2.32972236778159
2.34458667819115
1.98341993204928
2.31808495869618
2.4447952688088
2.33542150181402
1.94061035687843
1.97488890770083
2.16419979704691
1.08384425099601
2.24792037832426
2.08203323432524
1.76692600756874
2.15223600613692
2.44209991590348
1.84364207246954
2.18485981590032
2.22550401708805
2.37421556187648
2.2929251157055
1.6399679097798
2.00014374999618
2.33340712488677
2.23522673808912
2.22194723139203
2.11092440355743
1.99519388710053
2.07004512971867
2.34295382730274
2.44827006260424
1.97073752522372
2.33405889176814
1.75460482951521
1.60398847145069
2.07945870580152
2.36560110264274
2.36157587797245
2.19458488078231
2.45724006704621
2.2938613191038
2.36087898476481
2.03175049203401
1.76185197109165
2.40576577165451
1.79347736814548
2.31153126350631
2.13446243290495
2.23802108640854
2.31389237986885
1.94853014736176
1.20621950554755
2.10006952257617
1.49642176434752
2.45112616271861
1.91864015149525
2.01080997650055
1.86673325746724
2.49038933236766
1.99088904474317
2.06442247229532
2.48697196732588
2.26648878379806
2.23763777246326
2.30772691464241
2.25902258286129
2.46465167323879
2.02878871639461
1.78851549118193
1.62828901279772
2.36128348823852
1.9441998541803
2.29709724721984
2.35382152619154
2.04399734694383
2.04252631174197
1.8545799936496
2.0885887554218
2.16591027252845
2.3952136787251
2.17611585570748
2.35350045096379
1.91167369425257
2.03143909399278
2.03294404800967
2.25135590483429
2.37425021354653
2.08677786896709
2.39006634359689
2.4130880582367
2.1063901211182
2.27739258071566
2.43822984470251
2.44942984184471
2.37902313399538
1.68976492961576
2.27786842632367
2.38816159225622
1.60273182553407
2.20362344773054
2.25743397432429
2.32030869328657
2.3387659919423
2.36924565694793
2.16887371062001
2.3371095578807
2.15129419598171
2.17891500885981
