6.4209836546827
7.73601128882841
5.62255016542132
6.38241979227373
8.53806113951571
7.47343408766727
6.65735357601696
8.14471709488071
6.68557700713227
5.50782045129956
6.76902251070728
8.38418413710157
6.954673518638
5.82663990756055
6.56663968001511
5.66144412870158
5.64036326095586
6.1619631224446
5.65396584481382
8.57172099788929
8.5297708668069
5.63436480861453
6.56595912360834
7.41727544868581
6.28621966241647
8.06406180661339
6.84107806329854
7.58137389058668
7.0325546210279
8.29856035862441
7.43214320041226
6.1085698307659
8.54355026679354
8.54559343749097
6.75989180091504
8.74443180052647
6.3703355996389
7.51626958141866
8.09403837766189
7.31015128932044
8.13523140011628
6.97588666751483
5.81974272786792
8.46923580602634
5.84405700327662
6.15400386789119
6.54468926613377
7.0257566916129
6.82180307703612
7.53191385033439
5.62954915098218
6.4346393353168
7.14932123125927
5.99671466271012
6.52748329385726
8.07761481637618
6.12652733742983
7.14156040751803
5.80438199661891
6.8176717625541
6.88765210357381
7.6234427714317
7.25545171732824
5.88407857238657
6.52622494302572
8.52792915134653
7.66824637121154
6.60008197936675
7.69609358608643
8.51639591783709
6.92899880064222
6.97216841246407
5.88181711188918
5.74993116652479
7.8013448276351
7.2127545694198
6.05103127371845
8.48120323905186
7.32102388248423
7.22005873116611
8.49013754306957
6.81852158696578
6.5312113281879
7.04703424661558
5.52666213450289
7.12354032023041
5.82528372377924
6.5945439614371
8.17847530191244
7.11884782536058
5.56351705466025
8.76626612012289
8.07093990728008
5.86618249438317
8.3247541509928
8.61096030360741
8.32250884707417
6.74519978985332
7.07097548026283
8.5870541328734
8.1094476927218
8.37838839382568
8.24114894451303
5.92300812236402
7.78375812527635
5.92190501069074
7.90207331374314
8.57028367432599
8.71304331449012
6.34812763931175
8.08542612864796
8.01950542619604
8.34237183987409
8.1473263936922
5.77378272641635
8.06026567185528
7.95466797332295
5.75131793425944
6.70801894276203
8.13693765578462
7.15333137682807
5.52715013588574
5.53945473211309
7.87797600457864
8.70675397589195
5.65216218530599
6.72819096872332
7.23137832403313
7.09397165592287
5.61412414367345
6.51960866590744
7.33770787992445
8.12878800972178
8.20702819400921
6.18637061107081
8.29862813010981
8.00961614089106
6.26627207661163
8.14867787030654
5.67247387208267
8.2793126028945
6.06507758506793
8.49115234141298
6.70553607397216
6.21065033546565
8.28100796614715
6.86207464656072
6.70794300565271
7.06580851163326
5.91889233738924
6.7599026324903
5.84155238888174
6.02240000915384
6.92542232427868
6.04992869511147
6.87331623912002
5.50200603933537
8.45015126695022
7.9708325323194
8.60087099135143
8.15212211374094
5.81497240791394
7.45846459149057
7.37519044721975
8.47887789713027
7.65062621400763
6.02573447051478
8.01219432201631
7.18125994199344
6.82605240520225
7.51448583506848
6.02850495254353
8.09538155067153
6.30780801503781
6.73420799206193
8.43103589104187
6.00314758540304
8.45946772178337
6.4180224082041
7.52915043314093
5.86603926077592
7.04070601491634
6.77610248859919
7.09450808816763
7.3206883016316
8.03450984880928
7.6477207587867
8.42321654624309
7.2786610944466
6.88508718120316
6.60899673207446
5.86785204732934
8.15083620983036
8.1118034553035
5.67186735073597
7.78823245295167
6.43555706251038
8.32810401018718
6.77915724279364
6.96212954594953
7.44632784227938
7.18202222943732
5.92657980278391
6.79631236291103
5.64354039544943
7.08019679875447
6.07565286798618
6.21251826827269
7.03237799236555
6.45692962868498
5.53830134105442
6.48222276689061
7.69593136836003
7.27258175789743
7.5154998460137
8.47974449412951
6.16814222002155
7.62960413490234
7.8961016146711
6.04959439458859
6.59952877856617
8.73687607472562
6.97807666010413
6.99045793961525
8.55731125380831
6.46867407296228
5.56706967037751
8.62485481208206
8.03477673648488
5.7812514082477
5.96428159031459
5.58814010478928
7.09570365558579
6.17218074167489
7.24087109687127
8.4652907732661
5.75668477505074
7.92398184965745
6.26544297907488
8.70495718342823
5.66678082678538
8.05322238960692
7.75882979107361
6.86096921874298
8.76773654071795
8.09732343724584
6.73393679221168
7.95250178320607
5.99729808974528
6.7278921585195
8.4924340093689
7.91582372421937
8.56464393817479
5.87555225225247
8.19721919097539
7.29494112596639
5.94796904233858
5.94083694787576
8.00213964142651
6.57882142573233
5.90819649756866
6.61767532092486
7.38842923830041
7.5909528410739
8.07328661421913
6.99806968622151
7.20176178456144
6.1608411567221
6.66321048347939
7.16458155205027
5.59940950476157
6.16971089643896
5.58269448798231
8.04526903054809
7.37909760721378
5.61315822430018
5.63835202255991
5.70287785617318
6.09894042333355
8.0903339085328
6.45633960225106
7.40851215786248
6.76672460561956
7.04079159069339
6.18018876244812
7.70281253801532
5.97350016905232
6.14647023195988
8.43229047623798
7.320566775993
6.10590774705632
5.52464715904898
8.49913618290244
7.78949914850322
5.74095683696811
6.50886493387713
7.5381966934018
8.57975158269549
5.67361436063392
7.96474160346933
7.9380481827257
7.79642509313468
5.73769912004745
6.98512354754869
7.12754265255591
8.67635231573954
7.30063140797248
6.0692839129534
7.21826830455196
6.28938523132228
5.56194082943806
6.92118776649143
8.58625773818979
7.16394820359575
8.23191084919042
5.88618221362833
8.42508029845465
6.95814007705158
7.2215061278185
5.79337452884329
6.82995863642342
6.07577304824153
8.0461254455187
6.72285347662081
7.01242334854944
5.59395375342947
6.29597831153247
8.52099499531469
7.77415479543077
5.80334611284904
6.24213733794172
5.55270989363151
7.61901436037458
8.61161685067278
6.25182114235107
5.7878131005307
5.68510300608895
6.63175597414839
7.55672301865213
8.35938144153022
5.92629866596927
8.27398705389674
5.82304126254024
6.23222998044777
6.53850908776651
6.06764948999371
5.75618717011102
5.79626756631361
7.16592388168258
8.52087070081293
6.77300520100798
8.40493163364748
7.9911806415284
6.15053451668313
6.9017206477895
7.46926779336855
8.24066493114138
5.51188830181454
8.62904327330942
8.06371008462317
7.867816039539
7.85869486095828
6.99238979154363
8.49099093420621
6.11717171979226
6.49451771478029
5.72911983908562
6.8328637444914
6.7591964081908
7.68986581886958
8.41414828083989
8.41908765996951
6.90818744305632
8.76075496005972
5.61716171234138
6.27505747264231
6.76621423211436
6.74568112131585
8.0750044587152
8.62600821969613
8.69499630890269
6.2120590705485
8.42342870916564
8.04253707986236
7.60147108630552
7.75070920158049
8.68648809627003
5.88770774927399
6.88282541647312
8.63224808447354
7.3244827517045
7.76357716132569
7.01955979739245
6.91343508572393
8.33897943807126
8.61734934850794
7.4085920240102
5.8465569706461
7.09292979820117
8.48576766471653
5.96246635466816
7.8376018561338
5.58121171835496
8.28529947677082
6.11399963322494
8.33585020798204
7.78989372967944
6.52708734231917
6.69178462717034
8.67417209118292
6.93833992248284
7.09289452049029
7.38679653781464
5.69753796713305
5.54004576258014
6.16526875754601
8.13617264363183
8.62268296466795
6.81790781789707
7.14295033007052
8.04716196212622
8.50674744210172
7.27944210876784
8.37512790703624
7.65195259511403
8.26597669043616
6.00520058994821
6.79239219182336
6.39970889551038
6.24581896905911
5.92760938910055
8.18497274800384
6.9942511325327
6.3524179919872
6.05722309846179
6.13089456469425
8.59638461778867
7.81800693155616
8.07417417173353
7.17613220972377
6.3113963841375
7.95693902663033
6.03209520870988
6.23828216889619
8.31008774357919
7.59565867874521
8.52567893918003
7.17385397839139
8.64080694009804
6.0208020502602
8.26747348549645
8.5047861910091
6.65076212396685
5.95049933342358
5.75294543407161
8.29079363848908
5.77767083408849
7.22929784694663
8.38059424381759
5.62151393528826
6.52889532919109
6.00703089110278
7.88723039033799
8.56994833712313
7.46332175918748
7.90529307227116
8.16227132876307
8.08549461779403
5.76467237048341
8.45947326411951
8.13575288794295
7.36593002470969
5.73706352889712
7.4765062880688
5.57879397409182
7.98493818962128
6.21771397355948
5.7381109365976
8.55171004780506
6.74937503234908
5.57520994942463
7.41913831234021
6.69580493749912
8.17387487617974
6.51700784172453
6.33125935512475
6.3144803082573
8.46739295815205
7.01378324003148
8.22801345061236
5.92831559342412
6.65565509869383
8.14760894401805
7.97034839688992
5.88002130001414
6.33290410270695
6.89861635898935
7.20031562103995
8.4683642199091
7.14456724834882
6.08960131857395
7.23446980414751
7.99606256277955
6.34122471706499
6.95480121318596
7.9023258230313
8.63317069072792
6.46075302172621
7.90266475673966
8.74903378166088
5.75405340562487
8.77226077866703
6.02298060607996
7.33666560112122
6.80127273381964
8.76926564877865
6.33512026977426
5.68163983189269
8.64937080080028
6.37677307535923
8.09449931516978
6.99784410502042
6.60991536835636
8.63302966714201
6.24765539950187
6.66005390551803
7.44450582819414
6.74826343680463
6.7289802510296
5.78093008631057
7.79395708879706
6.35165444327639
5.57797897702735
8.33103099023136
8.50519408129425
6.20125221803525
8.20868196329619
8.73749102685188
7.51404940965401
8.53794454225985
5.73210850032644
6.26127019972727
5.84116930049007
8.28711532623374
8.05697809109666
6.45591694663256
5.86600344259914
8.31153283088775
8.30440681466024
6.01929685169922
5.83381217465844
7.55580123208646
5.96287198554442
5.65940231168435
6.4116054281724
8.05504674595864
8.06518861795596
8.37366566661701
5.65294679157878
8.60456839547283
7.37047035520405
8.52162659402134
7.52228649410207
8.27446508910574
7.09807763440542
5.83353693788371
5.89810562795236
7.44397662585961
5.98363882892825
8.60648642828537
6.67190653034915
6.13832793575235
6.70733912490274
8.71714972767296
5.85099062927872
7.01893515739564
8.6498173285011
7.76811170992347
7.00995727960865
5.93345567048448
7.86150330664228
7.87548513260462
6.05813507668
7.68415799656157
7.93523641142903
7.68391038916971
8.20020998660966
5.993435255328
5.54856051935773
8.42050562796852
7.34418690260313
6.49379374705437
6.72285372234369
7.00787772439331
6.45485755700786
6.68255031665653
6.18850784952724
8.39620972126789
8.1277354180761
7.03102186840573
8.28213594388034
7.04096851093469
6.94258726351585
6.90286187612897
8.57515317209482
5.88996096292024
6.3483209841992
7.02300139144391
6.79792813201467
6.30244033976164
7.57795809159109
6.90233133356799
6.7791405418076
7.26424370921272
6.96997017085521
6.55715492814807
6.71446575274954
5.81681485673634
7.85185144814512
7.39452986793823
5.96683837463615
7.62654703439771
5.61443780535252
6.05294848310583
7.12960775374959
6.22260115745089
5.6448294347075
7.24399826028387
6.73977702759188
6.23553482770379
7.40391756998207
8.52590171620038
8.12452517926006
7.08501812677841
5.88541956648907
8.36988338363317
5.54936543127276
7.29987173472392
7.75483464406542
6.95070199511805
7.40539959039773
6.51592811051682
6.75642969095594
7.48496321780775
5.526047831194
6.47779206851275
5.78110394971784
7.77467356268543
8.7075793569789
5.97452097273068
5.98260814509499
7.32845792280279
7.17975254260299
6.1053288103336
5.63181961285912
8.17163338097382
7.33977709475878
7.91073646460242
5.5727498740904
6.38185473399384
7.24309954477928
6.76434439527563
6.38766850494881
6.67841654754566
6.55093054791879
6.81735910758439
7.12259935612104
7.78979636781413
5.74286446145278
8.1672521408417
7.55276006278536
8.02310770923758
5.58678465375925
7.96205691161086
7.21245967611911
6.93122848675995
8.48022712915147
6.24377542878087
6.65741232958632
5.99871978142507
6.23435710522548
8.56923438205722
6.19889368420559
6.41520536589003
5.58527901374065
8.18989346905643
6.21260281305333
7.50360945978082
6.07024384597264
6.00438989639973
8.68100881431433
7.51831344726482
5.71845602267674
6.52843267659524
6.96978204741046
8.04129058102998
8.33719502448739
8.67873540924872
6.8327526378874
7.99448504434836
7.52276889758054
8.70209976663436
7.66653890511336
6.63697707193706
6.47533122542916
6.72961729577418
6.56711156372076
6.5940307414801
6.76825457283082
6.34451438244101
6.63473321242713
7.33508212310083
6.39430927830909
5.52388420816356
8.04574201609704
6.60402960691675
8.02279912518603
8.68320809508294
8.23819476071177
7.04303918914531
6.7527723268626
6.96538569594044
6.45035294556224
6.98706132117418
8.47683886183705
5.74766617397723
7.9069808931001
6.07308347038711
5.80048373869753
7.84143670720758
7.851862101398
8.42817034898954
8.00773027303498
8.03038866686622
7.21438449244811
6.97009227455202
8.04993076181397
6.45465692170488
7.05985439350876
5.8172760584512
8.64715906851025
8.75440343528241
7.98439470718555
7.29260631567739
7.38005084861815
6.46258510298278
7.52503294799286
6.34319329864704
7.64913196024704
8.54597464034697
5.53014673545268
8.74014293790478
5.95034639035636
7.66065675230733
6.9623651846796
5.70593178916984
8.57684212332203
7.70315826677156
5.90590681422073
6.32181858217337
8.17493510107909
6.52822831114604
7.80909519176849
8.05192717832594
5.68926907473944
6.07373335135526
7.74384302609015
8.48185669516866
8.33144209578506
5.85130831374735
7.25523804079509
5.87277374864027
6.88875219130499
7.21678569769487
6.08280974889298
6.78316804082821
6.26798984662841
6.17090178978205
6.96872717497783
7.94471283629878
6.74489879929191
8.25979853602666
7.83723003694124
8.61639224808717
7.82618794809785
6.6063897434909
6.77303301617459
5.97999053396271
6.50294080283662
7.73286014093858
8.64295754697279
7.36111841951234
5.54098458324313
6.53733273024295
7.24257730700398
5.76819679832227
6.79759552277604
8.1494099131707
5.86169337549211
7.29450478893461
5.66131558166592
6.56987707710599
8.29740628934226
7.77513624334595
6.34820343435482
6.21226574316393
8.64378667670873
8.40938924840788
5.72828914678574
8.00393444983322
5.78924621041915
7.82981792006637
6.4876852765542
7.63327468890927
6.96003223743812
6.25875588294364
5.90247336273725
8.60302530247003
8.63021981720116
6.47901170816636
6.95845521124259
8.73229544852077
8.74834433298549
8.50626276381285
7.87500887904701
5.93314188259712
5.6821705151557
6.2781817625099
7.48871362489586
7.50839094072415
8.65379472265577
8.26465292793813
6.68636249491931
6.31972829828302
5.74075277204037
8.78039658492553
6.88204246419215
7.56145387782406
7.25122530667867
7.39220094271851
6.04231395780813
6.20977143912791
8.33109516366354
8.71142263743124
6.32686823973099
7.17740276370316
6.24604680708062
6.71408795964394
7.78513579751612
7.94870315079498
7.88647293166879
6.80434396929066
6.7579415016395
8.3488634714177
7.20836711697183
6.59309801555996
8.15510599381461
6.94735277263708
6.88194169024694
6.37114664879984
7.06773636437407
6.58279776647661
6.00434275277596
6.02198730700586
8.52378904909359
7.51490092884629
6.34385114752249
6.16300138176039
5.75009373662247
5.64233784507254
6.31739548443184
6.57221594505786
5.8565439466306
5.57312637512713
8.52871414486978
7.65090970658376
8.79231361540985
6.19429577831937
6.25972698861736
5.75615012687424
5.94824389356039
8.27029970624385
6.57881223601461
6.15758448813473
6.55266884478027
6.64747820463267
7.54073303552896
8.62220078393363
6.24971530572377
7.40791280525248
7.04285919346467
5.6793744270134
6.24012791134591
6.6525481663106
6.32099554317784
5.9075637386681
6.23949517519417
7.48087472482847
7.32649285383796
6.93061600241968
8.39612961111522
8.27652449257695
7.70195597248189
5.87599053861848
5.84564356317208
7.10469615770798
8.20882092641914
8.75545424492241
7.62525434160576
6.91018420471399
5.52492110645373
8.6932369675157
7.1020422022225
8.39826193006618
7.03012226285815
6.59051758544486
8.65235890032381
6.60359132099146
5.90885336549286
8.78755965170289
6.98433664391173
7.90479726655472
6.21296425555954
6.93548737527394
7.17126861316396
7.05723526095224
7.68690097772926
8.56661525070718
6.55992296313251
8.32651312795614
6.08514756646035
7.88543111092864
7.97681092096086
6.80267482726987
7.93337653151468
7.36214775497751
7.54071069544489
7.34582348628326
6.69127707359257
7.11660693379385
7.51958014652815
7.99816802814883
6.08390092358848
7.02915223308127
5.65254562573181
8.34822837426074
6.80999491029465
8.59277785438837
6.14989923643808
8.45104415966827
8.74848042882179
7.19522069648756
6.16974004281914
8.04921634420851
6.7983449934507
8.62157569810059
8.29466420553723
8.68921562184594
5.76780670157226
6.44411458685901
8.66616478761348
6.61516182029979
7.63012692316209
8.27032824767009
8.48687516099296
7.35848407608295
6.60761278001319
6.13253548308142
8.75811737489184
7.66511786649881
5.96127039971136
7.9111305692442
7.77721638083235
6.84365711555084
8.48660143936149
6.75954852655912
5.87503447364555
8.34338101340383
6.51543552128643
7.32642679429335
8.55973743887726
7.31141026550222
8.05254671230015
6.04089501266351
6.55626574341156
7.46047183934829
6.37736896749241
6.48149817693409
7.97319415196219
5.54391360071837
5.60925018030225
8.53716547554206
7.72681493151673
8.39916026383285
7.54033734078527
7.31607242353835
7.39431141585849
8.57005725870691
7.00710011916857
6.82996243950891
