5.80134930386716
7.56646154090602
5.94669054616857
6.08967835436449
8.08964798655935
6.32481594215833
7.71426429522927
8.39828481600225
7.23969410145591
7.41927061852148
6.80701403886368
5.65417857901796
7.7091713758828
7.20177852192956
5.89550302144035
8.44332545669467
8.52960918550363
7.98143797117581
7.05654507614511
7.57071366812314
7.65395958432556
6.66199215467618
5.62746714755358
8.16764320896607
8.03692148432819
7.33494430896963
7.41834118623651
8.28570677816777
7.62915558709234
8.15866433840095
8.38973517378506
7.87716036659513
7.3957585219453
6.40998307250143
6.77695283780224
5.53589619331222
8.72940953965631
6.36487260957652
7.41156352987699
7.38144785437664
7.59470753541109
6.96338724781373
6.97480105687726
8.34286261523944
6.15341299636176
7.519705908116
8.12179319198532
7.31163274439016
7.66709194606126
7.0312481029977
8.37670421002056
7.78224509765314
7.66922939612548
8.08334341961267
7.51165138237515
8.60179169458924
6.41250252781961
7.09291539916056
7.17831285828522
8.78083401678125
6.29603610251574
8.01137485561156
5.61924953710972
6.1252818588277
6.37927240134783
8.67881685449277
7.20314082388005
8.4946990811641
8.70613966273573
7.77837451975006
6.19781028550713
7.42494579566808
7.14578023845228
7.8354609014625
5.65768548521293
6.12292761414458
7.78320661962415
7.50079840654196
7.65346402297988
7.64922981022358
7.81908342730015
7.18721513870939
6.76757241738961
7.18783911886472
8.03015747690262
8.27189284771246
8.07611105752293
6.45176498254047
7.20896022069497
7.21573132709778
6.36122569018635
7.90521145553466
7.48665873154543
5.57354375908592
5.51223450389095
8.1524904128397
7.17354881128388
7.29833339955987
7.56367030577476
6.06254873585874
5.54222115958607
7.31484071554649
8.69206892589874
6.42866624068941
7.55012117186813
6.92387374621903
5.6112768832738
7.38979668735041
6.15594822344081
6.44236097089627
8.05914777990716
8.28261274194017
5.62326595149662
6.64786463614512
8.77390713170067
6.25114897895397
7.93413116553624
5.74455169745347
6.06491450496197
8.43247521484577
6.57796485645948
8.33178230807816
7.02214636520325
6.24712853328135
6.82494746647989
6.48743233026468
5.66584871364503
7.03545057847305
8.46790519207965
7.46164298984768
8.6243363331015
8.01150176668968
8.04747128112362
8.56788844025026
7.40911920762249
8.72456264588559
6.69373063627385
5.78243053884808
7.79908131488688
8.6194449261885
6.223489838253
7.94956094050987
6.59898617253453
8.16014300684757
8.63131309784303
5.56904214279594
6.01700719939462
6.24776426364603
6.46617505323963
8.00538859351264
7.5303219744121
7.61221075108082
6.77331036389301
8.5689902402441
8.03862596668363
6.31636527517797
7.77444480365054
7.07607108395343
7.68817438233689
6.80438923663061
6.94084725950736
7.81137132568675
6.0192210452983
6.165537614119
5.81135520744513
7.70516692041206
8.34104091068693
8.58991874622414
8.22097886840922
8.43095246562707
8.52355403518652
7.73673451713473
6.96687822206392
8.19337291165494
8.47033065552238
8.6198731015432
8.65028477506967
8.49573334486939
8.09246242981246
8.4288197544495
7.88977515977022
7.69022929052179
7.51826779364413
6.22800489838493
8.71311354313164
6.44872795987002
5.86545052684067
5.52351810631279
7.33465778275076
8.18065183647754
7.12808531129829
6.4957945518436
6.34049496606403
7.04504772258337
6.18665619421396
8.74230515675432
8.42842958591174
6.83552009699416
5.94028709951522
7.29022814947306
7.45807499597294
6.36949529205352
7.93350221611321
7.23614873130592
5.91363947259507
8.07585843171074
5.90678517816167
8.75402830491881
5.60185716303218
8.52970596608466
6.53841288952678
7.06664988484473
7.04157965130906
6.80949849566796
7.69781294036864
8.31333247253117
6.42665268961013
8.09342820854151
8.09125905252064
7.0332567190374
6.21964692829553
5.58752079556815
7.36327883746666
7.67734805494638
7.83408322921373
5.94589421176788
7.81282696031892
8.52129760696331
8.14917810281906
7.72061667894323
6.446885359539
8.37406056571785
5.65542483119997
6.01085619890548
8.50758123614341
6.43892770738165
7.52475113240464
8.22629973712967
7.27305277158072
7.16934146249482
8.49197060889564
7.7722519618371
7.58688722325967
8.31602343656184
6.25705476221571
5.73886962444324
7.48877744736419
5.89726153500062
7.63073996080357
5.82584077904697
8.09096402215615
5.94624318432895
7.5420967052766
6.01616426632747
7.53264476869241
7.07782917114091
5.7458113792169
8.2110412960391
6.93806631420998
8.78353265193969
5.79598780020126
5.6809796366284
7.46166966828081
7.36595804092531
7.85552671491748
5.84601861774888
7.955872031181
6.7853616082339
8.19812712998807
5.94114965001732
6.0089743874527
7.51465794451082
6.64729057094417
7.60973857190454
6.17920466842452
8.18419588371634
6.89696329482241
7.6338388112769
6.78194689216576
7.13550710179286
8.77611735090912
5.58076518596162
8.6027363006682
8.03280381748944
5.7234499215453
8.20248353397124
7.8375931410443
7.17728794619337
7.09115173554664
5.50368961335481
8.16177605475976
6.667800498803
6.96177646168655
6.51166878272129
8.2507798340403
6.16946638856846
7.53276847929057
6.07702944521761
8.32562835736314
5.68988591461184
8.63460931849602
6.0761272770706
7.3695039849359
7.24299749579334
5.82232130096755
7.42018845272055
7.77040310660885
6.16521213708751
5.62047135718394
7.36364167459082
7.18126013853131
6.54875210312216
8.16511705694697
6.40764752005326
7.26136020428902
6.94577716550245
7.68250537408131
8.09942264128926
7.84740874493455
6.96189822420631
8.17168871003095
6.84982064488859
8.15341392153934
8.12797242595622
6.92368814209191
5.63054471606791
6.62739730321646
6.99604118820547
6.34557371844044
7.3479170699723
5.5343110631503
6.5190583046618
6.66572388464547
5.91210776134245
7.93959367916944
6.71647400662713
7.92481997207994
6.92273731185552
8.67329853849025
7.09219215110867
8.42548850880716
7.47122689559372
8.66578195417728
7.87052002896715
8.09668595089891
8.15545576713869
6.99643628118433
6.834843652512
5.74507179162047
8.31918891409312
7.97577412882126
6.13275249529888
6.65311922008556
6.76047544647899
7.47425796329165
8.2871830218102
7.9967208167613
6.2768543223673
8.70198381738593
7.57046001235243
6.02334647151294
6.83495383970232
8.55964559075345
8.26422895580864
5.88903769208762
8.25579250552317
8.09366355709246
5.91905391130514
7.73155404824909
7.39373262000593
6.84713925558942
6.77692690130789
8.69616226590625
6.61750980366697
8.57310889510075
7.89569886653753
7.24912159398592
8.3166013782694
8.73638367208356
7.21359695501565
5.67572326865753
8.0581231298853
6.1145378433176
8.76067068864629
7.05431227947148
7.2164621207146
5.87595946689923
7.00171904398716
7.67265976303365
6.77536694595887
8.71042353102364
8.40274981041609
6.06366415436622
6.60662447099793
6.9900884104689
5.91475808889603
6.0129132071991
5.96513894482088
6.43330190766255
6.86754777440804
6.24697444316248
7.59388583207963
6.33429754412988
8.07059343188761
8.40574869287304
6.61578079544566
8.05334255470385
6.4298771628259
6.91030922798754
5.57130304222448
7.08218194094029
8.66776919547063
7.28672055778178
7.92280617903943
8.79468572925182
8.39541400080138
5.55998310267104
8.41022079212574
7.58351780165527
6.49657075262675
8.76130325458842
7.37775269491015
5.87974168300085
7.66851608393356
7.12646110572464
8.73612527687987
7.78432299226839
6.29746370018934
6.48532828688061
7.84151687471726
6.82794379622997
7.15293208506645
7.85190375306259
8.22965384368666
7.40732941951985
7.21802484585376
8.73281846655477
6.61278764411756
6.90413099693841
7.35709025679017
6.62582163255288
7.64763957377403
5.90979061183022
7.55095847165473
7.05797640695227
5.98121265190163
7.74363321891346
7.73032468592502
7.32741519929285
7.09297006265108
7.02361458548402
5.59140012310652
5.97821945627341
8.70692105473222
5.7081033663918
6.55443051669854
6.2133207929447
7.16050015322626
5.86507959804036
6.97616136030727
5.60950198034921
8.55764216207995
6.90798623333425
8.61335499401268
7.22854535900738
7.77830020671761
5.99074721137601
7.09275086089872
6.36586316652123
7.40341590367901
6.3505827413719
6.8122217532793
8.0088501049244
6.99569586386535
6.05020722616386
7.59811398572091
5.88146489956492
7.98154691665568
6.61020013199674
7.1282464897808
5.66612567945818
6.8557698014202
7.99088670598162
6.23586070986098
7.68349444204521
6.59073828470645
7.16922667553057
7.81198127439441
7.75789122029972
6.75033432589215
8.70691888284359
8.59692106361213
8.24095683202665
6.94240383201308
8.02831499061032
8.198920337433
8.09203730371825
8.79676123376596
6.81074805988819
8.41325633471752
6.79033512771885
5.91233060845088
5.90791582298727
5.87355044640998
7.5669413081097
5.66213474312115
7.76824513109573
6.46670554664517
6.46169895599801
7.75603586118842
6.45859123364684
8.22354136462276
7.09919594920076
8.03037645492973
8.34573260695023
7.77166605480007
5.98832403882589
7.57556353100317
8.23780399653768
5.60403741582903
6.59587267574143
7.46585578090328
7.62354946370988
8.11452622609678
6.76662735839274
8.64944432793339
8.24543972093458
8.67833757617404
8.78422687640999
8.08679436044264
6.86343291574446
5.79929811606929
7.8729675055857
7.65344529214718
7.88141112577361
8.36485149969063
7.93026476503051
6.13432770107412
7.5297677057176
7.08495517525407
5.66558107082032
6.46519803885198
8.54746930172971
5.58215677928542
8.62945033451159
7.6837748931437
5.92275948980744
6.93418682263441
5.89216389439139
7.46481545256901
7.22934698290384
8.43033419761299
8.36050420929091
7.46119207295092
7.970056961468
5.83654076532766
8.37781312773167
6.77282462422784
8.05586779806289
7.93764119776248
8.41970869603267
7.2595202447142
5.93076613362011
8.29052567262584
8.46399507142284
6.13745264858192
7.11798262198599
6.4372451559468
6.3158372937198
6.19827008010641
7.67946441036367
7.15312836686606
6.20802039046827
6.72407599980352
8.04547876922605
5.57895749114599
7.02252668757211
8.66278348527519
6.34250162552689
5.7145721365456
8.61789353813681
8.53431692382939
8.72129335765414
7.9251730730232
7.82561001867097
6.86838846726321
7.33087766736254
7.85939182853967
7.71873764034667
7.38594663278498
7.19920341094389
8.16457070582426
8.0030172019245
8.59027063086112
6.99524890926426
8.2743206887143
6.8570488973162
6.16971850598045
8.71932064853958
8.56603096269926
6.2752440300441
8.6849826623191
7.25674279981321
6.52803145398094
8.40600109618852
5.72180182816412
5.61164818868666
6.67329269502883
7.730217824357
7.37098401461114
6.54888576727408
5.89477479784889
6.54205795050522
7.35931378958414
6.12454727143521
6.78444628345159
6.15475128268908
7.14795608420176
8.45036982921156
5.91480744506409
7.20343940626114
7.11429728833269
8.61983122420133
7.85738100402528
5.50417189095805
6.89810880173436
8.60569773376587
8.1931963027298
5.76813970835504
5.52574268652184
6.70947569208542
8.08908857235893
6.50708128546563
5.56143127733931
7.11667477720495
5.78353942799232
8.40501609802996
6.28887850494567
7.44061234159756
8.41576130739264
5.68526039891522
8.28125647310114
7.81188102153802
6.46535788730137
7.28638085342095
7.43557631739658
8.1241139890409
6.4810416954156
8.44538407646539
8.39824125612156
6.4139701136328
8.12672020387827
7.67743250814922
6.44324885718215
8.60653120055902
5.57010562025178
7.27794375186217
8.77621445021664
6.08213941385627
8.48467443974374
6.64123928721698
7.83896106607538
8.58970336466879
8.14579138049805
7.65435241292657
6.34412083821858
7.98259986289199
7.02604661538855
8.53820793397243
7.37570942660478
5.71908550816252
7.90509061588776
5.63984300653333
8.5415432808362
8.52204706362242
8.52643436088256
6.43626589715682
7.17418019319961
8.28334638637848
7.62161141058404
6.0713817002778
7.51544697695497
6.82526976840216
8.05039372209084
7.68977458164916
8.33245908298757
6.95571915683691
8.51538280012193
6.43382589894454
6.07605718119192
8.40571918630551
6.42243217556635
7.11636543384997
7.93128245898987
8.59364275572595
8.29649683972711
8.11518500422696
7.90229973972156
7.25865038677382
7.87234517451231
6.83602868641188
6.76771135339454
5.64761592219458
6.4268299278016
7.68714288198395
7.72684767266823
6.51553517941416
6.37111043458542
5.5480263536002
7.68950576072957
7.36514687513357
7.48173356344151
6.97709142752286
7.5477626921432
8.47125332777092
6.73651007244159
6.48686943255664
8.4421960361101
8.75585949964042
7.79854672239359
6.74290265371571
7.09546064579644
8.66999525654684
7.5561228157072
6.12171131598911
5.63601736020975
7.15759881280105
8.06045698156942
8.6592271730078
8.40599656161882
7.03507622705864
6.60549895062268
7.428413919147
6.47970038102185
6.60876736849167
7.13412083998598
7.76923376839095
5.73244530818214
7.77319486853549
7.06791109742593
7.06385695682455
5.74263721735637
6.48182587896557
8.47884193617539
6.33116814032369
8.08642703754963
8.73646598815601
5.95159850384138
6.43106537931672
6.25488108232293
5.57978165278576
6.85623406834488
7.80493313133982
8.2735138933878
6.78057590799835
6.41885219552706
6.54907815311089
6.76696569271714
6.59009505579683
6.49525368025522
8.47298989859043
6.20192370232706
7.67880174153413
8.43396702786671
6.63970924410886
7.91454582797794
8.65518430155677
5.53197478837912
7.79584136403667
8.11518681376841
6.74802956060604
6.25360614844322
5.5695379758135
6.7857864721353
8.31032401870653
7.21269644907764
6.38634200717564
8.24445793122563
7.88333080949438
7.01983776443283
7.99973472624889
6.765118284562
5.77239023709748
8.40841154555754
7.62022588657489
7.68481224054934
6.65559308654052
7.73556765843535
8.50457951055087
7.39995778116413
5.70284157768345
8.76328968144884
7.63298622039747
7.47133768566504
8.73022062179862
6.5292366739049
8.1960504545479
6.07088933707427
8.53238096250554
7.230947393298
8.41256260949362
8.71588719636554
7.08479065688831
7.05779504710261
6.69838077118322
6.60169639697297
7.47756191475044
8.26156973774952
7.41718326444566
7.67076266221883
8.4571543306968
6.03683310571188
8.63568909263918
7.11705868862402
5.68970780878198
8.69718391115292
8.64127551827642
8.09141812553414
8.08401771135398
7.97869406586494
8.24963873522519
5.86442085315914
6.73688958035995
8.59190650076277
5.82335657456518
6.36933367449883
7.88840441779076
6.9150325762635
8.77313992002916
8.17429415131369
8.4047889310867
6.54925538371186
7.1472574798365
7.49443225748701
8.22204249577461
6.86038358770874
5.83866267296662
7.2255631735092
7.62123886907852
7.64978197872653
8.70628426772622
5.76147671794142
6.9015870245972
5.73313513054992
8.19950653303093
7.81565048171408
7.9913279936007
7.38290131085885
6.19832726204563
8.68166657175741
7.67044656597691
8.58245299107867
7.65934430078513
7.53984253705899
7.69175763316276
6.56691206160876
7.66179776048968
6.79880214752519
8.67711599597834
8.25499777563387
7.21462520076358
7.32002904146857
7.02179055014625
7.96784092158656
8.62776454803081
8.25820699183486
5.99621756229822
7.20362020711277
8.58779258038813
7.02364131635763
7.24951841319416
7.70436072536048
6.3441359252243
7.33642986226905
6.54117666064611
8.0042949129924
8.41379247693227
7.44975602931658
5.95098886763753
8.76045320145682
8.25003622407817
6.70741302515563
5.85727724675707
8.67544697159588
6.54960004959223
5.92663257603636
6.99156465686292
6.90799567323538
7.50790749946183
7.43566227206784
7.33049203986333
6.94555730241979
8.29669286409676
6.91964199010275
5.59756103082765
6.76592530235631
6.93916196217888
7.68424704375997
5.65983559657699
7.98098898668263
6.64443781399194
5.7622736093606
6.68666978204675
8.03241910169153
8.75183101096975
5.59452697502314
8.68147521621878
7.73686065604591
6.42610836645594
7.3004843629957
7.35556197316226
8.31768514444232
7.47899378899897
7.85959857182542
8.06071309934476
8.69393086718032
6.17470517262751
8.18163541709319
8.55701359354782
7.38899794488697
5.65102962137928
6.20933954968164
7.86696565620844
6.26061022005358
6.22383382023308
7.85356508403979
6.26510705653322
7.27230730897748
6.31655667487698
5.92718765095347
6.67728584501252
6.9358899710442
5.63324169313018
6.37761802437109
7.41348365250224
5.87388077675418
7.96681876014727
6.50474275370047
7.6939542523462
8.21147438034393
8.25461008648136
7.70081906934202
8.69606284325852
8.71598376312978
8.19513989559345
8.10023780066428
5.90510506261532
6.67584226469272
6.26235275095474
6.2184924565493
5.93130630999349
8.1887557695155
6.87598906063084
7.90189380353802
5.87182554070494
7.73222531075254
6.65605843738246
6.7081347107156
6.17339357429296
7.47296541553358
7.34705602782605
5.99396974178059
8.5444890089616
8.36834457279688
5.60206787880332
6.95666459316083
7.22690761793662
6.26248321901023
8.58262197851162
7.41413913629817
7.36811063949557
8.50225393500871
8.37453892584636
6.41238496209339
8.19600485253634
6.90383642927399
8.45088267852845
7.92089705787845
7.37093776712614
7.68795320873146
8.20378105892759
5.85543174500534
6.99774523820316
8.05951506747368
7.93703651919412
7.99583803667737
7.84287231052477
7.26027089606352
6.60786512733428
7.39131623205984
7.73210769746583
6.51571063760574
8.79465068733901
7.09575138657953
7.16241705529672
6.27802006637941
8.26477511189294
7.43322682693822
7.80923462496444
6.02895403829908
