6.33593153889021
6.61283171315639
7.88671919860595
8.13381218602696
8.49676779195908
8.17486167300998
8.40955613717795
7.92959608174776
7.21690511829222
8.10961051483485
8.54579438355171
7.41449446079502
7.68409589440296
6.17952809541122
8.48051094832693
7.18686763061217
8.33752003092997
7.84885939220553
5.97185207438454
7.95909988225941
7.41095132558879
8.49447067077512
5.57501976538039
7.15179655919645
5.9035205396253
8.4834825609155
5.64933792600219
7.45730187835646
6.80576108726691
8.14001569754164
6.78047794078845
8.745768131045
8.11178186927215
6.1933401794449
6.86590577630605
7.00364165134269
7.2489879921744
7.32204354167949
6.88525201452665
8.04413164850444
5.67349424163523
7.11392844991372
6.99962378920139
6.58504993360333
8.03667269753906
7.22986407609288
6.46083121698783
8.73238984066714
7.29168310312839
5.66600124553647
7.72369613317475
5.67716576077605
5.98315794811401
7.8265785497047
5.50578372115217
8.58054963572482
8.45225935230426
6.03285666899852
7.53178577586876
6.96775458118188
8.67307724957245
7.74957645517685
7.65436253854522
7.67807196479684
6.61863973658084
8.71860745064681
8.73763253235367
7.47974304637547
6.47541896537375
6.79750036184939
8.45625933064099
6.10148251159986
6.20305950274106
7.3234975988114
6.31525954427509
6.72119898006078
7.42410520851176
7.54598161648741
5.66536665325551
7.83653351301304
8.57113175851095
7.65320500373463
6.36578653105086
8.57103906107463
5.57879203835536
7.96888119688057
6.24536677646887
6.2556987538948
8.63308600126032
7.32776727671526
8.03147505401565
8.01882830844963
7.52021998949842
7.36061527639324
8.45823476961728
6.11169690323035
7.46624901027701
8.46003543655109
7.97424460254912
7.64428030898376
6.76897671283195
6.13138034434765
7.53944384830131
8.20221393800756
6.97962387367048
8.42526553399104
7.08540940092028
8.64649441036964
7.27537748733512
7.434708062537
8.3685991947314
6.58182747158909
8.02391250462529
7.92364088777502
5.96803223819834
7.60452636355995
8.60566813856312
5.83480460204292
8.11699886601388
7.96684510247043
7.56225373486838
6.25572133872913
7.07887776497542
5.77394166587753
5.94168241711683
5.99732066173057
8.23468504734571
6.5269820528497
7.77141813128321
6.98964702307719
6.36190372949919
7.94390113160323
8.50580321445319
8.70152174079824
8.2640098316797
6.95870042108904
6.45137896838203
8.6131654688484
7.23226292643156
7.03486140448186
8.23493595681528
7.71956182562572
6.25837714709616
7.75424282359795
6.12246401183824
8.39609570461295
6.15910041809085
7.9372328454953
6.18806327605261
8.76879044971393
6.15780903023532
6.33441192186036
7.15725988304655
8.05640237252932
5.56386298483891
7.73917516856442
7.49632147449635
8.16241378610783
6.20038341133542
5.9248274119818
8.45041871366986
7.25690281454528
5.90036816567699
8.78976912839228
7.38944244619224
6.65001754122243
6.54939304192821
7.90757886901755
8.43688752624073
7.80092861506504
6.55099618155435
8.26791717884167
6.34220561916231
8.55860635415469
6.63689445575289
8.70747155626359
7.67222437525461
7.91579631886653
6.5281680334325
5.59290494192916
6.89749623821986
6.38499910743451
6.60652715368223
7.21353583348525
8.69805405536494
7.68320419562391
7.16971131869308
7.50641411512668
6.49004422847274
6.66082767322679
6.67551205929202
7.58836764819717
6.45809038141333
7.02542245898706
7.1879628154418
7.06785466380018
6.25826290882849
7.64909539033014
7.16672006034748
6.07847856745483
5.74316771162771
7.82075665164658
8.50634944932903
7.21609523057528
8.76667733053955
7.51122917840816
6.66405774661065
5.65124810154154
6.06208537575446
7.81374952832767
7.79268514803242
7.06781464765807
5.66961441825293
8.24308147419779
6.39877934317975
8.63684651335402
6.11264252937972
7.1390127125404
8.02762417643151
7.93373026628124
8.15575672244993
8.17898645077625
5.68506437636378
7.67456285874154
7.75190603895019
6.94726290922755
7.91927361104667
6.55447319730016
8.4696880960895
7.29514101977569
7.84606774783735
7.67614731673874
7.34182928450788
7.61261111534463
8.4039228014178
8.76652681743385
7.86384910305491
7.0859141726169
6.53186136747062
8.02384297071229
8.70828477208259
8.22673896431376
6.87841356012454
8.74915993065127
7.57480793384286
8.50796256359128
6.65635517901197
6.63233265093342
7.09956669235671
6.15093642514008
5.79198665309007
7.17201441091035
7.71077059697969
7.46642509313121
6.17373463000034
7.07458104214976
8.19114182909914
7.65652610687832
7.46401127342081
6.58030810215557
7.6164948445129
7.53801206415737
7.82926962367466
6.52183151743849
5.90254766330367
6.2069855414234
7.9717536979728
6.91745694278851
7.96450014054986
8.39683643686692
6.33983808454126
6.85885320296474
5.81318016991783
5.67656917272328
5.6417138393386
8.63877405239597
7.64702955814949
5.8698829481111
8.04879830172792
8.5082691047043
6.16408107684887
6.59244412324866
8.2001801305446
8.21647573560836
6.5819177493512
7.08421591821483
8.32506003537462
7.88556776757752
8.7243741656504
6.45909938945547
6.95186835402879
7.4893034983905
8.4783090571914
7.40917037182201
7.88965235683701
8.43229125051423
7.07810925471394
5.69102755790046
7.60263182915648
7.3891992567818
6.89273290877901
7.51300754494273
6.34434250449777
6.97719689772564
7.65551134725916
7.18585869861596
8.3894947372768
5.74586915847813
5.79984237099667
6.80422565298799
6.3047920125284
6.53737254191547
8.5590184515365
7.33482058948157
5.55539274505654
6.66924428869338
6.18443126555975
8.0279025498709
7.01317181272874
6.11488414523638
8.52238059789439
6.38254613813411
8.52994402232395
7.54090167826682
7.75836770742505
8.38909754074329
5.69472766411979
6.99702914731068
8.60128015199616
8.09601190188486
7.10917201145601
8.20991948609923
7.50036046971067
7.84970994610322
7.36999254432183
8.29628273631467
6.86339865653014
8.31424858540244
7.42693417602831
8.47146505987249
6.59940490741549
8.21042148884859
5.66096021632113
7.0945066811073
7.6644089307268
7.54812960896246
8.57841904376088
8.13117957128555
8.71294652974057
8.09918232582781
5.60717847718421
8.52916209187751
6.5546068636412
6.77303406659261
7.20406148993893
6.76424105124925
6.31085069563024
7.36664411425679
7.52259966638116
6.41865389583751
8.16352618518324
8.34674586847579
7.6904122924455
5.68181498024854
7.92460464626536
6.07643297463796
6.04440771706077
7.2626355145398
6.97028210581924
8.03979058665842
6.50704405458508
7.62516763749799
7.40311314678793
7.69076697170468
8.25046810118837
8.61877819497085
5.55858867939225
8.36053532966448
8.25339025837899
8.29029468737335
7.24107775236531
7.37960511482092
7.57681206555852
5.5850013587582
5.91088060275292
7.93782657046233
6.50436259072143
7.39795217640109
5.78261805630211
6.00689806303273
5.82075365493203
6.29451772352977
8.11599137181208
8.36008270924544
6.50688370956377
8.74686137308287
7.56193030382853
6.37606206717244
5.51475992460499
6.27324071008689
6.10012345089475
7.87778982105702
8.27690683913915
6.56789631659065
6.46613629061158
6.151109375402
8.34806133017155
7.83150509320096
5.89649478457108
7.90129384216375
7.50364976427637
7.47005249590543
8.59901540540187
5.7189672529456
8.48679401606294
6.55652057711818
7.3706246370386
7.81328538924499
7.4673255097406
7.0862036442345
8.30273109243624
7.75267620463288
7.47962626668703
6.09208809764255
8.04673249673785
6.16203836625184
7.96461580019307
6.69170236405151
6.78047575550171
7.94619874258338
6.19804329266668
6.75148365598654
7.00301937790769
7.74330913289454
6.54209276865018
5.67921804657045
6.73271994172204
6.36281705217825
7.65713883425754
7.32285358748166
6.05187410414259
6.03277967864265
7.87742332653846
8.38917392372763
8.37678530674024
6.62892088310733
7.31421584529012
6.97629406208853
8.70718530325836
6.66318358758398
6.1681244254223
8.15958570304173
5.79087943475223
8.5896648757603
8.49044797371816
7.33944347663125
6.49498393598457
8.38087855199469
8.15389088046419
6.91199813732543
7.53046021243088
5.5669114079865
7.69968058205511
7.95613944699106
5.53753846799173
7.67107347237589
8.53244095299581
5.6768404336152
8.4352124663329
7.04383054030545
7.73847735460039
8.5162485874475
6.65402645154108
7.08610629439197
8.28549523716083
8.55520654403828
8.10587884410243
7.02138492242316
7.40270548791026
7.53872308436421
8.17201366717931
7.41466157562984
6.52528554691928
7.79131703248613
5.63173957062156
6.40819420911233
7.08004378956828
5.59332397838904
7.89381496564536
7.07326765926879
6.15933338375303
7.4185916559253
6.98973578044121
7.27034495578162
6.01923667596994
6.51841001755409
7.26955909922387
6.00222986171713
5.93909152394313
7.14076874856356
6.03927274228091
6.41691496855922
6.27310427025401
5.63852464991868
8.35848216358272
8.00343832851139
7.22303514773713
6.78314673675853
8.50132712182179
7.30901821782074
6.99784884284679
7.98210638359919
6.90281223577408
7.28485635895451
7.50702978975943
6.33846472168608
6.86459861891502
7.24720788863118
7.32849756542431
7.48124262231637
5.60720521287232
5.85102925259988
5.58188800119007
5.81128406621936
8.71877003281071
7.6245346074404
5.5702512291922
8.27075176087637
6.26729415459466
5.84498712166747
6.61110360160918
6.87458048115931
7.05888768548498
6.81286661041924
7.16813728573932
7.59980833355571
6.86704808916949
8.27742144712257
6.76643430795821
7.18279563474446
5.74712867573284
7.18573058594594
6.37298761904504
6.05215791816628
6.52153610113565
6.91828123364774
7.21925341819674
7.97030965182117
6.93890181600611
7.80446110176498
7.39008511687847
8.35704438922407
6.05745761690921
8.63223006025638
8.1661837744945
6.00215334146455
7.00225274015221
7.44781695390146
7.08139210401689
8.51511304890212
8.48525809458975
6.94870018374524
8.36953643161509
6.86316467835342
8.61748482459807
8.25542851033708
5.81390681679266
6.81699838430367
7.50812626631457
6.9223994927084
5.67161218102986
7.84760397346754
6.66095187339698
8.4203981454971
7.5915214962486
8.50729506737048
7.03445401577116
6.86899200107638
7.65352121169832
7.22185967395234
6.57258266509869
7.15198937881809
7.13342316401516
6.20981714364466
7.04808110780719
6.26286141804694
7.50972235750971
6.18987003563625
8.74914828334145
6.13086490068838
7.93538381840091
7.25987528285486
8.35078095550501
7.31742968288008
6.34705061431656
8.28645124411474
7.20771799848221
7.01192206665521
6.2793960682776
6.47308553658312
8.28175038996141
6.91411302080238
8.19597809057548
8.16096773785067
6.98388456548072
8.36717062223368
6.60448155266324
7.41589623929841
7.20709341111139
6.74402163934666
8.36132674954075
7.91473601877292
8.64107452083127
5.88584864996769
6.5842452310358
7.7239424336022
7.54458969127388
6.55182106336268
5.80551697537162
8.52643486182545
5.7407625617194
7.8861206453945
6.38470418529886
7.03844663666806
8.57928094225581
6.27759067949338
8.37526579158249
6.90317065359962
8.12448506409563
7.73598889173058
5.66297956523916
8.3080748266746
6.29225465189073
5.84879766128277
6.70702628828732
6.8476596019883
6.70272961056253
7.5500811302384
5.7804768947118
8.0757235900064
7.02795165867087
8.49267600046897
6.59563994637394
6.62951492740826
7.01302774051102
6.80082061189222
6.29537469607299
7.212696809114
7.67709146051284
6.69439952350698
7.82536741214084
7.67479180550622
7.73282505534522
8.22968150318382
8.77941560608394
6.53358280127451
8.2495571977825
6.56487458254256
6.22194245712076
7.60055700082831
8.61663896349841
8.38581627577131
7.81005532621702
6.2427871260704
7.34659169800069
7.86099903094767
8.62642678435189
7.25899322282613
8.29358465521645
6.57873678289005
5.5833957255101
7.47257549033904
8.01709513343449
5.94886246573199
6.56312833583859
6.75694128768351
8.56717025940669
7.03689731103657
6.71989944609111
5.69125927840015
8.4210428665604
6.78215484905965
6.5706029108644
8.63888838706126
5.67395763993029
7.67938316641821
5.68151597130373
6.45045594403474
8.19635568900492
7.40836920809555
7.03905403460377
8.04497373870206
5.64616073772334
7.6985071674314
6.53580531996807
7.79869594749512
5.91036050947431
8.15190549705221
7.1783096216549
8.18119968424321
8.38622867220813
8.65786764763987
5.95035743224932
8.27104019799348
7.8767076266322
7.88545892179661
7.48496788175554
8.01842472458664
6.66417146876463
5.7610421822226
8.2516062768972
8.25793221717496
8.20249620928757
8.45379446230811
6.07025794565988
6.12860015516971
7.83733765551206
6.90703470031076
6.02710929455489
8.0017309164558
6.85752763998892
6.13058195126948
7.97279643220826
8.33421967333321
6.71531842904787
6.99540968540859
7.02901027041373
8.73680268886502
8.78894008460104
6.97023506333505
8.16908944043778
6.07921567116791
5.57123456679321
8.10098802912665
5.6439858973482
7.29895712794925
7.39559104653933
7.89474041110842
8.4001507947078
6.57344087144584
6.18756816800672
6.11877644096725
8.70011828254692
5.57142905603589
8.13984751733664
6.93865387705182
8.26228458213907
5.53148031657333
6.19299542082915
7.10424062187489
8.73473465130659
5.61875226842957
8.51801858586296
8.68640864934938
8.32127680544054
8.25015895992365
6.50193696574431
8.04591183995166
7.69912357674981
8.24964625466974
8.19879101901459
8.3431496072569
8.69937746575468
6.862465964141
6.98128009070845
6.13948161094966
7.06075731130089
8.67126869614474
8.24261859359323
8.59836075314536
7.38908499523405
7.25586291987828
7.7182017179476
8.6100868389951
8.7866497884283
6.31196900663418
6.84147321166057
8.2340462730706
8.58073439300763
5.59924874041472
7.67523516542451
8.22577880013456
6.35435550514171
7.11905446021083
6.4598327717808
7.76316978233714
5.76040175939015
7.70535852252167
5.97264134891121
7.01129050770378
7.15496463378711
8.49993058570044
6.89574936980321
8.75279652885497
6.18139825918184
8.5565337032628
5.86236818515258
6.35994673967431
5.73262324790618
7.51285989392506
7.43203575519067
8.18264587574784
5.7401972682778
6.20252946803563
7.2127807513042
6.8317024102527
7.43563908844093
7.66439463677029
7.04197660036997
8.22037128730575
7.4335047028992
6.43536869627065
5.97789386879378
5.65565096175938
5.53820134133059
8.00417699142699
6.7418695062998
7.85679138996314
8.52037659581663
8.60514293124955
7.64694912496424
6.15860768485562
6.24380054694507
7.23455445441202
8.60342351297092
7.5283156350251
6.09713117045267
7.89136262467816
7.91160353039198
8.13742326192079
7.68742910750002
7.72512950601126
6.77023352825741
7.13430141122294
6.9846293531422
8.14177901889136
8.17160965244329
8.3350972852975
6.95014817137703
6.96297606433475
6.90299502374127
6.67402868206948
7.16236628874867
5.75690116402191
7.60127883863887
8.68782728447367
8.1913400122436
6.01046415265739
7.32936772155782
6.51751023279254
7.93891944298905
8.05276615043125
8.41098923334903
7.82888539881914
6.52225396804049
8.16044087374454
6.4984918613114
6.90634702921058
6.58703214330332
7.97442270712594
8.63693007625048
8.25729605680008
7.17577004241817
8.4963832967418
7.94136606243495
6.80217384059031
7.2917441008558
8.74756539465892
7.35116047835443
5.79372603503203
7.27153774726336
6.43750812509969
8.51484923624402
7.81209042454793
6.62116468238073
6.9075117572689
8.39949361578936
7.10596739032238
7.64475337604567
7.36685680902233
6.04540905000531
8.07757927039382
7.72617190324922
5.86180073010283
6.8335959867346
7.20191234949568
5.70108666282108
5.94348864367518
8.05091214623629
6.08091641660875
6.04741232615351
8.16511583975124
6.68207691189498
7.33168892902674
8.59799560806751
8.01939473111926
6.18465375732112
6.96681825399751
7.8308829800974
8.27066298217565
5.69771717437928
7.75340046421684
8.10667212037266
6.74191256639091
6.67421533995465
6.63614804676621
8.08695862898153
7.75792159752631
6.07962440538741
6.91766478098222
7.45286749023323
6.23229842450333
6.5472705034866
7.19408338583106
7.75962199267217
8.29343880013159
6.87482969350339
7.37207744846815
6.9018474186884
7.58314076094921
7.75630236295936
8.3350806907809
6.17422307502303
7.99077888834071
8.21011943043087
8.72571081834064
8.60055254234249
6.23763134091953
7.03054232458315
6.86435971532162
8.45241496771191
6.2777226745197
6.19084602135128
7.87417095841265
6.27898668309585
6.47389754205719
7.71099795033037
7.57691321863251
8.20319943598227
7.25614694117385
6.06880559377723
6.70865745842841
5.79149647817653
7.77682572988003
6.17633321298067
8.66614416699122
8.64804441450432
7.9213523374381
8.66263010379539
6.12471258434043
6.37845401100001
8.12454018952013
8.45542308792692
8.22674825228748
7.28869824900224
8.2871704642796
5.51699391435717
6.28574427092243
8.65276735506891
5.85663736528885
8.50996135894794
6.83041768737006
6.5429626942897
8.55945317669119
8.39229220332093
7.89506366686357
7.28206613556936
6.93637717807897
7.87231396157254
8.79041825090178
7.08743390064705
8.55213614837774
6.75174780769131
7.29107787196453
5.50793645324479
7.44856910608183
8.58123069141972
8.17577159392582
6.89785872737411
7.75170529385136
5.66446795045578
7.09118190118549
6.95311969806596
8.66961327042914
8.72771611718742
6.77068637793043
7.83115141242474
6.80699790963969
6.3821241686503
8.79417119843119
6.78421571857403
7.76521385518495
7.70321708787861
8.30807429760609
5.83288073416857
7.84064665975072
6.91782468030827
8.11838271353505
7.26544351217848
5.8134802029166
