5.91155470917063
8.74210552976463
7.05367829827589
8.3807940959724
8.33147485619033
6.59507551615863
7.59254776258734
7.92456383991329
8.12782154349334
7.75507251155045
5.80968854476854
7.39680006676391
5.88207379909122
7.96959879406812
8.75695528398054
6.45688329003447
5.53266753857909
6.54829824083424
6.76602037859837
8.65371111835892
6.33236278415685
7.06632363389245
6.61357282771798
6.53113308147039
8.62278279305511
6.82689355441801
7.9178444268242
5.56579168419185
6.06983675277312
8.35438692981234
8.16162564730735
8.26433877495765
7.28799053683879
5.61794282611322
5.78343704266128
6.32575433306714
5.94017776345683
7.77627194754859
8.00967866731489
7.85686079576319
6.16793110852896
7.26167615420155
7.19434854265832
5.9154223506911
8.29143969977794
7.06226681577996
8.18239914534317
7.13536817425606
6.27882174521564
8.55205763207197
8.11981024180778
8.35705259290081
8.47682239329426
6.4104607596814
7.2400032014881
8.76944289445382
6.95124664027135
6.31486788782913
8.38830461834884
7.84061971783884
6.78271605299944
5.822166747876
7.49037131103377
7.14601494115014
7.23425516983049
6.79718755218818
7.22295155521263
7.71880082834675
5.84081174021804
7.02091048921762
6.66963653754821
8.10361156313061
5.72025808406748
8.13226433574485
7.60193512727572
6.39290791187341
7.39527722503885
8.78456346256487
7.93174947006136
7.49630091244124
7.1592893002954
6.38953666676318
7.9413055437392
5.57352112626752
8.2127067686675
8.78027082085043
6.87237466360478
6.96033207167195
6.59258634518836
7.06015505337177
8.36509642613143
8.3908734731711
8.2020164731468
5.97111496607965
7.21245055881586
7.60732241767067
6.37567552915876
7.09233493469871
6.29494941289451
6.84742368961256
7.71612358267843
8.37139453419829
6.18800037163125
7.03037532871488
5.98265617944936
6.21911366236753
7.82258606455414
6.67861279414309
7.46306340828974
8.51736790719784
5.74361587100958
8.37793946415802
5.56384671244998
8.39751685591479
5.64602365106463
8.72999449165828
7.66541881938889
7.0223189079019
6.92142278956589
7.48902275653165
6.82697661166042
8.51725920078396
6.08552944006736
6.29143809916618
7.92485510134173
5.56203514277436
6.90747705029681
6.48208869549583
8.53895860290693
7.75908386962956
6.77820076515768
6.40600578587228
8.69669298155863
5.95288277623462
7.01774721585308
7.38376355157714
7.6885921162802
6.60532258103751
7.81794397220783
7.39461982391754
8.7576011795903
8.02748261916268
6.58760901796656
5.69640721854903
6.7686338137786
7.95136798602261
7.01535993723902
8.59216503211804
5.98841139538939
6.38596747935607
5.74213129064561
8.73871620025611
7.02767673315783
7.47222933839151
8.70445699020239
6.22504277052013
6.36572550523703
6.54544648846602
7.79425998172536
8.28558554044466
7.32242768344266
8.12705572242424
6.32232449483873
5.76972719397879
5.78455733090671
8.63543045338125
7.45719177965496
7.94939146546331
6.97336511519832
7.8968382569373
5.58047170490694
7.73472553581149
6.72562474840754
6.53510129340731
7.67057312068259
8.50724767646533
7.56315066219407
7.68317757310462
7.94457836754376
5.61016538880103
7.04913130433341
6.45306326670154
7.77017308834831
6.84527429813195
6.56664403964195
6.56557267133799
6.173174766275
8.46734630061026
7.76216775279679
6.94779541930706
6.49616649096912
6.05771785070462
5.90192141518343
8.42625530056858
6.5191083114438
5.58013680762902
5.62499873108099
7.17285037413201
8.2153157058764
7.17802879998686
6.99814741062094
5.75060715319816
6.32509144388489
8.69920010515017
7.66281700345371
5.58118252803668
6.36047109664893
7.90719440282078
6.52085114036583
5.83636930154674
7.21348709451527
7.11588031232265
6.41024620571524
6.35531940468313
8.24775064523866
7.05235763809258
7.56601374745766
7.02102745659032
8.00241576568049
8.21149114351664
5.61045382562576
6.15906742245322
8.50195926152091
6.35845930734946
6.80780965778919
6.26000515278626
6.17160706863581
6.10028552365203
7.79423570893562
8.07352355536466
5.95914369641467
6.98198349873984
7.12299249597658
7.38156543852633
8.33479731597431
7.70355421479235
5.51109778557093
6.53861627848426
6.46958015093324
8.11358399205261
6.07531910918119
8.68791804009648
7.54014579491588
8.65596139003199
5.65971742713473
7.58560626245575
5.59420263314924
7.83984449669401
7.96159002597112
7.61194462268856
6.92152306283533
7.05070542788833
8.16827329583255
6.27248140648855
7.04330818451196
6.18560903496406
7.59423367993405
8.25422017776928
5.86164707279062
6.60696407685317
7.66746599651764
7.76513480090833
8.14411802945319
8.10497589837137
6.55237478506105
6.18334435261427
7.0279103682014
6.90849041248322
8.38962196937707
6.71560991888659
6.02914320258103
6.81320535155693
5.81997251962379
5.71440281806265
7.79700334328864
6.65517354301185
7.87542269895441
6.08413967796944
8.30323992515494
5.89781720927508
7.61599955684497
7.50207336206798
7.99740444799048
5.82029509071596
6.26056476207403
8.62035770789544
8.28831535214893
7.61729921991569
6.19086983898196
8.32871650224599
8.70447703078905
8.00225353905018
6.48586661417913
5.64478354243788
8.67315323868671
6.45771264216737
7.0045522708046
5.6380357565944
7.13192976846532
6.8012996259294
8.54319648330504
5.61030955629915
5.77731779347066
5.83003657663929
7.74069972777645
6.59878379254879
8.06066025010209
7.14152241602123
8.51162026184255
7.68424814735354
7.28528096570906
6.98771151559128
6.54910713579508
7.20667053603166
8.39017004007836
7.88254952772284
6.78652733813915
6.86036474459932
8.51367128261377
6.38753124233028
6.12206290727708
6.20222322249507
8.72625457548123
5.76075457820366
7.26513221334838
7.0689038866707
7.02083053440987
8.03956019322196
8.28549856807872
8.45078118738268
5.71866972679336
8.00794881311825
6.09629949334924
5.65964354213283
5.93619566131324
7.96103311213871
6.85411113810356
7.43059357094285
6.09378417181909
5.67732522824823
5.70831839431922
7.52579097737704
6.6924906182122
7.95410029026538
8.40739255925869
7.35379240120908
6.90338820381735
5.93415233016707
6.83799312685475
8.25426498578674
8.0119318895325
6.27322166288179
8.2113004353719
5.6922266326675
7.384607776275
6.37363779358296
7.19708457670683
7.22624954946395
8.08790085942099
7.28522927891071
7.67170782982866
6.14928002516709
8.57130370705233
6.56544685183134
8.04897062162739
8.21778993725828
6.65504843204852
8.36831842616906
6.04279247762593
7.33374874184941
8.1131300095535
8.31399990687559
6.3177682402141
6.957370865216
5.89355055074812
5.5282006689744
8.23531789269271
8.10415486821503
5.52681354886488
6.12976175507578
7.37779969530863
5.62748286061326
7.1392830154693
7.37988047549532
7.87507617678448
6.24352974449919
7.46442363771228
7.27616093649808
8.20141237297762
5.62823426822374
5.78646762799544
7.8176170226216
7.28076230779614
6.36914887936975
7.49111466608919
7.67312016906177
7.54822612441417
8.69000234064972
6.27096775012268
6.70907266855512
6.21368790382974
8.44435725959897
7.80549617166342
8.26629277953566
7.69221132064722
7.33329092869897
6.77028578852337
6.24631602879504
7.16845279177553
6.37048572559022
8.49626770399011
6.73888670856358
8.00861238176098
7.90602730113798
7.3267297333642
7.1809270171539
7.58828546674048
8.69277307495698
8.20282205655252
5.72592346965645
7.16726365758662
8.02086988398936
5.71018927779091
7.2241060857687
5.81029370474472
7.67811597436513
6.41750213300568
7.1466890530504
6.6738592513606
5.79957346608269
7.12313451633238
6.79077711298085
8.68699472178071
5.66310547545478
7.90835821411838
8.76836838529595
7.55198865283973
6.84275721644715
7.9863421399522
6.66109823827536
5.80423355222467
8.7003930425484
8.31458632635619
6.01448903295996
8.0408791486545
7.40629119885801
8.28669834115702
6.34190115861508
6.20944835173622
6.83710426265607
8.56555591856992
7.75931883025844
7.50565900196877
6.37316722054727
7.37740818061769
5.82145049541143
8.39844939465601
8.48321979798534
6.85804181109788
7.52132298898177
6.48304148051814
6.96912639104937
8.46741006701474
6.9636102972799
8.70597373114193
5.67626142836584
5.90718092691936
5.60262242088836
6.91254018923355
8.42616646670954
5.98194232622543
7.05422559876733
5.88095437845461
6.15971443729356
7.30363016539406
6.9720612483976
6.4812417613146
8.6462259855091
6.108336087892
8.2814563756418
5.68487249251563
5.53180139614556
7.60174928169324
6.41610769998776
6.97916726090645
7.99596618071104
8.67173409869337
5.64533333070653
5.51655174151026
5.76398804480701
8.12275500625619
8.03448825026576
5.66522826226142
6.5959569722534
7.37886071123365
8.04830505763158
6.43551931003764
6.92778160016033
6.21175096082909
6.71740724885313
6.39088823275553
6.98091007717639
7.55439091120098
6.70221154385633
8.33072017888975
8.79008786216726
5.73274860221006
7.76927003857251
8.24273692039101
5.67385848323338
7.72690147222644
8.55574542777657
6.83185075362955
5.67936505352051
7.126358383728
8.78220057529204
7.6332764197472
8.19749764862853
7.4552797562843
6.78610452018291
8.30743856329796
7.12905336737765
8.4183919328891
8.75560877473126
8.34361596835176
5.73823029282299
6.72573778601897
8.17497874364506
8.28698133568162
8.06814715519848
7.43663270167788
8.79224111989997
6.96774233966289
8.10553033854095
7.84672866331483
5.86895497892815
6.73340919213124
5.89991683218918
7.27752549989939
7.61310167287311
8.75543211964358
8.28021900804123
8.30838000455862
7.62696845654652
8.01421310375947
5.84742401899801
6.60879328814956
8.53515514083426
7.14338760966837
7.56471777861259
7.57623871093496
7.5200419329769
6.70265342152968
8.5431705867031
8.62979361800627
7.10015004205355
5.7930964226018
8.10504781316699
6.5162987172624
7.21749822299849
7.22761827494905
8.26927160148623
5.61393083360994
5.53976994288614
7.45322639592351
6.07407684090803
6.66246526934021
8.39786198160538
7.30373683286806
8.42587583122519
6.11193875204123
7.39333107903445
7.00025236745863
6.37996297598812
5.68795591535837
8.37073392082561
6.87569802797109
5.86114784682058
7.68362739259986
7.77131365109452
8.0627940104506
5.58876726397435
6.78435110645024
7.84105324825633
8.37320576862624
7.83097495647753
7.45282512277969
8.36011882412731
6.18673450931086
5.55774535747276
6.99585857053319
7.86662860900612
6.03739729427951
7.2980169515379
7.48448396104773
5.89375723031285
6.21837683509038
6.1702243721853
8.75179295491689
6.27695632888843
8.10735855292179
6.5384149885193
5.90534168744158
7.87662327220938
7.45377149779778
5.98105763565371
6.35720377022446
6.80095561496873
7.44800393471036
8.19629726194464
6.38836633813628
6.50280203117816
5.79112139319823
6.32719418713278
7.8007259908124
7.18856880159916
5.76639577055052
6.14130540332425
5.86342867455204
7.04176241883304
6.41520487703846
5.6471407200148
7.24943354022292
8.377790784072
7.58128622521413
6.17130276051299
7.85413355222289
6.10132210853509
7.63283403277137
6.650781616643
8.35399969721708
6.86673949841304
6.94120436918741
6.74570379825862
7.07580028435834
7.56696308631077
7.0503705858603
8.33186246324724
6.1098519704132
6.75802454233308
7.14326488772807
6.69998356261858
6.5574694244414
6.96441926802242
7.85296302360551
6.88535718635536
5.8516556364207
8.08276515558053
7.30989604061608
6.48528449423731
6.15424731930506
6.01362409693253
8.08790438150931
7.61247066888328
5.60212539343068
6.34264971966334
6.16290264315934
5.56828570400705
7.49374539126749
7.12536541313173
6.98658157235628
5.90951789011316
7.50450673344496
7.96086028365034
6.3441433152298
8.32190371218197
5.91363826671134
6.93874126930544
5.603213388728
5.98063129903584
7.36069581708163
5.86709541320638
6.86124474735017
7.75067502281854
7.07691194712924
7.10293562122077
7.0303329325006
6.52583602782236
7.28482147029341
7.26706720806778
6.70611242417876
7.22698786162319
6.10492772530311
8.16496618598881
8.76330690161337
7.94963150807026
6.58964630842065
6.06593357303464
6.59668027966172
7.89389791987079
6.66801466381568
8.34469752206035
6.4151104758424
6.82678413463301
6.56094006195812
6.64123578646996
8.76796760873969
7.36386338790582
7.60338731186653
8.29492900959161
6.70144160500008
7.87014586954297
5.55299588984926
6.07363247306169
7.75872687551403
8.5102713722533
7.26323699059303
5.76375559002121
6.33239478049992
8.11450811475352
7.40566723622147
7.15547428589969
5.66355011587313
8.26469795158985
7.511787679988
8.42782697396864
6.00388250311762
7.54587098101763
6.04634590550357
8.13418250223222
8.26754494710069
6.70461878433352
8.2512884891523
6.60729836023817
7.55319815642109
8.29691324964854
8.52677620227335
8.02404300373346
7.31952950322024
7.97159793782168
7.35000646292582
6.74574678032444
5.90381763678184
6.92651881029414
7.44074936767635
8.49923091632521
7.47159770216167
6.6929605894631
7.10659139853881
7.80158787365226
5.96819118372522
6.81598524117816
6.72223397021822
5.86156130261955
6.12113642026396
6.4431168642002
7.7184361848145
7.22600886633689
6.59044655614364
6.69213734437635
8.13926181345264
6.67995063388014
8.69867296406282
7.12105370918872
7.50376545718577
8.30301530088872
7.53784403512627
6.01150385702795
7.42445254888457
6.14291794348793
7.94550353080476
5.96278780008591
8.33874302607239
7.95141298060474
7.81261945712281
7.85185537622389
6.96499817902301
7.93671266725624
6.86090413795878
8.22184685908567
6.33091674063095
6.2682375450672
5.8613850291131
6.10595417878865
5.75237381459547
6.45913267422526
8.47240893216637
7.81778392635027
6.38817697118864
8.51415992611896
7.75808636053838
6.99985218648869
7.72802954608339
8.03941477418923
7.43755603299125
7.91032330491781
6.26451945575753
6.96092461158498
5.64428017451995
7.78866431672863
5.67350511715711
7.90004123258499
8.1377846681983
8.73598555243668
6.03778331018757
8.37284539501905
8.09538555888375
6.07494401788972
8.74059212303115
7.32471880521728
6.19161609629242
6.88868897570535
8.19391100311112
6.45248477924171
6.74845672519829
7.98016898560869
6.82400639234863
6.53540743530246
7.56797505628661
8.55966800835547
5.74986008307122
7.18921689467669
8.16433796167779
5.52804779258058
7.10506061504261
5.62557137113768
6.35608936284459
7.58375099495164
7.58942880132594
6.32454158174122
7.68735911261324
5.77591243121115
6.00718505338708
5.90308433947213
7.14422778678203
8.11072246886644
5.60265596432012
8.52026442170632
6.41133680688561
6.691710163356
8.12206570214782
6.80577442879492
5.87997099788123
6.80256429932392
5.74572808507647
6.84905093386097
8.52665425628659
6.44818332626126
6.03196822341155
6.37266386761522
7.73288888394609
8.06831389241327
8.45324130569618
5.59264818577629
8.29921995732119
6.4530753142559
6.78235468155672
6.9742784368516
5.69461736820988
6.14831273414723
7.97813024769273
7.86823774452041
6.32684574497364
8.14708397653525
8.71960295314551
7.10268775883196
7.07212702355633
7.01912597163961
5.81640616537787
6.02449574139942
7.64104257138404
6.54937577742354
7.80699370329364
5.5293785714604
5.78750990143538
8.5342944354925
7.12816658319745
8.7655196247257
5.72375354029526
8.5507585357091
5.62901021661
6.55190392641842
7.16057457659272
7.12675715482759
6.29706032697567
8.59184238127484
6.88205657581751
8.56230078097516
8.24873098613731
6.68967820533552
6.72131260317913
8.32615932590315
7.73371450791211
6.47516045760701
5.94627836934952
8.51399086534589
8.49170442764582
7.3921479056462
7.29154593670718
7.76235104548668
5.93998442458318
6.5553263767982
6.07430798036088
7.8261441729562
7.66766173348449
5.54264234030233
6.77759534223035
8.28462419496923
5.6067133594954
6.87408338577724
7.45611491351613
7.13967132671959
8.71604932739844
7.74947318273378
7.34916124553671
8.74888366326084
8.57617129290834
7.64908416691409
7.27852919910728
6.33746001512849
7.10051177437493
7.24692694601298
6.97532969354752
6.52981083917178
7.32430693959349
7.74791320908674
6.17784240123125
8.63852273244331
6.2844464959333
7.63969332618765
7.39744110300887
8.00706507018569
6.77295279304626
7.51458624956395
7.69549464689642
7.30530626476106
7.99656469120152
7.19453891540446
6.16441707675064
5.88023673603028
6.28392733609469
6.05855868293374
8.68816973992823
5.72559457653725
6.09109218897188
7.0863693420057
6.19716131549488
7.68190669730417
8.7150494889065
7.99500133775965
8.20688109001723
5.8652273549092
8.10853590388758
7.52274347080798
7.52592513640062
6.96470866022254
7.97763782772816
7.28360566752126
7.06014978811713
6.97121641204267
6.30020888450036
7.57329960544124
6.23506237179184
8.7192521441117
7.14579056831464
8.07276031129655
6.6316348467258
5.60236385672975
8.02111969491089
6.48018190536771
7.40341459626268
5.66081958224526
6.67622571374788
5.65465476908683
7.31589112081194
6.26662889423552
7.76079012383822
5.65575394906698
6.68435161044329
7.41784582917835
7.03174128747622
8.32334984196973
6.22947181267968
7.2281899985416
6.41750072778854
6.89415381030134
8.59562618764581
6.52855087667167
7.56164681214929
8.09075431995338
8.61060002105057
6.60447194769204
8.2930029343245
6.45625530928191
7.29663876436439
8.45300656483056
8.19614029423989
6.70726582107946
7.60267393264207
6.70932935225013
5.66808439243997
7.35842856079305
7.59861041963869
7.77366285042218
7.37724435241561
8.74992530713777
7.32024774128255
8.70654746080588
8.44277078621133
7.44528204777672
