1.91865018684682
1.29657845594254
1.82642220355836
2.27987493131575
2.1848149857757
2.25421097567232
2.84955575196
2.64614145790231
2.64238398249265
3.14349790762182
3.97475659283502
3.46855758775311
3.09677643674715
5.72768049453476
5.80495431273335
4.88345446294864
4.32062765859758
3.33585593706687
5.19385340059232
4.86076372344103
4.20205386582818
4.38233343781313
3.57903709980439
3.29734589271959
2.72511423677917
2.7358275900666
3.24702258706804
3.53485930730369
3.10653467712946
3.92532855432648
3.24331156557593
3.62465977448206
4.05743159645404
3.59235307270647
3.08368605655814
2.29921127439069
5.33946427332084
4.18631593139688
4.25277269167672
3.10946465399378
1.99445360921585
3.17188593302184
3.26828210854868
3.57152373118292
4.10016038509051
4.02474605114011
3.78879769387467
2.72372294663865
2.97004827192765
2.93448088674346
3.18954580968939
2.7243400596902
3.64806811128559
3.78146768723107
4.87080431287098
3.17521322728056
3.3301351980764
3.89746968471367
4.95394231561141
4.0770547372665
2.69265276625787
2.86769495690629
2.57467081802186
3.8560699819922
4.6246498454697
3.98715126741301
4.59959690685939
3.8351413022329
3.87592033590869
3.54667360257105
3.7033491382909
5.15156349743931
4.54741386065455
3.81794670983944
4.3872266467582
4.47957304258975
3.26149176877098
3.45037053117226
2.06184290965717
3.10055077412795
3.20724806562061
3.21034827642353
4.12501205038489
5.13795291353227
4.83875920251222
4.17552644573362
5.04266084796966
4.84826272699268
5.09022409721495
5.16230542605029
3.11393847522543
2.82597379033671
2.99203013769705
3.06779975241484
2.58681316365342
3.701625457209
3.53780709690268
3.26186685154647
2.46575185407386
3.63004484896049
3.11419865025587
3.17999815291173
3.07059785120569
2.80099082554139
3.7949528550022
3.52942282149948
3.26221941430749
3.63291546658922
4.08807066814931
4.77608026457907
5.36661678586112
3.42059754939707
3.40132223382549
3.5184890143514
2.8295497819722
2.40487177809107
2.37320313823575
4.5837103825731
3.16731532590562
4.11587116748193
