0.896689334775493
5.48917156178504
5.63519242543473
5.88622289829532
6.02447953338982
6.3097321370401
5.51058287082018
7.56277962325758
7.19310808106011
6.39858481305337
7.22755805388223
6.26396428396724
5.41422629006005
7.04262046817488
6.30557398851483
5.56015970644957
5.8935678205488
5.66272558784463
6.6403113747982
5.27728077164271
5.9818753996006
5.25535329998774
7.1686582653705
5.86469406232416
6.78622379349461
6.1593395002178
5.65381156802094
5.97825455721384
5.99154655320853
5.90018527640313
6.20682331934852
5.6235451435491
5.48311174016577
4.48144014318861
6.00342170148544
4.93007209351888
6.85599302465057
6.25851040858836
6.24486140704848
6.23637065149461
6.18219836845611
6.97360077465981
5.77330005706721
5.97312592088678
5.48702735406813
5.69204012566338
5.16978228668663
5.58226648967411
5.73438796324353
6.43151573201339
6.12043747834559
6.63546823232889
6.27509429548767
6.63508232599955
5.95329780017414
6.248172739776
6.12141644328289
5.89962234083723
6.09257952753321
5.13907251065463
6.52030948107929
6.03862511867223
6.01654705915406
6.68355070518136
7.76330129707038
6.4261066177193
6.34608494926621
6.44024960294742
6.87318609936241
5.58424100782516
5.50315106091814
6.77252180911394
5.57285463699441
5.65204497129957
5.46608103188987
6.70852912592052
5.7479187259665
5.98983013070989
5.85266381734851
6.10684239631388
5.30868159700054
5.14786321669686
5.52455972833428
5.25755880679804
3.83441235540272
4.295567338316
4.292836021553
5.46110818813732
5.25770772343078
5.22704097087418
5.54906214185913
6.40422204946091
4.78783824684952
5.18697513610979
5.00639714597647
6.1811557229928
5.54827497710213
6.70870492743999
5.36727371901944
7.19564714512527
6.62832005365491
6.38594580989951
6.0114946122157
5.72664482508475
5.95598008193696
6.04703521904224
6.67013621833508
6.55585382297358
5.39611655428628
5.30054268475244
5.3886809717081
5.17860154179231
5.63030521502093
5.8357312714246
6.40752630285294
4.84656717279301
5.13899707212419
6.0279807799992
5.43736177846164
5.38253688742713
