4.5257105336536
4.55924758669104
2.75479881298799
3.26276474372554
3.69131460176955
2.84004089186143
3.66389225512918
3.66491512499448
3.7967376730334
2.7163616278135
4.21158844175942
3.40680705613742
3.52780975818528
3.5196488768548
2.92879559786396
2.2667158157518
1.74725559231996
3.30772950890645
3.36417731785166
2.56466643514993
2.2739022323876
2.04891469804713
1.85953215451187
2.24435201574732
1.6581106037708
2.76353592670266
2.56898145181263
2.42209085160071
1.64533548345663
1.66522603554257
4.02573792103284
3.86913777540975
4.03785227823608
3.8731375850999
3.84562198065975
3.22435051289209
5.68154166878871
3.15412811243645
3.66118159139906
3.71570419282098
3.52117255017627
1.9255824389134
2.18053784009185
1.73047800454083
2.23750041206088
2.39062138835925
2.37430690031404
3.22539979301298
3.32306269638146
3.75345427903714
3.59907792772782
3.92217342130585
2.79716152179731
1.73732625873054
2.82883860723341
3.13264060805777
4.82523732579539
2.49175390686461
3.40199580354664
3.60003240439145
4.37227374580724
4.11709548006801
3.48606918691693
3.22729560160114
1.94995802681479
2.08235399305917
2.33604129309202
1.7767736981224
5.21687290860076
5.63955648239438
5.88212602860962
4.60069230660532
4.7100837765794
4.58962797755165
3.11231830818368
2.36927048871083
2.5705762501785
2.16136175310029
2.02262047336308
2.92790208540304
3.97720218769841
3.95659769896575
3.57414167091095
4.38914158011529
3.80082139468494
2.64997725377533
2.13740176694628
2.25215335206489
3.58035470235522
3.03714570047435
1.98324687060884
2.56258253581476
2.53489924172733
4.23603432389769
4.62312704740885
4.50365786763701
3.15330455682221
3.05775574498791
2.34171628212975
2.23503045790316
2.63073180295945
2.56680285005317
2.48414609841765
2.7897542186989
2.85187398172599
3.39598765646596
3.29019102602174
3.04118029921224
3.21644685565403
2.76449525723845
2.24737729546294
2.21792005649448
1.63633888861776
1.67034308523041
1.71397613765838
2.03960246996557
2.84612096119161
2.58383402473856
3.06419651640048
1.7846125892666
