17.3988351486949 37.5652256067091 6.49204290635941 22.1586586993511
12.9304155201752 32.3951395892025 4.63245364535657 19.5694635079565
10.8307433254534 33.649191054278 4.77806854841532 22.9262962069705
11.3162541324697 33.1355843588197 4.80580102041812 26.3174198273763
8.2850686922035 38.7585122871631 -3.49845681950002 21.5096816009354
9.77219324049715 43.458289915133 -5.33190980481265 23.152000984035
11.358702688114 43.5578590970447 -3.39207418862095 21.2879884507019
10.784536210841 43.7526434160729 -1.38414405652617 29.3033965551624
8.9501371622715 36.4864506562201 4.23602462827678 15.6342405933027
15.7253654895356 31.1975547474769 6.46868109186059 20.9565750082861
13.3161680598749 34.3725590467413 4.78153679792891 26.1964803474237
9.48843779679866 31.0688213535275 3.78987214838635 26.384790740556
15.6531620189309 35.2458390219562 -0.596938114945634 19.0388805705713
12.2539400240167 35.7195764709908 1.96220941342707 23.6487663477586
11.6126791687506 35.4327415990502 4.71168658662881 23.1178833228463
11.9524774153375 33.5636103166127 4.45259225728724 19.7973226742746
14.5391995448278 32.8027930345275 7.79757114886619 19.5091453297922
15.7206537680964 32.2935129251463 4.63315847090795 26.4486820540318
14.047014866889 36.2581743025923 7.20178413804242 13.6803300411929
10.2626582024884 38.7392164655732 4.63601220423415 17.141510206673
9.72391230016814 37.4788098508263 -0.231028099379893 29.590223124649
14.9563126657601 33.8253206442158 0.611216369863589 24.4012485634793
11.0737392046001 34.6827241701358 2.30865771892664 23.8162079031792
11.3662897914266 33.6208993724831 -2.67165305123502 24.4714137579291
10.4494718215038 41.43627011844 -3.0305774831765 17.8145660919113
18.1068153967691 36.5368213920325 2.97061194623231 15.7528707867464
17.2076023844612 34.8347096090951 3.46090147812447 16.105221276335
18.365260633601 29.7070263807477 7.80592289360673 21.608536615619
15.009638926441 30.6223352602617 9.19263586707846 16.4264064488239
12.1045669794624 36.518292720423 4.16036359993125 26.3923527692682
17.3185143292826 25.0381189618939 6.75512633531513 25.0504881988964
19.2110044310499 24.088378174809 4.60080710933577 21.0675963530535
21.3315966325403 31.5525606455952 4.85765596653708 13.8482392909223
13.6063485774734 39.9608838773016 5.98764080356248 14.298911987637
9.35009640079945 42.8434303759927 7.46946611697586 18.117283598831
7.95986360703753 38.0327437080461 10.7466995555422 15.1046397768279
9.43190352342592 33.2009268284942 11.9212177635018 21.3125412506864
14.7742694040751 33.1956143875773 4.85594868941733 18.3836389768647
13.5758378659862 38.6648038880135 6.397987205814 17.9723897561451
10.4055683757665 33.8354902547888 8.80868092859107 20.9031927419974
8.92791357594755 37.6178454720519 7.55184211030472 20.5876360248922
12.6692780548911 36.995560573772 8.14063567245954 13.0450107357245
13.8639232026618 34.1658241980564 5.7372306198498 26.7011713110622
11.789859990361 35.7037289746892 5.108911640541 26.2507624067988
13.7143291978101 34.5882310218273 6.5783963784187 26.6975551659631
12.7629869872954 32.9749556695282 6.82310694429409 24.1933766893653
12.4716876395754 29.5997070342404 5.33351672522451 22.9339170184453
13.9614824573285 32.0413503972042 1.69488560816001 24.4459606634621
15.1462033603199 32.8432171565624 4.62562532106142 19.891922033595
12.579860580419 37.4118005816968 4.06154193703042 20.3307294594649
9.98472830089874 35.7580771629842 6.00773648506209 19.7295862255211
13.4852379372722 29.8536644486178 6.67571719750501 27.6367179379392
14.5249144612586 32.7078415249354 6.27851759386916 28.7959050151156
11.0476963321785 31.2965679321242 4.2555868208592 17.3788859387202
13.9028826204906 34.6200298412292 6.46387546216521 25.5466580417895
15.4666011899103 27.888821671862 3.35296816190893 22.1709603843235
16.647435695804 38.1378392502517 5.45897545948496 20.2137338490181
11.1314117995652 31.0046845352863 3.94666785331314 24.2021668845744
15.9034426900188 29.2759913417127 2.21921426495931 21.199525834895
16.5690912275143 36.5973923321932 1.26641249843887 17.2038841194537
19.8806839800939 33.8975122653998 5.49986639619819 22.5542860921468
21.9161118140012 21.9794835596531 7.47102037683363 26.3333449591413
17.3596134913653 22.0166441019469 10.5030555874691 25.3743885885455
17.4921576617591 21.0312756045558 10.8866768645001 25.1015439475417
21.9087128593915 23.0417101033781 9.40556378586822 10.3325634850458
20.2887275136093 26.6004093706945 8.57114931585871 10.8767757590716
18.4977889792195 26.4730765943753 9.80015653615529 21.3049041871445
12.5828618030197 26.720999517539 11.1530751960979 19.9408807019235
16.8833633827766 26.3059981968863 7.93821463989428 23.6366261607499
15.7081744419627 34.1232648654549 8.43317454582776 15.4629542092325
13.1100990292833 36.5384724823809 6.80808309209949 20.6784214539503
10.3598842661188 38.6806833740333 4.80365572707212 19.367360691175
9.43068827136139 40.2493359587165 3.19884251780293 21.5514511960634
15.6484604776529 36.445547561513 1.77358571640776 22.1376960319188
14.6728119962541 34.5703160751852 1.32147154971586 20.2623034109144
16.273902036312 33.7700207995079 0.321097119178567 19.0609203495954
14.8162876869663 37.0657687311294 4.24483816523324 15.7298369761147
15.954749538079 29.9926714625443 8.54183196939747 23.9787149991995
12.8517491162969 33.6671611233497 3.76204956630679 20.5484361612571
14.1390016680437 34.4365300685374 4.03709033346238 22.8773304905298
15.3249081354162 35.7913175858764 5.84571109152539 23.6805413841757
11.2443218153748 35.1211753073355 3.88726539804654 23.4670877894591
12.6274809749198 32.6777234966669 4.68110070171518 24.2897452712425
12.4623231673728 37.9401477370213 1.70019493741819 18.7666695258015
12.6794685258886 35.2304264520191 1.58643232256899 23.5843898328387
14.3480253721326 33.8149016655381 9.28636362595602 19.0232928699277
16.0188642904142 31.6071598248869 7.41044570536097 18.3530172371973
11.6871228319674 35.016423297891 8.18220853416924 16.3488303415624
11.2301918136968 36.6814735335357 7.93890308388512 21.797329610674
8.52793628061998 32.6898590395286 9.21377137103121 23.383879956784
7.74078019479664 30.4642379964219 10.0137219115626 22.3182226503215
19.2864631769654 29.4453200181266 11.4481199381328 21.7928077501945
11.2885820501649 29.2745817808425 8.70308504555516 20.5487712054409
13.002195023855 30.9232524516679 8.31203435921706 14.9795242073841
17.9502250164058 31.4791313182615 7.98065910098118 14.012675175294
14.0875510851164 32.3248977489822 3.7479760356338 20.6386847694774
14.2638270591747 36.2460284420341 3.52290066407037 18.9627863616149
13.2699517295633 36.2098935209497 4.78160023427066 21.8531305864851
10.1862661559071 29.9275775864883 5.31812872803221 21.6585440012093
11.5907396950303 40.4224268796315 4.59549516272182 23.4917150036075
12.5939477754814 32.5941769291083 10.6026617786679 9.94060519797228
12.8938253284551 37.9479610861291 6.81898720793607 16.4551439890903
9.69248628308879 43.1795543649621 8.10045343189021 15.7296577719093
8.68347650766406 46.1939247648135 1.68924439551829 19.0514628666067
11.1777240367875 37.6919408816285 9.9105745771934 20.5709900053876
11.8761141927931 36.724920205082 10.9336327797753 17.9908304422382
15.3911118250507 34.9165254015776 2.52675934359631 22.8303836421877
13.4692725373481 35.5445030410731 5.59482932401029 20.6661666646435
12.5533911923242 36.2456540306987 7.60595696590049 19.3640594532887
9.81344797763201 35.0275487392166 11.6791571288663 12.6192662662994
7.72089168386418 35.1135455227913 10.7592889177197 12.4369150923536
7.99437045511105 36.4849171828914 10.1332910124058 24.0682676507521
7.68082105451744 33.3972391514495 16.3950628816312 18.2147409529191
10.3401412852372 31.2082835012503 9.33698861684405 22.6417952865198
10.7177079785879 32.230025069705 7.68688094825699 20.619908477722
15.7095956886451 25.3235653760427 8.42423295978043 20.1059680983052
15.5454219107665 37.7379737417026 7.38640695843248 24.3637864691892
15.9203361277929 32.8001455085642 5.74637318781305 16.9332561226932
13.6045353464311 33.0152502454176 5.89932604442235 20.2602278773444
11.9143913712619 31.1578812560457 10.9228929192287 24.1558125308013
