16.591221899633 39.5257673511704 7.05024874212858 17.7805353151491
6.2156235934085 37.8993118211118 6.93947660180446 18.0221360206119
11.0042676674052 40.4515774880027 11.1806670567271 14.0132757779399
9.60233705113466 39.4581371027156 12.1297784263293 16.7357113555161
6.0109658941445 41.2687261116802 10.8629978748997 17.2454762528355
6.93914330140092 41.617005960375 6.23349710349265 17.3743987898047
8.60474375279346 42.1072239352501 5.87610676390301 17.3528507538148
10.0835422171782 40.4985066007934 7.80330319278455 16.3782276223354
12.017193265873 40.2726738800406 6.58543796133763 16.9817520836562
12.0866556644058 40.1275761782532 6.89110011898852 14.5947815333686
15.4467592077879 38.0221820282243 8.00768403682387 12.2730389963541
14.8914887818126 39.8478348748252 7.87685287996656 12.0778347153123
12.4223315707764 39.4519742554451 9.65631451836306 14.3573931205924
12.0579500814325 37.3930411831873 10.0552490741023 17.7316655226566
7.74268879911741 40.6720895452102 8.34478377065373 20.2133293179196
6.36984584793604 40.517461483077 8.50490194260162 20.8067338504901
7.18046982713199 39.9017200813296 8.70109152155161 21.2442231764351
7.03097331731673 40.3140251649211 8.81755259692833 18.9322008567553
6.80628724011908 42.1111808652766 8.66002819607198 19.1030597433882
6.16635790206868 42.8693300584628 8.50421765559727 18.7558410602276
5.12086234400424 39.976201388642 12.0227314409223 19.5862211316478
6.92175792508464 37.7297576684335 13.2092354523541 20.4047261061503
6.61360978166215 36.050330140277 12.9258336253396 19.8479117440116
8.05135913166912 35.7704088167006 12.5211966924077 16.42820174676
9.01645703866661 39.5270331584557 5.87066839399012 16.7095345804524
11.4414626780974 40.8778152454947 4.61853073050912 16.8833785256362
12.3165567733696 41.224773099743 4.0081952645968 16.9850180459616
11.2483918508684 41.3006613446276 5.42040771276505 18.2293374119238
13.5728036245869 38.6532080379191 5.13590989604913 15.5922167100855
13.6998548737334 39.5889802563883 6.46848807893544 13.6351609863252
14.1448583527269 39.2045526529657 8.14892103979215 14.2304420331349
11.9301706179594 41.3857461881819 6.35976226441092 15.4342812585183
11.672048163562 41.2387935119006 5.22043777221234 14.7007981554144
13.9174129911909 38.9355387147661 5.84756682356006 18.4311394858031
10.6813251907217 39.4359276564936 6.99036259631744 17.8686716103784
13.5689199161485 40.2455139484297 3.23250260589066 19.6519813481455
13.1752628270474 41.2029979492578 3.81726038107291 15.7926729785489
11.7306660641431 41.1564227882251 6.93365118397042 15.692622316836
12.7581562344616 40.9747461266294 5.79648519919647 16.8841654715973
13.8540634023507 39.1397058463691 9.38867338310124 18.8083952387441
15.4427820654155 38.7700548476272 5.28720233498822 20.0969859595474
8.23691169113285 40.2719174691376 7.89244858608706 18.429953398565
8.00470785944353 40.2107882539584 6.90563526587339 18.2178153734749
11.8847241682277 35.1105372088804 7.55614115740882 22.1493300870091
11.9362327946789 36.776566613473 3.98583663977461 21.0886548813463
11.1346179296091 36.4884726015 7.55894991480486 20.456161248035
12.016757671586 34.4231040204024 7.36289158421526 19.7263563359186
14.0363419859106 35.1708303590146 5.23193640359634 21.2439904785745
14.8042591263868 34.9392502965753 5.72332099801037 17.7426740205441
15.0697969367782 37.7707943196727 1.97924805612814 18.3910176720996
12.0553424258482 34.2913084129029 1.76899219989621 26.6175136573582
7.62625559319665 42.3862723681302 1.88520037965964 18.4078371988578
8.05432451224738 40.862986818828 3.63870225584956 17.876743317858
11.1629146387506 37.5546030236797 7.18512679024261 16.3108928313448
8.85480266826212 42.7348538534159 5.71517361556107 21.7430311113565
9.66074155734817 36.9680894910732 9.93581608398745 21.8914872615567
12.377102382758 33.7692435900124 10.7676024736029 24.8036981534708
12.2236600903213 31.105021102288 10.2959267621466 27.0041625114404
6.737454761886 31.0716313107526 10.2493825173082 26.6537677593727
9.28241075030058 30.3054823074302 8.45678302447385 28.9329621932635
12.840370080514 29.0058529413565 5.77447138249017 26.7921232866289
14.1829963547224 32.1006379797002 2.54282931552342 22.103113756464
20.601883602557 32.3302551481337 3.07526992562391 21.2707753069188
18.9146618652725 37.5940196387974 -0.730961024075354 20.5814615264998
17.5830199408248 37.9885801239943 1.50429759303824 17.1947454223723
18.7822947299986 38.3836399750823 2.318352282874 14.1059795283095
17.3298762197503 42.2477838141368 0.555187725483086 17.4336435363779
17.3168517187547 41.1084412644142 3.08692976910692 19.4925849123603
13.0731057344447 40.6395484153829 6.31030608603603 19.0821410635064
9.40495019000721 40.5854210765749 8.80320059590589 20.0713240760341
8.53435598001582 40.2502774496502 6.07364966791417 19.5387137709142
10.0575524583901 39.6709984438365 8.85677003924752 17.7546895459264
11.703313266703 38.4127568048296 9.71072910912227 18.2773262221825
11.0735042272998 36.2682780100322 10.6891632882525 16.274137603086
14.0178847342629 35.4160064028865 10.3440877787107 16.0219619333271
15.5163963424873 34.3595282273715 10.7206741348741 14.4173515870694
14.7470796067064 34.1557636893819 7.60032626110069 21.6050802058067
14.4502972057483 33.0104548811959 7.01020066036272 21.7221910327519
15.6888067970095 36.0599967483008 5.48883125274059 18.3423025246685
16.8214057307733 35.2971974336119 4.8501018849921 17.9083680046111
14.1512408727823 38.1544674265389 6.90855460202066 14.1503291065941
14.6089604498323 40.1503726358716 4.12612583565653 17.5983740250716
13.6388058174498 40.7483384300214 2.81332358096854 17.8127728365556
11.990077273684 40.255290571323 -0.610590681125066 20.2642193027035
12.2183609630414 45.3408896747787 -2.36308639326005 21.4446774809815
12.043934451428 45.4561093900612 -2.18655072117385 19.3977186464717
11.7960959543651 44.7569326715803 -0.254985813444698 20.5865624858079
12.2946599753298 48.0320028829648 -1.30319487319064 16.792895306804
11.1061313444473 46.2789492210514 3.60462132127288 12.7622507807081
9.59250572823956 47.6108069225029 2.4320805583455 14.9054392629095
11.54213854301 48.009532258232 1.35399972417241 17.9166273718492
9.95505070797554 47.9334661942172 1.65527736234075 15.7837260430886
8.65699745267084 49.2999261028156 1.65559586464966 17.0119185149877
7.09406361862847 44.8770234051184 7.06462683717073 18.4687036075837
8.68007726273869 44.2424347894357 9.66815257939467 20.0271896856538
9.00023296325501 39.2962978398519 9.68802999268243 23.1767017351851
10.6383548746836 34.3715587079496 12.4177257370293 18.2476906715349
17.3583366950815 30.6164260838983 9.58328952808821 19.9579925909095
15.6180077803075 32.8857392051128 8.92431130309312 19.2489040251278
14.0615146687036 33.6311048191422 6.96447489172689 21.2896814979123
17.4752121344217 32.1635895224466 8.79503093980722 19.6961750442504
16.8504428454627 33.215171693857 6.86123402089653 18.7400383832234
12.6882917959315 37.0221296313981 7.01276101964485 19.2710097859914
13.0528110767786 37.9287645186129 6.54267383611212 17.9794464386525
13.3152966601013 37.5646795025274 5.88829853025454 19.553312167125
13.280330412013 36.9085177417322 6.00568222297898 21.604504002706
14.1310224958188 37.2053909172242 5.70631169827837 20.1168437972486
7.84478514887905 37.5833204259103 10.3651941199495 17.7436743785199
8.02555369204545 36.6378241834169 11.0943915630862 18.9876416434106
8.54970589113879 37.1665987964658 10.2520059222842 18.5800345067761
10.5743582381011 37.0076677874166 8.40212220181095 20.8153206452412
7.21645817366256 41.0616615433681 5.47287248819487 21.2948390217886
13.7012041944332 31.1623264139952 9.22460164183501 20.9898396958985
12.9533760046663 32.5958813824698 8.76028960180604 18.8661137763798
13.6078018299484 32.8783495250423 7.81990117176951 21.6178611758458
12.6479187807886 35.2054689366288 6.39065442623154 19.901120950005
13.1934751720274 37.3377598876051 5.86241716994359 16.8822934815845
13.8190259753001 38.4187822004698 5.48690263252869 16.9844106107203
14.8140270203669 38.7673485670668 5.68144865131495 15.5100087661119
16.2101766847405 37.4008628465216 7.39832891879297 11.7143876958436
