0.0975935825695785
0.59677399420063
0.41624392758566
0.413328657033897
0.375299932605354
0.405633345630904
0.389726185094379
0.615661130074412
0.534263774592155
0.590677296974231
0.483312090148907
0.535112766962861
0.58006805092562
0.545413520148907
0.570237893541204
0.598712394536964
0.434518699266482
0.393131846280862
0.472645373699488
0.541173327121911
0.46472799857017
0.591743332988815
0.64402600402174
0.547075066618513
0.330936983238669
0.229196406566072
0.278590693806531
0.197072436933639
0.395754389962736
0.463320758106187
0.623446865635924
0.518633300124383
0.465095463243779
0.535552775333158
0.51581342440063
0.395038763479563
0.590991126321714
0.551502737604481
0.599242568890331
0.606769773837666
0.553479208734403
0.541406868586964
0.355438952126046
0.236654833837878
0.231535129506607
0.30610348805539
0.571537493939744
0.632609046360378
0.386664817216902
0.404023095491774
0.628600714217677
0.551095866493018
0.36015743952943
0.440271700470567
0.509876955710222
0.528993823621755
0.54474983541206
0.532530472604599
0.59813486002143
0.524755376194138
0.534830668205074
0.314303250363562
0.323085972617662
0.335044866536977
0.405237041556393
0.623253565896728
0.607363306649659
0.567205656842756
0.613352126449658
0.380635740836151
0.379380483367648
0.358136603210354
0.650776425934164
0.506827068527405
0.542755860902519
0.495970136957566
0.487736336991924
0.507246196126907
0.436734636184333
0.526290840378962
0.590193760855822
0.460682580451276
0.456848355629004
0.320764279282569
0.222114740965655
0.144605606523575
0.58783816484455
0.595950747768421
0.50641687871351
0.494553315288154
0.579795811211594
0.590893351477044
0.605748820192646
0.627106843980763
0.531578134966308
0.521697171607054
0.441036169141273
0.495656912837383
0.401856426541956
0.58968315223167
0.376211561166834
0.485831191245546
0.555464111357924
0.611971503895139
0.646207523970888
0.48363643388646
0.647336245487932
0.5455691740668
0.494785098258973
0.184906677438412
0.392456389494183
0.47885138057087
0.506844420760356
0.341079068222782
0.505867238414737
0.347393230548594
0.41817247034498
0.639147095047869
0.606102387340274
0.483011541670609
