0.103778778557906
0.0865393918423089
0.0741095509709848
0.0652661184061159
0.0711373752012247
0.0930828513454124
0.0912728989790455
0.110146599719341
0.0858364524873794
0.090606802120464
0.0722309950745355
0.0915189923206541
0.0967598189951064
0.106834347413801
0.0850666640278798
0.109171175207592
0.118174361196664
0.0991743838269499
0.0939203776042441
0.115199560822648
0.0875830400640021
0.0957841929757897
0.102582738661903
0.0877309717747754
0.0772953868230656
0.0762078825746221
0.0875929892501091
0.0829486619390276
0.093108828475988
0.0813073838063088
0.0770011443620469
0.07803176802664
0.0656997041599865
0.0618519164737912
0.0592359023149125
0.0596888826285862
0.0657021954786721
0.0688058869642982
0.0645023349797125
0.0644847690216627
0.0607196418661449
0.0589054776372048
0.0636021246269102
0.0597657104872333
0.0676322921708161
0.0755965914579365
0.0853324403577302
0.097063986324228
0.139218738115678
0.109091431534887
