0.0950289239504224
0.101998116829897
0.102105668383869
0.0937281151758801
0.0851618150133694
0.0882558317760497
0.100168784586588
0.0944383809293863
0.111335768704208
0.0837292542758326
0.0753523564719401
0.0772140538484116
0.0691618250743838
0.0864182835610134
0.0828462328935747
0.0811783780602038
0.113721675279288
0.0959593213338723
0.0980645809333571
0.119136321665206
0.105870267680805
0.105719558644572
0.0859325922088548
0.0729087584314616
0.0820886205201601
0.0933850174871828
0.100263136310978
0.104669634074348
0.0984706388987929
0.110287054521115
0.138368462741753
0.14223875456806
0.145336607976278
0.140570289642368
0.151720110392261
0.144047173498415
0.126291555010786
0.130332520739766
0.144074662080861
0.133395222525111
0.125128753254758
0.095404770866503
0.122033798910258
0.152865906954184
0.131185223197009
0.11038461478641
0.0941472665116938
0.131062163259559
0.138201800890785
0.102701051218166
