0.159310393222494
0.140847139507186
0.102190308931327
0.128072195630935
0.0997362861673184
0.0857572525070286
0.0705744945310143
0.0718807769077115
0.0749199774123449
0.110124196397049
0.103529758645392
0.0929634829562188
0.0846583593782051
0.073106460054012
0.0722436645242866
0.0969791332646781
0.101771393157502
0.118386928089952
0.122101714819664
0.132398851459695
0.0928176993755256
0.149231067222505
0.170997489821048
0.100906631142618
0.134898388601793
0.084242582170994
0.100454917512126
0.124269921890408
0.11297538975893
0.122794134361855
0.0949520175902537
0.107664540515584
0.0802199587104408
0.118257632997723
0.149311013340528
0.0979523020974475
0.124344670718045
0.168371985140634
0.166056092390415
0.186142841371745
0.154662507664016
0.239176473517582
0.15984488034346
0.159559685862831
0.129670098356534
0.165421835916857
0.176471584010355
0.157623194712298
0.230996946118281
0.148735627052796
