0.121365313656602
0.135128109114689
0.149564410413522
0.129911879975116
0.146868358007735
0.159731054186576
0.11715170352137
0.129733224787493
0.10289548148868
0.0886719233915715
0.0674322289488049
0.066107948131464
0.0641198217069505
0.0736250263078991
0.0777141910786673
0.0741918377308837
0.0887954146180835
0.10095317392284
0.0915503277863266
0.0915732646120271
0.082057833964371
0.0856470162620574
0.087624968253478
0.100126000650536
0.090640208509425
0.0823228738939272
0.0994018355207296
0.0956007895592272
0.0892987211542655
0.114269947363904
0.154927581112878
0.172774568244661
0.182720205262845
0.179600775491148
0.156288439305219
0.154357552189033
0.1246121487
0.111376427558265
0.191854244009351
0.269103632752069
0.254923370285906
0.186182996047759
0.17428334845897
0.181120042287508
0.145021616507784
0.0879207377684159
0.124238749802307
0.131995075281795
0.12014414057111
0.197836318433475
