0.123976796027101
0.140052844919027
0.157855544248132
0.1507437799876
0.12171879230453
0.136372573544302
0.109287599747193
0.108501635735413
0.110211809946491
0.104300357204923
0.1071810124548
0.0986652991121717
0.0950062244559913
0.141640307454886
0.0976513958136511
0.0956465122676028
0.117143594970722
0.125762732412986
0.121388610141856
0.111495352749044
0.111182714691959
0.121117926691518
0.10390899308764
0.105131079329038
0.103044478540354
0.0938694088780893
0.0964432175420665
0.0992675907374829
0.115711910602
0.0980546669158107
0.138311644572955
0.116062361824735
0.0960310734304287
0.105032777408514
0.128875976232989
0.0929172094083855
0.0953399851392544
0.138140866447777
0.126147877764505
0.117570182956743
0.137221656298337
0.115615357584704
0.116808286657438
0.126062799248546
0.126138091096064
0.113246881294448
0.124999851492113
0.109469692389167
0.0825603062272463
0.0743828708806968
