0.154653836891402 1.24125327981347 1.20547099771959
0.154653836891402 1.24125327981347 1.20547099771959
0.154653836891402 1.24125327981347 1.20547099771959
-0.253232213463257 2.86502951995368 2.0987163359648
-0.253232213463257 2.86502951995368 2.0987163359648
-0.549941406321463 2.13966081243257 2.73781670306914
-0.549941406321463 2.13966081243257 2.73781670306914
-0.549941406321463 2.13966081243257 2.73781670306914
-0.549941406321463 2.13966081243257 2.73781670306914
-0.694224174312736 1.86520251626527 1.72928253128648
-1.00789682508096 1.65544386456507 1.97831203890229
-0.37333638793076 1.69544874326333 2.40189685438661
-0.290635276910632 2.0666144826686 2.32273582163924
-0.290635276910632 2.0666144826686 2.32273582163924
0.550647842930987 0.82411112480548 3.12013214161961
0.550647842930987 0.82411112480548 3.12013214161961
0.550647842930987 0.82411112480548 3.12013214161961
0.487918734544041 1.54429875883686 3.29083626034211
-0.232550201765486 1.94365605427052 2.20420421637967
-1.18955674826624 2.85042404751672 2.33203950233942
-1.92262881708787 1.79698404022305 1.69880612684374
-2.31619258062872 2.30483094844375 1.85574049478387
-0.733565741489395 2.01884031496473 2.2953582805469
-0.962834375692324 1.47610127253262 1.6132256577984
-0.962834375692324 1.47610127253262 1.6132256577984
-0.62986328196942 0.867686830202524 2.6899806081742
-0.62986328196942 0.867686830202524 2.6899806081742
-0.22103091802361 0.966481116914325 2.49583106815709
-0.22103091802361 0.966481116914325 2.49583106815709
-0.22103091802361 0.966481116914325 2.49583106815709
0.0311089760819534 1.44812702981052 2.34464050306625
0.0311089760819534 1.44812702981052 2.34464050306625
0.0311089760819534 1.44812702981052 2.34464050306625
0.0311089760819534 1.44812702981052 2.34464050306625
-0.0329434959182389 1.16448382583656 1.68936930214949
0.00414147288748958 1.23936423199665 2.21497544039961
0.00414147288748958 1.23936423199665 2.21497544039961
0.411704554764299 1.4320607630121 2.39701453568225
-0.169468542479986 1.24233089482282 2.44273256434235
-0.118773202222928 1.87165024998874 2.46307177626478
0.0357025281741251 1.06570292458038 1.57369244545483
0.0357025281741251 1.06570292458038 1.57369244545483
-0.313947930489949 0.821975458070957 1.28372288901255
-0.597343465687377 2.00677673716091 2.65028925118509
-0.0223313241679305 1.62906172630128 2.65308179477434
0.0122128643193493 1.97234479213545 2.0689936962951
0.647509348747471 2.21020602678539 1.95390878896187
0.647509348747471 2.21020602678539 1.95390878896187
0.647509348747471 2.21020602678539 1.95390878896187
0.0315553182281335 2.70459117196294 2.04992827707372
