0.301487999750048 0.392302508722157 2.85514489590582
-0.0946011370837919 0.215946272292714 3.29389511644853
-0.161385669289554 1.58662991677657 2.63561838351617
-0.356992758158779 0.38405661874042 2.49629652782419
-0.572207832271651 2.10960827047795 2.47516430347259
-0.572207832271651 2.10960827047795 2.47516430347259
-0.691881640333494 1.63621469136451 1.19345461656982
-0.596183920808086 1.87875919688848 1.32084518153365
0.048173022519518 2.40740593686094 2.20036846705379
-0.465681872237281 3.23148623967499 2.64760791563827
-0.849231436335243 3.61281200532761 2.63430924479711
-0.713824366358851 1.40065315896704 4.23004246879024
-0.319734683898549 1.21334029413676 4.31936379000505
-0.319734683898549 1.21334029413676 4.31936379000505
-0.319734683898549 1.21334029413676 4.31936379000505
-1.16051389535848 1.38447798309503 3.8461406099202
0.526021872572552 3.15781547837111 2.68288200507014
-0.982761162083123 2.59392278495114 3.45629700233989
-0.982761162083123 2.59392278495114 3.45629700233989
-0.119924975698915 2.03324544484317 3.07203990855797
-0.041456948680767 3.1349754584979 3.53423021892792
-0.731183058111356 0.862574470813995 3.88822247750859
-0.731183058111356 0.862574470813995 3.88822247750859
-1.11801521982814 0.22219170680008 3.44777202379094
-0.291304813246146 2.14744326312791 3.27689205028634
1.00328817445338 0.702863939756889 0.167313700793198
0.605626103898655 0.350349007121571 -0.305197658725161
0.460971017346212 1.16547529292941 0.560316165704744
-0.35606769455169 1.42660282330806 0.872769392136568
-0.35606769455169 1.42660282330806 0.872769392136568
-0.830475865674814 0.56640556004379 0.982627288525542
-0.665524051781675 -0.879379989795174 1.44644632116434
0.149239614427099 0.618802567700856 1.62986021431627
0.361300565513822 0.211329887311139 0.721198268660097
0.636063636936595 0.509727971620892 1.22035778762779
-0.0635629143865482 1.72033980307752 1.08152051873138
1.40440392120469 1.26806039027233 1.29604935553059
1.02090935369233 1.79246223837548 1.07610505901533
1.02090935369233 1.79246223837548 1.07610505901533
1.02090935369233 1.79246223837548 1.07610505901533
1.02090935369233 1.79246223837548 1.07610505901533
0.703718672929632 0.619969578865604 1.80572424971604
0.703718672929632 0.619969578865604 1.80572424971604
0.703718672929632 0.619969578865604 1.80572424971604
0.703718672929632 0.619969578865604 1.80572424971604
0.703718672929632 0.619969578865604 1.80572424971604
0.703718672929632 0.619969578865604 1.80572424971604
0.0296868471399947 0.763357973240394 1.65107960724148
0.0296868471399947 0.763357973240394 1.65107960724148
0.0296868471399947 0.763357973240394 1.65107960724148
