-0.916146762862507 -0.380023454962477 3.67901859527369
-1.42252365021512 -0.244063941309096 2.97493327433209
-1.2134923430833 -0.558739434163868 2.38870971360642
-1.82441584539417 -0.49310096570026 2.53818592464207
-1.05547383322166 -0.512923508588412 0.890186588232208
-0.251955860888001 -0.578064820336816 1.20508240070296
1.09336968743267 1.28749957775434 1.90415145779758
1.09336968743267 1.28749957775434 1.90415145779758
0.551872191098425 0.72545063831268 2.28537238349724
0.551872191098425 0.72545063831268 2.28537238349724
0.00434897129209955 2.4787573440675 3.2461673636085
-0.097297024383665 1.59440127765749 2.77349217230309
0.128416667731437 1.5472556835945 2.52396921567462
-1.05722017684688 1.11083729823056 1.84277282441123
-1.05722017684688 1.11083729823056 1.84277282441123
-1.26457338688512 1.23935914599836 2.1039997992381
-2.12185955800496 0.366900578075245 1.35520338969288
-1.49677501714781 0.63925383014286 0.783267700625545
0.0975685070435878 1.63691660420007 2.00374231242254
0.319716083224091 1.0692108842246 1.775472587718
0.319716083224091 1.0692108842246 1.775472587718
-0.215017576009738 0.154231475766363 3.48881811810536
-0.762051218994507 -0.719258076080103 3.69356387375101
-0.794578114043665 -0.802892365264586 3.05152151505577
-0.305390790229537 -1.2183157605375 3.30787872740034
0.219914738994382 0.375364638106073 4.35811286465492
0.317072594479701 -0.275936172872218 2.90247661582431
-0.181566419845811 0.476570611605388 1.86906890124053
0.460100727049135 0.150771042373269 2.35834015452762
0.150970639896816 0.729901474692235 2.12537840994047
1.61181661717121 1.7314035379794 3.11445222019493
1.45932531858818 0.197129934527818 2.34277525833401
0.0883679253444737 0.560875673426678 3.85886513089397
1.20595774122808 1.03095869294024 3.56633309804355
0.95914789741276 1.69578807950328 4.02361751462505
0.949593852244273 0.604938546584885 3.46246355410958
1.70427784565708 -0.0388024946991565 2.33724977779445
1.21895415695224 -0.0891029471452004 2.13223658149829
1.25980625378851 -0.346912575289071 1.72047508897466
1.32234987085276 -0.212880541897636 1.70158605905902
0.844342062379081 1.02420286296159 2.5979302470584
1.38790976945229 1.90313532642465 3.46453105815538
1.38790976945229 1.90313532642465 3.46453105815538
1.19831004092479 1.18526421321625 3.59809535633091
-0.232053593536383 0.674078592180098 2.29028232258895
-1.42197567345102 0.988280258533613 3.34263998054535
-0.496678727720594 1.57886511714435 3.51441437877053
-0.566587071247933 1.14768035120937 2.86823915917485
0.550289785863896 2.59738798329295 3.00877387714765
0.897691339971673 2.49282725500059 3.31003788394766
