-0.884696887210338 0.797244145412641 3.08759952391354
-0.884696887210338 0.797244145412641 3.08759952391354
-1.23199869895155 0.616431700845287 1.65183493242525
0.700059951812555 2.80347430390612 3.58939405095835
0.612025982653934 2.29609891491994 3.86809869660943
0.612025982653934 2.29609891491994 3.86809869660943
0.612025982653934 2.29609891491994 3.86809869660943
0.0615930846756301 1.81770652944424 4.16275359809502
-0.526060758590646 2.50336904218884 3.63132714943362
-1.60554595648302 2.96081294555967 3.00836480439853
-1.60554595648302 2.96081294555967 3.00836480439853
-1.60554595648302 2.96081294555967 3.00836480439853
-1.60554595648302 2.96081294555967 3.00836480439853
-1.60554595648302 2.96081294555967 3.00836480439853
-1.60554595648302 2.96081294555967 3.00836480439853
-1.60554595648302 2.96081294555967 3.00836480439853
-0.507618610231786 2.30718678759952 1.95422098983663
0.0930549146989305 2.27486068822106 1.79518596175092
0.744304023495367 1.73732386059552 0.723331221291914
1.50785046033592 0.540847017374915 1.51281492846784
1.08335976429877 -0.122429942141344 2.35548175386281
1.08335976429877 -0.122429942141344 2.35548175386281
1.08335976429877 -0.122429942141344 2.35548175386281
1.00497235941584 0.104259890927133 2.31003676696165
-0.201369428490034 0.509703745516798 1.52079249772509
-0.557121615076212 1.01339488002875 2.09612625337441
-0.715080979518325 1.20373594291355 1.61782698287575
-2.11153616936375 1.10206300444341 0.447608005482417
-1.59982564980349 0.355268929166904 0.536903229520747
-1.82410642549234 0.746290372524683 0.161187505023123
-1.92456655937536 0.725189128361258 0.191071926343551
-1.60574983039315 1.98984528161005 2.29468756714129
-1.1264455623332 1.36557267144372 3.34724420722903
-1.6337539850482 2.00569614877362 3.95752764300936
-0.811090264803073 2.73042566567165 3.92027443575412
-0.664382550717669 0.615485115433083 3.37636108352137
0.653709595729049 0.586202850624008 2.21671517819137
0.526006134507797 0.575214032020382 2.26976235779019
0.526006134507797 0.575214032020382 2.26976235779019
-1.71451704200095 0.483485227258297 0.151420063471364
-0.379614872895762 0.186450087048724 0.672918049276086
0.308606526377234 0.830450836312341 0.868498743064852
0.308606526377234 0.830450836312341 0.868498743064852
-0.638268406888583 1.4089436010776 1.50291395644881
-0.927384494695664 1.62137785046151 1.60048675574579
1.29928681831657 2.02767905449256 0.617586019089077
-0.262625399914751 2.93371496279863 1.39073351415579
-1.80711204852194 2.41285693970012 1.66282681852816
-2.12436786750887 2.29807336028981 1.44943654960102
-0.326565307501299 1.07280122985767 1.52899004544227
