0.0971175858510555
0.0971251297279577
0.0971502977280359
0.0971381540319235
0.0834412388843747
0.0834721925392177
0.0677776327956306
0.0677843177820071
0.0677698884580813
0.0677858417728207
0.198923670882357
0.0477423797101389
0.0477406674212455
0.042007485333905
0.0420052774401075
0.0419989397452473
0.0419851096841669
0.0661204317842955
0.0152181715537266
0.0151989822876461
0.0145779744827869
0.0146961694407774
0.138669280498434
0.138660436692557
0.137779005790747
0.203482760279557
0.0904208262299577
0.0415954849173446
0.0793312442388301
0.0772045701218513
0.0420007153767764
0.0311524771201768
0.127031388639106
0.119041074737364
0.112483374262772
0.0169329662923198
0.051044561321121
0.099009318927902
0.0746489635613852
0.0365349433397523
0.351277382305616
0.153971187654319
0.149901042929894
0.155240605341491
0.170124610846004
0.337159144928989
0.0923331714182385
0.0556455698433211
0.0566521379829829
0.153668521193956
