0.0212476623273034
0.0212513480788957
0.0212544115069976
0.0482101127697442
0.0482116514032264
0.0482117644025511
0.147392605100262
0.147393261119859
0.0248306609494711
0.0248303197158419
0.0431318649662669
0.0167583728765777
0.0167555549925837
0.0167559610660953
0.0433404625575082
0.057110973717218
0.281815834128309
0.281872087523363
0.302365630109636
0.247616962201011
0.378333964528031
0.3783361158819
0.503760939392567
0.150147059984737
0.150145187509257
0.407056732973616
0.457893615784853
0.54453465835993
0.54435647272846
1.7997336868087
1.79991306843096
0.662746401097915
2.53224439621188
2.56512577729143
1.99584391073872
1.99468675961162
1.15433845385594
2.20804368334131
2.20883295725248
2.13369029413081
2.958903700858
2.96542732672835
2.94990377371141
3.01948683781589
3.01366714603727
2.61664734291255
2.61667792263208
0.53112029870694
0.124616327491527
0.230155778727879
