0.0655952209491201
0.0615668008851707
0.0614630916549358
0.111017587912439
0.560639950980314
0.394192571366717
0.312679103880876
0.929633112084731
0.902866065472916
0.102861848781975
0.188689626874576
0.184787628465387
0.988724399731537
1.83104100644157
2.76945420392423
2.65217894380708
2.36422086746875
1.84787678601529
1.90496024105876
1.84847444733705
1.88983120578885
1.87338083244818
2.04510311916364
1.96773440039677
1.39309514708815
3.21667253676374
3.16581528234544
3.12424028296415
3.90831260241729
4.24598900789384
4.35018169737307
4.53558856896001
3.7829378655547
4.20108851151004
4.39269918454839
4.34684519869883
3.47698081198765
3.47577867023182
1.72396560724203
2.95459676706312
3.72945652194664
3.39054169323235
2.94333908151908
3.41324098513812
2.59285083853733
3.58671297999825
4.07476094940868
4.04437587358754
3.99302861676922
3.27920545596879
