1.0074518207927
1.01025459096687
1.05735490499357
1.01060772693315
1.01108392061805
1.01586107907228
1.03537785206988
1.01347470862509
1.01490716280951
1.01054632191674
1.00763013665965
1.00667647679266
1.00462741309622
1.00549072658601
1.00868716631929
1.00807617814819
1.00337411044891
1.00833198056461
1.00607722165956
1.00294352874318
1.00278628027607
1.00476726030043
1.00961778798551
1.01322983639738
1.01527675781118
2.49865680036487
2.49969784532616
2.49960766047054
2.49902533648337
2.49928452101119
2.49896163229289
2.49987785514227
2.49959806454473
2.49979726565688
2.49989961729976
2.4995979001188
2.49831157776836
2.49135862145622
2.49467695451626
2.49317612351726
2.49858440055929
2.49744179139883
2.49038886203396
2.49606119978315
2.49688864584828
2.49751590282136
2.4971232641813
2.4953954904031
2.49586731609812
2.49736545198883
