0.0467248280664509
0.0601149646964099
0.0600371090021267
0.0180022585512869
0.017861514116644
0.0158458271916809
0.0258702662608024
0.0203319812233994
0.0116647543204252
0.017668923513786
0.12988535589841
0.1383197381748
0.128737162178332
0.0758448100901559
0.019961100493943
0.0395804084807883
0.0200590430560995
0.0192323353651848
0.213625003213758
0.212226931880297
0.368926898990435
0.211973011079086
0.294732572119208
0.107145678650883
0.144974020006304
0.0435148624462198
0.0434786980938191
0.0416863302160796
0.120785068478484
0.217013333264822
0.19455515371676
0.205354956622017
0.204951354229643
0.120130810500863
0.11970984928027
0.474772166090071
0.474647886590273
0.474608706991288
0.954514400943664
0.875905559716874
0.447110868680361
0.754761295022696
0.75669656388288
0.0609094157977927
0.0502266160240448
0.274642003620739
0.202492396681813
0.299421525536487
0.0589545402873961
0.0733592426611917
