4.14579544357015
2.86703924911602
3.81046003190579
4.71118718717311
3.28973541593757
5.41421502190473
4.24701877752181
3.16742186241022
4.35243936387238
4.60873598702359
4.1368623863695
4.06684327703025
3.80761349135812
4.25779025701711
3.35954441461265
3.78667218597164
4.65951238160414
4.92605375561904
3.92862093959248
4.1879705820261
3.00480868011012
2.80629217691396
2.21793072372115
3.16435902858446
2.50495114705791
1.82972928306129
2.67526476291169
3.32646818632381
2.58802694156555
2.02403622461388
2.82555275744821
2.7370502374229
1.96976292492644
2.58185993803212
2.63216762090983
3.20055560343861
4.50818462212749
4.30109362235016
2.9805798046173
3.43185681004154
3.54610921673575
4.22417385831577
5.52257334487083
4.19456802792303
4.41918981174198
4.19699428288877
5.55124888040052
3.8598270803629
4.37243414505519
4.26702220497748
