0.229464846314627
0.155712194505844
0.155760661734896
0.230923460977325
0.230915944129163
0.230773172139962
0.400329262749149
0.218178667995292
0.261811478579698
0.261816075472044
0.261820962115806
0.261821994438673
0.261822182528159
0.261820800298174
0.133618919429015
0.133609148086704
0.282023367310793
0.970077810525434
1.30915647063698
1.87129452558715
1.87000384416151
1.86664512920988
2.31002503709396
1.87402891238164
2.43116215191938
3.36987960693769
3.55666264152592
3.36411301122473
4.21387747101269
3.93948066314926
4.04873757981049
3.62990050706027
3.47517976485629
2.81885605410126
3.31963532493348
3.78180855782974
4.2487047534319
4.10565248723787
4.14553235665679
3.99309761439509
3.45963594819312
3.21613705570218
2.88094423448641
2.93704909032719
2.99494261934283
3.0035020676898
3.06041008146969
3.08129378445338
1.65345174261799
1.64150556346864
