0.244990519090908
0.329132478979194
0.125750848223988
0.0246383063621099
0.793523980878549
0.208237641181576
0.226244140405836
0.226363300871783
0.478115599999971
0.469305886765067
2.37148407146743
2.43648848047496
0.687092024375608
0.69390317381012
0.752531614406887
0.738620193640473
0.669313934391785
0.664362431741396
0.579637630471674
0.603107618332428
0.600354748182226
0.826071163159078
0.811717467261641
0.808213584566491
0.627668745993752
0.335493104268479
0.241985125500883
0.393871720497386
1.10086963635757
1.43045152286528
1.33708693070047
1.33603370866023
2.33003081139857
2.33820390218922
2.38241922649736
1.37067673903194
1.36163553668494
0.872770739344939
0.882840062367902
1.26352314053043
2.44585861064228
1.6818803064868
1.71925311432038
2.19879938741903
2.16114815712174
2.15857730074948
2.64610976021006
2.70785759667318
2.70689089248856
2.70492618073212
