2.49791780179529
2.49436541262796
2.49420076727346
2.49827206660981
2.4944214373626
2.49608637639422
2.49405330346588
2.4845867233153
2.49470713007917
2.49111749364869
2.49963804523246
2.49971068009285
2.49871169719205
2.4994526247684
2.49777942107924
2.49198417814767
2.49467707705448
2.48305268103066
2.43246926752438
2.46944722804324
2.44532934585334
2.47499034842415
2.44159422727077
2.39151384840612
2.46730708244003
2.42255805754162
2.23348918010355
2.03413281361791
2.25965171025901
2.27354385585542
2.41134899848875
2.34929277507918
2.43509139022313
2.4471414502108
2.37338652908122
2.47517993463716
2.45296842258831
2.40776369812204
2.38980992778641
2.24698343933233
2.37810838770739
2.44924095235591
2.3719995986264
2.47162369019946
2.29281041240777
2.32854195827269
2.41463835572465
2.32535540502661
2.43105774376235
2.46574577854129
