0.306548713391967
0.295364550091961
0.295317860043666
0.272979361354606
0.183747859596452
0.246995223531532
0.240149179651141
0.230761612334198
0.231611301789149
0.226444816738578
0.225710634359288
0.226478172759672
0.227237203982983
0.225350570598994
0.225211829059479
0.524974527732946
0.524709942690493
0.524740040894817
0.524710160699256
0.464572328804458
0.46458560415161
0.464593709661432
0.306863903657818
0.137379339885372
0.202580654130451
0.254320026929804
0.253852646566044
0.20816660567064
0.213322228225555
0.212074663237541
0.20808855967592
0.14929595636613
0.302061621439997
0.299905597376525
0.26055358132729
0.256182556920421
0.260467364984989
0.172527736210033
0.185270198188681
0.182537656265367
0.182964106337086
0.188259505281222
0.182720374164016
0.194476913546147
0.931681378533755
0.0911212361071302
0.125994592092052
0.111315793112787
0.116742260802279
0.356146845139376
