0.656504129206525
0.510438529437984
0.404273486784973
0.404234991421484
0.577133144528824
1.79169177090918
0.997241719307178
3.27681740050932
3.58118338645275
3.68903395477024
5.2240576226445
3.67522743607757
2.04763762505977
0.236655668498283
1.64165675484642
1.86000188085283
1.9701102766036
1.97010824791625
1.97011102631742
0.656479975033949
0.340371728746236
0.196945979412266
0.165084334335757
0.252800477262899
1.86844883915873
3.75316586986695
3.7298730815684
3.92370841059946
2.3677176855602
2.35514808171614
3.1249205347407
2.80995714906727
2.78008290992201
1.25083006825693
1.21980441802915
1.72162642384563
1.74330131329168
1.27405446131954
1.69670956107043
1.63846251932609
1.5348265087179
1.52536377681128
4.19548087358398
3.80971859452003
3.81046515383332
3.40547004343068
3.40477637686231
3.11445227742079
2.09508759079747
4.21152307219377
