0.453282124631182
0.0749825042420266
0.0531547923362017
0.0532163168947279
0.0466357410030194
0.0469749584273857
0.0465728317430015
0.109764912873742
0.109724644730087
0.0981571545626224
0.0938482917759648
0.253827619329194
0.258225588394955
0.255553208379451
0.217189307443016
0.210740800323664
0.197789307502113
0.21264405908276
0.163468741247975
0.207205216401673
0.191596745575894
0.191930164024258
0.1918206106638
0.196308228934821
0.498589866462118
0.805531211307325
0.828076326331286
0.491798464145774
0.30349094820011
0.0487688545107296
0.0487786698169538
0.0487651920407433
0.27290494480063
0.96520190387445
1.13657075796785
0.536865108196771
0.247751429457298
0.163250555996698
0.186248505833632
0.300575879144765
0.300271462227148
0.465082744779437
0.277060492598628
0.374617828822031
0.376661279782669
0.120021997012624
0.11962008382522
0.135828251825653
0.102489943276324
0.109946843179992
