3.12388260035532
2.9620543545047
2.78496651722244
2.92033314808269
3.11687702514511
5.11594596659015
5.39375671933667
5.38488018929868
5.27660047756641
5.33100631336339
4.84345726884554
4.6195557514766
3.42547269426066
3.6095130465627
2.49505214212416
2.38046398222014
2.33546876215084
3.28714873205218
3.30205954119485
2.91245997164513
3.85622480320186
4.52431450951793
4.639160005073
4.64390113064439
4.63618451306963
4.33315985360626
2.25726194260217
2.17907661882224
2.18491248505388
2.34099874615709
3.16834983506265
3.36629476020175
3.2242707670086
2.75612376249266
2.59074309641906
2.67807653105113
2.71655311937004
2.69063406751167
2.45477248198128
2.45730671644181
2.13322821784511
2.19320959759349
1.90958579125871
1.87732153905816
1.77269465556148
1.77271227804511
3.22348729952994
2.04656738176499
2.02823538091935
2.02580706061633
