2.48560669928895
2.49286691181932
2.49865049625627
2.49868375559065
2.4977830278979
2.49563859748901
2.49629532191921
2.49544260109127
2.47212954576961
2.4424401583075
2.42894693339992
2.39666639847578
2.27952482700773
2.44998879349259
2.34222007396666
2.45737171935731
2.49746139139106
2.49760971413929
2.49899438341377
2.49784734809539
2.49534814191162
2.4924097213366
2.49675183746416
2.49890732250667
2.49901696262404
2.24049818996561
2.16410973771773
2.30612112499803
2.18721151412624
2.30810331528725
2.4805396116207
2.49680658864442
2.49343246716062
2.49767210788178
2.47921228146383
2.49821412634038
2.49636292662375
2.40338299773312
2.27723105263056
2.30761090321375
2.23500979783343
2.38446374440756
2.43521736885401
2.23448766557544
2.26852199322935
2.20729393922509
2.08775550591047
2.11293452031185
2.12001132309502
1.89094784040989
