3.34160891345075
3.39237349823638
2.9609341673666
4.01545228253061
4.61211635707367
4.56610279603115
3.9651744878641
3.52258788352684
3.44045245728463
3.61852657712426
3.62963843629507
3.25607023104285
3.02552022632491
3.02182403747017
3.02130000010546
3.02173370954561
2.8921296128844
1.98024288926018
2.61098754271619
2.50826970946064
2.50788430307333
2.39459211038629
1.27852662405741
2.24928374425555
2.44664125608016
3.46763748598923
4.73689923017828
4.75824312502294
4.86276021146778
4.88845555742699
4.56075081941068
4.55367480110644
4.54680200846673
4.54565025606453
3.69442029809907
3.68607370808694
4.15878457173179
3.81416324768105
3.98179938889227
3.97187803349789
3.62906401368524
3.48717075687226
3.31468304855117
3.26970597029853
3.64052344019905
3.62686386150901
3.07578810392589
3.97036497358829
3.8147295668269
3.77112817774471
