8.27822621089503
7.78436794720767
7.35418280942701
6.23956278546444
6.61242780180513
7.3045181258833
6.28745292844692
6.02376474010357
5.70215633499487
7.94763821621762
7.05784027555014
8.62007073510086
6.59080555830451
8.54952453425306
8.18306512686456
6.69943195387405
8.10253917427237
7.7798234798429
8.55603120811931
8.19137001553067
7.26659294204343
6.64050733718307
8.72318125960857
8.14045217335483
7.62475990930049
6.89482518186111
7.38407215795585
5.76738134103537
7.16200818206355
6.83265661484224
8.65720876405719
8.32420256330442
7.3783001926247
6.87565070901527
7.62546514438012
5.65731841425903
6.83239022479524
7.08944866292383
8.20518135805357
6.39999524490573
7.52789828917638
7.89883037003854
8.10418964448388
5.81826523469037
7.50282850920648
8.35626961229859
8.51775286917477
7.46991706537076
8.14543874834616
6.68220198083972
