1.70147178545594
1.96665918113282
1.72717713592372
1.71670987374451
1.89529444577657
1.68830158410998
1.9174130706126
1.90320325956521
1.90571599570325
1.72677719289842
1.82175624248587
1.86850276347926
1.77026321768429
1.87939169203731
1.86765108863372
1.91736090253274
1.99160751309676
1.78643064204648
2.01719754088575
1.93322528964203
1.918557115751
2.03677447291939
1.98305404829594
1.89639655505466
1.94560765071186
1.92684024272194
1.99867139862956
1.85136652198942
1.85985579114434
2.01596899767121
2.05507516271526
1.94692474692967
1.49361365519713
1.83043522865644
1.85677336724178
1.72633848803027
1.91389999188759
1.73117569981032
1.82414002372884
1.82595580056946
1.75766629155903
1.67376127773104
1.76400024277918
1.67764043187184
1.76403385099182
1.837693966543
1.83908907398852
1.98106833905205
1.87566677965503
1.86653891256358
1.85713531595205
1.81491390648629
1.74543246731028
1.81086889330938
1.96345364270056
1.82327620612123
1.8796818001324
1.98606473697002
1.73157186746662
1.90631903531238
1.95757460547149
1.84432022155296
1.89005194211113
1.5042633338485
1.76420086480353
1.80781220843767
1.87465158483629
1.85147097728057
1.78639133090691
1.7734553733172
1.86908688688223
1.85378808184142
1.96832418015247
1.73468685001892
1.81978126886458
1.78236013869431
1.88475320565477
1.9061338479395
1.62921090423159
1.90129465926095
1.76114680120041
1.82818794416306
1.89695015800906
1.92863122127958
1.81360738027275
1.93758259489355
1.84361460444456
1.82152142886687
1.86927052347546
1.85416502674179
1.7661224826698
1.84492945722407
1.89259958697615
1.73729784525559
1.64226559653825
1.85184204242329
1.89932456287036
1.83235591635993
1.97284955122624
1.83038167690461
1.68082901549534
1.74630789157128
1.96176543547036
1.73752296407405
1.60316778418692
1.79095159450098
1.6668513321696
1.85584906931144
1.80555422738468
1.95919350064166
1.95558549199858
1.54247706989913
1.75390635401034
1.76422866135346
1.72663222289781
1.71784385261665
1.90678311792763
1.72179449290625
1.85834350672526
1.79851311457475
1.85551511931679
1.87547831438698
1.78276645635144
1.64016208344699
1.56750363385423
1.73071026633735
1.53333426515292
1.80483553392199
1.57640086096861
1.84230264139189
1.74624252763024
1.84263081252048
2.07071232319236
1.66125600623199
1.47318438369973
1.78112096516275
1.90456850312913
1.98206204279108
1.92738400435685
1.53888990433554
1.80309404956995
1.95085893804944
2.05474810569348
1.88272169028343
1.9937786251885
1.746899191566
1.8423390607866
1.80585682602233
1.69422123236966
1.68583574509989
1.84226354905802
1.83577746913881
1.73253924648579
1.77539084209813
1.78824714009882
1.92740011313525
1.85176750825431
1.7599649721539
1.81595799632429
1.55250538906559
1.55138224955327
1.9023850313677
1.90530072192084
1.89874426129393
1.97992430784519
1.74051534027279
1.92708427125836
1.69821527190646
1.78056937632911
1.84239698792939
1.83296986337482
1.8814113132663
1.77615510186152
1.89416994484816
1.79475615590909
1.7482111856307
1.83033202701423
1.77672805534753
1.82942930638232
1.81435938079043
1.7980981052698
1.82302690516919
1.78872940850053
1.82037958448243
1.72741881162913
1.63097090782774
1.88827196186056
1.87817037590588
1.89446477606848
1.82747496445534
1.74305856918689
1.74530382582373
1.71032920979955
1.8145639026847
1.77733437803481
1.76644319296712
1.76832341877379
1.77330487316221
1.78286358515629
1.75379272256756
1.71396794596558
1.70158923362421
1.67111419967401
1.6950781372889
1.78956193743214
1.75024062111229
1.75312520527911
1.72239090160984
1.75191305465982
1.74767110079642
1.74588004784505
1.71011972193357
1.72647176338777
1.82296362044595
1.72727783434408
1.75776004875598
1.77736729325058
1.72932362585384
1.86723091300577
1.77455412550151
1.75163455111668
1.75593098520389
1.75044320167567
1.79712745400471
1.68488188081061
1.71193738109777
1.73947811004657
1.68959747221424
1.7327426658148
1.7393086213374
1.73268092170892
1.77816237927806
1.70424550973819
1.74956928822142
1.70513791642206
1.77969917522988
1.80972152776786
1.73503578848041
1.78898907146795
1.80094773628594
1.72581925837648
1.72574214843959
1.75570178056519
1.76914738940138
1.8075864202867
1.78816638295632
1.78938745219798
1.79098655347184
1.79240306946726
1.80413619863911
1.81267590541202
