0.404244497418404
0.615176002683611
0.479925433001832
0.602302852325852
0.707337994847991
0.605553728220081
0.791273589037059
0.660623035055688
0.727388110928862
0.735620850121654
0.767018906757162
0.732138791076772
0.71988768143316
0.750862224749782
0.81402244349478
0.752316853569307
0.833888426164012
0.834202807705709
0.822344287524158
0.805462179262046
0.837743636266272
0.781225298617821
0.8202876296718
0.84450632633251
0.808491523106794
0.717619848688375
0.781935895247179
0.772007113883135
0.806677122592978
0.80226858049255
0.813012937048745
0.792776605124946
0.778242296023093
0.773510884759706
0.7773713833176
0.772842497483078
0.773480743572328
0.780767768610827
0.793842779589859
0.778110190752191
0.760347385266167
0.734307291677404
0.711998580959076
0.820535208468279
0.7843181299431
0.769987495005537
0.722547343993958
0.809691758179296
0.7242523826635
0.819500928193858
0.754994234904907
0.760565385868171
0.778852360908134
0.787064954331958
0.723841816223044
0.792382675082476
0.714495017299194
0.689056832577993
0.715533727213926
0.698564418616987
0.655750707094384
0.901328596637825
0.784535842968817
0.593831305787333
0.861630165930154
0.227404763650057
0.667902944302873
0.628300060624842
0.79984434870638
0.848661311793516
0.653416831205705
0.799985937705336
0.500513253678187
0.599376044197092
0.802430704810003
0.729427612187647
0.879442221993386
0.714773947840314
0.695384661077301
0.848375736071532
0.728640089622542
0.615784937943917
0.747483702901857
0.824664846720938
0.551785622493983
0.770298400219952
0.859628483601012
0.868196464073315
0.546482912802824
0.653394338159616
0.750673942607839
0.837373818128579
0.594716620610029
0.901491831106868
0.727617051238389
0.901222535215068
0.560432231576589
0.886259015696321
0.991168056172318
0.600312457154661
0.796560414700747
0.641005005692194
0.556638632648886
0.568279713076284
0.715105211300802
0.760723709295155
0.756449278583505
0.517711620641496
0.741904296397759
0.790881099945653
0.669038115364046
0.689130847938006
0.73652165273546
0.871465883649642
0.859211993357498
0.68377229484376
0.698582512092848
0.711163608577275
0.742595036981136
0.741326439477851
0.755975648442226
0.715913582529338
0.734220728642184
0.685376744277981
0.566338538869828
0.866197815048787
0.556651223859299
0.520522922026511
0.677870597253277
0.773929408865591
0.920366822216534
0.91285128018037
0.743880111975953
0.785948179180427
0.695585353398582
0.97095205124546
0.499271590016532
0.439627853377353
0.83043983396855
0.622341955245227
0.280046399075988
0.896725915295707
0.799625423618914
0.744474767426567
0.652247107714448
0.457592696736541
0.74895794789291
0.65587164080983
0.862911350395362
0.800496257051995
0.496443864859383
0.736592142545054
0.648582122294782
0.73573509113565
0.864320616351991
0.765007482421687
0.59376682063734
0.694779016429066
0.784948343826443
0.783130480414082
0.781731897018668
0.832453568986517
0.633528808689092
0.761074181189913
0.79997086248338
0.668450628442198
0.956073998160031
0.710824258402165
0.819194623931854
0.785386050032789
0.896515401163119
0.759317661349254
0.763805817393336
0.767050403170528
0.641125642932342
0.617427674891576
0.648595305714046
0.61994393448659
0.90166576563269
0.767596364610906
0.83402505454837
0.620299150134415
0.775605437772319
0.487461822872334
0.844998097125799
0.748060863520612
0.783151100936624
0.786507275798103
0.695531721837277
0.78869672816668
0.800469334644215
0.870235313022529
0.646119175351633
0.720903588836593
0.627070033003554
0.516050095070864
0.68809259097906
0.609516218931759
0.403620985651528
0.96604385434006
0.511758490082747
0.516165000479628
0.643044379066105
0.588733206272961
0.213166231945538
0.725266246081517
0.619209914030637
0.896792298169009
0.75790926160207
0.715564729589898
0.719671053688702
0.65262344717005
0.395658280341711
0.670126199266014
0.999819771422613
0.743952111727281
0.475957213083363
0.327828680536851
0.612547858928558
0.769473451993735
0.835396497031856
0.547307733675515
0.975231539387665
0.968359330662667
0.837070016788316
0.97299143500196
0.908719601878852
0.74931118710001
0.963971176776097
0.72731039915526
0.741467193492341
0.600145442147708
0.715772022922067
0.507989267714347
0.63558745642486
0.759384178342058
0.71445165657051
0.742231437780612
0.670993968774773
0.792281923713261
0.534326327606501
0.659702708329589
0.723384183082619
0.643756430083638
0.571868456921011
0.583476232350152
0.774166868487902
0.86600925462517
0.769760471906171
0.859271413581241
0.604998543051456
