0.17
0.122936085400311
0.096429969884551
0.0965888669185086
0.178774813987071
0.110989579729309
0.104720014197212
0.0985665641881558
0.130339722291263
0.101757690160603
0.146823163886626
0.116348757325892
0.137981177213612
0.116824695827483
0.138635458371728
0.104439886767955
0.126019067018808
0.107220105352136
0.0786083174316275
0.0978918875780671
0.096418338777332
0.072780528209424
0.0843655443538037
0.085553090111673
0.142192002590574
0.0788138250756729
0.163892706054017
0.0788568472426411
0.17028917673006
0.121493461165946
0.116388706511023
0.120630511776452
0.160081162392982
0.121933678656882
0.0810992807438197
0.0869690370930149
0.0858454811154558
0.116010223652095
0.0923569631232386
0.127440151288847
0.0693127140499325
0.0942339837905576
0.194348208844734
0.22284953688663
0.158925693526524
0.206544754037154
0.102102524971626
0.11615795424508
0.0868815296928788
0.108434103128313
0.211690573238173
0.141935955274561
0.108394440266021
0.214097310091271
0.0802763392935346
0.210284423610379
0.0699133868552578
0.153541748938399
0.103491129782545
0.165501868599666
0.110773879509012
0.0995467057816102
0.143289717494506
0.110874170116068
0.0730727456450956
0.0865944905183578
0.142580265624201
0.209991267483014
0.28608961139263
0.091387711738131
0.132434738935416
0.124641478266514
0.134801919212705
0.159055496792152
0.0797165580898274
0.134019166338685
0.112866029187048
0.135144194865918
0.154464257835966
0.105137658396842
0.110267786573993
0.153655003154021
0.097761302684314
0.0846283005726385
0.143026587821963
0.0973437249256858
0.119052661801016
0.167665068818688
0.126602967396629
0.0741046508669702
0.123666479549414
0.181652538442762
0.152928350655064
0.0675789596573192
0.0749638001311083
0.0854461591911678
0.11964170265871
0.0880430916757522
0.0865594213446021
0.0834300438057672
0.117137944759675
0.0944152919811872
0.107565145473012
0.102182917032777
0.155733321871994
0.163269070315153
0.0971877512756818
0.11593573982442
0.133906712328892
0.124983630086927
0.0696300071264758
0.130934464381144
0.100223303446754
0.0990442002207111
0.111955975201422
0.102109642705652
0.0822815866645215
0.0904342319607635
0.218782195811301
0.0912236659225726
0.0984017015999603
0.135500574394524
0.0941089550152668
0.0858507241524386
0.220063268221967
0.0929775393803654
0.142866320487976
0.0945598013653731
0.161710482218701
0.120727551109175
0.087601728607103
0.185889112856164
0.142436036089642
0.121235436392242
0.154870187305786
0.105592969046841
0.140286882162174
0.107820429503864
0.0963243628582608
0.153594528003762
0.120279067649477
0.118386703662015
0.121809649428727
0.100713312062118
0.214402422850223
0.119988569463337
0.11432499507148
0.233371904948253
0.113274626742758
0.106260555621816
0.0718253698146518
0.117118674558621
0.111753656714329
0.092471626183346
0.0917232047951997
0.128171207952239
0.220919924163331
0.0690518087127601
0.167509408567196
0.081574459876974
0.245619804662698
0.133739113588654
0.120998936342221
0.149561417700571
0.103709390383703
0.191480508658488
0.0772544037873379
0.082397621132058
0.0552561957164051
0.149358649034147
0.072469852402582
0.0695683988891481
0.0596066776597041
0.148604326774294
0.112443167852467
0.150216973445863
0.13020283956974
0.104694491534612
0.0704000470729609
0.123740964899045
0.0873362140461788
0.327717388547947
0.117731378512344
0.107437828974599
0.177241865390756
0.115908292129767
0.136369637182343
0.0909721248242496
0.0896246840647746
0.186901246498238
0.0810268100046112
0.244724312549625
0.0896056436299995
0.24160892780836
0.0817786127543469
0.133325526722068
0.132461064590894
0.0851375660773032
0.132711609638742
0.168160608592777
0.0818534473124894
0.101971898026128
0.0774621095553258
0.0733002055811128
0.0970333203683657
0.225317572793501
0.15985238907385
0.167749579627098
0.172905394640143
0.155095178279148
0.151460418683283
0.112656770546079
0.0805202335397112
0.176159577336382
0.175707514178907
0.0846463203826895
0.0935433012039488
0.14090346553944
0.175269981300835
0.145222181907514
0.0965958650818514
0.0933581258729528
0.130300601693032
0.12645085069581
0.127767942704668
0.116297997764605
0.142000066632436
0.222157883955697
0.171273346804403
0.103917701583334
0.227909011048977
0.192389519732796
0.118488988073346
0.0681133996872699
0.128892438729441
0.116973733463054
0.112789401105423
0.171173512553638
0.133692693702699
0.185316676485641
0.125438448316915
0.172548831990657
0.113044019976198
0.144789492804564
0.125996720003233
0.144818809428476
0.18372998264023
0.133959298330408
0.138052128132805
0.0921098646365664
0.0972704696176125
0.177579452357355
0.167745676674044
0.0733137940570193
0.156229438544898
0.121861584453886
0.0821157834785681
0.110773678083362
0.16499121331446
0.166921480241662
0.15114692972898
0.201307071708649
0.103630500420056
0.107376849548661
0.118418185434221
0.161432692427163
0.0752571006641126
0.128672789052611
0.111981123703834
0.146883472259808
0.097127327348306
0.137739630633028
0.0619556051307782
0.109484995846397
0.133999789282607
0.274794921538655
0.138127910486647
0.153171775842348
0.170309438574316
0.295292451149626
0.0681518166268823
0.0937194914805068
0.122077794587998
0.164107478658137
0.128366933133361
0.162734435416414
0.0655601968338293
0.132702431376573
0.321194596409876
0.112057227633542
0.119203878639312
0.0629685358842227
0.153943419677703
0.11602899006048
0.105498878749609
0.160810039706365
0.117475388140404
0.145143809888874
0.11135811428993
0.102655441889146
0.101013446042501
0.236438096099527
0.0908957549634
0.0735242358018888
0.146026042977542
0.151599155312382
0.125672927015968
0.135931792141382
0.07101282452063
0.0941679306153051
0.167157309436312
0.120684169174554
0.0728115615429618
0.132057615910853
0.184437187304327
0.199398394370856
0.132472267191148
0.122163127225803
0.169351194376674
0.0992661283324557
0.123828332086802
0.117007299717383
0.118774789467728
0.096196297858499
0.0911166625011457
0.167410479104061
0.106521930898197
0.101957657394192
0.214364373856904
0.0770870405651893
0.0857136504481133
0.136002502160309
0.0926750909703155
0.0740024540697424
0.177332894266236
0.0922921488399627
0.157492375589762
0.150983406317758
0.160561679731134
0.126070380283629
0.169168816027822
0.0988435120137441
0.131878766378821
0.109894704583145
0.112093928176814
0.161227367233564
0.138014954685951
0.120053002670062
0.102902354945352
0.111266666453859
0.14358076884495
0.14913548522763
0.150139810020293
0.102134894712973
0.100246701871243
0.118130034232132
0.210050250636807
0.12819214590527
0.0853569393449276
0.0769676306640736
0.110609718315989
0.107127891602677
0.137505318644768
0.0891397205389132
0.12892470548427
0.148787267648717
0.138002638746024
0.117476100650557
0.0977769629615612
0.142199184033023
0.287162300808422
0.152166428507617
0.0882236857455524
0.0838001870132776
0.155996637076945
0.0854129671730053
0.0779912876213469
0.101935151529185
0.0702537628068517
0.0824707781895481
0.188073226946046
0.0836772655157304
0.131266795063888
0.0729312568324256
0.121643656727142
0.113072863922077
0.0542584152448496
0.118880217169613
0.179710436273661
0.13882391369921
0.0896484559677683
0.125076643068353
0.109018831003071
0.123478948210054
0.233191705695448
0.112619669158948
0.0856643741823208
0.163050070361338
0.168732653026706
0.101436434406004
0.106635208172413
0.0617994743087664
0.151378777566108
0.183827887354422
0.0971037655477439
0.10003586893641
0.0793676548986057
0.077081166498368
0.235812036853583
0.0993839352035165
0.168544574500322
0.0998157184615347
0.0972165443381261
0.171371593547126
0.0899796406106682
0.197108682526995
0.0958316098989386
0.0969904631342311
0.143207473479043
0.236925823649542
0.120265387607002
0.158260909862319
0.0851160772800238
0.105148936021848
0.0720436500331036
0.173694265428818
0.116603786768515
0.107241494633691
0.154897480308922
0.136124720849995
0.274657124735812
0.0980429314172381
0.112840519844692
0.0984131649657991
0.168827998697992
0.108156528217796
0.182933974318182
0.0704070742604649
0.182879515084605
0.101289346461018
0.120643100545926
0.132996202329626
0.0754131444596469
0.106803001951508
0.118781859180514
0.172986184908853
0.107396735731404
0.17271548435153
0.108382526811248
0.0732437395755723
0.0756326171446322
0.174609790193967
0.0713475563013984
0.0812978226978902
0.174418793445386
0.176055673186171
0.133332321038997
0.0973609703406277
0.111942485137518
0.0856703700420055
0.0942918751718128
0.0824286070642644
0.0995753589039682
0.115920065135189
0.101945993214491
0.0771260752297664
0.107204562295566
0.105781663601324
0.109110733754343
0.125709824600652
0.0648256024720792
0.126547831866561
0.188575617518004
0.119711590759979
0.0815646100269095
0.0830224692417946
0.106431537153376
0.140411210023962
0.0780741662052862
0.11718783040456
0.12416934217747
0.0672491530363118
0.122607668563902
0.138503722813614
0.0885070220768677
0.0930318104981028
0.26834456163299
0.131159796336542
0.144855806539269
0.0740784019395679
0.0786213343427428
0.104423968209784
0.14441769449311
0.0730209333756509
0.14468867836247
0.0737125793077634
0.124669073059316
0.126186747973197
0.0781579817526828
0.0958092661105207
0.0885068708854364
0.117226273169492
0.1298045413488
0.0971448216449561
0.0851919659979672
0.0913511679151584
0.0880874042227071
0.105371275837142
0.157398548685179
0.119122592297027
0.188479120642451
0.0706671561646939
0.11741825947046
0.139519146280424
0.0657632893603905
0.100041127273146
0.181738726118736
0.0722328504306597
0.19069941043989
0.151223880322381
0.0998191354584394
0.0781997787942017
0.0626809146486976
0.0753584242338097
0.12940108173774
0.080912661435515
0.071998644475609
0.167519711542076
0.124052822008173
0.127153013979409
0.0953829247489686
0.20385553417967
0.0802481745664645
0.100441002976711
0.0700370548540842
0.0869547226968149
0.084762008597807
0.102552413245489
0.0966010233118937
0.161658594696542
0.131688682899835
0.0967487333055697
0.122673132366737
0.166441739926697
0.195782358840216
0.137509340423893
0.0983694597981622
0.204803627926106
0.0962120442977779
0.118942673684878
0.166172414460039
0.120290532520289
0.0690414565663931
0.0572562351857219
0.0931569166991874
0.0886388561322815
0.0953421454817936
0.0808800235446561
0.11529353348077
0.11871658796569
0.0799042777219478
0.0945725292280558
0.140911424914558
0.137111517028859
0.0738131378647246
0.059567306632247
0.199464839704852
0.121402414411333
0.146288324472243
0.107676925694581
0.0698680439831051
0.111635303446626
0.121472334938673
0.103364801698047
0.118549075134922
0.100558053841869
0.115693157986193
0.14958194985328
0.202986383305392
0.211403797675642
0.148593659505613
0.104235087545768
0.115715417203253
0.0969816300166307
0.06915422958347
0.0927025809201583
0.119567810833621
0.0569724182671118
0.0629253144449003
0.123249588254371
0.107940539457893
0.137178032432728
0.0767631396193423
0.111069820397006
0.0851058103245088
0.0680195686752388
0.14034836205086
0.0590164062249925
0.239516305271382
0.0811943132614778
0.256568723638638
0.117750171721897
0.126061364611861
0.121455422722542
0.0914694236642995
0.153614386212602
0.0945018187327576
0.156472746095372
0.116214803921012
0.0819822768319153
0.153704609406802
0.093924548090768
0.112167009964104
0.115918773833456
0.180511278318426
0.14427913980953
0.236136066423236
0.0782141324465418
0.103307813580115
0.0986938640543436
0.0978113957607073
0.127250232702224
0.120442788822412
0.153860870342521
0.138425139953998
0.118531546653777
0.0732531970287529
0.0698568354450845
0.116335374108928
0.0989919859004787
0.142369671307842
0.0586843803769663
0.0984443977563633
0.0762652921072248
0.0945633202009649
0.117846818005611
0.131098259442516
0.115725700946656
0.0795523043890985
0.182318630000187
0.101449601871366
0.0822939243577051
0.147597982468335
0.143757725263658
0.155432640849778
0.109859277757362
0.0892294689884386
0.109571000217029
0.0954980902718923
0.172728042942067
0.146951443599722
0.0889352789720878
0.0954764026867215
0.116867194154541
0.167143567808536
0.0799774674565549
0.106572217192272
0.152087876788398
0.0588273153707103
0.108175572147869
0.0872805922126963
0.111952698924878
0.184196171652119
0.116752086833401
0.173596209005599
0.119913751424677
0.145099488498074
0.117486457994289
0.118139366944469
0.121946092323958
0.087056750975359
0.117903468718762
0.141146812571145
0.250037726491657
0.0851924953582324
0.175361064852864
0.056749803928736
0.146010084689185
0.176724218631324
0.166485684632396
0.080487699302139
0.113911064598708
0.0797838778127451
0.111470399167648
0.125196324788543
0.138987617930086
0.156895234503966
0.16198482354184
0.0843302449829618
0.171451465934963
0.11010805315622
0.192033581663554
0.241384521831425
0.179458619725788
0.173012685493559
0.180401506871401
0.0833537975981856
0.131471531363066
0.0740875554200895
0.146783809673646
0.159634820787069
0.0830913759430312
0.265667636427263
0.167192181985265
0.101262195288069
0.0994742502932917
0.0808728898346927
0.106219992146163
0.124607932736293
0.097334142826132
0.0772506361252728
0.0732199990287376
0.0945648496518432
0.111953967926487
0.107077423522572
0.0860588569363988
0.0827488719046088
0.126047396918149
0.0805042248346801
0.167173845427615
0.0886547200302432
0.117573517812093
0.129370368049663
0.105491046062706
0.181253461254044
0.162870713948296
0.10639475830809
0.111631662044964
0.0997343776724726
0.0850872093344071
0.118489063676532
0.157858804210219
0.223479961351908
0.153558104523538
0.123646272000489
0.0906670117440082
0.0649633280199808
0.0593658621702957
0.0753920573670811
0.132153799245308
0.0842748621215567
0.0777683310079268
0.0885058065228803
0.193196646641244
0.149635701464707
0.0858697493355435
0.144759264683686
0.207285019277988
0.138549983225368
0.0781720468311175
0.162724346174411
0.106439439002779
0.162624599118467
0.103995045614351
0.112226628060405
0.0958427963367341
0.166337888391313
0.131512209410739
0.119084975401684
0.102282227017109
0.0976332771645367
0.077839892758829
0.11560232157889
0.0908246929172113
0.0710920128031402
0.110386655530034
0.0646434121714681
0.0900434438057129
0.0721001438780019
0.130337543285698
0.118491234072847
0.119837936490858
0.120374488329152
0.0964012530299788
0.170101514734639
0.141563244972529
0.147138783771669
0.191442015433132
0.0893669136815191
0.0758910557484735
0.0914402730328946
0.0961355390719788
0.0750265214249507
0.201145861375054
0.208555901589851
0.0853622010919634
0.12091451518
0.122894726575891
0.0825031288252062
0.101923376971868
0.0980700253549513
0.104496517090568
0.0906672192336006
0.0811632875894457
0.0911737919050628
0.108510695803912
0.128533581566103
0.114993963808428
0.0612967119708871
0.112259714867005
0.0940468984155889
0.0934354694442682
0.0872278765768559
0.209041049490588
0.107135433679366
0.0639357257196684
0.116891374175931
0.14270728522793
0.122438448039294
0.191352856066062
0.153676942995535
0.107415870830915
0.0779587575140036
0.125787142842702
0.116482026136347
0.113161544189801
0.150098930479098
0.149648344188856
0.0888665341692453
0.142526052640159
0.0836329407523578
0.0930002721092048
0.173565010488088
0.157917321675482
0.227257233467315
0.147995094135479
0.0925454039437393
0.0971953218622709
0.121205489518159
0.0942937522115149
0.0667398019737724
0.104830716877407
0.0778549056845876
0.169270934398647
0.186399139335537
0.0695568730967588
0.0727320471027085
0.06476648445213
0.181188161794192
0.116269960471566
0.198978885291699
0.142572847913915
0.0692191913762068
0.0589979756891253
0.176185946972591
0.102762966954815
0.169648660181158
0.11269273982707
0.116302348444854
0.137707130299214
0.182101368747481
0.113146532192384
0.113494849153301
0.222210563729797
0.060170603563614
0.20396501640849
0.144955908181533
0.211670971859942
0.0954076387659341
0.181615561120197
0.0831819254436082
0.130573922877719
0.151509651930489
0.0897991855745704
0.0866002121555211
0.108850288940423
0.095666922952473
0.169064880026043
0.0895989437087435
0.138616497068259
0.0898933734352885
0.195614090829732
0.129429659605745
0.10726812908156
0.132532690178066
0.123981909403881
0.139085117185974
0.135472019594644
0.0910445154319524
0.0732141720155083
0.135680936289547
0.109246421519535
0.0782908631357798
0.139404206484994
0.188515670061728
0.11977852433667
0.100769642100203
0.117081758371893
0.142899531894565
0.0660000878369544
0.0934629382951574
0.093585436834191
0.0834739615244581
0.0708553444685523
0.110139956018973
0.107232604140643
0.0931259750100615
0.120871074208766
0.118604833143289
0.113136626139301
0.0960090841989647
0.188841405920471
0.159402584211574
0.171881535687455
0.145882787507158
0.102517565310279
0.0927944431233635
0.163738414944061
0.0717751202622834
0.0962125814177478
0.0599625485160927
0.202504695706203
0.0979594660312872
0.108916909292445
0.104715975690649
0.0714713447925359
0.0820495025818827
0.113964892635818
0.188195453826114
0.0939017074422679
0.167882208377487
0.13689460191747
0.0658246907048158
0.136129578384758
0.167557584569652
0.121828293652647
0.111706922998431
0.176285620602613
0.146438324837338
0.134718399204762
0.0932249841434347
0.0831682122948041
0.084765364238568
0.175414835327924
0.0675619836865499
0.124796468536225
0.093845150981771
0.133803945146601
0.137287268541584
0.14026483336506
0.207298965619853
0.141329322769201
0.0858935063920574
0.102962203026176
0.0664355534026448
0.101330285214463
0.0816499386834127
0.124520456537611
0.0995560186950132
0.0835360125885975
0.126805770530206
0.0906752837926006
0.0989484193874437
0.112884611612278
0.0821736001608005
0.130498781719254
0.0731264310658069
0.0789886632599579
0.0694034798836496
0.096484433934112
0.205093041704296
0.0606475613893845
0.0695082493498745
0.0709253374999675
0.101723149608665
0.128365177019721
0.0711363232104005
0.181332412728547
0.0931120939546599
0.171639099176415
0.093809035785601
0.112758125274493
0.0669337165479658
0.0890062247811002
0.0896995421248545
0.161555403948697
0.152317694062043
0.122074777130806
0.119978735771837
0.113742474603104
0.12393259720185
0.115287191979387
0.206847831491316
0.10648388496453
0.0929777788486279
0.192229770341039
0.203557475031891
0.0751391113206968
0.0797675292210255
0.122397500219241
0.0733701541612553
0.12159004942108
0.0917978703028606
0.117431400238509
0.0978973768733141
0.0942369656093825
0.123019757576381
0.0975681483394638
0.0653956954699744
0.167999208812114
0.146520927350401
0.0784093630369964
0.0704957046613953
0.175681793951284
0.0639402685098724
0.0858215553151931
0.0973208736785308
0.126263541403222
0.0707206172260927
0.269813877287711
0.125919170188241
0.0762801961615791
0.0946744231243383
0.0806401466682412
0.0754092044346738
0.145312241776741
0.0765467775837228
0.105531732484413
0.117094989567246
0.117536064464799
0.0906302286182068
0.148740194118616
0.136220215874125
0.199612888438633
0.0770348398378908
0.0607448877902176
0.0958172826247874
0.0641910223898633
0.139888674137565
0.0810984774520612
0.161514635473158
0.138689222700014
0.14247522639862
0.0981099732853909
0.215126094243099
0.0718535547670916
0.106372329677051
0.0740238675990687
0.0742146117217669
0.158907363811758
0.0800012168140276
0.0778529612986811
0.155100222471493
0.102716096577013
0.145599536448734
0.170847654870434
0.116748753572861
0.125534548670903
0.0860365245491092
0.10299298786138
0.0983873787591206
0.067868032085703
0.124274732201175
0.155794730809501
0.0894453720406442
0.153152759585866
0.0906429714376689
0.160745466740364
0.147426035215535
0.0844793049140593
0.0922266157910143
0.194334832400785
0.143875137492835
0.0880874409852054
0.221945647696311
0.164940787306591
0.119286913153669
0.130239458190786
0.158943438262512
0.0906929452735008
0.0807272586682696
0.104576637968695
0.192137458425404
0.123053788583963
0.113804735878289
0.0641946751014532
0.10075501444121
0.0724735144718076
0.0800660860589559
0.0980124467913616
0.126076744446018
0.0601666580201981
0.108198335147919
0.137646566775125
0.116482651496338
0.0982282211923821
0.0931323968574259
0.0599518463535435
0.10179437703422
0.0654240934731805
0.113653604724287
0.166233064466207
0.146438315361103
0.0897996610827718
0.0917700727675435
0.0911186128923204
0.0767734178451293
0.0752163885385175
0.0875533834202455
0.0597141324198263
0.0795929731791646
0.113380077375795
0.116932790067461
0.0726141140768601
0.0724178238934151
0.192822367805032
0.115607904518209
0.110114839207156
0.0678446650714399
0.104884519947517
0.172701889074642
0.0840183733401398
0.114915927698514
0.143257274491879
0.151190021463571
0.191430333059462
0.122022324804833
0.102622210654257
0.110949661302428
0.066391543817858
0.19015952754363
0.219471403535893
0.0821438279300201
0.113613160466744
0.138006138323389
0.0755085823814307
0.083449718467368
0.189652918306082
0.0939381481713682
0.10463234061739
0.0967279649680181
0.252007001249629
0.115050808143886
0.128466289895723
0.0936796693465028
0.0944170648635729
0.138178639935296
0.18596030398904
0.158588885844156
0.0839992614434601
0.156543338276021
0.0696008343924851
0.191764559750363
0.0762210299502434
0.267074477863926
0.216749431308531
0.158193614463173
0.138310831857125
0.136188590209894
0.105464810003781
0.104699234607532
0.0993601385813508
0.148329676131893
0.121979700978395
0.132857626817051
0.0770573546340544
0.117382708351419
0.180485329872359
0.143198673006513
0.13765360171523
0.189732895596749
0.0642704098472643
0.0912877072828368
0.103973744864841
0.132032776320143
0.118938684765015
0.178959027958593
0.100777129879259
0.0825926627118903
0.113784224377627
0.104749890316016
0.243128990946472
0.0777594659183351
0.124641700445649
0.169100607440774
0.0736238902464019
0.149700832432131
0.10974308058798
0.121263911948564
0.089583416794928
0.17017974239948
0.0530769836978751
0.0587046374475361
0.110351310823992
0.158283279512763
0.107604517413851
0.0650133923661343
0.0689792335745478
0.0733584100518923
0.0957173921724168
0.0796623369459542
0.0651080298015086
0.108726403581035
0.115783764557063
0.0907406534281421
0.169345702906703
0.0977161987014034
0.114210514606034
0.182885884785756
0.117797777881351
0.0872704006270407
0.303082801541618
0.11771398598489
0.11307741405797
0.220566266585109
0.0725809651499874
0.12638434383428
0.102994706156815
0.0859082161965197
0.0720695353983075
0.130015412819677
0.114618542231248
0.107282534537142
0.170664914827451
0.107839954427937
0.198393398918801
0.146696781168567
0.11602672092765
0.107172452479877
0.14331376452203
0.083285331505023
0.0921934197530039
0.144842928963432
0.179115794979545
0.0842425982423717
0.157949276533306
0.133323139485507
0.184422121398394
0.0870700422344431
0.218896790204729
0.17153204862665
0.129856538361939
0.146966190462612
0.128765173589225
0.0593558868216913
0.10714583385304
0.0836068539329761
0.146741935902897
0.140877535571751
0.219958064113226
0.107573126099528
0.132099624777946
0.171365517299114
0.0739271173519989
0.0767275563852637
0.0992012155971301
0.178673822352245
0.142486832500561
0.12151641520167
0.144025790966772
0.126868849508062
0.0780122724981217
0.0818138002003507
0.108274619928252
0.115463762799578
0.128306129013028
0.110421584250287
0.0695025727681566
0.0936438224540372
0.175355972728893
0.110771102744699
0.0524608737921312
0.0606061157190339
0.178407582485562
0.0872878591645142
0.104076985023508
0.0952778043060213
0.119164165972599
0.0794425127090016
0.102600601062235
0.137776499897194
0.177598901706613
0.0630348719580894
0.138300564810796
0.100806507789555
0.0719255784226915
0.0862923479904385
0.122010166666158
0.0652880092337246
0.139015285027163
0.0813832759997168
0.0985357361817709
0.0808742726544587
0.113187666482904
0.126577680330616
0.113105707957957
0.0915398069401663
0.112106914809085
0.127758072170906
0.236486451302926
0.0916505007166489
0.117549486229986
0.133436281897165
0.109857414973942
0.112543145064434
0.110168088031602
0.0974110049292032
0.224822269880022
0.18415609929302
0.100267466101257
0.0715026575838794
0.205573779421756
0.0789188208059561
0.080115268345147
0.188197034134063
0.119752020376143
0.0970130658541215
0.0624622686066706
0.106868044248455
0.165001821835209
0.0877047268305664
0.149525939521575
0.0994856009387871
0.114913318076117
0.0791687978467396
0.0774665863991524
0.0701593637085484
0.0631919850056417
0.0919718544352713
0.0823062460488635
0.107550774502154
0.0946765575203539
0.0945136788733539
0.114058884927767
0.231516880931416
0.182196943341944
0.134526018896484
0.0764283950180808
0.122165174197102
0.155786317533597
0.122983778906778
0.0868459715139345
0.152399033413548
0.25200980964141
0.111510289540987
0.108606825386989
0.0753774546257277
0.0647905345013894
0.137851188001363
0.116790779146938
0.112815079231249
0.189749147974161
0.19181914704624
0.101704726408951
0.12794054330162
0.0879197289683725
0.0836213273481336
0.120281391199764
0.0982208079967448
0.0960186109152962
0.178348829488575
0.103183184978112
0.129938604152564
0.0811165910381369
0.126377550152105
0.0958124831279219
0.0764570522774239
0.110529246156816
0.0809687384470188
0.0757935255251782
0.143993843525295
0.18933443036216
0.0901533933516138
0.123400874053571
0.178546502834134
0.0817165550933034
0.172597174243363
0.0962395800682498
0.0835910022840749
0.193721349545309
0.0694860460458773
0.0793733281470196
0.139463234180048
0.0597283366329484
0.0977654755968925
0.113728639925227
0.0847006783029895
0.13088266610826
0.173290200824002
0.101571240514358
0.0835187789986755
0.124637424930244
0.104822613238628
0.0856374047247196
0.125438426304412
0.117445186963216
0.123003072213986
0.151162311387039
0.0821667096073788
0.122915944274408
0.132174669670557
0.194945279716399
0.119329802564162
0.130521963506508
0.227314449873366
0.144288803508429
0.0849840011783479
0.204804258762579
0.102508624966277
0.12313159467505
0.134203641349015
0.121751491882692
0.0986730800756626
0.072978885344526
0.110948553387973
0.0982695663950833
0.0843841859869047
0.151745267296414
0.123391742492636
0.106941733927297
0.157356459698256
0.0969849613010652
0.092545792301458
0.174283533484023
0.0935184975300321
0.0730767285357882
0.142553910243609
0.0784359084602454
0.128767537870189
0.111984963847418
0.086321484315296
0.0832593591590524
0.142443205913883
0.0934697952760323
0.0884175260957815
0.148325451974666
0.101355152647828
0.161221776418805
0.0790700982363625
0.125712603822127
0.219314157309211
0.134733821628805
0.0812252605712399
0.239685750803508
0.0888837866539412
0.110847017452355
0.115223459246683
0.161680869895951
0.15274603437655
0.0818264769159628
0.0791348251606238
0.10662349547878
0.144961672760698
0.0751158131459616
0.11410763250345
0.124382649955495
0.132053697883042
0.0713408401297096
0.136287847441492
0.109018294793502
0.0730979113936171
0.130071757899529
0.193683933065688
0.100948375867797
0.093765458610894
0.131460329717039
0.225192853430574
0.109240394713477
0.122397027134272
0.106659376891868
0.115477700323644
0.0838009893983547
0.0941847103727078
0.152842837612241
0.0612035196596456
0.0758991449559033
0.208207086485972
0.0729301134305411
0.105583669350045
0.212903894584844
0.0621955131506307
0.158178235602799
0.09899057995568
0.267361106770372
0.0911561757007847
0.0954006144969594
0.123399998845664
0.144284520818929
0.123307492816788
0.0644477596777449
0.2803886032527
0.128990630601571
0.15444878619556
0.0735168227750719
0.149450362747082
0.0823382928564284
0.148100300450729
0.151604288055447
0.197272730828777
0.0666463014479214
0.0819502145113086
0.159347201541534
0.112675915188093
0.097153310055699
0.157389055369513
0.112189160627956
0.147636403220411
0.0943842578294796
0.143691392843876
0.0736072387413786
0.0904715618922891
0.0911454079379008
0.118393242596887
0.116695305499592
0.137080462954034
0.1157625325632
0.105257384091852
0.20453253531187
0.0716681505647874
0.141553441009904
0.104471152003903
0.170551493592541
0.0983396623176765
0.102059495587894
0.132710792445484
0.0878118055415963
0.0866105754150646
0.126802398390869
0.151308509241018
0.12036670746222
0.0663995481867177
0.0900635542805598
0.126109576324233
0.151866155006919
0.182324769387861
0.190449340303863
0.130530150811976
0.12103326492584
0.0821611305689405
0.234618602059704
0.120521687470008
0.105602516018522
0.0827800931738962
0.0956268806619925
0.0967403774356115
0.0803688006591451
0.116396392712196
0.0764146645241301
0.101174287591074
0.107618616207252
0.109121818102219
0.141529175780771
0.175683830598028
0.0710655462780157
0.0852367086298513
0.102079541911116
0.144308510193401
0.205105855042456
0.162549194659068
0.163188128980407
0.126241753399912
0.0991895880704002
0.089409511916913
0.145455960952073
0.162198409897002
0.110762271742628
0.208899466074484
0.136960872783242
0.183534725230907
0.18824912735349
0.10129339482761
0.108886172087294
0.0887203933468985
0.0752159798863661
0.185901086052473
0.105300143646271
0.0910294929258166
0.356443127598482
0.278326683345489
0.0715309425826821
0.103805531795926
0.136390199117027
0.173334259926509
0.174837470942696
0.199633860410522
0.207272083623391
0.164726975341455
0.205909147290811
0.151908714031441
0.102874626983794
0.0570607931847882
0.0885343019214368
0.0958364805684422
0.0883403060005278
0.203697640827745
0.0745437483405496
0.0770013528833765
0.0737603927701094
0.0922892948393084
0.120663574670566
0.112586213207237
0.157349416533042
0.170107956649308
0.152153492438433
0.109585408548599
0.148727053405944
0.209184163568049
0.144299193806351
0.168145621924916
0.259667956989974
0.150898952851753
0.104015553209294
0.168059500128215
0.108436265969619
0.0813525288464931
0.113369025689105
0.183410898222993
0.23849408726897
0.0949390227456895
0.0998688917533941
0.124311208055175
0.270902295196285
0.102825163587705
0.100683109743508
0.140615752684769
0.0679205627397385
0.123626970442516
0.21235559278497
0.139233856194204
0.158758265273578
0.102588942966475
0.135005140206596
0.177114274362133
0.107382117952486
0.102480699294326
0.0961926493044681
0.189049214162905
0.0996947504537207
0.111913161961654
0.200427825535481
0.270465261623796
0.156178408988953
0.147437900479699
0.115032835523706
0.136417288851321
0.169718789145486
0.197510226563849
0.101133885003122
0.14160929515052
0.139767690571231
0.150684451532815
0.146908877987968
0.124125318018581
0.108933500622976
0.083848757693905
0.0786297805772974
0.126810147519983
0.141510833801432
0.113605657986307
0.0965692924877226
0.165278083031652
0.108502895904297
0.138945329816141
0.0820269738272385
0.115791257849955
0.183523326285164
0.142394767787852
0.104709393617686
0.0937279479413672
0.15165856619546
0.182394902771499
0.217071699783292
0.154598266530963
0.171636079983095
0.187127855334955
0.171483105101165
0.0980125486889412
0.229203333639589
0.143592225066607
0.111246848807219
0.120007752016774
0.0668065280586492
0.128484905868671
0.0745963028008452
0.12202608924426
0.119212500375493
0.130310915192417
0.263299062014199
0.0792206210740139
0.130403988723225
0.127539429131783
0.105530408782862
0.10156989818056
0.133964506029244
0.109262402535389
0.165435882310267
0.119956880820943
0.231704807810834
0.226988108258693
0.130527762661227
0.0976859366291635
0.124125783256662
0.116687465657675
0.0880526403430206
0.0784688369281738
0.100977857293425
0.189473071613524
0.122716890006102
0.0940453470412323
0.145288869254452
0.0856693543809969
0.119139603745461
0.205589916921344
0.0867113367260283
0.12024132034633
0.0773358678343462
0.175334760273558
0.177926763701382
0.107715858262043
0.154200786279549
0.0949768088522437
0.11898538051496
0.191076056891273
0.0620563870010127
0.0836165551031283
0.0821869236667123
0.0867440059547229
0.114553098549658
0.0754451033807522
0.174978382271272
0.130961141934849
0.233712233164601
0.141588433230599
0.193565154330748
0.143050786090829
0.256945583638765
0.109807738974045
0.133842223330495
0.0817833799774674
0.187842398652736
0.0810772265260565
0.101518463133385
0.0697917877960991
0.118131311529286
0.15250672342186
0.146613366835866
0.0961496146397857
0.19443459556645
0.161839457304406
0.122178632677835
0.0913640399444739
0.0693073309365731
0.145890810364623
0.1027904329506
0.0901013816692761
0.154915821373625
0.114050356070824
0.0978047689211589
0.084177619308767
0.171021911249993
0.106429715925593
0.142638124102204
0.0942892216810377
0.17008399535809
0.103350027860009
0.107482984765567
0.101370422444102
0.105669324144692
0.161583724416422
0.104635078367059
0.101438567745499
0.138172703218791
0.112327384726295
0.105274401583309
0.180813369375059
0.105294790271567
0.093009660450803
0.22811254222548
0.125594015025486
0.12977899935154
0.163454126325949
0.124748949025243
0.115784613645181
0.14996129304626
0.248163124918184
0.107054786196884
0.123611638862781
0.13166128517495
0.179513450576521
0.135457584225333
0.175777445760435
0.0692254999632394
0.175436470812429
0.123383374805461
0.122367786125409
0.109838628357317
0.268938088278539
0.108726562633248
0.126815525923512
0.0728296521734486
0.141331387459672
0.154303494385079
0.105494683980137
0.0883662475021313
0.110676725688244
0.166012949193361
0.252683467918277
0.189049348806865
0.147264860613544
0.0953241305443654
0.1185892432593
0.087062384869419
0.07211864571153
0.176591208903196
0.188589194477066
0.202374383390305
0.151479538402883
0.0928822034449859
0.0960675435712977
0.0937265834876917
0.143528508971903
0.188889113740055
0.162505938804898
0.0879461021336123
0.115112456721358
0.143391262600696
0.124041046327355
0.145881447807881
0.0865654599451581
0.269471212912316
0.097811372905219
0.112141757419868
0.0862987694255179
0.101207009963436
0.157040151584611
0.110897130912762
0.0863154300479613
0.115924218264761
0.208132836613932
0.171832153900432
0.17879217768558
0.10065202654756
0.12226430018787
0.107140161783068
0.0905774271256971
0.146722341996123
0.174094885004306
0.152269962490545
0.106159524493882
0.151372499031367
0.0750092144389588
0.162394262330318
0.121153623081699
0.369620381086954
0.177320675858926
0.262259113439098
0.143930825914151
0.060199188739593
0.169999975171131
0.0840788935850162
0.156992749421473
0.164051847035452
0.0955347997629098
0.0816248770111245
0.0778027389685723
0.150555616378331
0.0883334648794922
0.103685330308699
0.142365414349416
0.0941458093100288
0.109509851504342
0.0729150633174543
0.217372667290861
0.160069767138321
0.135307406098215
0.103585350602073
0.123400380469738
0.0872937489026829
0.157116461635536
0.155971691139518
0.0761757487393806
0.0962413788687356
0.137782034745858
0.0833050504862643
0.176985143338293
0.111684623873513
0.107219679107722
0.115910842676121
0.0823193984991907
0.160624834143572
0.194456450612613
0.137556532418287
0.0646390583174521
0.161376022525816
0.201624291216084
0.0712143792310712
0.102875026158081
0.112116712462843
0.149888323013335
0.118429831960994
0.123086611642736
0.114045037009208
0.0923170542373464
0.143117860188203
0.0635620182361648
0.234703019609451
0.125395316200076
0.110332621758393
0.155746201342002
0.197389056149638
0.138349193912218
0.135589165179273
0.209609354976731
0.17170747387658
0.139108384537176
0.127265982531431
0.111345477845166
0.0699767971342738
0.0963730378997279
0.110885041023681
0.066191768667767
0.163822322065944
0.135014690124204
0.161244317146476
0.0872227072286997
0.0977748070804335
0.0831429517473597
0.227455128004757
0.12136997607272
0.159670143103535
0.139046593519856
0.148502785956616
0.0985783622850882
0.0760895299267649
0.172726529697367
0.15317313465491
0.170999005913299
0.149353294005066
0.0975704499559829
0.152581004236814
0.127767788851183
0.177212277344003
0.198626595689121
0.106357178946231
0.172902882488082
0.239613852139767
0.161008350287759
0.131953954637855
0.0868713972758269
0.0713525356740598
0.0708223682287311
0.172010139874034
0.120458603097675
0.0963773979969956
0.111133336379488
0.113778011778156
0.169825761021225
0.122829010876755
0.0702697546744967
0.141345141512217
0.11455033889812
0.081248359162268
0.169001928633915
0.13792161516752
0.110460420068071
0.24527983111046
0.110563698976724
0.110303349412119
0.0723728938612594
0.107998933939967
0.166018701874752
0.109309137124553
0.115144290420566
0.140238133056134
0.114388784741865
0.121970878819023
0.218230714288627
0.136305497411721
0.100789303571961
0.0968525741399647
0.141713701351953
0.0929908001982348
0.0762558661925808
0.1161225596386
0.17220305489143
0.121437365957037
0.111673307879301
0.0992619992533911
0.0813193770901712
0.0743810366625419
0.121942470656985
0.125629359011947
0.112707765367649
0.148535165300921
0.100899684288861
0.0968849032246099
0.0699946974405455
0.136037831959585
0.102276033948412
0.127782361013177
0.117025541158582
0.107714007499115
0.112855231848257
0.215847324967467
0.0843525866760521
0.107087618023767
0.0760049643278173
0.0779844981191816
0.120126803105143
0.217501881597491
0.152958521929167
0.079711738488436
0.103737178792359
0.0700513727835447
0.0680185715004506
0.183661114841721
0.0745466953543531
0.164620436089392
0.0956788909405467
0.0716217173909328
0.0727265395602343
0.0703850308746403
0.0741724832844496
0.0916723080016983
0.0762691694420566
0.0765795776546743
0.121441684691382
0.138473422159087
0.0618754186309299
0.0868767330315306
0.187713586756343
0.259039922658588
0.192724234521967
0.123701145259194
0.160855564958569
0.129752547146719
0.109278674717255
0.183276154114817
0.116982514952121
0.136944199630993
0.136215601877771
0.0912218085830935
0.0915056230976097
0.0862549036938422
0.187809872425314
0.181635410813875
0.118149659983298
0.119758070895347
0.184723334567144
0.213718886138249
0.0627172918568535
0.070486104954931
0.0892183060792827
0.0898810899782742
0.0986381052725583
0.210741954614074
0.0791780498375848
0.123187943669564
0.0715300284535633
0.0812481180257504
0.0829337141772246
0.135807323559775
0.0649134548016509
0.164603828403978
0.127944776601228
0.107211705718861
0.103856457902503
0.253675652487908
0.092351970600514
0.150728130541153
0.145839853461534
0.167336653364489
0.155694368738478
0.160414680118802
0.0678414646366393
0.0794593145948922
0.106816315960843
