0.17
0.160128622552991
0.10603319586179
0.0600327610436783
0.219178290941075
0.13556277715369
0.0777342031530669
0.100197310026932
0.10401551569728
0.078595903075382
0.0840296178998043
0.110917360340282
0.142070306231959
0.104105093126491
0.118269650566576
0.0798663230959589
0.142351659531188
0.0886137985320702
0.121973008481833
0.201535040823644
0.216332418151312
0.143285044061122
0.151997320328028
0.102689322836742
0.102175801442237
0.123228617729413
0.238890366787732
0.126582582624134
0.199419704780791
0.201376978814713
0.11348774791157
0.201263936713376
0.119569880676312
0.0946589667759598
0.107825733332384
0.112841486781976
0.112853414581331
0.108237989138245
0.0547906314123989
0.100266049911715
0.0960453333971193
0.195720464260362
0.127523145687416
0.129653356692833
0.153636652354841
0.129809385154505
0.190148123629262
0.0637086895063806
0.16280945931041
0.129918008520541
0.131305665649358
0.181130520652945
0.0730053268321225
0.159587188538294
0.150176355455247
0.154231624667508
0.126964929098087
0.237601391538892
0.274922077663011
0.113922587980547
0.071210928769164
0.192238821353485
0.130727508187167
0.0866482523620746
0.102745644262296
0.101443980586254
0.108244613570105
0.13421417421924
0.0873585062556387
0.0943837519795539
0.257502803866726
0.135090695189237
0.126431788690103
0.178303704739289
0.124190997622664
0.190396096236114
0.0865714377326563
0.0851740354942394
0.156054730921908
0.178441510790445
0.240334602269463
0.154444207550489
0.116543166466626
0.161571977681913
0.124856578954728
0.103483607063982
0.0910397193958282
0.160056074237203
0.0876599750974447
0.0906591863338172
0.208568758167477
0.110307183893257
0.127042673650629
0.0948587910881996
0.0751771521574101
0.111818598960169
0.146379846815639
0.197990757556795
0.118775863955671
0.189842962274274
0.205226567519609
0.169945233878611
0.15366368936134
0.194327418512684
0.0857489032945146
0.238390902882179
0.108304395796133
0.130559164070977
0.0681583539561866
0.177712721240342
0.0944027349317269
0.0946946656334035
0.14999183992718
0.0678151067421064
0.0891757486898134
0.189359617741265
0.104805225091311
0.0765494921220714
0.15264630113942
0.12310969088375
0.110305345875305
0.163775782628706
0.0944852510440614
0.122698527565962
0.166235051112339
0.181995021307048
0.16443431761817
0.0940620999696401
0.150581990001022
0.177383581003704
0.148173245250432
0.0991528070699343
0.143984806013721
0.137851350132623
0.154482210328918
0.137887189487353
0.147445813752818
0.141958053372699
0.214677242991997
0.156746399331382
0.107641118163542
0.116088877503561
0.134455480151554
0.182298024957601
0.235824623888753
0.131390002168417
0.139683246744443
0.101557257234393
0.230407520157307
0.097075144888426
0.137416014404871
0.0839064280194748
0.222579712732021
0.0952648237675291
0.0729843282365924
0.113477273394788
0.0866663026722418
0.0781650460565219
0.141013198411666
0.0882051853196611
0.16725526501809
0.164469425482694
0.185959489692739
0.221555425685676
0.117062246372257
0.169501462004548
0.0657672213277286
0.0876637245778573
0.0956913693164434
0.140745232841124
0.107995314084368
0.121028036054688
0.115178272404874
0.0945939746199546
0.158248393247175
0.236316023056399
0.0615324645450519
0.090963978258468
0.0603019191457558
0.094090327497392
0.0558294469557817
0.13677065225755
0.140981407234268
0.134362233405829
0.0751272816527882
0.108431988530428
0.159728091677671
0.0793237361910952
0.272244956429531
0.116606089056594
0.119997739585475
0.075793689448769
0.184652187524268
0.149038017042938
0.176047691794012
0.150817013160761
0.183018769765804
0.117284124633626
0.168180392152676
0.166515615183061
0.184971958425756
0.105160986784914
0.15153731164522
0.212771170137285
0.214141298129346
0.173585048408008
0.138140208671831
0.159048145705225
0.114833403875068
0.0914666371631346
0.0754341886286467
0.128873779422547
0.200837255276676
0.0906928260201292
0.103767651951867
0.114822230751733
0.124906838058674
0.191787445984288
0.209354523227417
0.0703657583180419
0.120539275238871
0.12086608941433
0.0881933429891119
0.19256212593279
0.0812598817523426
0.152828218226959
0.244689752111496
0.0889584331248029
0.0826242579765746
0.226550324935342
0.15587780090378
0.130714479978943
0.125745553290391
0.0795249116907706
0.131635431598055
0.085633322990979
0.201269458678054
0.163233026055014
0.147443203004552
0.110277691260149
0.170787382691401
0.21833763055634
0.170089490351871
0.170743498920793
0.0815615018323938
0.145935957463178
0.175400656282661
0.16967515852052
0.146362566111879
0.15822170805383
0.103602576850811
0.147817434328205
0.142953456489686
0.13557080251213
0.0800309206324258
0.318510503064269
0.11103740316252
0.202250532662187
0.159992397625541
0.169101092901682
0.117076611836393
0.106682261926201
0.272571235327453
0.0901867807330386
0.0898072399659744
0.159389840052789
0.232010004073627
0.194311763290596
0.116992010871413
0.0972560800636998
0.0760528818481706
0.0886983431238711
0.0756152350824925
0.152219796499953
0.117668614133283
0.0642045352353016
0.093366014709822
0.200711287384086
0.109198983427978
0.173051940911521
0.122727957137805
0.0675956584182698
0.18099011675563
0.0800984587637245
0.101208530510321
0.183064169265474
0.14660512613773
0.0842953595327773
0.21077701834568
0.150084026555969
0.0674176715015467
0.120544629475424
0.183351501582786
0.0929680079899946
0.0833766771504278
0.165887153218243
0.14013061325656
0.131447710488057
0.213646648996352
0.0763981906543114
0.0899813955300435
0.109967390664821
0.148551180403171
0.0728981564432603
0.140151475554765
0.0980939983970371
0.0879387001070677
0.0792135200458129
0.171183914289112
0.208030674939068
0.126131109883583
0.0956197882605117
0.130904530245129
0.264754802873694
0.143478643304668
0.166757310744874
0.115491254487157
0.140908823899722
0.295308594496757
0.0983406346641082
0.0830752913566621
0.108540183600788
0.124411976156925
0.0929057429660709
0.118609627798694
0.192647342718535
0.100259256051564
0.137837539042274
0.146210170846477
0.100958712684586
0.0987765835678196
0.14121490347813
0.117778299431037
0.153316544943644
0.07526301128068
0.104566702587923
0.234275405096259
0.229313750956378
0.204699229398753
0.0941162713936304
0.118968640281097
0.23113782912923
0.246602881613852
0.119281423459597
0.204765081770129
0.16457327634976
0.155459502128877
0.199010490001527
0.170672139145302
0.287290967525581
0.181137739750448
0.216563372138807
0.150351883420954
0.156903869259537
0.11976564833567
0.272542985734139
0.116965860305454
0.0804719523188207
0.0884735432766736
0.168140185677398
0.265721781356536
0.0936712847241262
0.159834797782894
0.191833292450166
0.143155942747262
0.0670370428979679
0.130076401634703
0.0839763360799484
0.0949967021350085
0.179225367551845
0.142293644632065
0.0804451185643293
0.0694986819491772
0.296418204511539
0.166317648865216
0.204608730086154
0.105528879452315
0.117989579470389
0.171078647488314
0.0950190628237934
0.248984301197664
0.0763544395308672
0.156666091335743
0.146374058659366
0.125034503734552
0.0836103434774526
0.140081788131949
0.0792909192601237
0.189202195970931
0.164142057943281
0.206048936642486
0.15145905361584
0.207353537724446
0.0854728665082256
0.28612963599502
0.148232993239658
0.116604531601402
0.0617047280106739
0.135467924067921
0.116039571297087
0.135357709774456
0.106143650414775
0.170756330799235
0.202652848826959
0.154988970133443
0.185492868244771
0.0894161392510598
0.0886854559910168
0.163961616088789
0.0909100885612397
0.215513828072239
0.17878217921466
0.119729544456545
0.108664050664564
0.0809436244390428
0.0704297389619327
0.189113520169433
0.147155607304235
0.118476894633603
0.179156442338272
0.0686710490667225
0.127414262995715
0.163631992176424
0.108898909504008
0.116855582682927
0.0898826100580365
0.0826458256924822
0.16045202909897
0.101127955359268
0.141351684885606
0.171291141718694
0.120906605590951
0.249769308859906
0.1137107780949
0.0897008073492005
0.136627663393898
0.0698697696537582
0.078643063555395
0.0740313233280117
0.244104274418975
0.0753185067101496
0.0942638706615554
0.138658491041183
0.274110655600673
0.150443982203279
0.120354635186572
0.0985858584849138
0.155319983179296
0.247953222149254
0.0861544368035765
0.150890345068947
0.205854455714425
0.172748286975765
0.0861036044673927
0.16427875540474
0.117273371436994
0.212907918822381
0.149337099308224
0.160270326723854
0.13932360965775
0.119072789888891
0.118747410514
0.113398129313096
0.0613969592040781
0.171359979893601
0.0889700118322746
0.11028307366095
0.0955811937584069
0.0993005358161637
0.190199042609715
0.0938120421935737
0.202356273154289
0.119563953402255
0.176826518023584
0.199633363855736
0.131355509579012
0.203115311910243
0.0737794203656802
0.12855756206367
0.224502629837208
0.0699337934061275
0.105080125812264
0.246148207860676
0.109935307178187
0.0661509130851071
0.0646817227388951
0.0651312584281077
0.145574894859406
0.100365647000147
0.149439277681936
0.161548486371029
0.239342325917952
0.0790392170895773
0.0684018226743268
0.0666608009401011
0.10165000409868
0.104504528217179
0.285945236180515
0.156809776303073
0.114418568383957
0.062077623848051
0.25952465099652
0.165798248191735
0.122897549514241
0.135139721557625
0.139967072218995
0.14683597637434
0.118049591320608
0.214034931643652
0.144164714281559
0.175658905207652
0.149003617746002
0.0754960852869589
0.0887232292447558
0.0787820801303787
0.192242582021597
0.151993282872504
0.0823270757957568
0.150586721699531
0.120577941391195
0.149493614984935
0.181942154963938
0.208479756981563
0.0710673129826796
0.192283547630863
0.203219546034243
0.186639024041015
0.139057153624684
0.120479460226971
0.0937567500145463
0.140603602423343
0.114552023623896
0.100899707710824
0.137752620740991
0.10700131911265
0.189859038039135
0.225877291663041
0.142498363187438
0.0837036224308954
0.146663077804747
0.0747180388890968
0.0783273762176059
0.144357540211106
0.222989722616951
0.121433489973574
0.112616025364595
0.082499128418191
0.145305742322844
0.121026710368514
0.0744195007303911
0.107389110489922
0.184623356609491
0.0655460547564089
0.0970598142022394
0.139021025295601
0.102510243952357
0.199746258532524
0.0895077893707882
0.211766503734341
0.0862672783292258
0.0700753137922046
0.257959822096411
0.175168850828258
0.182063605233541
0.113964205925345
0.0773776121944174
0.0984224212801183
0.25336717705947
0.155093774412574
0.244217252305197
0.135534743859624
0.176712856467091
0.163643018052219
0.109805374373299
0.249105046107199
0.122425952520224
0.115157157404685
0.225767228725944
0.194274026549149
0.150536601381127
0.0808721940815691
0.111876492038905
0.214639461282966
0.239452321399031
0.133309001142333
0.134383048137699
0.0619004647657855
0.0793366573308631
0.217171867383767
0.249627096755086
0.13039228950061
0.17388873952262
0.08395392237603
0.128128798551099
0.137710407216782
0.0951112767436273
0.0923237763838517
0.0720150076799494
0.0751918355049297
0.147082227957929
0.135906868453574
0.161430291682721
0.0980286528551857
0.0953311933102851
0.136813889763507
0.134324557984476
0.223244200288065
0.200429604173937
0.115570565787165
0.194402352074546
0.208125629954944
0.165797664586184
0.279293209280293
0.138717022290649
0.289094951244081
0.103451764970368
0.199182779288214
0.154839762102506
0.0595594162252721
0.205527921381792
0.0872307219211592
0.162579615275864
0.088473701988271
0.0823312564724119
0.148235379955614
0.230534840152869
0.0625272076284354
0.106056637228676
0.139454809264939
0.144388277568294
0.09929218284571
0.071062443624074
0.117781541272524
0.101677122342029
0.145452281612075
0.111501609043418
0.0783765170936038
0.124347008426749
0.164508981507104
0.172226805597061
0.213087979645942
0.132724133925117
0.127382317474915
0.247709953943847
0.169837452662324
0.110380191448338
0.132855480838514
0.132298135959988
0.139360311554069
0.0966738901659984
0.124119394274144
0.119125840519055
0.0981251370401347
0.0797951270183049
0.143129420306576
0.122549952882921
0.0760110822767386
0.149135899107975
0.11746714911225
0.196871175384536
0.146035227581014
0.0797308714359427
0.0829622066068817
0.099933035178332
0.158182138269841
0.200428017977195
0.0916156788541242
0.209278996534413
0.102860550054187
0.163759510628934
0.184078690659586
0.129760739659999
0.13431296246107
0.110604645997389
0.145832848504717
0.121676734973606
0.237499586697091
0.0676206964282388
0.149023821034975
0.276611669100067
0.0993896872833127
0.137339837381894
0.188234142619836
0.178668519481416
0.179704395462648
0.2474616792908
0.111528275152592
0.16970322073162
0.146994631263605
0.0780837684767554
0.124887084231305
0.236397374069546
0.101634237025055
0.0908875993974458
0.19368358676548
0.0940809410552832
0.215667286907704
0.133908793323529
0.0953748150306121
0.128547354755274
0.250350343929158
0.152050590555125
0.0910594554396311
0.153180180690721
0.0572605132538955
0.0657837478942563
0.18465172814348
0.104021979901878
0.0565669322570447
0.0661228180656228
0.134916606198413
0.0892938611500977
0.0904912651288744
0.123931851469721
0.184381646914555
0.365004533465512
0.184464293527752
0.211203554695198
0.113721559761834
0.0719371654830413
0.0751933717155517
0.0927323144252209
0.229144614124571
0.0850704441213026
0.0972398589387509
0.199616503592746
0.145816272710306
0.0979173705161971
0.0643628402933137
0.0664423922490087
0.114622958464084
0.0739831186335523
0.171982006087223
0.0933735300143273
0.135180001009268
0.209458722002469
0.255409090272896
0.0757627488484102
0.146320960261218
0.167351780651135
0.110217819466825
0.151505273179308
0.11440453241617
0.154200953927304
0.143281382146832
0.117740851386777
0.143192287024176
0.180712210438932
0.0741271153132687
0.0701758166482829
0.105926981641284
0.152038598494081
0.125581170826988
0.11211259002357
0.178136243824289
0.0936853981877694
0.192411589774198
0.108385920582796
0.178150891229507
0.0795337737607335
0.121839757801685
0.105267335801702
0.190475669026744
0.136219443826249
0.12950671521655
0.186901203973069
0.149864591310559
0.100244539081034
0.200307576843936
0.173464652421243
0.0896630608904144
0.147153383970276
0.151315836323559
0.0928217784453694
0.123244416162307
0.0844352823715743
0.117897744250291
0.0999178822518215
0.0928534412848432
0.0916575743476163
0.243268230367182
0.102667206010924
0.137902620587569
0.100994656936346
0.17742931713128
0.160066514811628
0.145789611289918
0.0859267605824835
0.125432984766151
0.090549848750271
0.108633230195699
0.186849743041436
0.167530636310771
0.184766322174861
0.156873953382113
0.155187826500556
0.0741805604326028
0.210138719326705
0.0983281979711057
0.0808791937933503
0.352463183760514
0.0791426794602512
0.082039125676894
0.103428519586478
0.144788642345655
0.202669477314393
0.123062628888045
0.100761313567605
0.165206782605697
0.119331885650345
0.0823141245614795
0.0678737770875164
0.120702978483236
0.144548536534025
0.0896820350469551
0.171874569840147
0.123660485490502
0.197883380989178
0.0831650215075388
0.153579955989406
0.166003014156529
0.101531226106001
0.108404856369236
0.173549712340574
0.191059999856965
0.121615928456433
0.123212318535546
0.185242908258801
0.107360781177407
0.193830876216073
0.093828577158709
0.128056333391914
0.0860944574350332
0.101040995575384
0.257584623683269
0.109011874154567
0.153209187902992
0.126301742048167
0.241542232636182
0.131574583831929
0.121978620074456
0.171779190523998
0.11034205273847
0.137559639936694
0.12155083890078
0.220427760619481
0.0951659190397092
0.0899593861863112
0.0774549487686108
0.175045126338883
0.0963612438041773
0.0736072085823695
0.240520800994002
0.103615160831986
0.0806174141399695
0.129285966700258
0.167713389457072
0.194381615607838
0.173113135941155
0.161803973901708
0.136589781656476
0.159373613666988
0.0853887804542243
0.118657137203152
0.0628809000396065
0.0967209031324029
0.0967624518834961
0.202801752891418
0.240189856802985
0.157470252055523
0.127347170439682
0.0699743908453397
0.225242446514961
0.115406280005205
0.0982613764389404
0.118992517443035
0.0755332607530257
0.272730418983121
0.127322983662711
0.196945512364118
0.0875375499949742
0.131538545694092
0.178008467159399
0.171133534748097
0.221410129949172
0.260367919594832
0.0714888475672099
0.124824079961195
0.114939364820534
0.1283870230842
0.113845191328995
0.129144362672612
0.271072021857159
0.230415232108062
0.181140223889867
0.163709666920874
0.113903880730302
0.0732148563922934
0.0720712227129115
0.133430895002862
0.223126494367816
0.134937848590052
0.125759530849265
0.186113540925743
0.192490045820791
0.0604073560256131
0.121389211234066
0.131656700523958
0.119729843509293
0.256391181724943
0.0769961438288147
0.175433872117743
0.082458815441104
0.0812408989496395
0.0967067691213793
0.14253827515621
0.189417930720567
0.0938362348993864
0.0693253992181121
0.0605684739748376
0.0978803067300978
0.0919279879955619
0.177766285880381
0.191225335632482
0.206856345282207
0.249855254925273
0.114526450295485
0.227081444443647
0.223926919576042
0.0889430149409348
0.0776682163170465
0.152612279680615
0.137224437299121
0.112752168863573
0.16246956793508
0.150667570121817
0.0821198123944346
0.16016235634626
0.0950650059633502
0.107869249501171
0.205919203098629
0.130808442639547
0.0850163934705772
0.118827663519999
0.120724186819123
0.111603801057505
0.105139693286394
0.160097964384022
0.087403372999522
0.0971772553414293
0.0646909928670987
0.110078352274851
0.24927000581833
0.165179686444946
0.114704804671544
0.124986335321144
0.121887137220156
0.0915433494126381
0.135949056069394
0.102287970513287
0.105404732917109
0.156317098539032
0.0951204060094006
0.0869369591895952
0.233559402418881
0.10887379502881
0.0727361228803552
0.132046183804516
0.0988885859122661
0.121424020576447
0.10109559784584
0.21188068235011
0.156965076847785
0.256467529664082
0.10114875337325
0.0618225993450037
0.122870881694023
0.132048754453911
0.216730931650418
0.111007920519945
0.0872961811612917
0.162305620704797
0.141582155951001
0.0870642680130497
0.0745490576002186
0.146099333338548
0.243542395492902
0.173669884084884
0.103301426381729
0.138163612945749
0.11607662938138
0.147866684094374
0.12766043821576
0.106228929857461
0.0898295991730688
0.086973299347863
0.265559017823056
0.212521389577178
0.0974027756686778
0.119727434846944
0.0621796231551915
0.236590434512706
0.237648746703136
0.105291065888134
0.155204888652336
0.0716187770178251
0.0791903682237269
0.177854022480545
0.0785157047826206
0.199265977513299
0.164218005256756
0.179085265718783
0.132608065227747
0.115230817644307
0.170523935192122
0.139683478327354
0.0989770882324721
0.161724793902958
0.128794369067836
0.234132427561088
0.118638351159638
0.0959664151145778
0.12692881167099
0.0909784991697355
0.150153224580026
0.117857789235814
0.0967989502530657
0.123862246489622
0.0651979162467724
0.147103479281525
0.0962587561066637
0.138078181347756
0.105653998167968
0.137151199127235
0.108417097011865
0.341371189535282
0.129997542789957
0.183440431010201
0.0713588766298963
0.217397253132309
0.166955095145006
0.165540255976467
0.0805704396321814
0.126821648673269
0.0835506920667329
0.175933748720338
0.144038478115784
0.0785998495223247
0.100950514228212
0.107003065326354
0.109737044622476
0.151309651012053
0.123591626886584
0.0908422652465388
0.155551577683664
0.0888909183910247
0.256907887979559
0.188327017079526
0.161221514261925
0.190947240379072
0.175332502382228
0.086035797134007
0.136329618782498
0.210859300613086
0.168948226316983
0.0725064222429066
0.0813224035717472
0.0724437753115765
0.0623808315473669
0.0668355865163776
0.161163661295288
0.122384123205864
0.157932668770261
0.0925021263957711
0.154884190223543
0.164850055749321
0.137587909177457
0.100670291108407
0.110035150936466
0.104617417956019
0.1566383452806
0.173626975691227
0.090272796579849
0.177145887619421
0.116218471429294
0.122218936406261
0.0787615322005519
0.0780981091928915
0.111061397684285
0.139229189451185
0.136879926769415
0.125411211720634
0.1329242831238
0.110792525844111
0.070197523964911
0.247789992724857
0.100428988017485
0.207962210596043
0.110496657530781
0.0700881689548137
0.115566106840172
0.0905075199847687
0.109201668552255
0.0679547007917074
0.265266516662326
0.180914806281416
0.148647236526158
0.27299953221997
0.0774502894405712
0.100659928178082
0.155211611957253
0.116399366651989
0.0626286686635707
0.172025463823951
0.174614566787922
0.131104068376594
0.112535334838277
0.105824593480078
0.148545937666961
0.0775792329513747
0.133163730641025
0.135456258623122
0.0986310368187342
0.0834727963507863
0.153612082412575
0.167062216128615
0.21206829671031
0.106447364200011
0.242587189529642
0.0763158667342649
0.0811514431955589
0.212048020285454
0.110523783239352
0.083884918298194
0.0834201590207963
0.128613241749079
0.244935114112095
0.134911715140198
0.137837680630234
0.187409034566148
0.200034537033398
0.197154364113206
0.108248410027733
0.219889131839166
0.189949510378705
0.0922127190364609
0.174099583401493
0.133604760687099
0.0877177205216598
0.130236522618069
0.108450270882076
0.0919441625791929
0.30535985460117
0.150127740029176
0.118754810848679
0.112257286056202
0.170203521234791
0.0922972675184136
0.107560955346695
0.15905340372065
0.118289900499642
0.132131663561878
0.150086139575261
0.0688831617839055
0.0990762428936177
0.137350412994267
0.12630167785739
0.159700216731339
0.182440516177807
0.146221518982926
0.114000366259082
0.139892504024542
0.0798046233924225
0.117801349655127
0.0827480430869228
0.160770034713559
0.120086827982258
0.1086059784443
0.116425983760231
0.0916581170744636
0.0989761316475449
0.0867504336214881
0.0626784234970996
0.0851547407199408
0.0608466630309939
0.0803216705170619
0.118919828910116
0.0703204242415895
0.118425493797674
0.0775958872190376
0.126971030695598
0.0976431799759257
0.0685976394906663
0.0855321831611131
0.154310871384252
0.24102534131182
0.115062387940895
0.188734146298081
0.160516393260256
0.104695392155643
0.241813191735455
0.105431473315466
0.14392396805602
0.33832818036047
0.0696568788195686
0.114504577489607
0.0761011702800691
0.0756928589255186
0.0993423504523892
0.156765771517026
0.126296850244088
0.139926220319302
0.170065556269213
0.108810793825395
0.171263198833973
0.120282986499787
0.0952033089511665
0.0761583616566171
0.129560003528714
0.175882893230977
0.0900771727351649
0.194071789137408
0.130491434316524
0.073640464865054
0.130230912154011
0.134883376588157
0.104163346413769
0.183897828510066
0.209557193627082
0.102252617339684
0.177748067320671
0.300794810283894
0.084438341007674
0.198068175277512
0.134382674246544
0.0688641636274063
0.0974683096616879
0.266969424908848
0.177727426621282
0.117806117751273
0.130519639187999
0.0780074291738244
0.11212493990411
0.130257872527481
0.0913155699166536
0.178888464100426
0.177924100976787
0.168831819642509
0.198258603477232
0.103903033456359
0.201790599042083
0.101269569763679
0.136043936475112
0.104733135173133
0.236729670120927
0.186297615923661
0.219894539506453
0.147371887349899
0.15416662506115
0.132323795808653
0.125777969785713
0.116751338428043
0.153952578485063
0.139449991828547
0.168070288002317
0.216527847666529
0.107995700766988
0.171505762281261
0.179574347414284
0.111662494378874
0.0816116716648812
0.30585082025531
0.130764140708123
0.0857702524338548
0.0673579569399943
0.116012050806259
0.121579444612976
0.0866478085395042
0.0831491127207213
0.115856791710183
0.114909459601185
0.124395369938579
0.144538929794423
0.205238913351777
0.0740319119330395
0.155187301032346
0.155529816357779
0.121697048538282
0.126128240924341
0.122501750084389
0.139016567092678
0.251461034605293
0.120942872862123
0.0680664721820166
0.181695608571781
0.107318813580242
0.156821939074448
0.0860282327039234
0.0854626310511791
0.100487003854612
0.146658357005896
0.212328937195372
0.133223523643648
0.208927482345913
0.0683844822012218
0.254464256932327
0.198299601343239
0.281956720238596
0.170747327616496
0.0735114996656303
0.0782724762163298
0.0929903942545911
0.124180254380169
0.0782359952470988
0.0827577888206531
0.213585401041506
0.135524773773285
0.199915479201643
0.310774154193893
0.0925271845974734
0.103012748010828
0.166040239164238
0.147578597768825
0.183678524149299
0.0871536899667134
0.0843593740318354
0.209570578360029
0.10792838092151
0.0926033674566491
0.156069816774186
0.104991898592387
0.0745033473566519
0.114113644817467
0.12474718656438
0.101237624307651
0.121110715454325
0.101994523159676
0.0859138039051112
0.148225829320994
0.125986616041173
0.131479881568208
0.123470951718805
0.11178587362548
0.13245879670655
0.0926725180336743
0.116305613224558
0.115310339596601
0.262325738155459
0.150108622296172
0.200580681040686
0.172652388672351
0.192702657305048
0.211444919520311
0.141005356131806
0.099364686652035
0.120999628557835
0.110083034428813
0.1587843531766
0.135848747694786
0.0765575920247491
0.0994804905145277
0.0974418968076575
0.0859542273804104
0.157910502454055
0.102683832654889
0.069322680822445
0.165237294377272
0.112253670309605
0.0595747269177775
0.104272326053802
0.0823371071492177
0.0981525611699844
0.0837953587421148
0.181284772826583
0.146944198699736
0.109384387525061
0.0728140865600718
0.12410513739225
0.117999251541055
0.0897875652950061
0.172729593954811
0.15507724363464
0.0875449284633436
0.124403628023666
0.103576612790194
0.128189027132462
0.0993121710460297
0.109403729488969
0.0932848181053558
0.170375228222874
0.100551436470502
0.140165081659975
0.231973513278786
0.118423872081154
0.0841603941675123
0.158609850556021
0.220139089487828
0.0850657632359094
0.251475962183314
0.284709384541366
0.114405704761627
0.0662362020169041
0.147225763256463
0.15723346944318
0.19022743162425
0.0822567708136861
0.173964699812735
0.124144768854608
0.16560392445536
0.0683992205914533
0.095963428930385
0.117262096950167
0.329016104433757
0.0953617967439679
0.186997801948778
0.113985010291657
0.155023490116047
0.128309585223862
0.104552767199527
0.357820353098001
0.10322063386613
0.140932546905933
0.107661677150032
0.104017042975666
0.0814609207171507
0.0952363119622925
0.138555755090429
0.155343903301619
0.160225224517813
0.131540441836225
0.0685679002296754
0.0739595068594756
0.123905467044181
0.112230683487242
0.0930776279918032
0.262456968060406
0.230863460389551
0.0895666827024107
0.11642481812268
0.121998076929165
0.263882594387169
0.295935726238612
0.097003831125418
0.15543654155674
0.0949451217482289
0.145550768321059
0.187784708124768
0.0799062404016446
0.112852004747223
0.212444141462849
0.0909630965268576
0.127893537829154
0.16651349707503
0.0798267803649031
0.140883091775613
0.127452421568926
0.162527535814709
0.154327355840856
0.17592540674062
0.13510766560858
0.0662197602226514
0.107399181135956
0.119043960456141
0.0698152988959505
0.184607075603174
0.148459571850381
0.078711187635016
0.0857646550286107
0.0805374965365249
0.124770056578224
0.126021594052295
0.195208837685594
0.0789404351243572
0.0680342826573613
0.203977403680841
0.110393965355282
0.14833669674853
0.0974240523515011
0.198301543473859
0.133046829378464
0.0793086181557316
0.149394094656662
0.107714071240536
0.136149752252583
0.120814556634046
0.132697200779414
0.160706198069384
0.15543237181255
0.0929419005757574
0.147669336597747
0.0999877960584219
0.0923754382280567
0.093147079775126
0.143773264525339
0.112246152475214
0.134588978361068
0.114484201704135
0.135251670467566
0.0864458126505818
0.0593155145085838
0.0662043076459559
0.107939261863408
0.101272488473317
0.0907119916844641
0.129979533525828
0.169374258470483
0.0618210314546135
0.0870723013654487
0.0895019089543074
0.184297246879264
0.0879042438547146
0.0863926544068604
0.205296662348741
0.220528581425281
0.395650466676653
0.181833339112579
0.148190205674101
0.0825323160308422
0.11686355881302
0.0683158340101837
0.0984411536243301
0.193429288472442
0.0772252760764698
0.26926362067592
0.139770032521455
0.323558324901987
0.119599508710355
0.0740856084353849
0.0824610660825532
0.0752319861174253
0.10922693847262
0.171446227938049
0.147579899475093
0.25442049793281
0.212622581604329
0.154886517546443
0.253178099987461
0.109543914153065
0.315934731296981
0.118730754082961
0.115577396429955
0.17329584174506
0.0709703250606133
0.152158491884429
0.128276356117938
0.0915206154971049
0.191879244104054
0.163115423552118
0.113939594492617
0.103737270087485
0.226301051224376
0.0864162568235511
0.0778541057471123
0.110635306046141
0.154225080160516
0.180795831005316
0.0954589745685507
0.135720862129104
0.101642852836187
0.118767136193157
0.0826363714303446
0.0788626701582491
0.178370353450847
0.0995610460016355
0.0959774794988055
0.117204243527156
0.0968422353505701
0.104310145963145
0.190657587807033
0.199691524882765
0.108059550762158
0.230067859363214
0.0857541605617061
0.127476772455473
0.111497131937068
0.21590915291336
0.0908847450413205
0.123061842127345
0.0692474560045935
0.215917644411481
0.0796263035939547
0.0931945837542553
0.123310716306742
0.179279342073231
0.148917533035759
0.178279774459424
0.148673441270233
0.110469159859212
0.0859025157534994
0.251212022368839
0.209654136426047
0.129412730584432
0.10626599006022
0.174654945750298
0.200413946401492
0.093236274525237
0.219067107650767
0.190941348657312
0.0631541229242614
0.0579147301778241
0.0684272328778515
0.155014969735091
0.207128448490932
0.0801298706927247
0.14140938263626
0.154380299521684
0.154195189179399
0.160161536065327
0.123227743057656
0.129188084276899
0.334067128357511
0.094786470210342
0.133641928040522
0.144830720033851
0.146756846824495
0.103887866372776
0.220001828932548
0.111998432870677
0.153020569448182
0.156820554954206
0.103204045804721
0.120287531362286
0.173153804488068
0.0963709098517566
0.187085282697472
0.0988734936907013
0.164108656710621
0.105257229267947
0.135879337787583
0.171707439691953
0.0909164517341288
0.0908341150635001
0.146034302565853
0.258033838860808
0.146195919004239
0.089355930856512
0.14265892431786
0.214362016230333
0.147563684980608
0.137923373378006
0.126674278580166
0.0827076961834727
0.148081160630152
0.12352598225688
0.0967691820526855
0.154874094971157
0.148487061645481
0.109557352942129
0.101651837531792
0.0880250755672199
0.0840854121780353
0.263768133743644
0.2344202736798
0.110547888667568
0.176412034246352
0.412645016866268
0.105969754262189
0.10731939153632
0.10377833123437
0.148823706702069
0.0986693952231262
0.0849820325722382
0.0908153430993264
0.0731325378457169
0.100742887694556
0.174960244825379
0.28450032011996
0.150443065484976
0.120188782757111
0.110691034391394
0.156737405270462
0.146669626646043
0.0796661157099909
0.113396622850392
0.0820228447924321
0.16934750062473
0.118800311596382
0.151513626208195
0.0980077746111256
0.0701974929931943
0.119980875209023
0.06696320156201
0.205315146632716
0.0857986613525288
0.0705245825466931
0.139111935168026
0.180566172834094
0.110596529148105
0.097946334050172
0.191029438306379
0.112827197766736
0.101197291105539
0.0802569860790327
0.0955244312291436
0.234710096224873
0.11246486343468
0.139333004936339
0.179296306052293
0.172142535024095
0.150485721315835
0.163029498264925
0.16908580423411
0.139124600659644
0.0829706242216379
0.156752241456828
0.109824287316825
0.131347173580921
0.0895727575827404
0.107692828294656
0.111506342941546
0.136066969997326
0.0834390707418071
0.119794058042115
0.0709695370400191
0.122847076999753
0.187054365287273
0.0726794950144734
0.180344720322947
0.111997979458071
0.117497619684343
0.0863690159707527
0.0894115595946954
0.138521893107855
0.153980715185578
0.206881125490665
0.19528424986239
0.107309052136187
0.168375014196081
0.138358494864706
0.0949252444267495
0.117585029928202
0.274535221124917
0.137681176785923
0.246011576984765
0.135750926356635
0.0886575362906707
0.163583991132424
0.141242281904019
0.150474534330174
0.201911368683167
0.205926135324306
0.113222307978936
0.13205501347893
0.175903907302748
0.160661697652754
0.24277101060575
0.315006450272948
0.13467754288261
0.144956678323165
0.0837726217049225
0.157230003318538
0.0699564898129594
0.0620383389514509
0.164441737230345
0.146854492193759
0.110232848636305
0.0961891907077918
0.103458921170698
0.126159912907283
0.0769045046053778
0.195654717440591
0.142137422190923
0.236778838927906
0.182313391031541
0.155460468439883
0.145598350029521
0.202681169340756
0.157816464237516
0.0949156420500915
0.0879264037678255
0.0930675354524772
0.143708209620055
0.106971329350195
0.108270419078561
0.168244760921927
0.126443940548502
0.0954927146353642
0.224936914648464
0.156561936680849
0.0911053385818804
0.0766312005916452
0.200386432052373
0.227521505198454
0.11743248190633
0.136192508761962
0.190138721813314
0.127548200546966
0.10221983680852
0.17636345541116
0.0824938770495652
0.199655848828451
0.138298045249974
0.0859920620915245
0.174342434302968
0.126631202573107
0.16695429573383
0.148206010650729
0.0994413410589804
0.0965947948022283
0.0886950984424268
0.149891048345991
0.183649740246066
0.259169553522972
0.199230622988191
0.154144507383445
0.167963774176345
0.264675988464668
0.113933130006982
0.11744539707968
0.142457630487922
0.106620387530044
0.180274104021894
0.138384024320121
0.236406788682294
0.122720829084128
0.0944884836368226
0.106296046391755
0.115678320167032
0.174280334651334
0.0708433217195038
0.111969538689338
0.165696396980177
0.0713867532067628
0.086211443265718
0.285585694169165
0.159775728627957
0.227021676077308
0.0645175679669625
0.0765971287991816
0.0680967455963595
0.152489838538298
0.0930395266420351
0.0987788954067101
0.11923719416311
0.127760546611019
0.240230252903704
0.095668044403734
0.112822650646584
0.0972236076655538
0.0774730160247472
0.116616231482229
0.127969129881671
0.15678996391388
0.123690586079746
0.174340022347153
0.104377393132227
0.137294565406187
0.161768734041008
0.183590089073772
0.280022356077366
0.0812777838825165
0.150514598756981
0.140609153464927
0.14827681765738
0.169696117984994
0.124214942629282
0.210683649681887
0.172916697706529
0.0832282920036625
0.106557546550682
0.136390714382173
0.196441349605423
0.174279350777035
0.163314291488421
0.256816694613876
0.160208335265915
0.195780843491771
0.207055420086583
0.0947307484078762
0.130256597887264
0.101972175275828
0.193003558040206
0.172303122095995
0.0738546900025114
0.0665431948259038
0.0740414465340376
0.122448373589522
0.153336800279861
0.226589950405176
0.130230176581793
0.154935550548342
0.0873810865560491
0.113800711507642
0.103436732583518
0.100790610671241
0.103140931553899
0.154799696413935
0.165732465115126
0.0840282381108929
0.195498310881963
0.250882695924151
0.154557056736761
0.0642599298161373
0.0788921275930882
0.20301210253368
0.186244079672043
0.157645730966994
0.096746268849833
0.121871138787115
0.157419448405943
0.109443137740083
0.116399475766599
0.147921213781432
0.0920170736146152
0.326721442187542
0.113292524871577
0.20362457875121
0.138351870740518
0.0605953306596074
0.130879991463844
0.258807802601957
0.0939873109896405
0.0584193545203646
0.161607229737915
0.1254166738194
0.102679081471856
0.100514217905942
0.106736297006123
0.221414860871027
0.228176849661603
0.103760611737522
0.077550727827055
0.112632599961114
0.104775595714719
0.147910487078795
0.182739791597874
0.128506351082062
0.246714828720823
0.101259075734784
0.0751036700920614
0.170314397410879
0.166058764250179
0.221773086545717
0.301998341649465
0.168069751142391
0.0930793553174587
0.183730817326228
0.207547250335388
0.161696038085297
0.135849382181605
0.238954030506033
0.282004245017292
0.160521471632797
0.100070648698423
0.125162408734385
0.164510674830071
0.0987658394670857
0.0916380964956617
0.198200299525
0.0906241562992108
0.140957512188335
0.184266987972839
0.192441141528547
0.160443990023727
0.0772090683105505
0.136226696583583
0.18443245881927
0.196134663396098
0.139728304156234
0.113984007978283
0.0844741276367353
0.109485791757816
0.204601713494712
0.222471008258285
0.184529343924743
0.281388152223337
0.143029626082546
0.175595602339712
0.104641598780231
0.0868303498303002
0.112314427510623
0.109825399732131
0.0899904793821055
0.101898519082769
0.146772213252715
0.172322709877
0.114483185927794
0.0767554478501449
0.0858122064199641
0.102122920268633
0.119070664140039
0.173394702333739
0.117221331121309
0.115721564896589
0.075151465214273
0.289897227099537
0.1275448067867
0.25111706311273
0.227440634499376
0.144077554383028
0.165321220337105
0.116047845854892
0.201843813485319
0.142522967626644
0.190482003100509
0.117191187454026
0.125893169567615
0.1870301561309
0.136329617777524
0.16246393001067
0.145607798097218
0.0644450981109285
0.100316765679895
0.081618389531849
0.193346032460381
0.0753842828784274
0.261767347389493
0.0711918923817169
0.177882876582489
0.135578071210843
0.205168259753748
0.125340637064908
0.115984717104891
0.0770082611620856
0.283398897156155
0.12507330224999
0.129321668755858
0.0877725967783257
0.246149776326411
0.185878151968495
0.234261359838488
0.133638506774509
0.181222984444782
0.103591919042326
0.0892838895848831
0.110690128606162
0.166084923706065
0.0773793881284654
0.122782401667043
0.125064848255955
0.117900596465342
0.199764044629572
0.190261524773848
0.0847480742437966
0.159186208704371
0.099338174542639
0.229343945500288
0.305435384026666
0.178367560912306
0.138246215413013
0.0901943857339126
0.11137510001299
0.0802682114440873
0.098819823742417
0.200391080044904
0.0916027966599827
0.0896524223610469
0.116093192063079
0.0929375091029039
0.283917777738303
0.17220143127103
0.217614370914666
0.109528994125588
0.193467916790893
0.173487079684148
0.142687203997054
0.176511793664838
0.151171479756521
0.062698677765415
0.0690787039476508
0.269706326689488
0.124852643837722
0.198804638431578
0.174919279740888
0.137906569834884
0.229453833112386
0.126795386375576
