0.17
0.127917021307477
0.12534271283962
0.153723574689549
0.109851446755986
0.149687275004141
0.139596545613714
0.0755180248794394
0.134849129733317
0.0966669454767761
0.10976242094652
0.160729603293372
0.135390156118029
0.159203637038585
0.13752118924672
0.101116798439022
0.14266987294107
0.131840282101242
0.0909322754971474
0.189576273723957
0.135356041942219
0.135680768172025
0.132104914137798
0.101037753440552
0.165009212174375
0.147676572471255
0.107797965161859
0.0704606533404346
0.148006930826905
0.106709717685373
0.132106052872512
0.141773052967722
0.216884840956252
0.21277600951091
0.153619159199752
0.134204238470159
0.201123069051824
0.118131057013711
0.140897420876528
0.0724483455988762
0.124768998059798
0.114855319663471
0.130191390242689
0.128604286079873
0.103671950874893
0.146852708919023
0.116778285528546
0.122885244642637
0.144248660230788
0.123386768785519
0.135213766753494
0.171465607554617
0.129750517277146
0.0829757138015559
0.124623689573746
0.129244168640313
0.144514359490839
0.131822775450486
0.1102016039778
0.10778387257996
0.122853650474727
0.136418056867171
0.134795174619513
0.106372661605275
0.122266548078531
0.0987958570457981
0.168912152977562
0.141668429994374
0.122815991228002
0.106661179059094
0.159592562531971
0.193466211137614
0.10496584991241
0.151005299072681
0.140183636272038
0.0911000684861829
0.130590125927689
0.188880748265536
0.110572838888382
0.102793427248188
0.117748704765917
0.140480233954608
0.142273385413044
0.131223372104514
0.131257292952621
0.111244683591025
0.108705517295875
0.156425791847457
0.135954006465191
0.141452219036033
0.1555745145736
0.153920033311793
0.123920457674508
0.14608141578045
0.103898752028074
0.147953840155168
0.129694398995968
0.124586314352208
0.13438499569065
0.120725589792782
0.153485579255552
0.147868777941925
0.18129375455574
0.104461139853927
0.113794681955363
0.101210711021576
0.103484658301812
0.0835378507847469
0.183107173213922
0.112877620251143
0.138434258328443
0.115954207519833
0.113156846340467
0.190373365362838
0.110002210324999
0.0882744385498771
0.106013858962261
0.121362643004087
0.112762359256676
0.148840842199955
0.16289776244731
0.132403608451139
0.156237103815193
0.14396379790925
0.150502879603315
0.113381466401987
0.126594544626889
0.0908481013633286
0.166998873168291
0.144340468000357
0.0965772911336031
0.141767961765118
0.145804635972127
0.106192599640345
0.132873284518513
0.126543084429721
0.119780054999884
0.0708577839745787
0.158894732778085
0.134708216319618
0.15768080368795
0.142152380515076
0.165943150203983
0.149156037357479
0.144318740111937
0.101261032314178
0.0792085945999088
0.111656805728576
0.134502086560422
0.112163985306205
0.169478254199868
0.128761250568319
0.105332963507987
0.132262866890075
0.108135453504921
0.111348382633716
0.142036687843419
0.136577142737718
0.162998432175832
0.117066502949451
0.157910454840674
0.136547739473216
0.126715660977247
0.184520279457282
0.10080492518706
0.139325808075321
0.150148245829086
0.126153047374901
0.118811341597146
0.151445065373311
0.120355749642581
0.0767914881273787
0.0943696804977796
0.143671084976354
0.0918886354466064
0.089275668003096
0.109258643211933
0.118076915580453
0.130924454256711
0.112349162152102
0.12459130105138
0.112610810558974
0.190299919595049
0.166401569819852
0.131106151545867
0.115404210053089
0.118405667623402
0.156437997993298
0.0941130901545952
0.164640091954972
0.0839322949873606
0.125722346875273
0.121936455416236
0.0761902812072007
0.14312514155072
0.124093213491133
0.158602187204314
0.182984362189681
0.129584152258144
0.139780078546228
0.127045704128133
0.148411908875207
0.136962914195153
0.0801442167093411
0.0891627997575217
0.114836017147818
0.152994299426885
0.112539621624609
0.1377974953952
0.180695060616017
0.136289234465426
0.19493950521341
0.0854856157481265
0.0869263310363767
0.144120517591197
0.157670989450391
0.160670085526407
0.141326416752219
0.165349147586109
0.15038302500389
0.138499449722765
0.105233611929854
0.138979796303219
0.146312002345884
0.13421645655208
0.0726482963745957
0.142787374334839
0.182377445088291
0.119081798306917
0.193039146833905
0.182071133058434
0.130740230510706
0.141268391902333
0.164464125201836
0.121237345868403
0.112752561987716
0.117788838147935
0.182220129527895
0.140822308877869
0.14250021539544
0.195557354843277
0.177136564490864
0.134175009657329
0.145447345425611
0.149826676696627
0.140139236838633
0.106800453167268
0.182823152246798
0.135744327662778
0.101426130252722
0.155224277604552
0.130915817630324
0.0948436450469194
0.126236040858177
0.16029476585536
0.16263495879422
0.13291395887399
0.128527682403453
0.109636735203072
0.127287816675763
0.16880935692126
0.124657058362533
0.142354393620285
0.118919070085254
0.0880273272568193
0.123951136704608
0.152522428764671
0.158189222885767
0.103855856267442
0.182362448507275
0.130395322632501
0.0828979220515114
0.0984108268508817
0.191277854825561
0.12498183563057
0.191912610998806
0.162580035449347
0.111161756275377
0.152964593425199
0.154549101746766
0.165056016682277
0.139747884068538
0.1208631843093
0.144524841686932
0.160390861369961
0.143630885801764
0.139902934096699
0.108375984168057
0.128724345528191
0.0682365194747933
0.0965874168159869
0.102497773547076
0.103662535995237
0.107731311768627
0.0939374425590108
0.166462967524911
0.128799718011977
0.0891172440195322
0.152138832347229
0.101704568780001
0.114522147546211
0.167753077977102
0.121243103524397
0.131942550647061
0.118621129548269
0.117255846669924
0.105229736509246
0.0753211699959718
0.0939327637960851
0.103869391038995
0.121505915844658
0.129292951869458
0.131928738378186
0.143512924053539
0.127106827542187
0.0964980843903315
0.142171965892607
0.129398225357489
0.146407680598536
0.134937961043165
0.128199434898112
0.137915355216829
0.0974072853926986
0.0796555358654403
0.147977993855587
0.163421284254889
0.174258807779666
0.108779795237186
0.100622552406739
0.143155666234112
0.0938889641087037
0.158376940690945
0.139694200332899
0.140086369559785
0.111011657001862
0.149863751657512
0.162862443988504
0.124699092016373
0.131933267628104
0.136774607090609
0.157138307248946
0.111008309298463
0.103434135387854
0.120049707276173
0.179789338089627
0.121254633783925
0.128802403824697
0.137482653290465
0.108727143318032
0.123227043043851
0.147568693063424
0.10850597476261
0.139940131312112
0.1495180941281
0.151960616356673
0.113456311311012
0.152459015715185
0.11388798181059
0.168347152713069
0.087022336205792
0.0996857035517934
0.105858552859264
0.117511827582069
0.133007760642215
0.128578952700581
0.127666603112231
0.124056392887493
0.106275745693603
0.150752163433281
0.112764541642962
0.0913863109985238
0.119242009616178
0.115839908180315
0.121598461812677
0.139116284125813
0.0950252406773644
0.133445690438576
0.107112230543944
0.115194438230388
0.096803446484864
0.116088548900963
0.12455599407624
0.172413923791024
0.121688140470139
0.132909585502654
0.114488806522854
0.147746819593673
0.101572828357576
0.103641035322295
0.0874689823111969
0.0925677089211803
0.0925574984796527
0.123981827876871
0.190487011278783
0.101674228030081
0.137572432098151
0.1453233107508
0.14531584335136
0.129591391531522
0.113470782355095
0.141606586062653
0.116594163329851
0.0926484869555416
0.167910156683556
0.150779245517489
0.0899252894523891
0.12177150799341
0.127266465323053
0.140054315895722
0.122824227709042
0.135982973523354
0.122871637714601
0.121611956978634
0.148914982027379
0.111153953398343
0.142912057181844
0.130510726138487
0.0621496559210185
0.137380020911734
0.145705742678657
0.111579788638561
0.137096170462888
0.0929461585127883
0.132412449841506
0.11966538292579
0.134319441367026
0.165936062826035
0.115142914520591
0.120594591457468
0.13366190473243
0.133010626052085
0.123039561054059
0.143344098753389
0.0886519318606263
0.110073255596541
0.0917433186395296
0.131534080790943
0.140098809040983
0.118307486227828
0.144722009242189
0.0959787005688586
0.160442272898667
0.163862601440658
0.17049775721529
0.179132428229443
0.178294197543641
0.153075186200905
0.0951864172854275
0.108303382934179
0.117721845288803
0.114717124415639
0.150247475673292
0.119529579980291
0.185684454622568
0.100754451458427
0.204790255823701
0.0942416653699101
0.108011723245412
0.128199530819671
0.100009446723798
0.134356269961551
0.113412046031584
0.0977363238649716
0.130191254758972
0.0654471070671304
0.0929655135588614
0.125257006058789
0.136651057991024
0.15910172484452
0.154497877990401
0.0725381374418323
0.182356260405952
0.121985192529121
0.117574065239437
0.1335716682382
0.169338428962415
0.184615936483954
0.131762588798185
0.113738727808384
0.0862321859498573
0.180281871254864
0.119630944105784
0.150140581075062
0.127959102477823
0.0905826734874948
0.101927296277953
0.123296840840103
0.101227435850819
0.110114755513249
0.0919602021959013
0.147865026374311
0.128094534746139
0.110194573789731
0.169989744489041
0.156265799370864
0.0862813596920449
0.0875262268232638
0.13415471609224
0.0726922442218977
0.108885307755834
0.207345564741598
0.0834770690222029
0.184947292592711
0.113595534628607
0.171477819808344
0.0899812137921418
0.140473314293819
0.116121506216507
0.161740412537619
0.0997009828558836
0.134817644962473
0.0871884277832286
0.133871213118268
0.0986788038349741
0.0963148393759836
0.139969732348514
0.14213783733557
0.13971099585637
0.10481750003085
0.0954037298861236
0.155123073411144
0.0983244941484959
0.116525253465732
0.10766529228072
0.117880581947077
0.166537607848727
0.0907866666282734
0.131401954625623
0.121513209701469
0.119779875347248
0.171177608636815
0.0840379192628145
0.175887458379051
0.146974688113103
0.139877732079917
0.149723801033427
0.095528491614944
0.107549541247854
0.118843150986386
0.100830044749039
0.131220869103822
0.0697461906040259
0.158140631965654
0.128612914983315
0.135403154849165
0.198656633194948
0.142162468134263
0.100015048359115
0.0987128397564426
0.110700235143973
0.121074141953576
0.115059707970648
0.10339337847513
0.179355920417867
0.140082151379984
0.140165403590442
0.108457090446815
0.12652556219179
0.164422123276045
0.135541754356843
0.150110923953333
0.107854556421401
0.119718677380925
0.0960645566933238
0.152980328601455
0.0803743494107695
0.131400110851798
0.147366001180008
0.151716246458031
0.150351341268763
0.137127958827437
0.142508367940176
0.0893980530888309
0.147786543805022
0.118545915958293
0.146055811065788
0.112292550130584
0.124475152228559
0.140616798007221
0.128867378608603
0.107770570828459
0.138807506677623
0.138355552707918
0.147185575309691
0.164421028909387
0.108073420498012
0.163177513770347
0.118840738910774
0.102347080484183
0.108498548103812
0.0872921780197627
0.174992774729017
0.0829154265744519
0.126064442938215
0.120936714325214
0.132907991048384
0.136814380472798
0.118570826417623
0.1538605945726
0.141633327395187
0.115365330244363
0.109033172145137
0.0858166199451466
0.120807962024364
0.0991861283436922
0.107106353627918
0.140636065769202
0.121718444446771
0.103068503071685
0.11985106784028
0.125874313956207
0.116251473983401
0.0861344481795725
0.137003627444509
0.131343714268648
0.133706740385727
0.111130381700693
0.197057166523181
0.0741639278209873
0.154875464248301
0.0947390259815558
0.162725667421473
0.0963552474774883
0.10441020678828
0.0988086467755268
0.114517627026015
0.170681403046112
0.146938072485666
0.0913367872667094
0.119851804517741
0.146880316211463
0.138955022155936
0.0699780437373003
0.0985548288271103
0.131340883298578
0.10835540564395
0.125671254479418
0.0995187705440869
0.0858421121545892
0.131931094908283
0.118832984088901
0.140459683867148
0.116050460018263
0.0873434621942555
0.130843280962041
0.0831835587747709
0.142156527567236
0.109517243765964
0.130154096634641
0.110388418744047
0.122037774708196
0.0820572413166624
0.0744294857517449
0.076164842077415
0.155693534853533
0.10574138084691
0.130305982625329
0.168177940979429
0.10359005915594
0.140512943221351
0.101253348130505
0.109662971769906
0.101754493542772
0.143815976767392
0.135653308463512
0.126324851880032
0.127454293523272
0.105372039096603
0.0908092763913136
0.213405679712976
0.129767909035045
0.141103415393049
0.13174280165317
0.106132520526996
0.133188622830732
0.126513953909904
0.144693620837288
0.0907908922427842
0.105104331059778
0.14368349333824
0.0781453759130326
0.15240643481613
0.164998490215362
0.171191497527911
0.1341300833813
0.102142299394687
0.144802975178476
0.175634529888369
0.156541037927511
0.168070452848247
0.160391665528556
0.146452825830762
0.105517319859573
0.136131820662411
0.151008340544468
0.168503475027568
0.183719789308499
0.0932642919545604
0.118568621265855
0.0889211540017011
0.119962315517936
0.114713130713101
0.179408133411137
0.116144305060551
0.103176027842021
0.119694811078435
0.139885447201451
0.16477534062611
0.120681785748456
0.104841542091639
0.0973724486004819
0.0829803049855998
0.106932213439041
0.132556858403673
0.101146151393238
0.128568049871429
0.129767945904099
0.0872244822457213
0.076533439355498
0.146296269559052
0.109412226437421
0.0952960779005505
0.136526485083559
0.098718254936408
0.121984180076779
0.12752277590523
0.172138197268808
0.100273062637697
0.113176123640112
0.114051497726338
0.109103322989727
0.115799797418945
0.13459428584939
0.0796101351874603
0.116048387871471
0.133806664955776
0.114339881989448
0.12200402704241
0.11203077574266
0.108999358010553
0.111555562024791
0.141179142554499
0.125812746591453
0.106873709144456
0.18489975707669
0.118800969242117
0.0955628542072754
0.116805105942146
0.142021298254856
0.140234665984763
0.116197170072663
0.149701097389755
0.130196054788529
0.126567426907132
0.0857776911259536
0.120838631785536
0.188027533802524
0.211684336389463
0.124962596951924
0.128024328167413
0.148291703204418
0.132336951378934
0.162951811066627
0.16851187102572
0.0858834531555715
0.0840579656631803
0.110969237860592
0.128865235432933
0.0940699838408927
0.102691330336114
0.148974083280626
0.117258275428933
0.168154517728146
0.107956317301399
0.159709625406916
0.0939210383146552
0.105827786558935
0.124845325333389
0.118796846367477
0.09738926577525
0.115110104461377
0.157483804203137
0.152576487916693
0.116567782926739
0.128320911505508
0.0774776703366266
0.0915064986424676
0.184079633993114
0.153526490322094
0.089503593775908
0.146075742533579
0.123194570095674
0.120937460664246
0.115353833343253
0.123976771395407
0.179600380463011
0.149908566226522
0.149096211985916
0.122025787872784
0.138712917138252
0.0922335239425909
0.134716827307974
0.108777493805952
0.117871319681131
0.103831474984058
0.129716581658194
0.190132506922659
0.143883794118622
0.107945847236728
0.151361533072325
0.127602446513895
0.102661377093194
0.0755151747109146
0.174453095612915
0.126169516533189
0.124922720172326
0.130596121175678
0.0666239406552183
0.101484103251827
0.127678338726487
0.100657073057218
0.101790030628152
0.123635358176961
0.0757257340691066
0.111040312281182
0.114232398216439
0.103132354696784
0.190925367718614
0.147816804079011
0.108213828804992
0.107378857440324
0.0699469034304636
0.0789641030210001
0.109093904519847
0.141822702194487
0.0913617285982589
0.127684354310565
0.101730973795872
0.130095705821126
0.113515085474436
0.102364376118792
0.0965416510945679
0.150968825780266
0.174640442111367
0.135596790437663
0.118345435104518
0.0802903635362283
0.109510722350138
0.138674627402985
0.118753615803664
0.15870918529489
0.101186992141134
0.140373347376332
0.102137359071761
0.106293595472795
0.108670361640853
0.155730450413347
0.136432307914172
0.146257605980187
0.126297789312095
0.10274090422755
0.107602589566195
0.0829898560597993
0.129561492985215
0.134919528168313
0.16573241965577
0.117742698949045
0.0998626345923493
0.142541077579646
0.121714876665319
0.130563328352444
0.0972498051414784
0.179068352807589
0.0918173343336077
0.108336550587254
0.119716565576795
0.162295503200656
0.109163743303972
0.154723878722547
0.11789933853291
0.13807824375693
0.153163053411443
0.111071505461578
0.0741376085635552
0.0855562040431009
0.138034773688599
0.18218002876255
0.14907089737607
0.109885870719443
0.123143175108857
0.129485391532823
0.143855180397121
0.106490893843648
0.135963291759299
0.102715080824096
0.173476665225995
0.149257666953135
0.117287737676489
0.131518951058933
0.141072271468491
0.13500316675928
0.107850199069264
0.118221543334358
0.174526069054267
0.0992037038726365
0.177503505452243
0.112144204878247
0.104007286911665
0.111807070359336
0.196406068929688
0.0958207286608763
0.172371722287243
0.175470191702674
0.163882038397287
0.160674501526331
0.120616466867284
0.119790583355323
0.0882903057918941
0.183401926618962
0.164186572777909
0.134861190980191
0.125828506239463
0.124543768046121
0.0987945637207673
0.117683234071527
0.108201368276465
0.10823129057809
0.0766006693334071
0.126397210539516
0.155611444806039
0.163966426507016
0.141873128678133
0.0906777459882856
0.125549301322155
0.148472177986813
0.152907980788391
0.112356717734522
0.129782745679157
0.108062277043693
0.0901081589329245
0.137255835204582
0.141335604591797
0.150648626200872
0.108543798485813
0.13075219240464
0.188474469143261
0.163315727924241
0.0998296069933539
0.120688331483915
0.199032887004143
0.106024110250011
0.114541382907049
0.11676652590508
0.0987227411567508
0.105571929882659
0.117603178034585
0.128817143795443
0.0778315479434284
0.128081489707723
0.130126254895641
0.142796753438367
0.135506585865173
0.133541842197548
0.137790626911458
0.147990884609326
0.133180512640322
0.137020525342524
0.150710940076115
0.101653753594926
0.125197312932808
0.121410317483703
0.153109747214771
0.161670857414829
0.122692775926621
0.109410213001308
0.173606575390719
0.119847839218926
0.130725177573066
0.144798872860688
0.169449093461481
0.129751236188511
0.113828174678737
0.154539606211565
0.110600390818356
0.0954537035223007
0.165850850716542
0.161269987191571
0.15558003073786
0.110083452397042
0.175561178205977
0.087178723871207
0.0820339240897255
0.101757324801518
0.0990412379786605
0.181439058895157
0.119374927713557
0.141708106919168
0.166271142661514
0.195181207069231
0.109129726318175
0.123800031963374
0.0992520738931987
0.170707061946317
0.124623474840896
0.125345198634117
0.101892292745952
0.127870974836044
0.14893107197872
0.0857583038462646
0.0902652117159422
0.0901999208558666
0.102357081770926
0.0995349486602527
0.149157126812243
0.104395253941947
0.126890205922855
0.120156440345392
0.139344420064129
0.0910571123921451
0.134627086296182
0.142816012182676
0.169240890861097
0.148305985346687
0.156144684415478
0.122395114375693
0.141936000988738
0.0941985029530417
0.170244406519642
0.119072570126671
0.100429040879934
0.155815161910013
0.132484534630556
0.0985731384239126
0.145257895191365
0.140699849598094
0.101797502509035
0.13545369544006
0.112465011105701
0.09938526168759
0.168297210000537
0.170448923687302
0.16770965381709
0.103180169069417
0.173894819950375
0.113105798696705
0.137391752627017
0.177325193673105
0.152294423949828
0.157769205122642
0.0959101127959852
0.100569062798957
0.0801230035186298
0.107501299687004
0.100683545788966
0.150439338974487
0.162144007431836
0.0961487798929075
0.0775288324350906
0.137109246662212
0.098293430173868
0.120810382171074
0.133614267882335
0.0920347801380075
0.134787833347604
0.123577068411976
0.144403422197628
0.147111882077195
0.114258225609895
0.107540655123461
0.102000163337492
0.0836842306495579
0.0712683547130944
0.0765885034338959
0.130686945520649
0.174755584512546
0.116787944965029
0.135435385922377
0.115124339360315
0.123475656580307
0.130328676166941
0.145976122635551
0.0824428539532674
0.125685723665326
0.0702004111604518
0.121486312328109
0.149888541496514
0.146037895087055
0.109979299274994
0.103962332447374
0.111423644007092
0.103162466994206
0.121774495612648
0.166901562740323
0.0983083061224315
0.099786388671812
0.142337645468257
0.152231656119922
0.1065079123041
0.127605233363841
0.139167947812622
0.16472960109011
0.120436458015605
0.132182928713029
0.106983094079758
0.141109399507999
0.116899868225724
0.157046261674473
0.149132701471811
0.126308701924207
0.112241667792898
0.0767801012660949
0.136612410019148
0.152155407715501
0.143532216033795
0.136114279497389
0.121697087962326
0.0915400220465326
0.0954018210606032
0.129640425321818
0.145169061775719
0.196418270332058
0.107298276028462
0.153878577628222
0.104341255067439
0.108504876150071
0.108849058273217
0.114663320771393
0.168871413364626
0.116556965860337
0.128884369269203
0.122760195515395
0.15337939613185
0.153816298447294
0.0978896447915439
0.14859342199029
0.117019069112933
0.159352352761091
0.144441963303165
0.138132596390333
0.161711303267128
0.110570479162084
0.113910286683932
0.116904680760826
0.103833432205835
0.154580546450679
0.135613173329082
0.113509032245377
0.0800969868563934
0.128625683132923
0.125180495203935
0.175940478249481
0.139272125850526
0.14774319723679
0.114574021307793
0.116990562928331
0.136767867255077
0.141194201432702
0.204989099222976
0.122086364723115
0.126308403269305
0.136176972391501
0.086163530749063
0.123022678111433
0.105498498806345
0.140900444310249
0.161933156317022
0.135951320678165
0.101371517894948
0.133822046081103
0.106129814815447
0.146463991744327
0.104027937385436
0.152009026812166
0.126115475164275
0.116097248044934
0.112260874731425
0.180671920338098
0.114406455014992
0.124309906882607
0.170905519297137
0.129519358131648
0.123350568321329
0.0991574938155631
0.0914132944876304
0.0938376032823891
0.0667046787170086
0.113809939617192
0.122505314456948
0.123159448254896
0.169831814194144
0.112412458253526
0.103909073036708
0.0881050022401201
0.0808318251520029
0.117155739187122
0.105523930053618
0.112763179152581
0.116335061712366
0.130319920971832
0.0973182487126384
0.161698355296107
0.133695666974688
0.113781532835153
0.0833670672681006
0.117329166363551
0.163832901134546
0.157092381550546
0.0969438143469294
0.123997897349925
0.128734176694905
0.101073623093627
0.186128057512089
0.137262905297054
0.126431932364942
0.14501193354482
0.144889449718779
0.121464515973293
0.130603445993531
0.128944451053288
0.114552302696696
0.125697078239411
0.100083241636442
0.181781010738584
0.085433731211892
0.153965891594906
0.0911706776560781
0.14502068290543
0.126225368199154
0.120718069125884
0.132488969293459
0.0944488076918498
0.147799821564155
0.126321773481262
0.163463071411348
0.154617646546196
0.168466166217621
0.0790112419661908
0.133382842071994
0.106860795838831
0.0906104442706935
0.141743215307244
0.094439715563486
0.105832378562019
0.0853690898539695
0.125567639847185
0.110190773304969
0.11541157021532
0.133920566457494
0.103442907289987
0.082041690659132
0.163074131641313
0.128652303354778
0.117135355474592
0.13002772236824
0.0942358587081089
0.0787651106671267
0.106749420339216
0.089714326259083
0.0851667543724533
0.120913090555829
0.0933071392157708
0.110634484382258
0.077098347579906
0.0881911266574832
0.150468391542539
0.0928553339784937
0.146676919598331
0.0942562406602736
0.0908298227878304
0.0738109419506137
0.131973361583904
0.11134838268617
0.140122766909064
0.125389946283344
0.146280863734181
0.0992646901261925
0.122494985019015
0.130771985436982
0.115795891677363
0.111649643583451
0.0919719793998101
0.149939506400678
0.11218638356914
0.146559842562451
0.110604535601571
0.0941429756982677
0.14405765265875
0.113992086605687
0.160020952697532
0.116371679348498
0.135033917020914
0.0998439778213518
0.14530294229173
0.117299289600416
0.100175550636062
0.077092529384086
0.116319312470432
0.0819942114905289
0.0794020922870667
0.143564818565725
0.139768252159398
0.0980575191824537
0.169034787177312
0.154706747428287
0.119417140505237
0.136588021094783
0.110584792589977
0.195088739281837
0.133775646294762
0.127810366479273
0.159044151868715
0.131941401617499
0.14123098767265
0.115757776891021
0.0936362545680161
0.155316204172687
0.120811279847227
0.106342858322796
0.157595439590366
0.126993567210567
0.0888533111837099
0.0702296754177082
0.136811958884789
0.102698880889944
0.149136527344101
0.161991192971579
0.0859140105433969
0.1318094060769
0.168344166229626
0.135168636981278
0.108080233763874
0.146977490109813
0.173768224488635
0.10884359668675
0.153390872014901
0.14649110647945
0.102769560807831
0.0933775599132357
0.128822313526391
0.156665032741999
0.0800082787297685
0.10945142535328
0.172770876294712
0.172773833632588
0.162686526046464
0.125403335848241
0.0977729729584914
0.174748532839878
0.112483602644308
0.116073619964119
0.143433475083734
0.159732745248687
0.10353569562922
0.0709753445747465
0.110148214676428
0.17627415650058
0.114795759343647
0.104134430126308
0.143212954942088
0.121383933162089
0.175006972113666
0.11037337687671
0.102436584663099
0.0986248962714454
0.160564961115695
0.13044581387516
0.141704466753829
0.110448229502021
0.085144435468171
0.121565628692922
0.104725899177556
0.110501604444104
0.100459586409695
0.149537093591517
0.169607537381918
0.105548028113475
0.108340509870701
0.137568328548767
0.130788764111811
0.114567139819566
0.0908455786975811
0.140625828131652
0.155737887722821
0.115279914687071
0.158618947020394
0.116239698931069
0.152272555809787
0.12590681909764
0.105373076372985
0.148501206594625
0.100029950402736
0.101961739301341
0.154889925500011
0.147965392740164
0.117761704082835
0.0817840146044571
0.126195917018718
0.146281450542203
0.132187466283943
0.131250994685232
0.168314887123848
0.133521229670076
0.157389249178125
0.16138908434011
0.131387094080435
0.111976345340685
0.204751018812736
0.17043798105366
0.149093917953847
0.107407559736877
0.115913424843092
0.139027529938234
0.112934610730393
0.155461462380618
0.117848363087163
0.10529024148346
0.0724874069870453
0.136503647702904
0.126285110766477
0.14215819311812
0.142173092836106
0.063410693764162
0.121179539177588
0.148776269144591
0.0953574841917736
0.135291388612425
0.0975253688290055
0.191981938736296
0.114948097643471
0.111203472584993
0.0913015492051119
0.082545263600429
0.111182261322629
0.105896859540418
0.106704250364514
0.161254293509641
0.141239264499559
0.137258568152499
0.136777279691892
0.130518974222424
0.0740684025630865
0.106997548177731
0.110586584771712
0.128601264490122
0.148049263230142
0.111676258986515
0.149839753377655
0.177912875340762
0.144433368355617
0.134502529115843
0.118697115522823
0.117443204463618
0.0620306392927442
0.17054196513283
0.18806881360554
0.123448635699389
0.152723527511632
0.100174591519546
0.136482741082395
0.0930029863304529
0.133048584680231
0.109418144919027
0.101510683998791
0.136522659756235
0.117742571455607
0.0897024119608531
0.118162177473728
0.120406795005271
0.0969406877160335
0.0978623172098298
0.127478676624143
0.104976299670606
0.110334781723083
0.114720372891297
0.171374701303404
0.153588122807347
0.105140827448449
0.156228232602506
0.111592062581999
0.191995692452834
0.093807399268341
0.0994753481189888
0.1113540653187
0.120117438171764
0.194787200528993
0.11605137787115
0.134230534225502
0.10261292478012
0.158652825491726
0.132135692294262
0.136230379145399
0.175567872943176
0.144113872845125
0.0875886994792594
0.151764853969276
0.101546369405978
0.149109490695631
0.15561505793764
0.129873429344498
0.112747936190043
0.114848575693656
0.142620487473998
0.109771526293026
0.0926102946304357
0.13001846074464
0.133870847966239
0.143635068912189
0.094590342789768
0.102844237903586
0.118559210633793
0.118664743737239
0.0661154116276474
0.150597196093795
0.159677681779638
0.0957554922363778
0.0833350058763681
0.164205555948036
0.109534173715547
0.102132431785443
0.140045046004619
0.144402819937824
0.118683591125946
0.15802695342915
0.117895477351174
0.154274995470821
0.132534781134266
0.144084010133964
0.173045263543794
0.0960589149460685
0.114274732319382
0.127934832477977
0.165661804210629
0.148429790976849
0.0943813835867323
0.0890239873121399
0.13055649568588
0.124734443144997
0.109278052263678
0.130160395816009
0.144130434456021
0.131088556081678
0.130349979074463
0.092029893152781
0.120736693673891
0.0623337950798432
0.140108343621007
0.200849520187445
0.0934554311163826
0.113113283098612
0.106868439894153
0.151129033119181
0.129182847356506
0.169708942480382
0.116403380246436
0.109275135505461
0.104414355912173
0.139430267434351
0.130824230544449
0.164007855257298
0.0909722846527881
0.145837037349061
0.077824400102432
0.128358565381335
0.146211590667424
0.109396675094944
0.125449551315439
0.162207916239718
0.100428149259656
0.205252846182188
0.107392302588469
0.1140147210211
0.127796306146238
0.197224875013697
0.0857574987772232
0.120136042605034
0.14450806459352
0.113357671306911
0.129808940464065
0.16063426479198
0.128280584652608
0.11313928192449
0.116305975328514
0.135484011869988
0.138813306660597
0.132195007173507
0.135756151261564
0.128792586761217
0.116399207081771
0.120368664095132
0.139279120453999
0.0799629982645286
0.112598671875639
0.133584356619306
0.1300134298882
0.1001109687998
0.11711823144821
0.123233278351174
0.156930742709359
0.115193824047807
0.134864313343221
0.114968464191162
0.127636803496228
0.0925522515614244
0.153170970000729
0.149943448697077
0.137345853745014
0.0925760894861202
0.124498691395542
0.0872448705080793
0.140705007342738
0.124946277015711
0.170390732992424
0.115490179211741
0.125572339453413
0.156263043942027
0.185974641459903
0.155438075902256
0.144165983194521
0.13589546412031
0.108405104991639
0.10744714481994
0.104461509418072
0.121238171822852
0.126920084902186
0.119317887774735
0.121810116816473
0.137723769055939
0.119677006402531
0.141711683006603
0.0818481614092455
0.11594618189333
0.123036857094456
0.102041792782
0.117441969473128
0.125497223509342
0.173319087028134
0.128365790233486
0.0810635927684941
0.131719710817771
0.093578446574514
0.0655702456397226
0.138276972289669
0.0980925106905581
0.118396234123209
0.156391894579086
0.108714922032235
0.0920917966585726
0.157227295335368
0.142911710105267
0.123745233970192
0.0956149520152184
0.0946746633965805
0.119814764959615
0.153919451587195
0.158571360642002
0.132047912225564
0.112598376968842
0.133630391746633
0.0930348475062081
0.122627038554713
0.0663499941691644
0.101994717799916
0.110004908514505
0.135362571344202
0.124787640099559
0.169797547092328
0.152308819806473
0.127898485637947
0.110515796878328
0.0895917742792983
0.112672380334421
0.157996283148346
0.191879433227278
0.17575011240969
0.102598786341088
0.134637758887265
0.142686236824227
0.13575051605216
0.147587102067427
0.133645458341301
0.169129325226471
0.106356990064722
0.159651220864411
0.182443537218627
0.161227764657263
0.111722893082355
0.126193020951208
0.0765904933569864
0.117005546274557
0.140009114292415
0.129938904589912
0.153254723720774
0.133093506568581
0.152576669807548
0.0981431555436021
0.178809831423977
0.105661400760272
0.117024826410355
0.122442703011834
0.100752701419455
0.103550303572756
0.116411830972099
0.150205806710227
0.146991074129755
0.125555946034187
0.140408216172509
0.105508213004788
0.133998614279478
0.15308840852983
0.13792690256599
0.12096455461327
0.130439709203226
0.147529064088598
0.10058191300586
0.182520459305077
0.123446666330838
0.118388195696132
0.113189419392807
0.134950224120802
0.168979266514084
0.156415555528947
0.189410553739171
0.0986318772361574
0.113834987825978
0.159819176315668
0.135043391423275
0.18282436051754
0.0950350421920943
0.110850787646676
0.144179367409334
0.136387529135292
0.149412464087124
0.127118689545673
0.1643931507909
0.117903792588301
0.123871769139224
0.153225366108122
0.143798613006049
0.113285013155715
0.192456074374453
0.146901249041236
0.118637632838336
0.201521290982397
0.159636885348968
0.149881123144383
0.12791886454892
0.111299561624776
0.193613616787964
0.120724375885703
0.128933529904981
0.108015300575528
0.186471230018851
0.128544740536035
0.12502443043253
0.100153109205559
0.11198160923263
0.134083236193533
0.136703994139732
0.124858281445982
0.121333456284708
0.136692149703296
0.132066980908796
0.113966459966053
0.152923843529987
0.12571376116921
0.175807882892941
0.15521316412252
0.200935306728595
0.19007013413315
0.171420737829944
0.118260940841803
0.122647753558261
0.175047425302186
0.11549097754595
0.167781342676889
0.121619872928835
0.154808865809578
0.160648553310223
0.0973188143886484
0.108566618301193
0.152411777871342
0.195632093109559
0.115509730598824
0.134335662212818
0.156548890474827
0.151938101673796
0.155519135721514
0.149812147464062
0.186238428429538
0.141083822790188
0.170589942215945
0.130595153810105
0.0849703156978505
0.0904215137680867
0.0860821047688314
0.105922181868649
0.14843491719733
0.205250288409012
0.0908395363394563
0.154902167243546
0.122995304342793
0.130960322679561
0.143981852216865
0.202422171077749
0.128424908686791
0.158307339521824
0.124076520145954
0.140665648714029
0.107299685402313
0.12065504411506
0.124983475153351
0.159361668330654
0.154560355482919
0.09879607096845
0.161836619346472
0.0870046352275683
0.166596902223424
0.119555942481325
0.0893777853959664
0.114406835730845
0.121649951012094
0.0919960002717338
0.133875395894795
0.127625691206314
0.103059528156883
0.127346184110617
0.115471546851209
0.0859894272341656
0.128361049961828
0.164165092327817
0.147207287474535
0.111596799960077
0.102790802655159
0.133787158405341
0.123299000647975
0.0819251796064317
0.14324799260913
0.109025211236407
0.124096710337836
0.154974186126324
0.106036409627012
0.114325043139688
0.154939029089622
0.0986250142707658
0.0903787972308287
0.121977902541483
0.128443008297175
0.147387823550625
0.135768564069317
0.160435535423688
0.103393335038696
0.0992543083876725
0.168963823031309
0.096395789425355
0.0926635140727518
0.130657208871175
0.0940015050836488
0.086834375368346
0.0992455975285464
0.154767907592269
0.122239003329897
0.114756631992565
0.182343533051809
0.101491749296036
0.121178191041051
0.117117869025485
0.120865954332156
0.138203635132538
0.104563095184386
0.11473098155397
0.079479290929627
0.167782265630111
0.164667847645189
0.136070514194729
0.116517248533151
0.163367385133354
0.137637139569757
0.10486736414687
0.0906245917496204
0.134328014444731
0.104142983168553
0.173064975158958
0.102251098382464
0.150805936182976
0.173344681967492
0.167178613858935
0.140935723640188
0.16561516329643
0.133963160549303
0.182163223091015
0.133628875500588
0.124980996809698
0.116360918348067
0.124391607556075
0.111781181284481
0.145314531010396
0.107733651455455
0.119720102901363
0.146115378400457
0.118801973124127
0.105830403510172
0.100376740984706
0.108957306596582
0.144519793177378
0.138560941432567
0.11982512856565
0.111260520615766
0.0953481314482212
0.172949579345029
0.101598054720298
0.105254860248415
0.104087759070798
0.129005159294769
0.13396417532708
0.112251090627076
0.164068750163244
0.185855275850724
0.127420225042756
0.153101743159467
0.161957799457262
0.0983248082973067
0.127903949610481
0.178317956378054
0.121742878989608
0.0592514736471791
0.118387309189378
0.155895516400631
0.128969015507886
0.100531858094647
0.0866027115361379
0.110969154668232
0.0989794225392187
0.184617266750935
0.0819059317788102
0.0945702206687548
0.130883012292494
0.134557984152608
0.124937349107478
0.153040713418889
0.114479464842443
0.118658099057131
0.101448439315922
0.141015834903407
0.119745157970466
0.110837179528291
0.123692574854434
0.135911581152382
0.0791478321787684
0.135863917499811
0.0986162570023803
0.138311606979256
0.119142579037233
0.140878357535375
0.119536966530911
0.0779929480067865
0.10019474293647
0.122705651894175
0.130063128410842
0.125439148310722
0.134297368118973
0.106772260356087
0.167072584646517
0.0837311473420283
0.117318844104326
0.106196964085255
0.131981064719037
0.146209077404531
0.147021072289163
0.128987617153677
0.085431011345446
0.128966394009318
0.184491227998998
0.105215020219993
0.159626498510572
0.111599350823333
0.130971407639469
0.119012622997423
0.148143402675843
0.102725768764323
0.109846895934354
0.150225336665861
0.158536793867536
0.128127151304507
0.062649744931334
0.157762379034661
0.167690849448909
0.125130370927352
0.106948303900314
0.123478055523524
0.185415949992606
0.127902035117554
0.100122231438382
0.120850489694968
0.12749444374978
0.0835959081906191
0.102647528437163
0.0835472181370061
0.131345347160243
0.190045311612027
0.143251752486404
0.112793279633265
0.0989897066027783
0.14974177221546
0.152591156081402
0.12684029397706
0.139109991564451
0.184571934757872
0.11080945582427
0.141870716559236
0.13095758327064
0.105691989198662
0.0825862610428657
0.093941693180263
0.0785218084022811
0.0985487179208435
0.136031793299297
0.0963627055089357
0.0891004065004929
0.124460126332672
0.106615993786622
0.135826960502695
0.182554724603654
0.100856257976317
0.11379205862603
0.098794845822229
0.0819856274663612
0.0731209474937344
0.159494787242956
0.119061825520374
0.112338800577818
0.100541144723412
0.156520379406955
0.075466430782015
0.162794590497219
0.104151602675476
0.0862911165724623
0.15293684530667
0.132658953204344
0.111173194772812
0.118801827330812
0.128600623214363
0.0786410842016283
0.109696140054648
0.151651145633037
0.153557165199174
0.145130779274979
0.171935833329268
0.140574406267943
0.0772805146195055
0.108675485279972
0.106227490075019
0.165121274392419
0.105560958761545
0.107786402124456
0.154564224461516
0.132879245471479
0.131062736095019
0.12320128682547
0.185750095550108
0.160286906346177
0.124365213241985
0.166898739713549
0.139672696695795
0.144783860478874
0.0934769123599939
0.103231293313316
0.15087025416125
