0.17
0.106594140955367
0.126323970176133
0.120725192217983
0.0913341946964873
0.268986763730398
0.137041123264193
0.213183098589182
0.105348438533622
0.123003804378946
0.202159762879172
0.182566348573284
0.0998937723063758
0.0979867421534873
0.0847833041176944
0.168752427896701
0.224401513831147
0.125329866326784
0.227522326135913
0.124768608556198
0.151515200189225
0.0813003740475919
0.262744485787691
0.12031201063343
0.113388507585083
0.0914329886827831
0.112539618435928
0.207569357523811
0.105873874240785
0.0942466016957259
0.138454141102068
0.162751264364749
0.204753934346692
0.177272464750923
0.0798340989532454
0.0936067023563786
0.234530080384985
0.146250073689134
0.132497770995398
0.173466524999151
0.0878345937688767
0.0900439864312944
0.161285656568811
0.174773093202331
0.0709576541160557
0.0905168227587026
0.161469019415071
0.0905550536981168
0.243950158033585
0.111415817676816
0.16004868048945
0.123246983847635
0.0797799499614344
0.279052722551444
0.117952973818443
0.146175200232323
0.27409051246877
0.119479819554796
0.105341608122057
0.100906231787729
0.120363187391312
0.0822171805183191
0.101288847928628
0.191658810315635
0.298006754445533
0.147407197211307
0.0653085612514141
0.236913724862879
0.125684227832198
0.193321376876398
0.226902197916111
0.184099737533736
0.278608124521244
0.0955833266712492
0.116848179796264
0.168639770012054
0.270581688549436
0.116456152100521
0.132776410943374
0.160016344046182
0.210177273177272
0.189572573373251
0.111135712203481
0.133608923839673
0.14289968711547
0.170413951473259
0.0969529907837451
0.184970654220039
0.132380821928468
0.107387839780664
0.0618819241551796
0.0781284402039523
0.06664020417187
0.125169164527521
0.0798711835705051
0.104830952288399
0.151946839825731
0.0814814047840101
0.0696659489649361
0.0615634222082499
0.13578889868928
0.181775180625233
0.113037164057195
0.190898954615749
0.0774189827013752
0.099662108125526
0.12117908717124
0.0832858155870508
0.102034944441215
0.119597750347482
0.152005936970924
0.108295783384465
0.114770050199585
0.153483361520225
0.240579254983803
0.196817185100903
0.141538323927265
0.257677637199807
0.105901726280369
0.0824959597602631
0.1447392802676
0.147787337799743
0.0774865576423452
0.139552721016432
0.111259224177959
0.16468608436489
0.242660174300756
0.089782719607988
0.103943961132875
0.0624622615004971
0.125354908712537
0.124380265462038
0.158655536168676
0.0916406831721104
0.0898792519005651
0.122371202358755
0.140073800261859
0.0837387924733601
0.149687696683365
0.0824984024660139
0.127299051274931
0.240387187038326
0.120445593400551
0.223085026217474
0.190842382969374
0.192727385904077
0.262671348636922
0.134842502885045
0.236222883349208
0.0815417150282093
0.192681352631328
0.174726302081934
0.163244406468583
0.154763745881767
0.0616212903555513
0.0688227931737222
0.0655065272504708
0.129356092171977
0.0830740402219771
0.0845323752986371
0.0985346851241635
0.170887588849419
0.0839446785254147
0.0680185996384432
0.123299966756678
0.121262882078743
0.0897923178778642
0.109301895554462
0.098032777886418
0.0829220618952409
0.196884141869905
0.0660615009509695
0.0610870586394879
0.253623020367752
0.219338375391647
0.170556642177363
0.166362827628866
0.0931174527611349
0.253674505133572
0.0929392124308693
0.153637399627468
0.224533601124535
0.151426455811041
0.192604055985132
0.0627943324706287
0.127428103663571
0.10521080438137
0.23201173253197
0.1636580096305
0.267298181209345
0.195089676092388
0.106090208638074
0.0913453288902117
0.115929318069791
0.149385739291328
0.317738814357649
0.147305830415627
0.143250805692549
0.165499946765547
0.114157040783035
0.0965111085044157
0.146129284927164
0.211434965123219
0.159600581181763
0.161697541470925
0.108502867268296
0.106073606913749
0.0942167988058732
0.0578086456955234
0.107692323518046
0.170719970625192
0.10527273518924
0.189242589924363
0.118015164284805
0.163448622354829
0.150511700845422
0.177774875550183
0.175761859242623
0.177116843505732
0.0974168049054447
0.114738771909491
0.0826508610354415
0.0776487952355487
0.172687558205824
0.127450724017799
0.203118776941687
0.213283352848838
0.236663156517057
0.113415754342577
0.26695222005001
0.171005911004638
0.128931741096924
0.0945267237072887
0.102445092987258
0.15876303065653
0.13392366591628
0.10712212323926
0.166839796499767
0.164613230950634
0.0985507101517751
0.0931866316454038
0.123268327175984
0.0619090726618846
0.084829425134553
0.166042595647507
0.155945231167858
0.17695138429805
0.209487220925243
0.0961063590426828
0.251049363404223
0.197061960858921
0.24399036277513
0.126764400787501
0.137684203149163
0.250409900957561
0.164594601363231
0.120088658966567
0.162032704217484
0.250332304416565
0.120053203865259
0.167897292340811
0.0830737834833899
0.102514344252434
0.144999910033243
0.209943921536423
0.211910186407068
0.105203101274106
0.0941325818248302
0.115269093376404
0.118012643308478
0.275651962043089
0.0854549443959588
0.364056693969311
0.163251970000193
0.225220114077544
0.189556510821051
0.164314243073594
0.151803532699156
0.108350166287213
0.166814842902861
0.249793227204067
0.277166179207169
0.24634349142573
0.22859552840232
0.146232222479873
0.109998176343621
0.127186682230342
0.101038303390241
0.110296741861499
0.0766369634232773
0.191498703875833
0.262695262376225
0.0673492161034602
0.300288500729754
0.185762759124052
0.248368228219086
0.0877074339505671
0.0632035648314651
0.0842763093539514
0.147069564121182
0.207722779243692
0.117566910745928
0.103874676000889
0.20940592506116
0.125949227206892
0.0862141739972748
0.116834187507546
0.156010303591758
0.16122187497081
0.0985481250493464
0.0620661868336413
0.137887235684737
0.204754094004383
0.0868154018172201
0.120665127118241
0.14085168455957
0.220756788202353
0.119648165981167
0.172382734823259
0.123178275403263
0.0910321966884535
0.104198665576458
0.189046464990166
0.104165432667411
0.0778772036854474
0.0679471858152133
0.141192278099046
0.0714513997723125
0.123246732644097
0.141857270292034
0.1040644327122
0.0845876616892741
0.146741763113191
0.149608398926157
0.115676329358128
0.201658481517563
0.0987270733907019
0.0766341036067803
0.108495486619517
0.146378962574742
0.136822918395037
0.122285123029334
0.156209803714518
0.193826593090863
0.148347812038438
0.260706257943864
0.102154294211524
0.198129563521387
0.168457152993864
0.222565449649985
0.1004869944705
0.135331488380195
0.11174993341432
0.176248812292202
0.139617015141671
0.101578290774543
0.334742049773557
0.130250877075086
0.0966773602695496
0.115315795462836
0.174623925255227
0.163454043287264
0.0783528791013922
0.083840111697939
0.258363120644892
0.15186320973854
0.223111893080577
0.122256946010076
0.111625726470268
0.19079784307158
0.0796812923666235
0.0752789473067279
0.188204222820582
0.243039339233798
0.196517278269024
0.159473608806774
0.109933255197812
0.119101725245612
0.186614822113678
0.258905169643706
0.128262288954015
0.0827237398245324
0.14539328128903
0.0886024960974913
0.156024732962188
0.12790019371139
0.141044030977473
0.318480848267943
0.162358084919668
0.0879053620159607
0.126220370004874
0.0712249815555152
0.227548691848911
0.133465861049446
0.155152513771997
0.106957304327644
0.132266513228391
0.119095297189871
0.161263627096963
0.0824313930534565
0.120603381547364
0.13680630162725
0.0852028057120829
0.216347637897728
0.244272726204179
0.0996652649687115
0.171507425380661
0.103305234999519
0.10943123935411
0.196992781463233
0.171819768165047
0.155604642954148
0.139567087529778
0.116719916060032
0.0939827136062474
0.139395101133374
0.16298979710162
0.115627312287308
0.101835254492755
0.131784404098309
0.144030988821022
0.206995275146493
0.126201519190133
0.134345444918399
0.0959049234930524
0.210015948717783
0.122117184102336
0.156864056696314
0.135559072979665
0.0673176936118902
0.0800435624270904
0.160626985691334
0.0706849624733565
0.0771794047874626
0.131831611948752
0.215817856765107
0.0800313064987798
0.17258079136505
0.146092758406545
0.180525029836683
0.0950311043927977
0.0640647303372749
0.121839811460195
0.133094263458567
0.116869092409247
0.107156540802495
0.0837012054680617
0.0965627684003384
0.106749928809732
0.115365451525481
0.183135877649352
0.203615723266495
0.0958696941377198
0.107081069391298
0.142302886886129
0.115520852829071
0.244429687254981
0.163708253957929
0.120656464149732
0.141579325674456
0.319929641647688
0.230667741718734
0.144254367263877
0.199781687860111
0.213571275457918
0.0877838541225087
0.195909319394591
0.257570676759708
0.112693867512864
0.172963077666046
0.106959970814621
0.174446359255799
0.121534338904109
0.138221332539527
0.111616588919686
0.0671955092755409
0.12874019630295
0.156307571255988
0.149402235830266
0.110619921831949
0.15146999417162
0.114618163691958
0.171101183344026
0.140427929130143
0.194539814081066
0.272763260576616
0.218116866932136
0.157818952315009
0.207871359422532
0.200640759931074
0.130966802477235
0.105684107370534
0.130928075624856
0.194806892820447
0.154723000467565
0.0931257220279519
0.154687274291159
0.153612822098138
0.110912241329808
0.207888533812338
0.224472897953656
0.111647545309334
0.228720163802051
0.115569939492699
0.0603015671127789
0.124059677502295
0.281202416191147
0.0971141672700287
0.154836845625645
0.212987413377136
0.188146558014099
0.117177619303012
0.179570696902966
0.134256632842661
0.152059266870316
0.116337684149844
0.0943788372311459
0.122688154840238
0.0921043905547725
0.0823111296739077
0.127217725055922
0.151572871719633
0.151627130913956
0.131039953269143
0.0949012607753098
0.0957152319531375
0.32875812471334
0.0775097190533219
0.120977992974724
0.31172720019844
0.0837552924452583
0.102708089412714
0.10936500550928
0.197870720837786
0.105255054828199
0.0753438272883998
0.136269174420827
0.159192448866314
0.136327100205462
0.126322511544396
0.114235353464186
0.140771201086132
0.215753739217654
0.23477906385094
0.07900195159578
0.109522337572846
0.0824222888608814
0.091058051142866
0.100019101475883
0.146838589244219
0.170471056155553
0.230139755656569
0.190469890405099
0.0628179249697528
0.110005729008493
0.0845296259616635
0.12517778166009
0.137952279711588
0.174292755168855
0.0791632114227958
0.0804728207891784
0.0806417781594162
0.1301608964711
0.18796668903776
0.111434360933264
0.1331230412575
0.0958132746666395
0.0995681579708366
0.136645369993747
0.148122914140905
0.239771502458593
0.187434412207211
0.0791758057696734
0.109392793411788
0.103731948235403
0.215911924301377
0.11866066257655
0.171141469365473
0.100321408468523
0.073968605835148
0.135791546509895
0.150079004367692
0.163302520504121
0.104149318761045
0.156580063001898
0.130334098570468
0.141636842717186
0.226842904717876
0.0838727169929572
0.0757999381188507
0.0898417983747703
0.222999909779121
0.11383516458307
0.134011441360932
0.075305134799952
0.107717614941646
0.199983533102451
0.166122063675772
0.126465217370047
0.165723335495322
0.107331062859843
0.0972714748147915
0.0836185129039076
0.0937510200644421
0.16600347605305
0.146506850533484
0.160471967211195
0.140145087152114
0.117114969171087
0.19135404820063
0.286588644593693
0.116274733394416
0.0897213092778821
0.110429285149557
0.0900974402132396
0.0608783359386521
0.0720950823695818
0.0765099377305117
0.109710760518097
0.0762930957426217
0.0802678922121408
0.073824554068621
0.124100599454439
0.0734607879372933
0.348907251075879
0.278805674498191
0.18642029903291
0.247032938769149
0.102105415644624
0.118758949492498
0.13464019914745
0.10549508715425
0.127357817894579
0.112284832202445
0.0569979746694404
0.0720265751652482
0.0972186532586576
0.145346798631356
0.111873579638289
0.103036517586186
0.108968875680822
0.169803603295097
0.154973200436774
0.167716794743398
0.14196616624058
0.115143796858216
0.184342336473233
0.144897888775318
0.0861130403365163
0.1044345800292
0.155254006067606
0.0966726464910417
0.0872221685081819
0.121510055499173
0.0964018316176746
0.287302798107238
0.097914937199351
0.126318490957236
0.151851611236229
0.124065721424902
0.28815159653455
0.140026166678681
0.14047786455129
0.107187864713781
0.121899699719897
0.0707510983442336
0.123419402150008
0.145739555443888
0.170735635322739
0.11320459709576
0.170159748398114
0.235716459478702
0.148293903557732
0.13134037486055
0.18374720574692
0.133214017122564
0.111191701960846
0.263209492888695
0.103383833229905
0.169530454682689
0.172642767737714
0.120034488485575
0.146471752989872
0.175740349471689
0.203865977787723
0.165837442630084
0.0889287458271103
0.0743210856756277
0.136261848774819
0.0817357145393723
0.132227077353752
0.153085939762836
0.11801350183402
0.127347471645804
0.0768105638877179
0.176392657950893
0.258896906474823
0.156163809383645
0.165798273253589
0.116410260974061
0.228470763636405
0.189779443675555
0.117460137187502
0.0886470153560832
0.088759072448656
0.10074056926116
0.130863826281758
0.101309119194474
0.135319442280648
0.118755008587235
0.0818316461476103
0.118913215912326
0.0716940447448482
0.208670508321651
0.151844258178279
0.0872967907521438
0.0648449793836543
0.204133576494162
0.121823652497754
0.133996163258914
0.0624913639088707
0.10193882001447
0.220394128746591
0.13834411203113
0.27690784302264
0.090241002019779
0.137205200717342
0.117767470834078
0.186712603295948
0.111113540755237
0.105279929361214
0.183081926561676
0.216244646955284
0.128298144719033
0.128197435502528
0.0871166665617246
0.182765435554864
0.100660880005796
0.1330305600159
0.0673874594227823
0.139963902917287
0.17413625753497
0.0963049819008598
0.100749604586767
0.119320616188293
0.12768318972912
0.111226309685505
0.0993802475212601
0.130869471175236
0.228809531928457
0.161820421824998
0.0925372317043847
0.0856238451770746
0.118334239028642
0.0960696187178692
0.0803176423518463
0.105731884609375
0.106418993712264
0.0836137897417831
0.11540335997346
0.090891753041531
0.11184382354768
0.12046130520455
0.0758783029197685
0.0735728823136669
0.132857535525944
0.072225063963406
0.238877107113262
0.136950160961407
0.127656757595893
0.187161159920484
0.260830583977601
0.102770088420877
0.135360150774131
0.229278734400024
0.079506304897685
0.109763078898507
0.141773520070547
0.101496080161609
0.0914178283839588
0.164490973293966
0.125294123311388
0.144390960371628
0.120930322812978
0.151565456036324
0.0558239489337086
0.125844857858735
0.0900667751106068
0.215866396754162
0.199626640768583
0.0998696959308403
0.11181545169575
0.146995220445674
0.11434991712685
0.0912871770379128
0.0744767570529998
0.0902424236443246
0.138868245589576
0.106012281735409
0.20866986152567
0.119029067237552
0.155885899699819
0.106844948802256
0.0991610213052619
0.112654210541882
0.158929538933844
0.0738703185932273
0.27419269297829
0.148228274803683
0.189490619345829
0.155300764465385
0.123195779506371
0.120453524150507
0.154579029455454
0.147635418980463
0.119442659680377
0.0737863402763895
0.12073903195215
0.211366308434901
0.197298038717721
0.170808201057235
0.152677724899185
0.193389352602847
0.13483921869516
0.287508895194231
0.153237723462173
0.131865334899118
0.131084530023913
0.174849474963419
0.144681283613947
0.227288718946205
0.0863078269494379
0.130736590021476
0.232875328744022
0.158813017671771
0.15914356991398
0.109692426049929
0.218078076481497
0.118659933078991
0.122635576407208
0.306040367222656
0.272079484845587
0.108161874290172
0.158027815443371
0.0795441402209283
0.0948678235419157
0.09961776035491
0.0741105563099292
0.101220391611866
0.16643168861686
0.0801685570773596
0.0826507927423972
0.177110524381122
0.11464168294852
0.0724341382380115
0.11767798112029
0.103789332453295
0.151242466421392
0.108247391415547
0.116652687201024
0.169171518063676
0.0956602118912894
0.0854854940485378
0.0988627108880956
0.07831221760316
0.0840439040550085
0.0754917803657958
0.117655930769305
0.138315056645861
0.149433923933233
0.126220609000664
0.0943424193840798
0.19821053325987
0.0950305635938628
0.125798894808342
0.228540383183886
0.0898520333933656
0.155868091288081
0.100332126234674
0.167952630583751
0.16424841486696
0.152213462851533
0.0700478610324032
0.319722070148016
0.143022245756697
0.146277823979074
0.0996161433366052
0.0796323107482789
0.0637872114056559
0.269565356069123
0.10082247467899
0.0972900506751441
0.228714778053477
0.104419879670871
0.0622460343243803
0.137746317110175
0.147594960325171
0.0633426263185127
0.166834970847914
0.156595126059891
0.136703559362416
0.161286712960713
0.0893858230084623
0.2184107489799
0.293076662036163
0.266993297664304
0.162035421506654
0.190482458959084
0.136668762008585
0.0887204657585991
0.105687414016768
0.210185803469137
0.261167071242211
0.137137895259772
0.0786849678462844
0.173160900036019
0.256173503455228
0.338438593925967
0.0790120030615597
0.0748676327800144
0.114144535039682
0.131605389822295
0.229621416754772
0.153349279748166
0.209205925276102
0.162275806324239
0.222091212516593
0.10977185095716
0.098187222458295
0.0820553705453254
0.08705334178229
0.169507512936783
0.210801911686314
0.133621820777915
0.30584161192367
0.198515432802943
0.0800368576022279
0.103676371931363
0.131437109322617
0.0846374168527846
0.146596784643552
0.14309344003298
0.0912819246519895
0.0999462332867882
0.14058185484519
0.118106754221973
0.216659246049285
0.0689191609010191
0.0965479900991237
0.0913759250980076
0.0809372228846348
0.152309388907272
0.234279647083497
0.151927419128074
0.0586994406088437
0.0825775682410261
0.080164731230573
0.163174435009692
0.10895019254314
0.0735398536332182
0.115627331659106
0.156997294591071
0.144443553173861
0.131600802283055
0.104561799527125
0.0707582033500672
0.259464584902564
0.124624886303848
0.138775071618375
0.111214498276721
0.148654157411884
0.109416519833256
0.082365940481165
0.146300632946869
0.084617231474619
0.229692466534166
0.0803657416886351
0.128176311004109
0.0937281343904767
0.0934735118612027
0.239649100321969
0.131553525168693
0.109745369892353
0.127411591582982
0.109649391435564
0.0917063326462291
0.152093653295182
0.0810205503555423
0.193655685055303
0.119476422430851
0.147395115905653
0.172494364680103
0.145323143993007
0.0759876327730244
0.193449840145831
0.0686399366975855
0.164231525021041
0.130472114038272
0.149146911466436
0.162874094698626
0.106244221431501
0.217657488939814
0.29657832941762
0.10826479031951
0.136663039162131
0.116835760322518
0.118252248673248
0.059420481675224
0.219905869157168
0.168719674788594
0.164775104690054
0.128391960726615
0.211982120881441
0.0829135537988238
0.119016614750132
0.129198418342199
0.137238060884885
0.173842071764961
0.110669785411753
0.113179709217887
0.0942738773442939
0.215985651768852
0.098994744837421
0.198690717651368
0.0954820942100727
0.311790886102252
0.117149566513258
0.31630596247542
0.14447647147216
0.151081034837326
0.117571455461716
0.0945024067143347
0.112219568010042
0.129826852871042
0.131529532152996
0.136848608117332
0.147768314761663
0.0982173905797601
0.152222467871728
0.243720490031481
0.111348002441449
0.201075023638673
0.106106253991691
0.13802978597831
0.0753391575011404
0.17308971215376
0.099930170263025
0.132455610356874
0.0921133939421085
0.105340042505955
0.171895712521331
0.144037826077297
0.0806300276097388
0.213482814483572
0.183431755987744
0.0666933314317614
0.11963646363958
0.0879349903753305
0.0792608143250604
0.0920086456374786
0.15814302905755
0.0973761584086784
0.307902116880678
0.172260616277346
0.104323063228119
0.0816104478581494
0.0989379678844442
0.20556185944159
0.12636591044926
0.10870022608355
0.155322599799992
0.226401105333014
0.118633753121225
0.143401163464262
0.077405234746539
0.0738483781100624
0.101207717701055
0.0893174812566271
0.0884328469019643
0.0980414384585686
0.114998850211611
0.0870799598747399
0.212737167346652
0.22534032552533
0.106826578922
0.0839892495122733
0.0784643602479381
0.0991356120347163
0.134416691906868
0.0701179946640844
0.148449508082846
0.0685892846774609
0.0948408107791685
0.181728197335527
0.0871448801838294
0.137482059479806
0.0824198253152018
0.0802207700006223
0.138892738215045
0.0950694957350664
0.0784089922364079
0.0945599415324778
0.316910848498345
0.0622911419583307
0.181817875614618
0.0791069814834925
0.0776195901078926
0.172729072387159
0.105142947948862
0.132599370999083
0.0836072145779181
0.114119809949619
0.133176705850326
0.172947849218332
0.0730516962217419
0.14736163171333
0.110710173756957
0.115804197146924
0.0761928051659656
0.121224800132588
0.0901017221484934
0.250188251813817
0.102669978423227
0.0872542123540042
0.109331783972569
0.237642847588701
0.125185924970265
0.132637073937647
0.105108949816435
0.0652138949218036
0.0794024838624377
0.0809124867221485
0.0731784266722646
0.069786641752022
0.241073086483301
0.147803519739933
0.120997766445625
0.084037273875029
0.143703317520502
0.100187111261408
0.0818016996281482
0.249395836794183
0.142778405722005
0.101976616246856
0.213566888523557
0.125733111264881
0.169062006752958
0.163922155883153
0.327270724085077
0.0794372182569122
0.132606943361284
0.152277520935118
0.12031667386255
0.169611938126501
0.149573280567135
0.10751316316622
0.0888549186000584
0.112456295989217
0.208869309507221
0.143433612684631
0.0664318097787792
0.112611029321305
0.170427436609883
0.231388012635278
0.0635009877118368
0.125732343362551
0.0865348216695939
0.0619157833130981
0.132529010578642
0.137333294244892
0.132265528496451
0.128311240071176
0.117259084271936
0.123102676800816
0.106176454400326
0.120744148819373
0.121009746322703
0.144924042023706
0.0852905239477061
0.156106896137122
0.0736861877950541
0.0812894532821343
0.0966180074798619
0.0842406979913506
0.164774842491317
0.0892380158667926
0.18374920473318
0.130149324672385
0.103355841438395
0.117361761216623
0.0995719450781508
0.0748416847493274
0.105368479363036
0.118833180723552
0.244247239080031
0.166245363655474
0.0672758292722499
0.0930811975243894
0.130024697116818
0.128729047928638
0.144020352993254
0.14476131104654
0.0680734990643001
0.0837022798273711
0.100373683451356
0.0829481439548243
0.0862633786349987
0.151804266715912
0.246132733391522
0.173888104043466
0.101476938430884
0.125156484068533
0.199342165636196
0.20366921240118
0.0917266880985919
0.206408120768803
0.234746374339941
0.135921308611323
0.102522663712991
0.119225444305274
0.105138667609496
0.140594497947703
0.0695617192860957
0.078558821703241
0.0945579624694845
0.153279670178226
0.0973135051829915
0.107539269627703
0.0695244932002616
0.10399944932766
0.187779599223113
0.125582895858227
0.199421336422475
0.101054171239148
0.259474498189649
0.0883672392664879
0.266155467866338
0.10922458015947
0.105615737060317
0.122745152518791
0.133969239975921
0.158192931023597
0.126587238420097
0.0931761903108863
0.158436668996152
0.188550237517505
0.241220672361663
0.0949916390720626
0.10901942590228
0.279435196031577
0.109044690252329
0.0958548454587404
0.228729438490156
0.189550011637231
0.162252698833297
0.107621525225717
0.119650849497512
0.124084731097548
0.173656480899738
0.105402252597931
0.223416777349577
0.0833435700206511
0.125153846773238
0.129971322408431
0.176582030250254
0.145589188194621
0.163509189433897
0.0765985703327528
0.119917036020843
0.0893737387331716
0.192084299099482
0.286307769178256
0.187127775462777
0.160036115787469
0.138816387258828
0.0827188604134978
0.138437316854471
0.0779378039677937
0.0784648734403712
0.104006586464318
0.182232147024563
0.199056507098978
0.0706136662159457
0.125948973461345
0.156980031280308
0.126306873271607
0.0763784952997932
0.117131751053928
0.115441935036515
0.21404153939375
0.106463892444729
0.119160980067343
0.166856410595715
0.197507509011998
0.116012114458178
0.172962262723308
0.121031740585976
0.0813993975155562
0.189594040529936
0.304575016349426
0.092263443998894
0.120465075465187
0.16017012511396
0.278660801834907
0.0995857178196357
0.118758586709699
0.140795453404304
0.123369464635846
0.243931272065921
0.209042442462573
0.0739193668626252
0.0889607675525505
0.0955133194977121
0.120218708778036
0.145672070469857
0.0978165600256871
0.0786475331590598
0.166005660893992
0.0931942061637143
0.174172220090948
0.1610682981445
0.0781024043220554
0.126941106964538
0.120351276521078
0.198159487827348
0.0933513668432055
0.062802100764107
0.189242830180665
0.0900215984730365
0.0702233263634666
0.114948543633661
0.197010821049405
0.124529139408949
0.160966782496791
0.14623740673214
0.141499444811321
0.140316284522358
0.161604485858185
0.155561068793249
0.135750665673319
0.0959051978592801
0.0614018625946029
0.14363993918285
0.118272966907951
0.269868310861567
0.101708560308948
0.0804445963160397
0.156461129463712
0.0682385817100301
0.13095436426046
0.05754776544902
0.0759710850773965
0.118280690546482
0.257233674760873
0.222226381003829
0.20950589022185
0.0596272654064532
0.0900918770852118
0.0736304845295905
0.143378293683848
0.170747656757658
0.129243013650196
0.0951501189321117
0.0854844857507611
0.133295325626441
0.173265554797938
0.114806856693717
0.0635777428770039
0.18912188685403
0.306181690101004
0.189378800076934
0.114162189656109
0.111893058081703
0.189896567051434
0.0971033882015691
0.0637404203566314
0.150123480874617
0.139579628857241
0.0650675734317809
0.100636388880944
0.349786206217903
0.15652415205913
0.103306887306703
0.176586148033479
0.0954669548034598
0.154017811535567
0.129090588926031
0.191869407381882
0.216135690663048
0.10267896939471
0.127789391400105
0.131655744164888
0.19767865604621
0.135916496206607
0.126202309201984
0.237396784437418
0.0529190580438552
0.0945988195248716
0.156660346166307
0.276645502484534
0.136278625685291
0.0795460891743073
0.134046347105026
0.255542689457449
0.147343579510151
0.192598299503896
0.0890179148690491
0.157442281652285
0.181820432252133
0.305829621912704
0.194924277348089
0.183814351921612
0.122633589119951
0.105985581700021
0.138782000624393
0.0976383545437795
0.241301872932887
0.140760820327537
0.105672117779746
0.134247642439627
0.0978648313246459
0.094206923814189
0.0783544033779176
0.112148827842823
0.2335219444063
0.135696162415257
0.138714624245123
0.146996839476177
0.162103096158217
0.127356334690737
0.172043415563969
0.127046486721037
0.325222500694308
0.155962469907581
0.188254329441691
0.194594037407349
0.155571184622519
0.182767818622036
0.142751804143415
0.189580523222039
0.264790798862083
0.167130429015278
0.116545451574724
0.103033405482504
0.185431714854067
0.124402949043632
0.164286765056958
0.139325268983895
0.112736978580961
0.0998386302902328
0.0806997173743535
0.0843296798934594
0.153180871984972
0.0922658354569995
0.212685337185516
0.122059486737426
0.0930456320517556
0.0992413409515358
0.0958150023467798
0.188508032287878
0.219905448866329
0.217683076371484
0.141064415926943
0.142863400586904
0.121487407665194
0.116214061283138
0.13043244835967
0.18308543928946
0.0935316152442909
0.122485136213006
0.0997358212074749
0.146491616657891
0.0918690321777688
0.206263077309183
0.077022456761392
0.0853113751998613
0.0942177332890645
0.187028116418575
0.0720159473908424
0.0724857986361199
0.129639905141958
0.163718499697887
0.121780057956882
0.0981333244507712
0.128771764928583
0.20270138611136
0.149902440510002
0.165961674278218
0.189380053404947
0.0843777922002509
0.0685691879495319
0.205919462151725
0.0906879312799201
0.119419939704926
0.105582163595264
0.108394124774537
0.0984169006297135
0.198967502329892
0.0684908614227047
0.0833242567885754
0.28990030844474
0.132849852150007
0.111993418373982
0.0766313851029962
0.0756412459230219
0.100631495302166
0.0844758717174335
0.116323072286226
0.121097188637974
0.0837105340258308
0.0770390733975346
0.124188799802902
0.170526863427522
0.0759438118482965
0.205572853963343
0.0883967883477941
0.141952010624446
0.0888821038453326
0.128393463821176
0.153567014040457
0.190362457482202
0.129444813142678
0.114114945185226
0.110411469746673
0.203059787774379
0.12536986165224
0.115531901287344
0.120693391572975
0.0646977180581424
0.0686415812385311
0.173647648935793
0.0784798383448321
0.150042361990558
0.176907056473253
0.192212652079181
0.0893192447908279
0.156293719354451
0.152264671950315
0.119937238257695
0.163031454099604
0.250444262383169
0.132818251062474
0.189499136054853
0.125678933894712
0.172175306225056
0.0666463226005969
0.0940356368118881
0.12542981641792
0.157651650410404
0.130190782072578
0.1141126963851
0.167795378010241
0.216241657360913
0.141997127519064
0.116189083524468
0.128366005734882
0.0829415981525941
0.117027489913354
0.115532610681634
0.176133558389847
0.151048901916282
0.092426353195401
0.295610633229883
0.134243811711972
0.322507870237658
0.123315025899608
0.228310754978283
0.192504080152841
0.161888387748063
0.0906424699872908
0.0840150843752462
0.170864015225962
0.0980134060090476
0.11104279588179
0.21764649886554
0.103608017458619
0.0781134502060228
0.258615623105528
0.0820640408266487
0.165849326244843
0.122587152503114
0.132435065135962
0.11266474102248
0.10321721091325
0.290935924336242
0.133819195649647
0.101095118261272
0.171744862715764
0.136910197893758
0.176321655058464
0.110197013694846
0.155591347979692
0.257251485874356
0.150041021691835
0.0854079079629967
0.164400974597806
0.0922480821182659
0.2074251993542
0.164830151125687
0.122686590378778
0.120963701635657
0.0954248971361358
0.110528475466954
0.189996382201277
0.10869581124734
0.125613233738252
0.101967739326395
0.0831325059271986
0.164335001847244
0.306768664758265
0.102423771974085
0.0858904658773783
0.157203100719268
0.0905527300645849
0.127176109241021
0.102097769257298
0.10260727366887
0.111245496110201
0.143682300206059
0.287585803530277
0.170582719062869
0.179132681879272
0.201658439015791
0.197304928175782
0.159133627244075
0.272827148357827
0.14197264787718
0.143945751664439
0.257501927076998
0.104561212136884
0.208701092899751
0.139354394652286
0.215267194214072
0.137424657815658
0.092770064030326
0.14001934815373
0.151423960675199
0.127827431826191
0.112734605232163
0.102763737443159
0.117602521702043
0.123494975327903
0.201256706324398
0.0811198610730626
0.10991597066043
0.0868219123484169
0.216883833530245
0.210384730995401
0.0814726527865829
0.0980420713069591
0.0734533681033604
0.145278352137009
0.0813193302738709
0.0836791070494438
0.174666472402391
0.103636054811817
0.113859300340521
0.176214301651853
0.100300661761849
0.20724520241524
0.079781292580264
0.0771037264329235
0.0823236570613685
0.108677422613145
0.103735703672143
0.182633218494497
0.160064768060842
0.0762616950752572
0.173560991601719
0.149803649918968
0.0932382063668542
0.236112988203494
0.0792307968258254
0.1906128720345
0.098334131651822
0.160223894766403
0.123996929075366
0.0815841257045616
0.0946876407040829
0.0681502252602777
0.074301872628898
0.156110056053523
0.115402479932344
0.16148313991916
0.0855015021762075
0.0937005606361314
0.121274018288627
0.0968021302748875
0.137052459396351
0.105657663261296
0.126690288644621
0.104516372172245
0.112531568541494
0.0903355354110017
0.0758112112192565
0.0858103622392436
0.0955133243325753
0.155275129230774
0.116505153827342
0.0851840724432405
0.0941747656170044
0.0711551200742294
0.109276686525204
0.07394921230265
0.0983326232885983
0.097763637191622
0.0933901777024906
0.0822831392738776
0.113152597417732
0.115247523794373
0.177792048739707
0.224128783586053
0.163924573398539
0.105074553045637
0.0827376188391532
0.0722431371106739
0.0868253488097896
0.0860415895310624
0.275561969354073
0.226443654970918
0.121436438692975
0.0903342455424391
0.106466268136936
0.181579358000413
0.108787005033537
0.0975281462885886
0.11599092407281
0.111911103673864
0.134120512457786
0.0647227711039411
0.136753338455539
0.251979654874668
0.130857492649847
0.175317790464869
0.154378359679191
0.10744483253191
0.203150484906561
0.181524155571646
0.0924024194439575
0.144648628811001
0.0929730894205288
0.210906337226498
0.103207772558032
0.153436462971587
0.13734881422181
0.112609206130896
0.104985700916107
0.110019965240833
0.111771562760669
0.112471346419518
0.111101444675549
0.134993334000506
0.108655662188105
0.0715760959718866
0.142737755832178
0.145694363570309
0.149594044286009
0.208245662963421
0.14092513970864
0.115724702487026
0.197885813492398
0.0756525914739367
0.104131071969446
0.175126043339119
0.239450676009318
0.255716844035505
0.25771176901779
0.081478189874535
0.205957446454946
0.182133026238157
0.126057515425632
0.150126786368643
0.079019429174009
0.0863725288832103
0.0958693768203661
0.0853861397465079
0.161294895503699
0.145465436425527
0.160894476632988
0.146656038763671
0.0724492992543084
0.107719786689335
0.203480418717764
0.0797926714855345
0.135549972083243
0.20607892739275
0.138187611199627
0.0778264410023412
0.11857592394461
0.199285578754677
0.134621568334305
0.155927742596137
0.0955052924043915
0.1121872544708
0.172028271633577
0.0569914897787032
0.165990275866825
0.168328271721433
0.212972670180106
0.11280891509593
0.0982298069568212
0.177591547846453
0.186172726690316
0.0721450897988312
0.123813289564856
0.216523019279275
0.108033544237747
0.167331453847061
0.0814511923668379
0.156732212805343
0.128149390169653
0.112535339663344
0.176872404472451
0.0861290136263548
0.0918841329716827
0.135541623472499
0.0809055163105277
0.117286801175065
0.0851835327867591
0.208498582027606
0.185047802364994
0.137350201580905
0.0686326961046232
0.0607632040621816
0.119882910369372
0.127368144134335
0.0696808797473843
0.0918219419670491
0.0675594324495156
0.0938689476617828
0.124722370004193
0.0911638357253725
0.0644601014215125
0.105964622831617
0.0975184311336391
0.142797048490136
0.0867196155032751
0.133136656133448
0.123091675696052
0.105136169000988
0.151098095300139
0.110433394490595
0.243153940254495
0.0876531340193211
0.173427420181443
0.0779694027454691
0.174607565563163
0.145925610695705
0.0726988651949867
0.253660219502208
0.0653019939192199
0.243779823719515
0.190752061037438
0.134539271209542
0.1475065056493
0.156012908617514
0.0888779353524388
0.142778888517158
0.097973836184212
0.202756325109543
0.165250549302087
0.161305781398632
0.103076618717284
0.12236585406682
0.11136215353156
0.223347047413613
0.138009569969984
0.121232547507711
0.110785339344293
0.059622775214126
0.0981518259936109
0.13654342332992
0.216224127796759
0.126703974929423
0.112306716631544
0.205724873155332
0.134105152094565
0.199846565750762
0.175730770585619
0.0876867657301003
0.207304365408899
0.115063102010556
0.159418237831894
0.109101371654161
0.106410648282152
0.165260076908647
0.192667964560018
0.148038075588498
0.130080354278688
0.131688084658383
0.103825499713776
0.0757950101757801
0.173671315214054
0.169352798967656
0.14633151102956
0.0777209064879264
0.111379561047528
0.0772376310649532
0.112791846639
0.0741188493603648
0.060133528192153
0.124702177133967
0.129589753629838
0.239601861151521
0.0944281668576691
0.0779986675130828
0.108446303470665
0.110935924799352
0.158374718566024
0.0753189418010149
0.115359773880216
0.252199759960689
0.0580797034016686
0.120322994223168
0.119918598804472
0.140378641146094
0.115456069636453
0.0908084541224798
0.0816940185276247
0.126716745841909
0.0895712614485232
0.14036147948287
0.0850589744690553
0.0650298339282819
0.135563436619914
0.111106240811845
0.114075522449902
0.083650443298431
0.101515199157511
0.223663870974595
0.124557758081886
0.0802823433016835
0.138826936342397
0.168426977065967
0.142606357757838
0.118046903348478
0.177267108643311
0.203365612358611
0.167869067757953
0.129316723503332
0.163274061662726
0.0705897947059751
0.0657932042050759
0.141628686540781
0.207868173980289
0.135639516763823
0.193600608899792
0.0794588013602236
0.203211937290657
0.187496043153714
0.15232205702643
0.141794620560272
0.0824203766251493
0.0904666846134919
0.0714272325467897
0.221179134037224
0.171978404685719
0.179022042729198
0.125279984667232
0.243861577107139
0.134277748660597
0.123693929052585
0.128758462304926
0.0999810867545246
0.10574827297204
0.195647656941355
0.343275965136717
0.271500590699495
0.084438720755328
0.306269843100985
0.164936872117375
0.23020749344513
0.0963715521350879
0.139642475756753
0.0824132398549397
0.137583140534595
0.11130678163715
0.137484009484608
0.235126454193596
0.104409488889737
0.174371097278435
0.153137320607728
0.0935708359031541
0.112810657374028
0.170996507201356
0.0960597612740962
0.064166345810334
0.0604302618619033
0.18723623735088
0.182595889577947
0.134334155456193
0.09551494723506
0.0985543486830411
0.109534004879806
0.109790078376273
0.158128844802919
0.0816724503557165
0.0991503089237119
0.127896690802029
0.10069335803056
0.150118916656926
0.129197055587038
0.0617967768457551
0.113583823559192
0.115548514229455
0.101564171325559
0.0895371661579264
0.0636189138735642
0.0770981165649535
0.138970695883583
0.0828247285415328
0.175648382799149
0.140099667743074
0.0603758844486965
0.253697067634813
0.0967318270637451
0.118763520548005
0.150544399548669
0.192788096204825
0.187439163166574
0.142636982091285
0.22722167373729
0.119568137529576
0.20967374615841
0.216733306264458
0.069419149633161
0.171904962987988
0.237330041807643
0.144332832968481
0.074298539262396
0.201052177627111
0.116240431351927
0.0878493218137197
0.284345105953013
0.214424049183222
0.150640291139134
0.0827003599130696
0.0728234417082428
0.100401664553672
0.111950308698639
0.179084557653256
0.22000262829023
0.123335454827021
0.166564564846591
0.0843874021702936
0.067740911316329
0.0973513183339981
0.16043060562529
0.0634737808901233
0.188778999346253
0.173477353382913
0.10566312136372
0.16073690508772
0.110107962263159
0.185071938264369
0.0816943974114365
0.125275243815882
0.127833235899327
0.221836712746701
0.117763026774876
0.142720722147971
0.0891548295737019
0.302006416748963
0.20436225293234
0.0774788260521013
0.102065430032811
0.0698800500704603
