1.41
2.21415883347998
1.8556442897507
2.02707541029284
1.65030650954881
1.5946973643265
1.73591539432127
1.84110144511033
1.50357596671233
1.77473816258578
1.84620220350284
2.39399185486971
1.66828335977202
1.32344931503434
1.30731394826263
2.10695966727303
1.43908792873631
2.19728164098534
2.34901365056044
1.0398453527349
2.48562647030004
1.17424734866604
1.48539935064795
2.27411381459426
2.08069894699518
2.48107869974244
2.40482411126606
2.44134442033831
1.91932669998923
2.30313770956606
2.33713461965298
2.29710583920064
2.31612956390095
2.14031329041752
1.79930566507236
2.22404048684458
2.41005657999174
1.80759989436863
1.99098600843795
2.03239879576275
2.45413047392804
1.49396659655415
1.88012232098502
2.29671838760053
2.35249481321387
1.71881891345861
1.52369569888338
1.62633947027531
1.96640412996738
2.27860841541734
2.39056152767271
1.0307978841906
1.21250835870411
1.42330089018711
1.74133522647543
2.09970164641123
1.42496648942015
1.46885408649748
1.12257465197244
1.74628487712961
1.87361749683044
1.92710670833189
1.96935802413032
1.80189297285433
2.20827586452494
1.74393573481243
2.00848492645606
2.1939052178744
2.0225724254981
1.93777770551616
1.41080315917101
2.08245989819636
2.41259003199411
1.94879564599816
1.68430008445956
2.16517933109625
1.60803566886273
2.20791447280589
1.65718563446967
1.53530748266762
2.2948642238365
1.88613834539357
1.74191325320675
2.14671813344438
2.27543312501389
1.60885965522293
2.17146417493391
2.09707890455464
1.26482000744851
2.28675323017908
1.9979622032166
2.28504205126515
2.1115370468401
2.25760250177409
1.13803356488653
2.10834154096098
2.24874723922144
1.56916462041549
2.2997126821189
1.67391417218092
2.04567177437521
1.49411388923927
1.76880496325916
1.80361301123104
2.33614330470104
2.20199082372798
1.78537305586595
2.24915803401421
2.17897463150408
1.82895878242558
1.68168708285854
2.07070486033999
2.40057769600818
2.03643504349151
1.34666770634577
2.38654739620482
2.19521636414436
2.42169379369634
2.34974044950593
2.15326133853867
2.30442214932293
1.70633440792933
1.751573807871
2.21532001025163
2.23742459058834
2.19152299467876
1.58405169306122
1.62670161998617
1.53542026994302
2.07451734597539
2.03816644996722
1.69184455423656
1.44197268337368
2.04645536080154
1.92774787358824
1.65054926149616
2.01633500558871
1.87971671399751
1.91894689538763
1.37579229924974
2.09146502829262
2.06707636701003
2.12018009218826
2.14556160734734
2.39136469476303
1.92358262386309
1.80323299030234
2.39631894317565
1.76267375928712
2.00343596252338
1.88694765919734
1.82852083854191
2.15214847075078
2.22537535131879
2.3160945952691
2.44371754586763
2.23455326525295
1.83562929421041
2.02936403871578
1.57373122836617
1.36217565257408
2.20761570245023
1.92996302968034
1.48462516185586
1.99372117275678
2.42141128179628
1.74668633856681
2.41215613531926
1.49970828484945
1.98767733198686
1.4515479410766
2.42064934146999
1.31579144467894
2.31522766948454
1.70517161823585
1.09173600939892
1.27883533764699
1.80957274960994
2.44914082235725
1.26378236330003
2.14345211573025
1.35786889889297
1.7094798191969
2.27535651840233
2.32787914521938
2.40647162311013
2.28670957687832
2.42160589566078
1.59762214512463
2.41223898177589
1.36295744543315
1.85235036339868
1.78472863021868
2.39882124515629
2.19205242171133
2.17163273044566
1.9491010929737
1.26319338917444
2.09549730136743
2.29812296795218
2.30255196417297
2.38114442671068
1.91182217206767
1.8312609704078
1.7210694382413
1.80031815339378
1.45256189521235
2.09844030504425
2.09990577676633
2.24121220738725
2.34054845882353
1.64521532193465
1.9298199577811
2.24629604058672
2.3189711735532
2.07191896488864
2.23277916497824
2.09612163584611
2.20532387419477
1.96210076165347
1.87524717169446
2.30596648409377
1.73983428762507
2.30741372516403
2.24822512777215
1.67053907353413
1.24150341420643
1.41751273981984
2.05500118270726
2.11640946534741
2.28831353493296
1.94902637516746
1.19596253824654
1.69811338113028
2.1806800311593
2.12538895378574
1.93804976245976
1.19957264258431
1.86683946939605
2.05118592595937
1.223250248947
1.30701975038728
1.23094688323594
2.4297111030308
1.73786744235049
1.08082686661919
1.03155263460771
1.47678777790128
2.27043108220829
1.82247564107782
1.35235920468301
2.45018476687712
2.49557367482907
2.31783125355519
1.41002680342343
1.45950989837919
2.09585111372094
2.35985282659034
2.48460092574639
2.49579260182106
2.49754202736144
1.99753831536788
1.80439262665891
1.26853335687948
1.76063320547962
1.59775756190619
1.65241067425743
1.34077918147751
1.86302793118189
2.21120613984551
2.40264394265362
2.37069928703178
1.70655320876578
2.11713028927343
1.76286494938262
1.82051978190333
1.81704205751172
1.67190948595256
1.66239609140728
1.14498101269927
2.05691890203615
2.04642238881605
2.07100762571556
1.97340865192895
2.29350454168656
2.26669609765104
1.68631609340828
1.91750211633629
1.98278306103234
1.18262386547106
2.28623467312121
2.10149923419256
2.14377313715221
2.10332370305361
2.23915101126663
1.64965329775139
2.38163054900923
1.86444392871734
2.4178073589399
2.42953470427381
2.24021358298739
2.13396082116132
2.07075187001307
2.21150147313229
2.05595022056454
1.74624601479126
1.86412488633346
2.28359789115025
1.99541577088552
2.08361329140618
1.94486012096656
2.34769285763742
1.85633575521982
2.13816588724944
1.46684606742557
1.89804349722818
1.83015528783125
1.89434829710903
2.0229629210555
1.90750823198066
1.3448009730392
1.78137790753793
1.75848658938883
1.97822345325695
1.38490047188697
2.05754719416164
2.15507129786349
1.10349970983068
1.95047333274914
1.70731853295193
2.1533324336597
1.93103041826052
2.48209591577764
2.22734216480051
2.06109187743127
1.45392033306608
1.3440431141202
2.21281308150064
2.34738186830011
1.8962090012309
2.22112461691419
1.61082429252892
1.88641757848623
1.85553847709809
1.32571371118333
2.45965497261391
2.27067606819772
1.83778871864256
1.86592702566847
1.45967966826955
1.0329652402613
1.83901560793591
2.07202829820175
2.04567771474177
1.84895101230081
1.93791806426527
2.10912890368789
1.77442349522317
1.44788779752202
2.06038590492029
2.08391927352453
1.72449054465211
1.30062344511563
1.60408568026594
1.61469546513254
1.98324959974702
2.39715026258826
2.14394151128291
2.29717383322154
1.97052922183523
1.82398910898687
2.05123784141463
1.33754925050717
1.66482828375073
1.11857685084324
2.20003834769423
1.549664984836
1.68352702162253
1.93584444852045
2.0484060444661
2.26740250598433
2.18903450406874
2.17814703621569
1.32827673006869
1.75618638839932
2.19553423999969
2.23634026744229
1.75890771802425
2.03912829501204
1.76532567344873
2.11730413501036
1.84872161259737
2.16279340599667
1.98601428188791
1.24749155477665
1.84564063096594
2.24484921644173
2.24992628767578
2.46197491429629
2.33251289804292
2.07381805409407
1.96889576778776
1.06991089503693
1.70808624437064
1.72222261892374
1.9468688995942
2.03578575128482
1.43747273059668
2.07926593871214
2.10337099118426
1.26399511716219
1.42402725001549
1.16607198569298
1.85259093604945
2.2818207583826
1.07750619618999
1.73367008335494
2.21642322187857
1.98931094001618
2.10088580011347
2.31788060647794
2.45781000657592
2.43269644720859
1.98781863112634
2.42044477608465
1.82635872158796
2.10168191878332
1.95801146465341
2.03557318879138
2.092051645013
2.06714647269808
2.35598425656252
1.88404501280862
1.6257904321846
2.08724738445242
2.1957124484727
1.76513010352716
2.16158581929057
2.05383100784599
1.86134978050434
2.28478978156287
1.98625052280288
1.95221537035829
1.8316972550745
2.01086922723743
2.28197687310567
2.01412631837556
1.22346717957233
1.5519685533025
1.3304915825699
2.48424356013026
1.59285354132615
2.0602146475551
1.32657633596068
2.45534032353109
2.21150120917386
2.41808615692944
2.44478632241074
1.24062120015575
2.1944284301119
2.43052739719625
2.46384398793064
1.22877978293548
1.05000056454055
1.01852216465598
1.40288318086559
1.85707602299491
1.77023004391416
1.79354722185361
2.45473300684596
2.41874714674332
1.25474145409645
2.32676085001833
1.98448864777249
1.64309952154309
2.18341463073846
2.26199391506826
2.0312343873973
2.3157946578769
2.33920895502697
2.21279362305214
2.17565261112443
2.23464200513786
1.98284037234275
1.9742527134303
1.7639478846139
1.78937685616697
1.91695544039799
2.2253619564433
2.19233188101722
2.3115741432878
1.98107487967804
1.75740406251212
2.3528310276815
1.77223957362318
1.42589850838455
2.3500101604369
1.37944975430479
2.13337157286449
1.78427830691173
2.14118941812727
1.90561544006102
1.32186404556061
2.35201746584851
2.36234939794498
1.98887617817634
2.14773560407413
1.78370173473393
1.42178681029031
1.68682818929814
1.79265514204796
2.15736827565424
2.09035252679896
2.25122503091791
2.20212194731359
1.69115558378695
2.25204668340029
2.19472903604377
2.09944311448188
1.86476215486645
1.17096609363525
1.50680254064008
1.53763092211117
1.54480701146868
1.37455361068954
1.98844171300483
1.91090645642807
1.99108949177204
2.29397729379604
2.28333829469619
2.1125267755696
2.32905373512581
2.02411795865698
2.30996833729947
2.11269252715325
2.358495116018
2.0342215748594
2.17974065526601
1.56128872591512
2.19366724585291
1.68052695931488
1.21713866163809
2.3399463129863
1.64609347685475
1.30203646176152
2.34737167817036
1.79919917209497
2.41514775760705
1.40565332642981
2.41061523128437
1.73970163274962
2.38322612221983
1.9448497542871
2.25689859394346
1.6033334373563
1.43336290543829
1.74212985388077
1.51160902948495
2.35452363294685
2.27534160164496
2.12675189451731
2.17072140129973
1.26637525495119
1.52019582688428
1.63820300128244
1.98389797599048
1.61454790507794
2.36932980328125
2.29300311329538
1.64352802440545
2.41564897675936
1.85980440911447
1.87133200426658
1.09100553307849
1.20699945215644
1.272106076019
1.55294791226106
1.67051209307307
2.23259317734831
2.13415725482143
2.11496003081795
2.37608991230482
2.28409420289565
1.84161683411652
2.29165821544004
1.85649965715405
2.14094373845964
1.732143186973
1.30258701823023
2.0352145140853
1.15829837378267
2.20990420360173
1.9180536907657
2.00125982037087
1.37022273476923
2.0253842638664
2.41451849629945
2.26988282114859
2.36979156539778
2.17957405994987
2.06197405944993
1.59803066105911
1.98836233650501
1.63712614947483
1.58917249844624
2.26038840374162
1.81871665073445
2.2094994507648
1.75041865688209
1.49257980555421
1.30220314026228
2.17859942561125
2.42013592484495
1.96702811019112
1.96620546595085
2.36713979127795
2.02317552229416
2.25122017340246
2.17079399028922
1.71121690043127
1.80386392001226
1.59949769152714
2.42360616220222
1.87584345869294
1.8675002383614
2.01179142596746
1.68057233067961
2.17827078677956
2.38015871228339
2.0549526968426
1.92622835070754
1.72844770760733
1.4505986899074
1.67666372429979
1.76633674346288
1.91357918711401
1.7865798725677
1.91058115919822
2.36862534508964
1.99944408501208
2.17521091016108
2.06425073336814
2.24904429345402
1.97360443081118
1.64949426117832
2.32632611032914
1.87199047978658
2.04556367033324
1.66008628264663
1.92851397812512
1.94871499139522
2.28829220770075
1.63626191398825
1.24843748739213
1.82463398159198
2.04574502072371
2.23309653352097
1.81906080122122
2.09666504062102
2.10323545987958
1.33931871705065
1.79224210769577
1.52223846954252
2.30196279068887
1.91919973311129
2.12787330633735
1.2582845830606
1.8106340840743
1.59140875572353
2.17283164088208
1.670829503782
1.93378005679828
2.22719538319702
1.60559772096246
1.93113597785417
2.35918741779904
2.35493490887527
1.93478299021493
1.94525189424627
1.97511552248054
2.41507351473399
1.8625931850622
2.33356583544359
1.5692492813448
2.21743518492478
2.43241070919158
2.37633858921867
2.32746733110732
1.68004266458819
2.19532190967946
2.38559871535374
1.40087485429632
1.95891614486716
2.26784136465805
1.6361759747158
2.47412976011258
1.90008272869028
2.26670124349257
1.76804695808153
2.28557651922761
1.78016609916706
2.01900535304282
2.36480155475271
1.80332676652765
2.04668122190276
2.36598190069326
2.47694256974573
2.31786441141506
1.29784661046177
1.86492805480015
1.94462152109464
1.60679066635499
2.06982369156558
1.84764752579866
1.83869888387066
2.05380783668962
1.93014863818878
2.14617376738327
2.05806755118385
2.29192188356707
2.29689287533675
1.55730023284036
2.15833341213482
2.32052570142854
2.14145147316455
1.54542294951981
1.58472817962251
1.65907024306102
1.73743372887605
2.07940343053839
2.1059340620052
1.94690357767313
2.21058149314046
2.1829706823749
1.73685705304571
1.93348220375429
1.16485033612387
1.46984699998708
1.98983013921913
2.247880684772
1.73156264836799
2.21944712264314
2.29050566217733
2.05221429554034
2.41286963639593
2.43106738627144
2.35134697164015
1.56715849890269
1.75370406611558
1.99960340751157
2.05845661182294
2.12860162966431
1.73459190284354
1.45666267466391
1.51328685202097
2.01455273190474
2.38884191278961
1.83002918198946
2.20747387350258
2.16378275969105
2.35002073671231
1.80588030182255
2.3041249960548
2.17676790962711
1.82616900505414
1.66570987812551
2.0280873545118
1.96365290980231
2.4906891880241
2.00622907778161
1.35774216588631
2.42320750878889
1.99938621086869
2.43954209841194
2.08822205857317
2.44587291502486
2.11844437829454
1.59471976160813
1.64520289555415
1.87161442331301
2.26306753522565
2.04251774685544
1.73193331068753
2.28757809512932
1.74994397178076
2.28601436897776
1.51238475656291
1.64938756162555
1.82314281833451
2.38593339365419
1.61153482277959
1.74499403986264
2.42715522471669
1.93473534812929
1.1645858030352
2.31689472447831
2.26793277647087
2.34942644907128
1.3836002742287
2.41129014764201
1.71650882645731
1.72023970802656
1.59033590395175
1.95550123212193
1.57130410706246
2.38132959327014
2.07547278195985
2.26400950336283
2.12536073740224
1.94884256162054
1.72890201703901
1.65734930147119
1.64383268490117
1.54796670956012
1.65783147561681
1.41764067454654
2.24831081080157
2.14141265788423
2.20268509377297
2.0129164885808
1.99936795099666
1.99158571646387
1.75600598337693
2.20705894060628
2.24533984266349
1.85607473510963
1.9740410428779
1.71070227450545
2.38051229462498
1.99279258819532
1.93149843622029
1.61096603930497
2.43296985042848
2.14538899167508
1.62207275092479
1.52888065935286
1.95520647963942
1.59990444602654
1.78050699737328
1.76181177424022
2.0080047427079
2.06046398550871
1.30909344662789
1.57120341328136
2.09513776362196
1.51932162928358
1.40652866187425
1.49275645981932
1.88718393462693
1.49359181488592
1.61507693156064
1.92294374017396
2.13542520763579
1.91803981272076
1.68762566709398
1.4252938401152
1.33668596315868
2.00142122687674
2.110818469664
1.74846655934046
1.77540904222264
1.74334847331511
1.83136961505701
2.08449582603649
1.58631699496145
1.55989052318805
1.68268950046712
2.20070683655179
1.40377632489775
2.01309564104696
2.10998880821268
1.92957721105381
1.88432432949553
1.62116014386506
2.28214027238815
2.15893828962894
2.33180015005793
2.10102933958762
2.12994416849292
1.88674835792243
2.04276595510127
2.18871189597133
2.37877277315627
1.4186851521136
1.23291165513557
1.94102559456902
1.95431387465649
1.50473278792136
1.73387530103858
2.33584450045934
1.90291480073075
1.46127864183965
1.78536420911355
1.20071262969446
2.03560613889021
1.96409734183721
2.31251133027422
2.02964808958493
1.85983586630734
2.31459687397387
2.25631963674812
1.47390663072601
2.02550440103399
2.27567054319141
1.84042247020348
2.13699846257173
1.67024903356087
2.14850778353788
1.97049790204846
2.11890780816147
2.32766369350786
2.19251392401963
2.48063127753715
1.42969298197835
1.36858691593374
1.05775955012194
2.23936210360622
1.9002490963906
1.3063209326768
1.08937732392168
2.4339149034628
2.49356293187257
1.7855839778864
2.35866092887659
1.53076750615901
2.37863429726721
1.79815182136912
1.82730631847689
1.81534953830809
1.89155352994387
1.11523511059262
2.06515094614129
1.56228773767164
2.40680638657829
1.16255889589583
2.27595284229752
2.37087692631447
2.19717909554695
2.02183528039535
1.96301584632751
1.55693136330935
1.75808832815859
1.83700894326056
1.31831253769197
1.98511963872438
1.3065425351561
2.14250097260622
1.91281601778351
2.3423644206824
1.68575186879178
1.83130988487284
2.28799023846484
1.88890050409359
2.49176840718092
2.20808408146195
2.46603743033592
1.82834128903222
2.22468121013231
1.16691951167711
1.81811806134566
1.67490405449231
1.08178600444623
2.44400431825594
2.32487273749584
1.81244862704261
1.97248337347313
2.34324656450022
2.1903273561226
1.52437045267812
1.45602893692203
1.83730817454031
1.8259689525334
1.48278436710625
1.79428318444787
1.81778865389859
1.73619384255972
2.1264854034922
2.11730495475841
2.22570953180769
1.85255009804931
1.76317607258443
2.43284973164916
1.47178093268238
1.60038780245491
2.10280238801978
2.39148575876501
1.73761411393226
2.20133146688727
1.38281659734872
2.20621180387315
2.12376150160856
2.31095605559416
1.42990098704723
2.40314829186127
2.26789281789328
2.05824862886501
2.1079856826806
1.68651078571195
2.20691700439725
2.1949174435686
1.93810106222691
1.34220400939094
2.18772222868459
2.45972763370073
1.33418884209971
1.8111514073259
2.11074813483356
2.3438106049324
1.96781618382669
1.31380152837604
2.01035967846594
1.82932128124203
2.03001698331835
2.06216505754606
2.08815874053977
2.14315955838095
2.40638525491607
1.74125985350307
1.92528156441019
1.55929380380649
1.84972594367187
1.97206530514392
2.26311693572642
2.14077617698986
1.98776640720662
2.08356267096582
1.40801484750566
1.78693296462912
2.13475540401591
1.64704020159745
1.7680567047873
1.64953185076671
1.02716869821702
1.24607763165034
1.44580282692494
1.90786614059414
2.04479634640024
1.52332112265216
2.31601603947363
1.63827661019513
2.13693281829876
2.32805353670066
2.052322280795
2.41465219760559
2.05422618160812
2.26514834669935
2.00733219604728
2.33767796725487
1.6892371122731
2.25768232291407
1.41626323752152
2.20755253548978
2.22216816213457
1.6703097770465
2.40293111786166
1.78290792063313
1.73617160482079
1.96035077618081
2.08398008858089
1.83235066006628
1.65486688186245
1.96992957382154
1.84444915090667
1.59102501105616
1.77779808997121
1.74736470879087
2.29528259038362
2.35741101126477
2.4025678398127
1.19918755941579
1.96180480258992
2.21443630490152
1.3191508093773
1.21015788663054
1.58876019008273
2.08472021293971
1.84861008816188
1.78252773433189
2.19618020805955
2.41758121561577
2.18194381541795
2.1820182838172
1.85134396574876
2.24222490843196
1.72656306696134
2.27987543825085
1.81840566972089
2.14484590534364
2.11913225816224
2.35439785761686
1.2026569094935
1.54000678449753
1.62190341950514
1.64455274898492
2.32072645998621
2.31738206511576
1.74529501170716
2.19159724733026
1.95611813756145
1.51049231154734
1.39903513623216
2.20968037182624
2.02456674495616
1.38693519370137
2.43269140957485
1.74224410404461
2.14644134189319
1.58680436100637
1.67677001621133
2.21452013734076
2.03648954198781
1.75618357103274
2.02335882217755
1.67369160443118
1.58115055344853
1.56046390147519
2.21843149988699
1.94964650427576
1.33460128065568
2.2769007638221
2.35484792062465
2.17724164149128
2.35658519390238
2.1408945210321
1.3815729784114
1.14785690873098
1.96763799129096
1.5176390506186
1.84129615701569
1.83256493726918
2.19399594799616
2.21110164792273
1.76509395467435
2.0005470260446
2.14600784841302
1.87128198649852
2.08908804151741
1.99647352349227
2.20759468815282
1.83457938876125
1.52376335996834
1.83821980398832
2.05719594830715
1.14116070107437
1.41876809602987
2.16548441840557
1.35365267115535
1.57988001786257
2.48266863919504
2.40198494024502
1.45804673634372
1.64598952337914
1.29948388407824
1.35328106888943
2.44613046448973
1.64126655442902
2.2484924132105
1.93902236665309
1.93944449644428
1.56595628442751
2.23364573803522
2.13389235776116
1.61107717739169
1.84048374360579
2.05677448944513
1.98531437908176
1.95101809832217
1.88555439800053
1.85424586532373
1.77333549247828
2.03836519229132
1.75171266887296
1.4871593024275
1.61561138177654
1.71079199165727
2.23610011147351
2.141649971702
1.90431225634456
2.1073423869561
2.03692727769257
1.61781338169208
1.48971696430082
1.12373912672733
1.49822122092304
1.53307471653196
1.69474055485987
1.95132750406426
1.71180608711355
1.62224217062631
1.74506129776139
2.1039604065737
2.38408791164237
1.73105120449882
2.01775051969276
2.12075823269992
1.95709334896246
1.39875645382035
2.20508223461144
1.8010255258487
1.67135096571547
2.33759097521805
1.95250873077429
1.97912924730714
1.59647639142181
1.94811082895309
2.41935843440555
2.11737335505556
1.56860727455974
1.35394150362617
2.25529036108684
1.99203374813187
2.18623826191914
2.33973772476565
2.21216187459331
2.09766879608731
1.88714201871787
1.99708145793995
1.29580765817529
2.26744780572387
1.45027634174164
2.28119623118634
2.01223307892561
2.1561121689454
1.81058745713047
1.63153148849535
2.44289175855703
2.11729435700679
1.62167939121627
2.23525379942301
2.39412014997192
2.40633122784731
2.21895081511422
1.70521286870639
2.38731684775576
2.42362023429363
1.92820893533628
2.19112758327536
2.2020482765117
2.11667163088693
2.2185402716594
2.12150904447578
1.88967455912767
2.06396079077516
1.65976082364511
1.78549421641486
2.28689116836237
1.68292401891045
1.80518447400503
2.14446206067424
2.28835007906493
2.32356911375733
1.83676814768736
1.27547882422484
1.36160369868886
1.29185235225895
1.0175397535842
1.6363252358253
2.12347295323566
2.25593156030465
2.30464247451186
2.01629061648716
2.31443847495703
1.89615818702416
1.5481759038141
1.81558473595076
2.10746151023484
1.54891378542683
1.6810325608079
1.31007327395308
1.28405026556138
1.47732022330721
2.04673485193383
2.279806850972
1.71247400380475
1.8481445702412
2.47940673117628
1.97413343002584
1.95546611427677
2.29278540727572
2.17835955423997
2.14156288710217
2.19653707206848
1.62328108423247
2.03835697065438
2.3673304657123
2.22761331055995
1.74655386491186
1.56063461840693
1.79235081595922
2.1202261399158
1.71001805380759
1.62857925365464
2.25215544667571
2.22014060169575
1.64675535647438
2.10072217873867
2.19069595407923
2.01910590603814
2.28019646305187
1.52453407341539
1.77666015638315
1.67968026913378
1.80201594238502
1.50737203048356
1.91724324964595
1.91372953887538
1.11162078041843
1.32647950603151
1.98641900562277
2.10031824263813
1.97245333290898
2.05858646495485
1.44901107894073
1.96576641393978
2.01699998960452
2.36775799824931
1.93036360627648
2.23266234173296
1.56047364133486
2.08691366917931
2.2134782349868
2.14103543021701
1.68780751205404
2.32954439188081
1.93985175343577
1.53661321504551
1.85495777891227
2.41726387747452
2.07814145610483
1.40497431286764
1.54469416309061
1.49430193675241
1.25277011350535
1.66728255043591
1.78272151177112
1.62593584418955
2.21476401751771
2.44802968608251
1.96131339923278
2.28127572292641
2.45483436274079
1.79173977831036
1.96074794358627
2.04004463396197
2.35573577066245
2.4259827866966
2.48757351391125
2.13388691284823
2.13008033753963
2.45551408601763
1.2607683325831
2.4431775465822
2.07964977631901
2.15524124472367
1.64045365423388
1.22535048883339
2.10663046313828
1.96786669890738
1.92677242636957
1.7702136991522
2.00454454609998
1.44147247085204
1.29613484766259
2.22316024656995
1.59199262645177
2.48717376268399
1.11512918504059
1.48269361567313
2.49032974125223
1.47792276792847
2.18938475757558
1.97103716546025
2.32307190397058
1.71545316375054
1.76317952752306
2.04633160674194
1.94437917188388
2.31266880869244
1.42996265701828
2.46012858489569
1.67163635757177
2.32199514184699
1.50371486584925
1.7035445525607
2.19075640451936
1.28841240608253
1.89518616588155
2.04564475438202
1.46830632391394
2.00368230732469
2.25321538798728
2.2503250001709
2.17700446303998
1.92024534812261
1.46886523626511
1.32517310123063
1.45538245431596
1.0216526088929
1.34098928209688
2.0309395626574
2.05356090735932
1.947714610105
1.40721956533028
1.84003156080073
2.27265746064646
1.67533553877147
1.74213201637515
2.39706532908061
1.79385043826077
1.9984200926304
1.88723170591248
2.31398117185488
1.8983344846468
2.11329833664523
1.55248889825735
2.0109734529469
2.4136266299243
2.16683364517218
2.04299683415131
1.86935754412907
2.18355983518912
1.84464107127647
2.28696592326448
1.29631990038979
2.1795894633419
1.81559129161476
1.20414081890968
1.17533208724375
2.34797134809601
1.23743465875975
1.06943924417158
1.52487553863411
2.46370637266102
2.30157886912121
1.7883411886088
2.46246490512308
1.6106736693258
2.1244334974424
1.42315759650666
1.99765698995187
1.12698242454817
1.95037490696722
2.0872330656418
1.76939132112425
2.28740999948258
1.33407425940483
1.49153847606776
2.07820830359429
2.307676325414
1.84801502753182
1.53544755839996
1.87064532397139
2.08277121886512
2.07009595910215
1.83500032849255
1.95047218259763
2.10934931300866
1.73534972679584
2.35853922479172
1.80270598394329
1.20309979791926
1.87917869502379
2.03989668347907
1.90433269770894
1.67700408036167
2.11678188897417
1.33088824536842
2.08112525828699
2.22920007475681
1.77614615952957
1.53319596369891
1.28624624994014
2.15931246619084
1.08229308421468
1.80742815157839
1.7049780012818
1.8002485422907
2.03105362936616
2.21477662013034
2.33094912331996
1.77471706098637
2.35278826746879
2.10369872400558
2.37218542670678
2.27211660645929
1.78188309288844
2.45478276571925
2.08684743214269
2.22913963948792
1.43660905493022
2.26453971995063
2.31872790397538
1.21351674340288
2.33278884687427
2.26873272822557
1.20510170203455
2.15388638244648
1.89184155964442
2.04985276620421
2.12280609688199
2.38272172925824
1.70420102057522
1.80469019484964
1.44175273774977
1.61219452986897
2.11836397705176
2.02970565207716
1.63512789907144
2.26547025308337
2.21193222915289
2.1563405321595
2.27519417861847
1.59412243075229
1.46001982130062
2.24547319601323
2.22150241315364
2.04553940988442
1.79598484929945
1.63692932282006
1.61157839684673
2.02629785686671
1.5796520122808
1.94584727086216
1.72885169644792
1.46950657084129
2.1452519351518
2.00925349169752
1.80162733743299
2.23802379166124
2.19594047183687
1.64055142391669
1.74992017174386
2.25217397183776
2.37018764440562
2.01859080575191
2.31392008823123
1.79446589436064
1.98967936352688
2.26679017115146
1.87792440576312
2.15227043326282
1.43837568048405
2.04125128307353
2.35622690562052
1.54090251833837
1.80042599251952
1.71877985870655
2.3214845241169
2.19584266528866
2.22486116843123
2.46361019667647
1.69682196532909
2.24271584455975
2.30444449497354
2.43143522382158
1.72699005134217
2.022562783997
2.33718799261929
1.85601637561287
2.22851880522547
2.17108973216981
1.75664156369471
1.72546525730007
1.57017838563124
2.2738132846076
2.46256061664628
2.286864606566
2.39843756093341
2.08840784245723
1.11865643873767
1.9269931395225
1.09213476470544
2.4008705198863
2.48282144967889
2.16435754221281
2.43166539081689
2.08967847569092
2.20308200060181
2.0062055170644
1.94954930841666
2.05792302778574
1.96634810865962
2.3367276366042
2.48780672792721
2.33097857544346
2.17601346048102
2.01986567424859
1.96898964089905
1.96260951517571
1.33199087778924
2.34608007641065
2.06520793435014
2.05097180386414
1.87939845160901
2.07698804434945
1.79835542512091
2.21545938866669
1.78009040969085
2.13930869380495
2.34661320796781
2.04238373130782
1.96733178106009
2.26588708826409
2.36476262621123
2.14458034559152
2.17823177129865
1.87446482232882
1.45925475488681
1.64037413444356
1.89596026293578
1.3280933245482
2.42285978655156
1.56979534940807
2.17875756142795
1.90742083615179
1.85210828158464
1.40867005068882
2.28963389210362
1.98506287909792
1.45868994028714
1.73515914646668
1.11939824977337
1.92486703780809
2.35289279544811
1.99182886293581
2.18406264058294
1.84744571106408
2.01723881219082
2.31902478204535
1.95175020032495
1.6515897841073
2.01655338214841
1.98364021983104
1.7535349412868
2.42875766596733
2.03443802362123
1.38125924137013
2.18568418857193
1.96691869540305
1.90701570202043
2.15779401246624
1.85306444834658
1.60170055130054
1.70344118720546
1.85619077072072
1.80236341706529
2.19537791203764
2.41139775578168
2.27247470487475
1.54962337885244
1.27968410286375
2.31951439786897
1.55990585027159
1.17969984112375
2.13076125482149
1.66019231046029
2.05081052064768
2.42150585725694
2.31067448948214
1.04742158066376
1.25139059292965
2.43372227912262
2.00388656579578
2.12787780301991
1.53522591170607
1.66727716931184
1.45093002801473
1.69747140364193
1.73797886388394
1.28310339104955
1.78767689315433
2.44433008670522
2.15720230191809
2.37898074710933
2.00123571091096
2.31622008328876
2.17826752571623
1.88380602687901
1.88313301989006
1.98905541088622
2.02614874955161
2.00445866274473
2.13442548052009
1.71258828958573
2.22140611193107
2.04752626298859
2.3219103512941
1.99667884818972
2.17084653330713
1.58881105899834
1.40011291934598
1.46643245726102
1.61541817458241
1.8392531519443
1.71498095058999
1.30600187001837
1.79661118062095
2.03210846719353
1.74192253015147
2.47896319859511
2.1673971606402
2.3531070969062
2.48762665907729
2.47676975730296
2.41516966198524
2.49038867230275
2.01935018960139
2.4066960931568
2.23407128877216
1.07363835637021
1.55089288367407
1.09976661011676
1.28111238284369
1.77602840779956
2.21174946263716
1.77582180768137
2.1155741660859
2.48010211881709
2.25584287617577
2.42545775724094
2.34206514009091
2.06899410300472
2.07511166660177
2.37642884903541
2.02808884358467
1.29300760599012
1.04299513902276
1.5100660963638
1.44274110807149
2.43812898380504
2.36837140702225
2.07106780377261
2.1618069174714
1.55371605961452
1.80983883634515
1.26196202623389
2.16638419773725
2.46776441003054
2.23493903970049
2.49560868071508
2.26117043229254
1.61105064843378
2.35152249568064
2.12606369355911
1.8002716550717
2.00532425104616
2.35258341152096
2.11572934297764
2.49525629347459
2.45230939404577
2.4353825610208
2.39752212305385
2.21068258682164
2.38093224538259
2.18834829116032
2.06003833655822
2.43389778492022
1.92519665302571
1.13488663839232
2.18296857043939
1.65429661310353
2.0887374738263
2.34391954072973
1.79834081447548
2.17013628905138
1.67499375330433
1.61975708288347
1.94523899740083
1.97159899777553
1.89127248122996
1.60846689969603
1.91572461378565
1.94122582907567
1.41231807129557
1.83732487780916
1.55753559743021
1.96031492685665
2.12737087551521
2.40964867037203
1.86998207295274
1.83366966797361
1.85277012536873
1.91373733593183
1.74639109984506
1.4685448242498
2.03001758553986
1.45523857972935
2.18217394039168
1.59193124348145
1.93703847852047
1.89438671420732
1.97614685992076
2.31091878583004
1.47693286294686
2.14694423931817
2.03287676553559
2.00546667613908
2.26628923503035
1.38167318431293
1.50610214489747
2.4180921339247
2.06158962920013
1.62211179771674
1.9859697225704
1.99142111066005
1.88723744031682
1.80104334751037
1.80733576414241
1.94583845091951
2.16776134762941
1.5819407944339
2.31313948922897
1.77821868650211
1.98685602593455
2.25304407138259
2.09949049140363
1.92409153987895
2.23699611344798
1.91108003653478
1.60313930007519
2.13538266319481
2.18458111243571
2.04958274156451
1.72727032900833
2.34920068372103
1.70878135227759
1.80753851988515
2.11672798771499
1.9724317155321
1.50077146193403
1.97307612654316
1.39471251836813
2.21554304660416
1.68233532324349
2.01065295370844
1.95787945144895
1.66773381099182
2.02314318312715
1.94202249819544
2.24852438801925
1.88261388947471
1.23944134616163
1.22710621197026
1.87218519660312
1.96722893728039
2.15375188098004
1.7082045750257
2.26644904034563
1.86230493835453
1.76470666228785
1.81758362430805
1.57419453545873
1.63341030897621
1.50811612579283
1.3742303314331
2.16168452983809
1.68022217504138
2.3450110304703
1.94521750923231
1.24869532305638
2.00855767182734
2.13025653931245
1.89286625897315
1.73614400564029
2.45012647409315
2.40201397948478
2.30843927646442
1.04541183388736
1.6291704979266
1.11392689216147
2.14561350232536
2.02894513419281
1.90732276935527
1.97526533347291
1.6345598186465
1.67574294836745
2.22553871076401
2.23653516018545
2.25667899167328
1.5470524490172
2.05416388599727
2.0726288318344
2.26219772346356
1.91014867437915
1.24270915921247
2.09581473650389
2.12958810006857
2.34647471163134
1.55321161680349
1.64939978582253
1.95060104847419
1.61645175441288
1.81355197926651
1.71239843344145
1.57337472785222
2.19436633048951
1.812248210479
2.19026385169077
1.45000742419984
1.62248803462289
1.9989452903578
2.1902717175129
2.122950838808
2.33808338644172
1.89179053256096
2.48320303158798
2.14845177497867
1.47383935876585
2.22026709532154
2.38680179243768
2.34340041163223
2.04245419693051
2.17358380510298
2.05790112236449
1.60680576793253
1.5403203885528
1.90087129976312
2.0501252948061
1.92684195788928
2.32014348352414
1.87285967755203
1.69723876354227
2.04134148214963
2.08039759492199
2.05976476337691
2.39252444710928
1.75092680452029
2.14822137589864
1.68038030986939
1.74074262086096
2.2758496921323
1.63517458316342
1.73207458081443
1.90240346269956
2.45274019835613
2.06003307332499
1.97089306343231
1.91385439370429
1.81405263178762
1.62955555080412
1.61090758300708
2.19288495363297
1.09305471389009
1.44886060898992
1.86380913359891
1.85743232814685
1.9590248861972
2.16656001921937
2.1329091701888
1.60457830628472
1.73492112771507
1.97525762151676
1.62103331292249
2.24578850528594
1.51805212539035
1.97390510207143
2.11557733762172
2.34227985605434
1.89577256747678
2.00080375066346
2.01137973561998
2.28823770852361
1.75766552649868
1.56529941891711
1.17795878748738
1.96091656024571
1.28723994310543
1.27855329876157
2.46530955573019
1.86707175421268
2.23136500625568
2.35006591406481
1.85443018070956
1.38963540826643
1.73912642445281
2.42540925812683
2.14430967273215
1.63797031865637
2.10854202628407
2.3215582445333
2.28299998828264
1.68436452409179
1.93469731585851
2.02521967228418
1.90651245513893
2.32738784168377
1.66896245636228
1.65058124678388
1.50042151811576
2.04495924429179
2.03651304027005
2.41976907521097
2.4650577976975
1.5589115472903
2.3821393828506
2.10235947097555
2.11591546614194
2.3390002475417
1.6236857836099
1.83264782315771
2.19648279051999
2.31209256469348
1.62793907781316
2.22794484409289
2.3987344193364
1.82705707963126
1.51763276402763
1.5474269038936
1.48201243661539
2.12171695877962
1.88174978679819
1.57054666623856
1.81250299920839
1.84852908638175
2.15787682262705
1.68522260989431
1.7691681169348
1.78029033993389
1.73601608702319
2.15998648182533
2.00904636345452
1.85032482147894
1.8340999929196
1.98089189444479
2.37459083224151
1.94060471875522
1.82661721857989
1.97781286129523
2.12132324809314
1.63683122098519
1.91706103961646
1.47804452022624
1.86408618740436
1.34589787902307
1.47821031387739
2.45823695926264
1.8566078352686
2.13118566162361
2.06758229747089
2.26936932623963
2.22139330046103
1.40648448551306
2.17779960712378
1.94531858375011
2.14352130285712
1.09458457230938
1.43471644709311
1.04404051897245
1.24022528326257
1.99654135185152
1.4467200949782
2.21213409220342
1.40633803953119
1.23530969948566
1.88698694736353
2.30602646363748
2.12071154435077
1.67624433808866
2.22851249464112
1.65247325818235
1.72849467804683
1.78807935422725
1.32984769626043
1.77623891773884
2.10813579451594
2.42632637912907
1.67764457066523
