1.75
2.34299250377686
1.8361031581546
2.20783494691346
2.12060832907795
1.90999926815896
1.7165960635058
2.07818758437615
1.703339339836
1.7806169740359
1.80551072670012
1.56634619292536
2.49467767810148
1.2717656219223
1.54834003650303
2.41037754478766
2.02393838353903
1.70742139960732
2.17735878045058
2.26352990270085
2.40295455499268
1.3284842546952
1.10937340785009
1.38764257549762
1.43098217711928
2.18332924231913
1.42297244205464
2.37981130073684
2.41419860508424
1.45354251164658
2.38620229144259
1.31925811833736
2.207366301399
1.68658707406138
2.02080276895296
2.0693695711244
1.99199977864341
2.18866524865039
1.77672818807575
2.19942983328712
2.20998858449236
1.55455512943146
1.32669405516713
2.20089534889256
1.90402893852162
1.49490044336869
2.27858589755946
2.20715090471847
2.06921988547322
2.38007186450889
1.63172487858033
2.21191158516898
2.0520415317042
2.19950006240335
2.23085651595393
1.97857292208283
2.01984944703789
2.22228738472604
1.75676432774824
1.42274971124197
1.78842900110533
1.77224527827662
2.11916165448366
1.85109165250929
2.11557839047139
2.13243818638254
1.78882862536045
1.89895903071131
1.82882097028189
1.90660087465663
2.20557834114369
2.46121700892316
2.37122816792514
1.547390896134
2.17320842849017
1.62995917481867
1.75432605879519
2.23887847288346
2.10081576777645
2.2602374134074
1.79779109262139
1.52862983414397
1.38368994833735
1.67903573621409
1.94205363637643
1.72899892699339
2.33434462546312
2.02789953840044
1.57798235751923
1.87929963700379
2.20304755470431
1.94442472489094
2.21348619212339
2.15924834770449
1.5507443988396
1.56294180455323
1.84882957922909
2.36014089051579
1.46033877332041
1.78959254199016
2.35254484490814
1.81974765017876
1.58864607465858
1.6016812076823
1.69131702069017
1.2990787148942
2.3526198030208
2.09203933432542
1.29965715704119
2.08794444251885
1.64231316195493
1.50535072864616
2.25426217692935
2.32687867205918
2.39688654109467
2.41197870004309
1.3734677508965
2.18546187646191
1.97743953908533
1.18882111471246
2.39009494043554
1.77499616902678
2.16355367997364
2.2714306809339
2.34379675587355
1.92993935103908
1.73595699195524
1.9508973533283
2.0413648861217
1.79394103506766
1.70594294533365
1.46170552515368
1.95704426882888
2.09665784044332
2.18180481805374
1.73835653019778
1.64403664638493
2.15872686540446
1.90437296939139
2.05129496942498
2.06505431204562
1.81748724814676
2.3119681200252
2.19348524275621
1.81251871000247
1.74318381462788
1.56668308297176
2.03008400872261
2.28003391607772
2.11121038562971
1.58059053844773
2.1746538679827
1.91365484432466
2.35622778398329
2.28896819734447
1.60277053093227
1.60373903632412
1.97197525637585
1.19463004839146
1.15645907241112
2.01292547651303
1.31376407052395
1.71194059587812
2.41755164933816
1.58876110738334
1.78016581017455
1.53071074063294
1.59385579037484
1.85059277945436
2.2121723389414
2.18222221500402
2.24140577525326
1.53416902981625
1.99629991341817
1.69359884219728
2.02308748404816
2.38017525981129
1.92729100485812
2.36032496066221
2.48224720742046
1.38023900226401
1.68668657900499
1.14314539014787
2.26212755443156
2.11168558341888
1.12483778201583
1.97608724857716
2.13780279743432
1.68569095253684
1.3042240205265
2.12542441396563
2.04689371856366
2.17793622879909
1.92674295195283
1.39088987328842
2.00894513797341
2.4523217118638
1.57650104154283
1.16820859387885
1.15684216208609
1.27132990539725
2.15305828339065
2.1827000057115
1.72231667676432
2.34158323534619
1.74321905643528
1.66485905372677
2.23949944862299
1.91326314391136
2.23335833569568
1.78775441281187
1.62371781187026
1.52414932030398
1.87584980993819
2.31534904675226
1.958919448283
2.10231345874021
2.07822988973764
1.90638785349498
2.29189823411933
2.39799740889086
1.93423279835486
2.12272767723009
1.56201466667208
1.79900982892738
1.79040081892842
2.49033996341917
2.15016016374493
1.27252993634351
2.19998064485035
1.05454632714575
2.19121344574438
2.12784144562465
1.23781371020035
2.45926796356022
1.41365310492412
2.41061607304844
2.0133426550568
1.90909771189919
1.47704899257926
1.50588722211262
1.89985920349185
1.31693858895345
1.7170987187171
1.71555672692307
1.2008566986179
1.13520234459791
2.49462946012849
2.07486988553261
1.2099654198881
2.19470052532275
2.49734435943592
2.27696273409271
1.24638405865606
2.04722207640006
1.80356534378244
1.52255713772145
1.72841977262775
2.3823576018225
2.40249464602629
1.76273387862311
2.1559890652844
1.89074066565526
1.19249247741721
2.00776272893464
1.01122322208789
1.31985695956759
1.02596091913176
1.07172145709083
2.34205537044585
2.20279410778219
1.29213506804913
1.84476446103645
1.83368095971049
2.31841955020417
1.06939084468759
1.31476576385954
1.53731254134395
1.77529526940238
1.85625200778162
1.79564246801363
2.28587448120326
1.61001243269732
2.27867114583966
1.89394560759741
1.94797904730901
2.02485773381925
2.04688834575087
1.26663196628162
1.78684448848437
1.7072659408512
2.3025006705894
1.18812989379341
2.17775395329408
1.89371403828811
1.53358950069716
2.20844106941249
1.75915260128369
1.86669645875534
2.36738658903304
1.93118592186892
1.95677534334954
2.34641794772778
1.98475863331036
1.45954788038186
2.24913641985794
1.85124761287575
1.62702726392713
2.07842978773569
1.78248109658259
2.15141256533052
2.13647179054047
1.98200200408435
2.03206145583236
1.31471142612188
1.85026421454438
2.12815154806887
2.2910870521342
2.2188512648622
1.95400054290194
2.36973323849963
2.43067865881777
2.32920662662646
2.31080127214496
1.70983976902285
1.05927409545163
1.22722925648758
1.05355054205854
1.70952416157076
1.17724270358731
1.71557947731409
1.48707691720854
2.24673980244904
1.81639054774723
1.1027834594519
1.39323756224523
2.00450028106429
2.48865185118424
1.49928923248161
1.0504716964521
1.16085357633503
2.45649322790522
2.42113898835609
2.33481175978545
2.07651478307743
2.48653061649038
1.59829344128766
2.25032825833608
1.7405682047406
2.16636247122525
2.42426880431161
2.4182061478966
1.8464249496235
1.83233917027367
1.98634509298507
1.53391144418246
1.67326187992427
1.73166071628966
2.13467952365853
1.29339339020386
2.09828986407419
2.38463433987133
1.99155974791619
1.23056116969455
1.41503540711839
2.36775408112844
2.10217922933776
2.3230299651124
1.75144287406923
2.33983632101299
1.89017578112442
2.07326237346882
1.60691175441566
1.97626345406972
2.23130466004033
2.47325120586692
1.84051553787483
2.19451741446919
1.44291442256395
2.0286655340408
1.55123019743165
2.15830752830204
1.67343610212421
1.78807287499833
2.01999921900283
1.27880129941401
1.59758795275982
1.97464431624324
2.16031452397596
1.56814438514479
2.1156702153839
1.83430238218126
1.8597973736496
1.85381909825147
2.29027517655949
2.33857871111999
1.56929849984583
2.28261966742255
1.96552430552785
2.04634588285832
2.02055759072312
1.9835117884133
1.28008680681567
1.64032226562216
2.46832836286461
1.72199679817053
2.10983948671002
1.58761899724467
2.33757271983686
1.91582376268332
2.06635779146739
2.03237828890863
1.47349330723325
1.13114919643065
2.31376786131073
2.10993357584498
2.2918877468005
2.24566077990186
1.58147382236633
2.19434971298512
2.39214123298676
2.19550456055855
2.11346586283863
2.05325880704421
2.4128903902771
2.21447344660108
2.32256233238474
2.13113427726023
1.44459780953482
1.64168417161558
2.39688288404033
2.02480126469532
1.4822530282993
1.83432055831886
1.65191856639405
1.89660080542474
2.05525357424052
2.4064944544815
2.2389848553769
2.04507891480738
1.93293540230561
1.9602245364482
2.05639380898666
1.73467851142403
2.2883763688199
1.72516858550563
1.28770506985595
2.29853904017894
2.46723705434844
2.20662662127252
2.377575161181
2.31082598980795
1.15467322172687
2.14641035591499
2.41471424446149
2.11216183476213
1.70614562680523
1.2261187072326
1.03582953547971
1.26698682432964
1.03947462810672
1.67306231123065
1.07126586415766
1.83535937594176
1.3332261557521
1.03852786937423
2.20817296099695
2.30803110798626
1.73307631986705
1.97427440611639
1.17766576164947
1.79114223592673
1.42448495854823
1.25027784364091
1.94077348555776
1.88101256198136
1.13225223785562
1.56188701475428
1.80001482698572
2.14413924393573
1.37932757886201
2.09319775377677
1.6482005511896
1.83854714168986
2.11823378213776
1.65274131077951
2.29807361432596
1.74849995932157
1.82497813125961
1.79251629418218
1.56305064044161
2.40655118756984
1.75691585369044
1.7400013135005
1.86113416800471
2.43666713739388
2.27107416071242
2.03127761086977
2.06464804941008
2.27356867525996
1.50309705110262
1.2571043913641
1.86640371542954
1.90583628817384
2.39868421703897
2.29295829543326
2.43390409541122
1.90607332955051
1.94972597911801
2.3080224458938
1.90851162283961
1.70352426763745
2.01833909502578
2.44340213361698
2.01401948071034
1.7764954109088
2.27572372293838
1.83170847671442
1.99443806597846
1.47763135317996
2.25690612863145
1.39872991609946
1.6392847605998
1.80941674148506
2.21429819904211
1.93946832603795
2.22805644491048
2.04082869690976
1.90144378989045
1.86164506602207
1.65146140164176
1.40462349711996
1.74870411108814
2.42301845073554
1.87228135585381
1.80997706285262
2.11105303636402
2.42524818735488
1.45153399969761
1.87041921275003
1.64302485277154
1.64569287452214
2.21773501478068
2.42970617463016
2.29825743844616
1.32858845763263
2.36994773072617
1.96816206145219
2.10720647171535
2.41713883730073
2.38639988450219
2.22719164273343
2.18886158005958
1.85298234982716
1.97699374457377
2.37652522710806
1.94854933409095
2.36466631726068
1.35032503661124
1.43610841345497
2.41000173659273
2.29420030726287
2.41532203654443
2.44622244651375
1.77020093977872
2.24543528742907
2.3195394265564
2.2018038694691
1.57833448466253
1.6799812251756
1.92982362838312
2.17476170511549
2.06354139437815
1.60281857952937
1.33008021161374
1.6800281775541
1.64289553480208
1.9520176872126
2.05736854653405
1.9526199706282
1.74739391072295
1.78710623929405
1.57978669950077
2.25892152578826
2.36753635867473
1.89218377695569
1.62301487370497
2.34253681349838
1.63133806427442
1.6588676739866
2.06294041873346
1.38105908352486
2.24807445685904
1.72184605470426
1.84791436444556
1.98023856276176
1.59169423440107
1.31398507740922
2.26424871571444
2.3775790877347
1.37847462691062
1.84622841284247
1.91575967734755
2.36668353363864
2.18678370169612
1.90376412413784
1.53412291205699
1.81394524524747
2.28253411966579
1.89522977587686
2.26419031647579
2.28525999669987
2.26508458695176
1.56677901881072
2.30001894164417
2.18998940078925
2.10296723430643
1.92199441653446
1.41708991101176
1.563506044256
2.42663523872264
2.01442985644738
1.83032653352196
2.33219242872155
1.45711128454292
1.50221083306178
1.36653111586693
1.76859909661297
2.15868038858387
2.0442262120245
1.57280477536458
2.43757739281469
1.71944349117596
2.36248889371384
2.10519076840417
1.8561238191821
1.65889691800744
2.14817406309776
2.1852316576636
2.23074824416045
2.33343394317815
2.08565281219863
2.25901391694757
2.00243647794717
1.81697588207175
1.67833860342156
2.08637329789111
1.45779270625276
2.0402525124828
1.91248633961776
1.72127024494082
1.78429164192559
2.44984685309027
2.00364387762351
2.07147873739729
1.64781476377451
2.35876481616917
1.97571968452152
2.38380252903341
1.48743261837594
1.94048889531621
2.31934402193522
1.11368510904485
2.29117942168196
2.46669794916484
1.99709787566292
1.25568096132585
1.58977848499208
1.83627368304034
2.32259999539181
2.07296332937905
2.27488964268717
2.16919168780066
2.23079533058603
2.18787861739747
1.85869982847853
2.15623369351892
2.01929952176465
2.14135081266754
1.42010361594949
1.50773749941204
2.3061447072134
2.20398077383172
1.84614300249907
1.17142316693536
1.8398197998523
2.34484373052112
2.17436541539322
1.9179350555231
1.98115315825228
1.88255205716095
2.06134749818793
1.28830620175731
2.49597811709779
1.92042013118097
2.04233183054547
1.59999389997744
1.43425868655928
2.28988955389432
1.51515693150313
1.29838682099723
2.40692012356123
1.20225754411656
2.2570416199224
1.06920612209779
2.42523129663294
2.26037468480363
2.11102554772692
2.2221734906634
2.40639315550795
2.15786466029605
2.17867629433069
2.25813430197472
2.0214127306684
2.05162762278288
2.43164094242988
1.6957830025826
2.04329496245844
1.59892241780175
1.93769127988076
2.11084524302003
2.06282014194643
1.80663076790602
1.93909085806205
1.68092334198642
1.74644911549282
2.06679448408617
2.09202581618518
2.02665101871121
2.00022583401768
1.75932343853699
1.94559229146212
2.01615319816096
2.15815913548854
1.76448759351938
1.62134265170826
1.73296389988504
1.96154609356641
1.71661853295034
1.99681163616625
1.91816605096362
2.27346597699618
1.50685023055445
1.59701514764895
1.05500845086369
1.17325105888033
2.02668980361033
2.08042140912616
1.94657812812255
2.37815132171089
2.22305950978531
2.47867544453723
2.45482641654604
2.09652762033352
1.1880956484037
2.06751703519152
2.30335296017317
1.64183106338141
2.4764800688594
1.23177599680088
1.55451109746274
2.26537127270018
2.06515147585291
2.11710258206872
1.88072033042167
1.41525690383393
1.91627921505197
2.21707939109465
1.4924975283588
1.60437827627939
1.82151994487078
1.48254513489185
1.49086922520562
2.18838329168666
2.17479168616253
2.48492911493073
2.12482799719146
2.18527506702003
1.50302046512674
1.47646276972735
1.95324567070198
2.03412370000683
2.20619744382843
1.90811749288853
2.02374829630006
1.87323640739857
1.90592934346228
2.48055809378697
1.87432360984109
1.55910323783616
1.39505382200209
2.24310899833521
2.0930996106248
2.23548557704596
1.97759087451133
2.37333625734857
2.33059757506541
2.35555604417173
1.91693709438277
1.81526888531764
1.78950750816631
2.32916854360925
1.05226016880295
2.34180861734911
1.44956730787034
2.14366860685211
2.22672037795273
2.0485314240617
1.77589237947526
1.9534694350868
1.73661601716201
2.05476075839196
1.89862975077298
1.56869463284678
2.07073037324459
2.07916601786538
1.82063654804278
1.98651940290412
2.03715771645724
1.72653381290785
2.41108937857225
2.13027000787001
1.76997191689581
1.36615521827503
1.62393261516506
2.16334343482401
1.97474145067474
1.56144053283283
1.67515263750549
2.03301748084684
1.7372280016541
1.59236666934295
1.561931342281
1.96667001174938
1.99494792460744
1.93384665088279
1.27704967311039
2.36453971714732
1.15506343200291
2.35384325506005
2.46623481401275
1.94982893215086
1.64364151860861
1.70788262057881
1.44567972799849
1.41125225903398
2.19864311775287
2.44329817282513
2.25026237838257
1.42521030062829
1.35019820432115
1.41647433196769
2.16993649085595
1.34089974425922
1.88406948412945
2.02769197719919
1.37247528314768
2.09860428969504
1.76185377798346
1.4439261235761
1.56863892898382
1.67667161662685
1.97900447909407
1.48482852010381
2.23843862530616
2.18089534114849
2.01980789421179
1.50177397187035
1.93294255196439
1.9367987175927
2.23855111488514
1.49736979249079
1.93869264080074
1.75962521159153
1.87964209260976
1.52152876001671
1.47309872398626
2.18552858255217
1.82425678144711
2.2203908333695
1.89314275834592
1.95424779311127
2.04077344492048
2.35637698481846
1.52592058078885
2.29581299904453
2.31122173837958
2.3031283201944
2.3401555064846
2.1326695387781
2.25403655195771
2.36106049686701
2.14136001358543
2.18042087821734
1.8697730688351
2.25769035638987
2.05990855464532
1.55950144465964
2.3449784666951
1.85028016576399
1.81434459794826
1.77052126945371
1.55268254341704
1.55209460757486
1.81262134216428
2.08577743130552
2.35537363141477
2.09481595858503
1.49389963181666
1.92684445864365
1.47286202429772
1.95174208006559
2.20247440182657
2.45177695700432
1.09285574797166
2.08636529224662
1.65655480326923
1.27189226610279
1.17219788502854
1.39000728162356
1.07443772408663
2.01586995122385
1.13841905510292
1.85034571273946
1.49887283586113
2.36502762087456
1.26697124566507
1.16493321709277
1.57263932417359
1.33106410215206
2.30242628496381
1.07242040059421
1.57528636538953
2.16195201392878
1.0198480640617
2.30298313874478
1.63390145284336
1.29918964738039
1.72102661383369
1.5836439585911
2.27239845683498
2.12966018879853
1.07241579303664
1.78700571969318
2.40423359969632
2.48460625444156
1.73898715099136
2.46342229944346
2.40740515087337
2.35114694848712
1.13260547585839
1.29433114561423
1.03848004817286
1.42743164235281
1.55192748643706
1.15627597655489
1.68134209315319
2.28039045035546
1.48056450017316
1.97341018396609
2.4336387944567
1.32978878919693
1.77151988905581
2.42088927923202
2.47319336448145
2.30837494882977
2.49228348399537
2.09489975407536
1.67409105279686
2.383532257785
2.42835040296078
1.40073701082277
1.43585663413636
1.70933368665758
2.34372535126481
1.86613682620783
2.37639754978753
2.31636979819104
1.73843591341873
1.41367881920216
2.34097549333803
2.37017199835184
1.74856832152239
2.31674473356854
1.28002948977591
1.25458311617315
1.62141902074973
1.23017765105406
1.53975655025085
2.04948710258909
2.16587332102247
2.31993438084596
1.90565016827738
1.9882655564605
2.00339026428883
2.30682925557161
2.07287694012462
1.22146143762158
2.31006094481969
1.43223735236219
2.11084167353983
2.32152705417018
1.787352384064
1.38832469696342
2.06535622435986
1.59782738996658
2.14460032375277
1.76209690509489
1.21241432822385
1.68494737139489
2.29664021073064
1.82659200821493
2.32868974051715
1.29779331301726
1.89858933452532
1.64057077867018
1.40238448199531
1.69819631238142
2.21967580517078
1.37593307039891
2.08884580922731
1.73045095266023
2.20195492750662
1.44901694926375
2.22498561714119
2.0967552098897
1.65207183941473
1.93538629348733
1.47915598017422
1.32073657976456
2.02789768773869
2.19307902625587
2.22688033096858
2.36674301341105
2.4827132328007
1.08182527092222
2.18237861011115
2.44065590876372
2.1509088021476
2.30653827407633
1.89268787595221
2.22109921951713
1.97923870520568
1.8876680732711
2.3424947136298
1.59611512695671
2.47432663551158
1.13797306788215
1.1823867186168
1.98626298134745
1.38406835720525
2.41581134748045
1.69401781852
1.78691719351348
1.71905747946932
1.29801112201022
1.54151348647329
1.20845915270962
1.04658492173819
1.34859585201199
1.10535188148269
1.91859806025747
1.61653990470646
1.91603320697854
1.21867912657779
2.34784973377796
1.85249270894038
1.89786790246543
1.64177268770459
1.1450500998478
1.54580069931349
2.19592076362708
2.0691256050483
1.43081587387633
1.37356857431263
2.14778625840884
1.97531246728585
2.04875920148179
1.34004406894214
2.39597447471548
2.34271096359578
2.39554890985419
1.28503802838817
1.99218150997277
1.58609617331934
1.81563962467544
2.01246510486307
1.6634150282268
2.1734792241071
1.61432715670965
1.93707111205858
1.68019225070526
1.4045885746189
1.93679215675724
1.70322006615332
1.86602274511817
2.11175426548262
2.17705644793889
2.2917292240268
2.40696609797226
2.22548280549753
2.0956994241564
2.44718162616996
1.97306949616363
2.28159177299198
2.22781898181153
2.35368702049948
2.34697205936944
1.91311761102717
1.70553756729842
1.02740284459927
2.08991974557624
2.00888294633983
2.1942840513117
1.92897675814801
1.75646560804335
2.24841207724434
1.91907618159362
1.85256388824994
1.60900741400513
1.27716353672973
1.94826282138138
2.376609901487
2.35690722186001
1.52672337955641
1.15092534142465
1.62774419159826
1.74377954648655
2.23497204876669
2.29088525457197
2.03798702194088
2.06112392322619
2.02948184539589
1.93696895238219
1.75357020103408
2.00242079075543
2.36100353367426
1.21420137494302
2.23885029627533
2.41890705539811
1.40709575741761
1.39199683337018
2.26769168112537
1.10413886689275
1.36360394946508
1.48714196391987
2.33527806903615
1.58018853192317
1.82700023847064
2.40919355129416
2.49296563681405
2.49840175477619
2.37243774462682
1.83997436309008
2.29438353114048
1.48457082438491
1.57870945167067
1.40356211438099
1.99803370459359
1.80540561505895
2.20901035225587
2.33625983878891
1.73242769697444
1.82313329563888
1.75605301219163
1.90977655587308
2.24422460087259
1.64343275709386
1.67717159189884
1.81382658523735
2.28048950944861
2.11087584876848
1.46943033930366
1.23376830516528
1.74342550847749
2.3125503793467
1.95055544237137
2.01355399671748
1.46174054799124
2.32128029241575
2.45081469218128
1.68889592619099
2.22778930056718
2.27451194199753
2.00973311175842
2.42300770611123
1.97799844197647
1.46850306294492
1.50231991517767
2.1111137589158
2.19912448449205
2.06752857508715
2.05739119827628
1.49198319337823
1.88539154386075
1.51606588807236
1.88544079470968
1.91737189889329
1.78552700130624
1.82998244150152
1.33201486555171
1.51186980482844
1.96508957444517
2.01336389906078
2.41205456196128
2.44623090173919
1.03133639345192
2.24454472752947
2.23645977870877
1.7297927528122
2.36666410526157
1.66962806120859
2.3709989528152
1.80937815561319
2.2927684274845
2.17865026499321
1.59325559883266
1.81423823535082
1.67324050482226
1.5535135460238
2.26105891143232
2.31373908449168
1.59123703788587
1.86653941935478
1.65150557905653
1.90679055092457
2.17081373479285
1.79434836347003
2.03532603633357
1.19152242972164
1.77687307590971
2.17873485155157
2.38079978957399
2.4312361828623
1.88568844846943
2.02565112806899
1.19960035401784
2.009772407083
2.34106142406456
2.12738831460158
1.75996263183558
1.94651116413035
1.72534371758406
2.02042928582447
1.87007778490501
2.28620509042493
1.96297635699762
1.72248490542364
2.13183804460159
1.62486925868728
1.9346123913808
1.90609326024259
1.0593985745268
1.07956609033476
1.99230746285286
2.0827881455598
1.38856727526051
1.92786439910391
1.71023569665906
2.35311958717432
2.20722813268648
1.67903869024376
1.42808384743553
2.17028631366045
2.30173247646918
1.77953584797083
2.29414436515065
1.6698835555275
2.47243140119535
1.65708323372404
2.39621584632253
1.93085506293561
1.42490693882529
2.19645659160198
2.32725164382312
1.3954535352801
2.19775519678628
1.37350013896702
2.27188060878524
2.11135537960284
2.05315541980819
1.86809670448504
1.69898613491818
2.28096228088543
2.38005372507338
1.78711167507543
1.31261245318581
1.63458584226074
1.96497593758008
1.98359145458987
1.24997585888973
1.66883359918409
1.87462918884098
2.00044807120428
2.40779338151894
1.9297296113912
2.01694410495862
2.00120079177829
2.02609664952462
1.99582666602316
2.17930522364609
2.44996977695815
2.19656298344654
1.78726741046764
1.59248032536484
1.2578609432297
1.19619066378206
1.30084416263016
1.15677322044735
1.60828601601021
1.83141434930488
2.44802460009544
2.40142490078821
2.09057319449375
2.47993940473568
2.24734767148184
1.34948314201778
1.69097990364956
1.40464494369462
1.71136522090937
1.41494718686982
2.42449467453377
2.44556757786433
2.47865660543091
2.15888696585076
1.83246437194227
1.83878923995493
1.67098248658353
2.07043894245877
1.97551549235579
2.2569711698027
2.46385416717238
2.25125616989062
2.29685684617168
1.94966375050085
1.69983887553294
1.89615237913097
2.02276097785079
1.83790243528902
2.43430840437875
2.36498297947064
2.10604689175071
2.42628915301794
2.0975181934858
1.26884591407314
2.06303486342248
1.44560063145183
1.44861059782119
1.31920562178448
2.19157626749797
2.00743947725597
1.31604324270464
1.2273233728313
1.50958724551902
1.45721251635304
1.29094113527412
1.35200525412166
1.7672994880375
1.04979964441745
2.38609491278487
2.36033733941925
2.31274742669268
1.50114089640816
2.25538578534665
1.94629914469616
1.61309922515773
1.22781819219498
1.72510147453625
2.25908523470105
2.40627978818693
1.94142710064001
1.42040408769174
1.98619832115352
2.09790794163021
2.16272832346258
2.4837911146449
1.57759335338152
2.27595915285252
1.66579940750453
1.89991322714941
1.55126811130536
1.1064598637651
1.29510477648549
1.61042942372841
2.218345542213
1.77795271707417
1.66780999733011
1.62378584659261
2.06075959198263
2.00154857779312
1.26405520628552
1.26650334880273
1.37998279711896
1.84727568952651
2.37654994211987
2.04298141988087
2.44180940875496
2.17274278627621
2.18497714869341
1.59623035778486
2.22905782720505
1.68444248069439
1.72693683825679
2.3802963615766
1.32896439418868
2.44011014657573
1.17714638419161
1.75593929490912
2.41571060437357
2.06549466130293
1.93339746364115
2.04438431800257
1.73706793745468
1.80985244105421
1.49375034417666
1.57842366288882
1.6224136595299
1.89621759790328
1.9438340353851
2.03483634479458
2.19177513987776
1.44307083734181
2.20180326442953
1.90961824151311
1.26312314759273
1.03832937331344
1.63436858245348
2.37387338656015
1.64395009575156
2.27202895460763
1.60299828485708
1.48176112189029
1.47012089124715
1.40309210660574
1.1034256431584
2.12276736450515
1.90310471131115
1.68669058293887
1.7376040133625
1.44062247064397
1.46203956148278
1.34941472083073
2.42809749723448
2.39059504847314
2.39210673911509
2.06379809348608
1.95964827602817
1.54685724323592
1.61744982912944
2.35316133171393
2.27807668636627
1.67014299049235
2.06515348305922
1.53534035023849
1.96785228395127
2.17405839665734
1.85310674827802
2.44041337764119
2.30125760084249
2.35983706538587
2.09469450999665
1.79667838020851
2.24795315760496
1.39612675822584
2.02497132858204
2.32895933253579
1.93380420471195
1.59175352913189
1.40571213296868
1.04389703351489
1.80361293625557
2.32689128624255
1.60919501001218
2.07068786002727
2.03377342385819
1.74975335294794
1.1537878928621
2.23568347994444
2.28588988694868
2.34283033949189
2.36545081473333
1.99156438108592
1.99257721767531
2.26062969603386
1.9727728677623
2.02849213651933
1.70629973899134
1.96387537863957
1.95708778267976
2.25725456391027
2.37741798022359
2.06793623055948
2.14050463030548
1.79979223662104
2.45377763866451
1.77513134428577
2.15764387347432
2.21167854132865
1.72397885021846
1.8785002201138
2.27361132827558
2.06703186787054
2.15190772896545
1.41118086957173
2.20288176506187
1.31884286500947
2.1524870646076
1.31944857054012
1.74300291205608
1.58809032310282
2.07256108330692
1.48574453023232
2.16524507180212
1.82936094582303
2.17184037393997
1.52599679304836
1.97051671067747
1.70216755485287
1.92677388879135
2.01847915200692
2.33122179155073
1.46780623292235
1.99826070474833
1.77178614058197
1.77730105023152
1.65802327314072
1.99028996697072
2.08824558995021
2.26303828643527
2.33531154240245
1.99215652673113
2.19806638314096
1.90919445253974
1.89622493089658
2.3081974244314
1.49544281326152
2.06194754869327
1.34758636534393
1.791557947499
1.60465609654581
1.90148279045009
1.86178143364542
2.18513327645602
2.25521910948177
1.87995254589736
1.937594335807
1.90253382530888
1.06412429936936
2.06673479546711
2.27799174344064
2.38640888322268
1.35944140022679
1.90710865009481
1.35856860421461
1.63312109906142
2.11229836718417
1.94872540822273
1.72051006169559
1.940911657822
2.2660383766925
2.39822928466484
1.9694064353533
2.00398977518816
2.11964919684501
1.83628315684387
1.96307858928591
2.41446765795782
2.48852315585257
2.37175582949242
2.39119519872423
1.21462606085618
2.20168060555185
2.24998751100588
2.35451100362401
2.44380926190409
1.92248199223239
1.80985296583276
1.82326240528437
2.10693718632886
2.47782278356824
2.20649800122006
2.3493293163499
1.98286928592282
1.93727239460204
1.83452880221303
1.53076985950504
1.77103803293096
2.32274478626797
1.78887423299849
1.50210352914594
1.88419073053045
2.10219933980218
2.18018967691666
1.38396067071335
2.08525038483956
2.14431194417667
2.30427857984262
2.15018598556908
1.56169980160586
2.29329738800394
1.99029414279576
2.00300913837609
2.12594273314901
1.73101395144644
1.78550927402176
1.43188110780989
1.62103919965176
1.23048114168559
2.18631928607805
1.19613485949668
2.16118872734361
2.27044758296281
1.5757502721043
1.68531094804279
1.09548778238719
1.59071974496768
2.37681831533184
1.74922407732181
1.98706272192858
2.36119694347066
1.88778123718539
1.79449671293073
1.47344281076388
2.0036589254172
1.84276189288361
2.21502684855558
1.54703470718154
2.29295810627072
1.62209407507534
1.82065275334142
1.86157538521366
1.85407634173521
1.53968804392781
2.13392236755253
1.92817519661784
1.46621785241669
2.32158521058656
1.4208673533534
1.74593048019193
1.60091987687555
1.91627437676424
2.06810802561354
1.96819578327936
1.45652816518775
1.57230837686853
1.76311802045728
1.80717714034838
2.11644287031683
1.85032873074887
1.70212976801037
2.07367614306539
2.33883150950879
1.97778009112744
2.40252326381885
2.46308966211371
2.27633657743946
2.44093249625159
1.7980393812797
1.44656123268968
2.24198089063358
1.21057437780123
1.78735855947123
1.71751245768854
1.95373611222198
1.56739226006726
1.39553712211878
2.30826052467298
1.43252689383696
2.13358520557057
2.24207981722415
2.14941289119318
1.67576374388014
1.57558082879658
1.98803186041421
1.89560037138832
1.58685859918066
1.55359903979514
1.36119605539024
1.56854986972651
1.78262144533019
1.56007650132819
1.12425883884163
1.48572655542827
1.33289709231861
2.34619440459623
2.31220867925351
2.30963683237704
2.21098800579063
2.02094389304592
2.21963827929807
2.32483279945962
2.24823772873414
2.29201793926286
1.45059854583201
1.69681633146919
2.0043968419183
1.65456238885076
1.17649096254331
1.05551804675882
2.15375831681298
2.15794706986981
1.82004986240111
1.97436614783263
2.46899501677225
1.90629247678024
1.73891585045424
1.04090731957174
2.17287381594196
2.42562707458513
2.06383709503188
1.4708928947505
1.98439613415955
2.4216401555085
2.49440334243447
2.49095690333676
2.49707246823793
1.79189527498312
2.4996036581741
2.49528945408345
2.20345135325293
1.45886432390044
1.77879765246856
1.19958188177149
1.20163089323191
1.36733265541226
1.66443514598135
1.05646122291678
1.37764402140529
1.92316984413711
2.1194502933495
2.34563157506793
1.54456196408797
1.67547151173355
1.96979980605922
1.89335371332663
1.83003090140878
2.48720269735849
2.241699340889
1.34794695527923
2.3008578374447
2.46864742716559
1.96254704889777
1.10922083109569
2.23069327086635
1.83086251661879
1.99128440317038
2.17763533034421
2.11341531976967
1.97778409544377
1.84078773337688
1.64739820473266
1.89240487458523
1.18091793423316
1.73167347043852
2.30389639794702
2.01814448648165
1.83410134321191
1.23250907871199
1.56643801885936
2.23162862010755
1.44512078208506
1.97193802621867
1.82880425705793
2.09825735553511
2.17955879567575
1.92322554420991
1.9277222811448
2.17045306166263
1.72952723629664
1.88650239812783
2.22144137486465
2.34770392009095
2.2386422982037
1.64486585188158
1.77582645835825
2.07681895030068
2.07299186469813
2.13618698920773
1.89480361540576
2.45909414314684
1.84940547897589
2.1720317211037
1.59090618724921
1.89554760538536
2.14151016394279
1.53966906645182
2.17652765541786
2.33566378067012
2.47163052872294
1.69466288763856
2.3308341519452
2.41124029681433
1.62995369787446
2.33872778277861
2.30759155821057
1.33566465287137
1.83706573765427
1.52217297056927
1.92021449455382
2.12741653101323
1.89169608574408
1.95747401936753
1.63987993181238
2.2861233374859
2.37609342775789
2.23981747812262
2.19448103952995
1.7706626226718
2.3803936910936
1.55131027322148
2.2300978527075
1.95858800795124
2.24575905192472
1.97206084529089
2.38075249007775
2.35744310905708
2.1333815373824
2.26140995461563
2.3526081587462
2.01654908327733
1.34883200252289
1.74897401511787
2.21360583714158
2.14765112218246
1.52173787515019
2.08270086826274
1.69455075493258
1.22717141420091
1.87854372657201
2.18207918306007
1.69803571528297
1.48166001619398
1.7185018459894
1.38970784467763
2.11537626103326
1.27228959822654
1.94166605281239
1.66033041431997
1.91470783577341
1.5489653068677
1.34129937112378
2.38298180842515
1.78741318812114
1.88129238332607
1.12867396926552
2.10572223482917
1.67878036602255
2.28304024025935
1.957887424149
1.72293062622748
1.42106000776955
1.42150068799437
2.30665948888726
2.05386484892611
2.33370153820053
2.13207568645724
1.91225143665432
2.25545132106024
2.06783059743688
1.49370952957865
1.85079603854927
1.71361076118194
2.25766396494033
2.13575016118325
1.80952316285136
1.89896512233187
1.48327634438024
2.21753040856776
2.02535525512805
1.25700436217923
2.2645069807685
2.3360678943861
1.67721495883077
1.64105546302343
2.1488733573469
1.7444569892401
1.82397504856801
2.04976295115086
1.55942202233838
1.68389264704913
2.04406915436781
2.28997396956208
2.11809310433849
1.98090730672517
1.75807578363399
1.54005778690159
2.31562406513199
1.85525091737303
1.90152620448216
1.70977807007622
2.45612910476181
1.91427325620615
1.74554238159586
1.59590633653913
1.94899811226608
1.5086624052593
1.46891683445713
1.54922676017864
2.0100840949537
1.92058247842418
2.34296858639699
2.18708943089193
1.90357804488079
2.20063479668512
2.36654373262701
1.1352513477896
2.09425168930055
1.32554446768166
2.03154862587708
1.93689957155565
2.28616494363278
1.96328618668873
1.94338652714729
1.87421643118696
1.64798481253442
1.55341364462157
2.28743054939093
1.83969432999983
2.36937093590135
2.04405431746955
2.00541920742159
2.2697945768576
1.80591701660083
1.36086492554871
2.49768496240343
2.30143987145747
2.19505843507192
2.35297233730321
1.06098157262068
1.12500355338602
1.0153092091397
1.94146910237586
1.19805822594969
2.19473965598006
2.11460342909879
1.85280399072329
2.13703454268665
1.51406746713857
2.36613048032437
2.40348467284066
2.49463814283982
2.24907875534061
1.88643081155079
2.14520958302244
2.47502360226723
2.19938658422207
1.85066226203487
1.37962348096046
2.01025466545479
1.45151315880671
2.17525819557808
1.70370582009102
1.8165617792721
1.45636174937722
2.29552515843494
1.62815887165351
2.24464473804258
2.17324640903462
1.98855997583598
2.08585360133372
1.77116774331428
1.09340877461651
1.03302768579026
2.46864099006518
1.53071155107761
2.00630451492646
1.97731142477869
1.80108291513995
1.55603379600719
2.27773728423603
1.8784635555357
1.73099991566785
2.34362799739261
1.67191900185711
2.13694503337762
1.92722962785716
1.71502993283286
1.4089387722626
2.04220390763191
2.11774863602361
2.13081388259721
1.99765704829202
1.65583380758542
1.60074254884583
1.8978694750922
1.37766774078291
1.44938536310941
2.21471265121198
1.07968989070373
1.95373299148502
1.43508576160969
2.40931489471682
2.39732085045404
2.44250395305555
2.34931426172763
1.34324664314901
2.07930310435215
2.04424609394965
1.64185415692222
1.46549168920561
2.37689083226516
1.38547754406316
1.62809263026757
2.2819265594517
2.45553105222942
2.47826774667843
1.75559774509329
1.32010828795917
1.68526808028703
1.53780711017646
1.71341594720904
2.14246305089758
1.58413973813521
2.13746576955532
1.89206738276953
1.86332247016858
1.61496204905733
1.60591141342263
1.53697230087718
1.97167975509292
1.77963491913626
2.27792634617325
1.56663422989986
2.05201576080546
2.44778854516382
2.13181881663505
1.53638350158472
1.88600676828365
2.40166469592203
2.11146720334469
1.66746591857246
2.17318297015107
1.34316966204233
2.0050891257273
1.38412967283824
1.56279164122018
2.41163520617631
1.66975689201113
2.03737346881413
1.37206003199894
2.13281264872655
2.00120575659923
2.14144373340658
2.28775136505205
2.27101523521389
1.5998165604157
1.58255207970866
2.47249571825286
2.28885270866976
1.86587367964336
1.17669710761879
1.71911900597465
1.1123065182764
1.08123246492467
1.76271657774704
1.51035264365237
1.73518578588344
2.04431829590403
1.98315019182312
1.89795518588881
2.06663463820397
2.3775695644214
2.2765187230659
1.24346188960858
2.05031334319198
1.51986323061865
2.40693803793722
