1.75
1.88340424747212
2.38464295033351
1.51942768595955
1.97465764362817
2.42297566701474
2.18994875688955
1.79586051728312
1.20300516451864
1.25559976363607
2.26818723730091
1.05645489369182
1.05418378751892
1.0708620589786
1.04649262986398
1.90941478978307
2.40181995523216
2.12007262883367
1.60438137073924
2.02420392140949
1.56816256641739
1.39507565596628
1.1730838544705
2.06695338888141
1.04664142879027
1.08926319765012
1.87519161573987
1.77438314356566
2.30654064846722
2.34903260436348
2.04656321966392
2.49094283644715
2.06482024684358
2.25922607306617
2.24905324990891
1.64160502838817
1.87379622408616
1.61025140631795
2.28017257768955
1.94247088407906
1.65349978524766
2.12732440934682
2.28035546712834
1.49284403833196
1.71265460375536
2.03456892204895
2.18400674734138
2.08161232121963
2.43663993039988
2.05826682066983
1.86728775919924
2.26138723608403
2.25200050357977
2.30660009728007
1.27619522911134
2.39433345393283
2.49819271479121
2.37304199732815
1.82035073374828
2.28706876088899
2.21280480768083
2.22905553261003
2.18696190713173
2.29121330950725
2.21913484126955
2.18056328897578
2.20024601760526
2.24406337074366
1.98624242865476
1.89343230692946
2.33955858414812
1.21583273976302
2.11295977109066
2.42015701511311
1.60685460625991
2.06449223738419
1.19996860636807
1.1183497841787
2.0113771151879
1.96386654591791
2.04740477849996
2.14150001692192
2.17305528891086
1.17882130072873
1.38975699711201
1.79270459024818
1.55101812319547
1.30784272970879
1.99493224682696
2.36189539890039
1.99171310016727
2.19826801163264
2.16270765922182
2.40722095285992
1.17744084840165
1.4000027760122
1.23045975427558
2.34396853943628
2.28476919549556
2.26966378881813
2.24580353528047
1.82159878054735
1.1545289009888
2.27204794729754
1.9707653631121
2.31662919913614
2.23778546546021
2.43873750314082
2.17207746562582
2.20927242654168
2.00934722452788
1.74730930286357
1.82704181615328
2.40122592856603
1.76185375277235
1.32192094457232
2.3780868227865
1.63933330827998
2.20316783878028
1.82861492243995
2.01222829169175
1.40580927445777
2.21014601254935
2.24968250525123
2.22307574717795
1.8703350547211
2.14282970359583
2.3843389157474
2.41611045261226
2.38759979800858
2.09334651604737
2.2721056948881
1.12706657226053
1.77375902602868
1.91429990034693
1.69597302197511
1.75612167501657
1.7750908991038
1.99784474619159
1.60999099047783
1.62384775340481
1.439539742038
1.79219390462189
1.89732546214787
2.07221273730356
2.0240011486031
2.04117299121653
1.94446321095499
2.00518563460093
2.08578284790001
2.02039971521482
2.14356586912744
1.98052412481326
2.10306859674604
1.57680503656821
2.24059843754811
1.84903335267268
2.42041895107278
2.06520017920126
1.798949581467
2.32608262780571
2.44778552244267
2.41025518114579
2.38901720796842
1.62462246909057
2.34479495216658
1.33877820070432
1.98219439430192
2.04069115756327
1.94362161710371
1.83624895729924
1.95687068116948
1.88811163209042
2.32491600554255
2.10576259878354
2.00440707646013
2.05090801235931
1.73324448652325
1.85002983080046
1.50026803055577
2.19611066540404
2.47783439433394
2.40048682568998
2.44129330484067
1.59415512842513
2.24217256309874
2.01636864736576
2.01830121256566
2.42706647980134
2.46666845573627
2.33486556423562
2.45440345979846
1.77870286314936
2.27929054764956
2.1975779505777
1.8389870105634
2.19714887338008
2.00006719110758
1.50962378263594
1.60363650238429
2.33944954618487
1.89077539234153
2.41973346100848
1.88703476654827
2.35842161417629
1.63663074522806
2.37828960790471
2.16030343634874
1.36587274951512
2.1463982873677
2.1404828734741
2.27281508078698
2.41534317689354
1.35084167284729
1.67174823891843
1.55817515544746
1.95687237525021
2.15615180408964
1.42306190926299
2.13813345969708
2.33649182260565
1.9063644697907
1.89839261879682
2.00606586844702
2.34075553430612
2.05760464308272
1.44558408405493
1.60279266861588
2.31999360900088
1.70258787125565
2.35145660206968
2.39866102040854
2.1433868743277
1.99712972023372
2.43606719228747
2.36963819212831
2.1433031365522
2.06382109249869
1.67193231859096
2.28148961945115
1.90429430582047
1.51270739890775
1.76663452855939
1.75882614298821
1.96542715157629
1.35515549543847
2.16312417453118
2.47247100924003
1.78850205172286
2.40795446391582
2.45284787689228
2.47946284170515
1.8928347779871
2.35688745209269
1.98420175363396
1.00345344777071
1.16358860127707
2.36856446230596
2.30467709747072
1.22081567982539
2.31304706734393
2.49773865023182
2.41016000938062
1.21027201795916
2.18783354777285
1.09504520649639
1.00161336232537
2.25430377374435
1.19331266894353
1.26739338739408
2.41341575429447
2.18804085065758
1.20693927413825
2.35968001573145
2.15963844123967
1.95994040938266
2.40941303240478
2.17379891504026
2.24214890704002
2.1052719016784
2.3339240371403
2.28367821860391
1.47801959787311
1.8481432565115
1.70128604607933
1.97438804280522
2.28797806615847
2.15386590079486
1.71894207520191
1.77806976430449
2.44075482863188
1.73373084158823
2.33698112972674
2.17677154991578
2.29736013771066
1.80667021437057
2.10849642897061
2.34024739137744
2.11361512260401
1.97031654022395
2.17969334424913
1.80437654422065
2.27744170484298
1.98658853735333
1.39173277281191
1.76941366913331
1.9254261213041
1.983103367662
1.81553808571999
2.24083406305732
1.92630866799885
1.91410690146034
2.0161306520602
2.12753082089507
1.98840083291786
1.9751516762174
1.17601159996584
2.41427691966166
2.39221791234208
1.70284803120187
2.25530499198243
2.40361994641858
2.42030984721739
1.55120056700971
2.07144437207094
1.6023545818009
1.8795452738356
1.94078530406434
2.05952938179675
2.40312996144511
1.43179706667336
2.25892865166447
2.34091286585853
2.24454444100334
1.96522566403682
2.40269916313979
2.44514582256282
2.31873669138894
1.9949460494769
2.25943032109106
2.18611819961618
1.67918445193117
2.03850122079753
2.24790867256808
2.4303370757598
2.16274088624266
2.18666156786559
2.2543412316219
1.70805226808101
1.70621511783643
2.48151611534652
1.37036247754536
2.29747380255513
2.32706533479819
2.28306324581971
1.91365746579024
2.13861926579753
1.51198918856505
1.21740349656541
2.1471554117755
2.36868626017626
1.98382054432881
1.96934057481465
2.00986976253882
1.5242435987443
1.75820549980249
1.80281659644569
2.25036317449233
1.97669422115603
1.92657989842158
2.46156785459315
1.9817945168842
1.66938943296015
2.43886306263714
1.82862501377106
1.89800531356921
1.39986492173826
2.02843511954802
2.09926953815969
2.39769567856616
1.69335916561542
2.03233991723231
1.75399512955836
2.14336746240178
1.82735029989156
2.06860549214711
2.36023412065905
2.26217930510086
2.3381056563803
2.03387742809948
1.71233195377053
1.95456931707419
1.91023811568843
2.29543118575424
2.3417826999603
2.18952444819515
2.26161072688675
2.41513249656318
1.36298989702213
2.34012136105052
2.23981057742471
2.43270471284494
1.49041321897129
2.00615288374314
2.35574175118031
1.18298136560485
1.52381165089981
2.38613575582259
2.39534678333921
1.45181736849732
2.25854969390857
1.3472287167961
2.32268015814279
1.65076543043184
1.7434133289668
2.22079384444162
1.57162560889563
2.16746823213671
2.33900226986654
2.38220321485467
1.59423935707181
2.21771496489689
2.45636913911018
2.42966105911095
1.77670362014874
2.30821309451017
1.4976312864617
1.63428709192214
2.02585365632655
1.68466859572738
2.29850071387618
1.05918766501799
1.94262927036281
1.6342292178151
2.30917827413712
2.4396215539359
1.72174836022588
1.82912456242584
2.32925081607748
2.29463438404861
2.42965692565136
1.8450185622847
1.84113984041021
1.90143248779636
2.15809966699523
1.98972933426257
2.39943689688589
1.1243167575567
1.45291493338772
1.34071661768531
1.6052948791289
1.71701983368481
1.70560961769111
2.03665908043839
1.73046601983087
2.1595944228692
2.19948930490689
2.10993896741101
1.24774523744706
2.48759921007399
1.01091028571613
1.00005019183874
1.00005928572976
1.00991497779868
1.75677513638931
1.00271278471642
1.0119619018689
2.48377403762132
2.2207821735295
2.1539446790666
2.20585256429677
1.41722500419323
1.3896517394676
1.56451857070001
1.63498811950433
2.39875710551036
2.26532276697363
2.1840714866078
2.25378985572804
1.71150986506874
2.06462298925884
2.06380510096802
2.28120598838907
1.83418015993545
2.03862422945071
2.11893005377316
2.2747746661091
2.16316766129801
2.02312105506405
2.13722632153737
2.0031090739176
1.78917269525685
1.53764830667212
2.42413911250654
1.67920595658981
1.72598430276544
2.11113974929525
1.61971231026277
2.21565947688383
2.46014069271911
1.76172547729006
2.00574055772428
2.42262997522934
1.75171030614627
2.15225475863275
1.7358044316571
1.45397812963129
2.25045529755634
2.14353843989732
2.25028150860044
2.33715973761106
2.41344286357783
2.0569931560588
2.4311472128255
1.69174061061423
2.39493789288599
1.3010928072137
2.14365094605134
2.22416014170502
1.87419361091939
2.39967676280193
2.0091899679774
1.57357021751592
2.26408702051242
2.26302777202874
1.99187745886647
1.88115676328983
2.12893169744103
1.74161462492364
1.76536309350245
2.28421818234641
1.76112632991942
1.91488337712267
2.12851783171817
1.74406968296594
1.95546030485586
1.4653158541017
2.16361402146983
1.46411706805926
1.18141435564628
2.12209339463495
2.42826367055185
2.09618361701489
2.05491225970731
2.33998757027043
2.05728200841148
2.0099454485009
2.21683147439033
2.43488706707003
2.08137548345107
1.87219211134053
1.73399753157767
2.08140408254325
1.90853388721041
2.3098603632905
2.33236256711868
2.11013683787727
2.02932432365223
2.39896302366797
2.30104058760353
1.06236834574822
2.3065137309464
1.61912028630378
2.37214099867297
1.59607733324191
1.7211444418816
1.37475777166409
1.49824182245465
1.7857456494055
2.23400331823448
2.41234567105158
1.45189985546626
2.30344894468414
2.18726958292012
2.35710595331871
1.28252854223133
1.29294799486206
2.45750823790154
2.42304722686649
2.04205338376589
1.83865101763906
2.10015852494973
2.36742090852599
2.09205526812717
2.06428442368323
1.59097652263874
1.91167365014297
1.57920065297819
2.00013204392648
1.87849936487832
1.47106288175266
2.26306434247352
1.96485484880263
2.27621639369445
1.86112384795815
2.42807844844245
2.0787904276943
2.39704741307896
2.09371090022571
2.38721085521026
1.59711592632573
1.33972079875608
2.41030129881875
2.05791495951375
1.5675698653437
2.40073599673243
2.4000078412183
2.39924811310534
2.42910217870737
1.15945771589552
1.66990935748206
1.67762763045683
2.31174652641807
2.00570055829683
2.22866707137657
2.3081019204051
2.39274734119502
1.50589345622093
1.57387612929553
1.75808149387324
2.14162961006282
1.4666564033507
2.37161289642491
2.21535432126354
1.40142928384434
1.91244108403163
2.0497822277374
1.70926048613016
2.39785131224491
1.52494452949742
1.76169126786877
1.2715110555681
2.38033731825253
1.7957212848492
1.81206012246637
2.17974084383623
2.11056046743304
2.15429966517632
2.25140635987374
1.66712284009993
1.92941255235507
2.46915266098692
2.15073175995289
1.69990676402924
2.06005589475044
2.11914729657068
2.18010001867957
2.07484748633907
1.81045390058475
2.33083967784362
1.63521947034429
2.02695685049401
1.49570700636843
2.13944370323122
1.35251262609274
2.33937672217715
2.36617041482793
2.39563488205518
2.04115161911472
1.54230764478894
2.48309283008658
2.30071512868428
1.30441002309219
2.32987550947147
2.40460487311972
2.43467332505905
1.3084871518553
1.58638749361593
1.9781046023762
2.31043495336737
1.69059444471628
1.99376588432142
1.80973150952186
1.80151276094281
2.18681404786299
2.22800030057214
1.69554636249822
2.2151250751014
1.87399247604883
1.5687114684927
1.52493956901943
2.24542761912188
2.04725910707673
2.03945627321967
2.34925118188701
2.18455611887502
2.25087306053623
1.87281150812681
2.20353752803189
2.29990201607346
2.00024694316029
1.91338424204886
2.39821643727782
2.25886621490195
2.16458356601987
2.27886335651994
2.00051892434427
1.17783685763765
1.85545546732329
2.23903086415638
2.45607914358558
2.4886506006389
1.6167847787981
2.48151404645159
2.47223811368517
1.26320015145434
2.38111616768113
1.97466463651819
2.45159124600884
2.37494437782142
2.21869722064318
1.48418318148396
1.95354411878387
2.04459950542631
2.3520424326713
1.49267312126501
1.80002504213467
1.85983851406514
1.62072756239186
2.12672238341197
2.40318467407134
2.19805182776985
2.32256401913199
2.09957801192418
2.30526988805014
2.05209460857006
2.00574553762384
1.52644968566772
1.87894691029135
1.86275977683315
2.19012097432666
2.07151978981657
2.24392634473815
2.17292403252534
2.09750092586528
1.4638025006538
1.59746439092054
1.7952489366867
1.63189071586793
1.19555555976952
2.11785174027477
2.34616143824452
1.62541745528236
2.0029336350781
2.16459944489662
2.35558129455938
1.35391530797579
2.42927095099732
2.17647575864399
2.39102569400871
1.72599220739217
2.24135114258945
1.13220369944957
2.41017513815354
2.34016950976489
2.37460093608468
1.98259167035543
2.47507583213576
2.19448791832828
2.15638776989536
2.49269186712572
2.23724460237241
1.31288834576239
1.70682520046507
1.84441028197014
2.39123249533431
1.06509077991154
1.34187237890843
2.27983256117329
2.18603505126668
1.87947782505738
2.09100973266227
1.99708716206603
1.52077250723014
1.70271607695918
2.460102701654
1.39283975110011
2.14309033663076
1.32861580906536
1.51532501493206
2.34816508901797
2.23847030413527
2.27264915807328
2.17564006549499
2.2751995722536
1.60356944296645
2.44659897812128
2.40714178474423
2.45638397649977
1.34965557392377
1.62068845501759
1.61201964561197
2.18003534062684
2.20558333345082
1.5252200188992
1.07974170277345
2.12206779755015
2.38914967540198
2.39578876986523
2.45201705827086
1.69846760400807
1.69442065376849
2.27090388011276
2.34147214681184
2.06470808011931
2.09156641427376
1.57234431145003
2.12422559431228
1.31625388952843
1.98196190423759
1.47197388447961
2.28718427978543
1.80546526573263
2.06304851827009
1.32244836972087
1.31510306032046
1.93982440412896
1.50991114183898
2.16669173469853
2.34134488784681
1.26587302597639
2.08005041102304
2.4012272004855
2.24824632180361
2.23350298667636
1.92562421431276
2.07367756065507
2.40907975139376
2.13613226931645
2.33854060477609
1.43679335093268
2.18099791708026
2.3624606016429
1.36640060984586
1.90289259782584
1.26111025707886
1.96739114062025
1.8545953488941
2.1841464885074
2.3198766493424
1.5915864584102
2.19080018274307
1.41544032481769
2.10817330645346
2.42468473680496
1.76824772091654
1.78913680559313
2.13658684366084
2.25445772701452
2.03236849002307
1.60082622701915
2.26144309705246
1.94230287378423
2.09841502499796
2.2874527550814
1.55832715052725
1.86162302718876
2.19494442388067
2.31872592819927
1.45867444546212
2.2178857204856
1.74104657051545
1.90524082527053
1.92881038765855
2.04939095399684
1.67570030221696
2.08385839155748
2.04071574294669
2.41263595785421
2.31422766319317
1.55303931017673
1.85496168483384
1.96434119412962
1.9290541278146
1.58968702420598
2.41928745967714
1.3179652712004
2.12607265363874
1.43274150962189
2.10896321624037
2.22816077069867
1.90921987830112
2.29441421118373
2.34639425268687
2.17146777326283
2.29838048099732
2.38142473356948
2.18986942815539
2.02078788167178
1.97542171811284
2.21506196218845
2.14377877098415
1.73209875861505
1.89039236213602
2.15472308408547
2.0308888237728
1.72780665933699
1.88824440728372
1.44326554136011
1.61696790627052
2.09210941830478
1.92485215162823
1.61588361617474
1.50373738840433
1.84317891733323
2.36138484706894
2.35773881993528
2.31572695697119
2.29475022388651
1.30874588114845
1.72959728834093
2.41261711426414
2.31552683261454
2.48434223499182
2.05161486007664
1.05162992542716
2.42319209634881
2.35557974194654
1.81684362512397
1.18112649470157
1.63948866853814
2.28023052145055
2.34459663394122
1.21337001425859
2.08118188153562
1.70989631973632
1.56177297938459
2.21562665055193
2.16045785032012
2.26213772080303
1.45716192299094
1.92321367454077
2.18546702679077
1.35540512177569
1.23401203280877
1.65644989846951
1.03068087747548
1.51102783203339
1.99352710185798
2.46393228398641
2.46248082339792
2.0836322254022
1.58877876961624
2.21665272899967
2.30437051894296
1.45107919162065
2.16554438314818
2.34053823789442
2.1610225170396
2.47075787843665
1.90315121658851
2.07974433898768
1.98802763657429
1.46846510620567
2.25185945813499
1.18548953572315
1.67896450224989
2.48500374857075
2.26523330697447
1.56571404367076
2.45812436265888
1.92484712279693
1.95014660964728
1.70766536952124
2.43994748902054
1.66708350723428
2.13645053291729
1.8387425136647
1.21464379070068
2.48725636556327
2.48473424148272
2.18841230350536
1.8502680582969
1.61709964378995
2.454586510343
2.30433131331331
2.42712963477346
2.36745998155446
2.00935549540249
2.36050985748265
2.02559039005987
1.82611842155225
2.47774586467401
2.04120125662411
1.86187178047182
2.08512470268971
2.14145214739634
1.37305251450801
2.10735412293898
2.20023276020195
2.23461874499574
1.90326938306707
1.15166561797931
1.78286584145781
1.15605170498872
2.36460182490738
2.34050253017452
1.73699064868314
2.11194852474745
2.29186085574652
1.71014386351495
2.04280570023345
2.30319843385877
2.42642829338748
1.66153075158112
1.92694449805536
1.63123106594966
2.24306281812403
2.42907974122448
1.94494806129147
1.90102127602808
2.04922929365801
2.04907233117437
2.2860055361627
2.23889594414565
2.01327097354468
1.68629822237555
2.45138789488948
2.2634034544511
2.13264976401516
2.18159130260519
2.20018961614749
1.74940056580914
1.79866738650586
2.29089073757162
1.14639274751264
2.16652763003466
2.08851039230924
1.70473107905811
2.41674959762103
2.01270644397896
2.19034303648178
1.0872838851179
1.94517802151715
1.92673451388656
1.39983426492573
1.63901279363322
1.79678609348427
1.72196638336893
1.50709363150615
2.13065644383491
2.14697658138463
2.3005094879038
2.19494908162349
1.47706172701482
1.54605406433625
1.85556125150429
2.16780037849974
1.74920573717785
2.09600553225896
1.69491560234936
2.16299754251598
1.6075485470532
1.82647200637201
2.35989171426737
2.40832178707029
2.19016528862852
2.33569045500739
1.43868207288823
1.79590271200753
1.36388820696405
2.20543428855401
2.12487754692527
2.3636737329652
1.27558956174958
2.37106401669886
1.2296697616792
2.17681533347631
1.95475678275264
2.11928402441097
1.82127085430172
2.41029449789044
1.63768553165892
2.29904109458306
2.12910114814584
1.54080478984109
1.80038978865366
1.96079263847483
2.08765160811778
2.38416938354165
2.23551207180479
2.19163892682231
2.1658949986348
1.95376449622484
1.9505206187944
2.45078964132497
2.08113576063035
2.11290667797575
2.25470144281211
2.0850199995219
1.82111804798445
2.44918091580992
2.40742444746418
1.39721418070733
1.7067555088932
2.09158497845455
1.40299615643769
2.36107690619254
1.75709863440386
1.31604039489813
2.02175517675392
2.2176395532383
1.74717375704803
1.67578223083168
1.95751680065076
2.07917112693399
2.14185022284061
2.40011252279526
2.43709323624314
2.33466998449186
1.49940508562723
2.44985548854469
2.00589172163429
1.85659809117759
1.93263826812065
1.49074336520921
2.24469470426905
1.79763112365808
1.96173465746533
2.03707804998734
2.30639809757414
1.62580920233775
2.32007537390573
1.96872687656355
2.35379241068232
1.10313059761146
1.22582909994875
1.96507109418213
1.75330294328621
1.55285503307605
1.9889554624967
2.26904527824208
1.85717558146985
2.3819391715711
1.75583890880881
2.41958303990095
1.62576319158896
2.18141895135745
2.22935141931271
2.42112146686348
2.23502951954123
2.05407541574241
1.87270477814181
2.34636586844293
2.35036676074355
1.30550355996668
2.20771902412041
2.14352859218502
1.96938920308151
2.37953822997153
2.49578112635338
2.46295041116431
1.26079878289034
1.61899048997829
2.2259657183103
2.18040106834199
1.79392083861049
2.42442661295826
1.84426006925497
2.16848115833585
2.16227897899098
2.20014216467323
1.26337891992887
2.44864291344767
1.52748821213704
2.32216436156459
2.13775128329071
1.83489204751608
1.6929948044264
1.90388208012909
1.75849783284786
1.42055637522239
1.8982731439888
1.75585046270014
1.66296112988205
2.42784913898027
2.3194348974277
1.26507238975665
1.99213006686966
2.34128996307214
2.10732613320768
2.25443687087718
2.07043233233207
1.59284319675094
2.40729815934802
1.79830449319831
2.00988824636823
1.39005861518536
2.12488978545189
1.48997901663096
2.03954840175523
1.27400082450119
2.1076682768838
2.2155216582865
1.39187851652475
2.24095287782474
1.38474697564388
1.34263867383619
1.75705179627939
1.57659626245871
2.20825857037535
2.39970890486656
1.96578368158442
1.05119699015257
1.10979871965555
2.42481223166765
1.84898853941742
2.31569889547524
2.09301229581711
1.17925459912784
1.83304515506616
1.45821978950121
2.3183439053689
1.35510136674622
1.50679100680225
2.39431606736178
2.10190481776559
1.30536338493495
2.07800593084619
2.22751895843896
1.32624124888174
2.20797388085085
2.32139755103231
2.18543656807275
2.42538958629289
2.11601303025568
2.12596933487881
2.15567513545278
1.66766875373931
1.09061084241643
1.60568257520152
1.49661861709233
2.19302905512147
2.04089916245494
1.2290100408962
1.88724274127366
2.46871433485104
2.3629864095725
1.22022371513841
2.02034910934086
2.01398660232147
1.94392707143009
1.93936372448281
1.99195847652473
2.14988101817104
2.20354937959827
2.3041561648595
2.20071284882484
1.77978896736118
1.74638912232661
2.02889913825753
2.21343713726023
2.22871573482573
2.01949391857178
2.29751091310837
2.36561014787378
2.23832707751523
2.02939998445361
2.31222056799224
2.26821294876766
1.79914142031835
2.01398285472097
1.59239656398739
1.94492385093314
2.20880306580498
1.92304569146869
2.32530785200478
2.08630652638521
2.37005463954767
1.926825366336
2.2280103666314
2.33549081448411
1.70254334052829
1.86858429505676
1.9005951255687
1.80069223956161
2.05265513138719
1.72293630271048
1.27354711168219
2.46324455625255
2.02753891149803
1.94609149908616
2.33943825306524
2.35127739455206
2.44923240208921
2.25306052263927
2.46044998500313
1.59679574759507
2.44157503254535
2.36308051982943
2.35456100683328
1.36575966835144
1.25956500296819
2.16198724577597
1.58980386011493
2.31357386106576
2.14212992908584
2.3780633926098
1.98699793916502
2.28664899858929
2.39324603713482
1.37856391226748
2.39975302970459
2.29227702139591
1.12541653695014
1.7749997997047
2.02845036408772
2.35286572832042
1.13497612519389
2.10159414545084
1.95359637101494
2.23773735996911
2.35400934327612
1.56728956840258
2.22973729380092
2.3043247576739
1.17911487325436
1.67275604590365
2.2466145795774
2.30578382093838
2.43724638673774
2.11030744289202
1.94961753083347
2.06793881308019
1.35433023337747
1.91095669021477
2.21529052207259
1.67315113893989
2.27838631138668
1.4004456251019
2.2402126262962
2.08806952025695
2.09461529701648
1.45519125798837
2.27683526906872
2.31401099382618
1.26809211596978
1.31874093671373
1.09068512193219
1.97961013894952
1.5522650792993
1.59578065600131
2.19849435030153
2.2616439474905
2.41609782602113
1.84477277583309
2.03755788007882
2.24516292412665
2.09264354244822
2.45595834006053
1.65837894406847
2.03664221369779
2.10708313275367
2.1440175741542
2.36076931345162
1.96456406709353
1.37273661147658
1.77592358392494
2.37754000667912
2.4012772257805
1.78111671829022
1.12252602899282
1.18532382432919
1.79774431640095
2.46395799123514
1.9037393257365
2.41977317456674
2.46666247308544
2.47386850769238
2.22458210318557
2.27300922822365
1.07646362835029
2.03981131945546
2.00214292353266
2.17951377112977
1.61946347062729
2.45494326492012
2.0898739776644
1.35021737133006
2.00669062575588
1.54614872254979
1.91134722890986
1.7251736742563
1.91525389105594
1.76230417833865
2.30816834940793
1.89066371883645
1.9346109266593
2.19613128400464
2.3246343419724
1.73637752644803
2.01861849219925
2.42693067838121
1.74437277521858
1.49130580055547
1.72403388780367
2.48872167941671
1.99244459760655
2.26484736096856
2.25172166355517
2.16776021156392
2.13733145343662
1.99931434190144
1.94667014848058
1.91561566281077
2.07110124245583
2.40992451541345
2.35856521090953
2.0051269234932
2.03663148963763
2.23890790610386
1.89159873777234
1.56900972495561
2.13225212481854
2.3422175080161
1.75895942114377
2.34850117977716
1.97524575531164
2.19047487636941
1.54379628982945
1.70295926386531
2.02655209816157
2.076091534044
2.0715618126571
2.07701362231067
1.96667370397837
1.3560021949378
2.12289046722215
2.02476263850961
2.42801213753605
1.49043735728235
2.4972706764689
1.41618817707281
2.42562402473329
2.23444529922413
2.4676664673037
2.14226671647577
2.07138270916711
2.44509922482641
2.09061514895741
1.33803059235648
1.93916353174124
2.0457121713918
1.62017305537635
1.64771474784394
2.10843533315066
2.04245944302808
2.05187923121264
2.44963385522163
1.64436942875827
2.41696993964694
2.06507989822908
1.57525525395521
1.78365074182
1.62728226757136
1.71254272161467
1.76225642436005
1.04377129162713
1.87127112569832
1.42551870752696
1.39430014119875
1.43886657781711
2.04997518859608
2.11260321860063
1.82326391746198
1.10069659214244
1.1319881100259
2.10692003954703
1.59177615431656
1.69885507026642
1.91615567116268
1.72590518813952
2.36273054359039
1.59885307747444
2.368841697535
2.18070414746754
2.43638684225961
2.29178892744775
2.40067322378971
1.83867758452247
2.21780021221579
1.82266534557709
2.01074212516472
2.19422202354879
1.7423349984992
2.06129411602169
1.74968799857191
1.87477859877523
2.38011255627308
2.33885287076762
2.03004275317359
1.72564188369275
2.37676037634526
2.36565735655823
1.96004733082033
2.09835997873782
1.95203002333956
2.19987590283317
2.44168683224587
1.31441006913236
2.19619265761038
1.7770491647307
2.27938189298226
1.88526206929072
1.58971253477447
2.28890095306243
1.92211919399764
2.34983395625852
1.50405510065523
2.08760134681249
2.17026646014853
1.27027710248312
2.33694070605265
2.38304646609168
2.09630087868588
2.25026531542095
2.32236318483836
1.95412221740781
1.73154056727626
2.26663381955647
1.30052128544928
1.90677491358431
2.0753109350067
2.10773453656067
2.31163145053545
2.28739409736541
2.23310366871314
2.19774475469529
1.40717182496932
2.20631027188048
2.0663728813629
2.37319949435098
1.82919884986027
1.54246361250793
1.72886529056105
1.66821136615939
2.22698462807295
2.16206390087853
2.32998243733874
2.12749503252051
2.04932118162683
2.28938415257726
1.53164289854231
1.9383815534586
1.99852039834788
1.49681641411082
1.43750673577424
1.72468458224966
1.66626931926044
2.48260125978599
2.4793990996472
1.386070527196
1.4470469364688
2.46062776345042
1.89089362338179
1.89694101301598
1.15517466164102
1.88544864827138
2.15162338410185
2.18869038634241
1.65338378600818
1.95066271237282
2.08529632666636
2.04899598594342
1.80920138850287
2.30164090824718
2.42642645661893
1.77197383665595
1.34522385352482
1.890801144585
2.495622753373
2.46698828173415
2.25923071309219
2.41035301007972
2.45183342148655
2.05188250440402
1.54321161663289
2.36920173496566
2.39325439718523
1.64229037114126
2.27242850946374
2.46951484327709
2.42453251377745
1.20898780228735
1.24742808871285
1.60814224438908
2.37692696427455
2.45131972899122
1.8252133377172
1.69616753553324
2.08554857104253
1.80362569393772
1.91633572791361
2.28224868153968
2.16048814672901
1.75165259628969
1.94318917922419
1.87621126334271
2.26868288945658
2.18953277439337
2.24976422106959
2.17683446609529
1.2628886957242
2.36937179628028
2.02236344474404
2.25125631572784
2.46240288758421
2.28884926168933
2.31646318782754
2.1901539279995
2.37527355698239
2.10150472780028
2.3763074749939
1.44563074838544
1.04728423983554
1.52858554814466
1.64372856960251
2.34858357272885
1.89353596953014
2.13240195719849
1.68588859990374
2.24130458289352
2.13219440090423
2.00992227588636
1.73972989742216
1.93702906839747
2.12684029396535
1.78770633220205
1.74873265365862
1.89483861553175
2.32069540710061
2.05457547743682
2.44936687382449
2.06692442781444
1.78422971654138
1.78465239479842
1.19209013444858
2.33382518441633
1.56402626195993
1.71194020006267
2.11509347297709
1.39661876939495
1.93311664215294
1.64732114556588
2.09488176171936
1.88234528052299
1.67541970057046
1.42414086809422
2.09261091927375
2.0833679335587
2.23298267988932
2.32568794989461
2.06205627013686
1.97205905811727
2.23524734731809
1.87398142161863
2.36782550886167
1.31933512938186
2.10302162504287
2.45765922637464
2.13123276235935
2.05346783173353
1.49965151201791
2.20920546823634
2.02089672208797
1.58583389856768
2.44824512514673
2.39010046306885
2.39313379788892
1.20701305270152
1.89591657163349
1.89890967028454
1.72516671737089
1.97750559481965
1.97666218657327
2.06506144777848
1.78892980587056
1.18375812305534
1.37457182190395
1.08092191662772
1.89071254341244
2.26808106119153
1.95242937913555
1.77080587931547
2.12303043279859
2.33554435991738
1.28750983362689
1.80466761440638
1.66434423520502
2.15226842026324
2.24539888425202
1.23810828868863
2.16176099512661
1.29187377435489
2.47517449774225
1.31508907495145
1.46851259619942
1.51092963031931
1.50409013227453
2.48467974744525
2.43455500389561
2.10846840314314
1.72593920262025
1.6860281237723
2.49382891212921
2.49915506424496
1.63886663689171
2.33401000209796
2.45811260318759
2.39531528134433
2.46339534039117
1.90135695461712
2.39902954682151
2.48996770997358
2.449941786267
2.33578701725373
2.39022051251911
2.49113331551763
2.49941955803588
2.45155695915851
2.3575820867801
1.4425466628876
1.85663213224575
1.66341411998273
2.42759435218789
1.81186649170306
1.71648107440876
1.25110115519924
2.15386344075374
1.74231649343379
2.35252519728605
2.45701498116483
2.35247826309552
2.45905636195241
1.85065596471419
2.16165521604012
1.77343206027478
1.87949771441767
2.20821359517059
2.3902871322804
1.03967292754322
2.10900340137772
2.273768615305
2.29396900348094
2.13439857280716
2.33416572525285
2.19802779092569
2.39502660064346
1.80339611855148
2.42401222733345
1.90779050765541
2.49131215042609
2.41258273568847
2.25121692850659
1.43600064798526
1.88707220419223
1.8013880227148
1.24462069996838
2.27521282467166
1.99862205801924
2.20060430500086
2.18328186168603
1.9984348059871
2.01277073911673
2.28374562035309
2.11398950840536
2.17763533406803
1.78601525724921
2.20626374680177
2.01997776227109
2.26869187129152
2.37172990656536
1.93535047374014
1.37829805103632
1.79144250957616
1.87797647929703
1.1326330042749
2.32672401051191
1.90664035518832
2.23508626714179
1.5736044118928
1.94553594910548
1.64829201151282
2.22138319404864
1.54391000448476
1.65042668431191
1.39421555154564
2.2708510675155
1.1052874248277
2.34808619846263
1.40525622680593
2.35074543058361
1.97292927291825
2.07224462697865
2.16553546752383
2.00857477489821
1.20823106353421
2.14918113007744
2.48230531572763
2.14206066644708
2.08602404793568
2.0902212712276
1.33536666686604
2.27244714542713
1.92451500984555
2.18740482611511
2.03444733610244
1.85631317350438
2.29255284368935
2.10960014543244
2.1679941740943
1.80097298976852
2.09726592535655
1.42788557265457
1.27647046258699
2.05633869980485
2.11234784995418
1.87559333202204
2.23047728401901
1.71006363543281
2.40989689617878
2.34337785617693
2.38825061859468
1.23074482741251
2.12336850844221
2.37791873176578
1.31117319833227
2.05567725786273
1.83287495081463
2.24170104543119
1.98371617315183
2.37236045766759
2.04557069382144
2.36093905132461
2.38962534017619
1.48007402850239
2.19867874610478
1.939560322499
2.08062392649879
1.98708615264041
1.11884804614342
1.03254356049773
2.07015596657249
2.25852232976771
2.41993815888459
2.38608982809059
2.40369987197898
2.13998664757163
1.6842700270782
1.82865206654708
2.07641708278655
1.77784014846431
2.40717793501562
2.38128289291745
1.8263573055842
2.21070105768998
2.00720595699471
2.02928471616321
2.00100346554453
1.24237170298504
2.28509654930195
1.79211462257636
2.3669354067579
2.11528576740698
2.17422685470202
1.66666519970647
2.15670600507582
2.40128761233123
1.60177505883994
1.96216387496552
2.17448099289368
1.30959881714108
1.87501321203168
1.71856134784406
2.18699862643922
2.33890192266217
2.20591674040557
1.6425301931058
1.95303488182322
2.31865965652858
2.10423601886776
2.01677383725045
1.99627381991544
2.33225190511038
1.79534278885606
2.20689283739304
2.11626193490916
1.39770530309365
2.26344822048413
1.61948239179058
2.4146663527334
2.13414410747574
1.66443233475946
1.36055621286641
1.73546100874352
2.19391906045221
1.84160225300902
1.70758784156057
1.90079755144108
1.46433016583202
2.09344543010611
2.20092113832727
1.71727043078237
1.97473691376217
1.82602615931845
2.20910075314624
1.48336703654113
1.85177855339053
2.14812605105331
1.45545318611182
2.235452520598
2.15692465325456
2.02444813217632
1.64638577003147
2.40786307420222
1.5425525789869
1.68988814339196
2.32324946351423
1.67922085652571
2.47459004455843
1.75272424311603
1.79148464043993
2.35473217055652
2.24807491476133
1.96531088709973
2.13571935163922
2.30506346277207
2.27724117521887
2.48003319984198
2.09997275175616
1.58344560122802
1.21179521459187
1.15745719926012
1.84465878396465
1.66567926367582
1.56666534487243
1.44676172109702
1.1552827530089
2.26019498414669
2.29006496591657
2.43250927380181
2.39153829283998
2.11399121156402
1.60775922802654
2.49314419419537
2.24996456723264
2.46763939589628
2.23981405893726
1.52400427405602
1.52705501449816
2.41651524482028
2.24459944180986
2.30527603093593
2.11656492358519
1.95305755259828
2.14173390742498
2.39160796833403
2.09845115267657
1.89962899709286
2.03180736332791
2.39406455954372
2.28287666614305
1.2638712559624
1.18126524887916
1.34836744426428
1.72539171158383
2.17966249849292
1.69606657503521
2.26112652192481
1.75274429404758
2.08596310661088
2.2473674295603
2.39373684245833
1.89986261730457
2.40265972207207
1.95608049299509
1.89932478272692
2.27890380929123
1.49033264899969
1.5383643855607
2.37703814936582
1.3717161817494
2.12396282329459
2.01117845563741
1.73359789321443
1.58050252576771
1.60917773916101
1.24943909027607
1.83702092907596
2.00197230861131
1.32017988457587
2.12834465616766
1.08416203075133
1.46922456003597
2.26903608445464
2.07344943689223
2.30717355673179
1.48474069774957
2.33650551544027
1.7394837101154
1.44852268001737
1.65699000385077
1.58196946804539
1.7997933476945
2.16782045915601
2.07969251588524
2.14580290557834
2.40516285035909
1.72135447762719
1.99495165087751
2.14847551202222
1.84319889662187
2.21163067007245
1.52680862386118
2.04120206254469
2.18192423119303
1.86665516869526
1.89985270871294
1.3609793202748
1.98439303491815
2.06911025118424
1.51830406157624
2.00957318759279
2.40726658241393
2.14792570179002
1.80947286076316
2.07373255002254
2.14911568101126
2.23457440449223
1.99921915667632
1.99661916751254
1.90283150702466
1.46255963601229
2.39460876160534
1.52636770487711
2.39638367018963
1.27412900529085
1.56742024160491
2.40410454646188
1.67405045513488
2.23410166412292
1.1622075223974
2.07356395330376
1.93947337324993
2.38881216844336
2.39762557548663
1.44889072518882
2.32161677892686
1.98957095782607
1.67021147724267
1.71418492509508
2.24160750253134
2.42158789479341
1.39012032267892
1.57167907689192
2.0802286669742
2.42346349157676
2.45991881256431
2.2769641778989
2.47515391917655
2.19853065045317
2.2818682694003
2.10988476329479
1.69475197183697
2.19696655241393
2.43057540663142
2.23969622632249
