1.75
1.98223463706297
2.30242560497874
1.68226131914696
2.09770235324115
2.06263718822814
2.06633998202488
2.06169088683184
2.11122436700742
1.26865966726414
2.25408702112485
2.33980977867324
2.34194392607607
2.18065539234509
1.04120020825778
1.85822524932126
1.87591558637395
1.80280361823734
2.44575080853387
1.18592051835316
2.21465705869208
1.53882603181417
1.60505864276018
2.10703526022831
1.18061898654791
1.43361667718157
2.18273410978649
1.34008467595754
1.58836026368112
1.8069323660114
2.04140262824554
2.10388652910082
2.15705024504983
2.3395644661747
1.48161347466162
2.22801371727014
2.14548767798622
1.91345723089263
2.09224982695583
2.00720522219247
2.04548210647396
1.58526308928533
1.73036289775392
2.07107195227849
2.42382296756886
2.33440851110208
2.44703817343091
2.36273975481946
2.10419497654707
2.35411848787723
2.47804950367038
2.44256273907716
2.3765965373032
2.23615337185853
1.60698350288112
1.44897061857442
2.09463558520691
1.62057874329348
2.46375749809591
1.73352916466366
1.93008802227522
1.61577336369523
2.29704967803313
2.17130872372082
2.16499096331857
2.01903182409139
1.95201990870557
1.56443661876958
2.28040833754404
2.04482318503971
2.08658128472913
2.17783674653479
2.26754341584086
1.80394896835612
2.32422136461749
1.53312041990627
1.18590929838278
2.04750397249386
2.14100206400587
2.15928061182432
2.36855093749101
1.18725789238639
2.38071543350008
2.1350520147839
2.15790861494876
2.33897761083894
1.84057125962524
1.94889236934083
2.01095755792069
2.20191544802054
2.30444951536454
2.13485809661158
2.06412173453459
1.64145904408227
2.44327658982818
2.46012141657004
1.36239237689973
2.19905600063768
1.66825361599477
2.34417519182549
2.18495011936859
2.15335267724072
1.82164340856838
2.30683246024695
2.33160703465272
1.55379193952331
1.53819117969784
1.96308586416067
1.3665243958777
1.79806674976565
2.37782031916872
2.4146928221655
1.46349208184956
1.45151300941519
1.85094908055107
2.15056540146342
2.14903220913189
1.05469077975957
1.81677635358313
1.51237903648698
1.77675539355044
1.96039828717195
2.31376816833578
2.15697565560357
2.08399336161022
1.69463407764539
2.31829895179361
2.19881897966967
2.26039372051279
2.28883706426337
1.60404986477085
1.41129454985545
1.97182673637578
1.57949280100432
1.92211460920382
1.19473784554874
2.24900340592754
1.95156111000168
1.57152790667091
1.70263335070858
2.03654393250957
1.94834078449902
1.5961461706491
1.55991972000152
2.01340916273452
2.24624666173924
2.3658152292172
2.27906110590861
1.88795112942976
1.70122344872262
1.73081350035716
1.80241979475968
1.76093234558015
2.32252930492302
1.78168053986031
2.44212567784062
2.39805735296922
2.2439646780076
1.24807969916775
2.25752161235825
2.44810432664884
2.14195857445306
1.948602803041
2.31319726403013
1.81251608691508
2.07586626920317
1.93118891419917
1.5416039974399
2.09630509023966
1.6465415808416
2.37272473440984
2.36369144018406
2.25757961035105
1.91275715617972
2.47744806362041
1.6677295709368
2.4039331618105
2.37824103941088
1.96980699288651
2.31332906973662
1.85568771547632
2.24777762775304
1.43155397528542
2.11682609292046
1.88471745519518
2.17326777511812
1.23449924053751
1.35974826312381
1.40082288254984
1.52898541635941
2.07098045881277
2.15478292979278
2.28540321508008
1.85153394271029
1.78845538148747
2.16453026205414
1.97542827227813
2.43505431794752
1.62954279908564
2.34287109846587
2.23897252915036
2.44488187325933
1.98888274397809
1.29320099161686
1.98131272702721
1.94636609137858
2.08437440372414
2.12758891152508
2.11267234870871
2.43666025127129
1.57459592991919
1.76851963750262
2.34020383790973
1.69691295060793
2.21564875070325
2.33177338958036
1.95136537246636
2.12788414874284
2.0745073079021
2.37158462241482
1.848537648889
1.77830304083359
1.64636254676333
1.46222133078637
2.0630067447754
1.91476280886331
2.21902060901651
2.30180785888197
1.78473370822233
1.94828030405312
1.39505295991895
2.17945932486885
2.15409093838576
2.42482696052405
1.95307886232193
2.13299133137974
1.86129492498588
2.39809683026859
1.25908854121558
1.53360544040259
1.73731802673362
2.30757566457245
2.42571048368919
2.21166197650607
1.23334808376363
1.49398169778375
2.47342492125574
2.35081951647101
2.46849391466673
1.89432782316456
2.42989530369144
2.34910865290834
2.44154048274525
2.21750531876938
2.1913536027988
1.41946640132757
1.10699434362972
2.32391598562474
2.13982750492187
2.46448891617441
2.46084663343398
1.61539109045351
2.47014530940475
2.47778301372185
1.41231302297109
1.35140187275162
1.15914448555215
1.6956176419241
2.05503322305566
1.96672017685975
1.98880048918981
2.17366487686124
1.69520117804254
2.1635736065492
1.95407048868513
1.92066466694981
2.40157107728747
1.89769911822341
1.29378292259195
2.39543345393978
1.8976318385239
1.90403298189097
2.3165768126429
2.03966248196049
1.90638729054315
2.04548853846051
2.11511163089564
2.3209270996318
2.03077344189071
2.03088103179679
1.86668042044661
2.14005409914755
2.23291968259366
1.96369882227822
1.91360545355111
1.71423541637001
1.76559710311964
1.62555320207587
2.32878005112256
1.57024540489897
2.45455380932855
2.09688233076697
2.23060151796421
1.70416295866086
2.27553074424122
1.36001610096612
2.3261326151395
1.92248814577248
1.64917234111584
2.41133650206619
2.08832347463016
2.31616676917187
1.99112643162067
1.88878308739532
2.29908313083148
2.16024928816399
2.04572574109379
1.46870577117088
2.23229031644803
2.03087210294539
1.83770988816903
2.31764956773874
2.23632968538213
1.656419269073
1.77632119308324
2.21183434094669
2.05074120493425
2.41482426745995
2.23730243114504
1.58451207287168
2.41623503386617
2.45085653005491
1.75900886707187
1.38469702928561
2.40307170484141
1.75317916902374
2.28315399646215
2.29680288941996
2.31632167260749
1.94929577146256
1.62149958863361
1.10612783184322
1.3576030259362
2.19123486148294
1.70998419229227
2.43967630438023
2.41071371291214
2.05101063105774
2.395421506449
2.24138878529336
2.19946057038471
2.30687033090553
2.11628242744663
2.04619373973683
1.86908655879219
1.72426269913486
1.77886341985487
1.47724848988184
2.10798532343122
1.78507214712129
1.84140883215454
2.35536354383073
2.10499866046164
1.08992025948552
1.49590030020261
1.9485632663612
2.17507689351293
2.21359941052866
2.09919147483319
1.43199061584079
1.95626956112473
1.9364405841911
2.06866818455693
2.26411717269799
2.24451276643261
2.32497830338071
2.42830052883968
1.61878918961805
1.96866540974634
1.57385998577893
1.97600551943689
2.2870124660303
2.23588689633534
1.83072731610731
1.46296216005568
2.24991446543768
1.82599785368279
2.06716273373788
2.11849464523004
1.81995747162932
2.33622552439355
2.15035458282466
1.75734292286881
1.7304711466462
1.94568708621447
1.4386850312584
2.16504222661029
1.63257559660848
2.28461126096654
1.73866657243119
2.22790823033139
2.27930033576062
2.3678793517904
2.48458265628895
1.21231687291536
2.2383165999084
1.56744069492818
1.92921794418524
1.63747265786377
2.36645561859025
2.00185224375807
2.38505757149628
1.70879947720719
2.36034870841095
1.26689883244765
1.27391819004474
2.18062971235778
2.07029909267961
1.67856931406837
1.12862259170058
1.9663164343743
1.63654727699915
2.10444568469558
1.70316529083524
2.17786923342096
2.26021189036273
1.61818088974697
1.36504100760603
2.21541333821972
1.70720691726422
2.33897106319514
1.81144804238166
2.2915116654627
2.3579867691294
2.02697553255627
1.58744868979016
2.0498736921475
2.06714212727355
2.20615721657964
1.17914827712689
1.60439622172896
1.68076048437822
1.8844012330232
1.8670874234342
2.35657463731467
2.13500697178137
1.50295922345253
1.5750720902298
1.16787093905817
1.78327483517969
2.08920601029625
2.1060889535869
1.41623084607126
1.31219845031268
2.49772077231097
2.48374262498006
2.17793435855465
2.16273076559648
1.7810009041847
1.1625605160814
1.24259905732059
2.47670021960974
1.72406349216685
1.99227420745516
2.44850765409784
1.27059861624919
1.04293010291993
1.00860828162713
1.99327506423535
2.43091647803798
2.32519602183803
1.82474497678396
2.23173726651473
2.16307966705112
2.39325395977035
2.46002431375143
1.88784419060446
2.38373030116316
1.8152402138242
2.27600276388672
1.82012279652634
1.75264694180336
2.04253925879013
1.83164594355176
2.29130466495242
2.04649371977494
2.35970069159225
1.97195931119003
2.0550096759617
2.10669767045136
2.08002521919045
2.22868606891168
2.15954504763188
2.12273413873492
1.83207688492117
2.27497931415407
1.63814875088759
2.22457601043181
1.91401012255568
2.26086647470858
1.71722032239249
2.44094170399335
2.3409290046278
2.18283767877242
1.18068675556043
1.90228929812278
2.28365828502831
2.3963821905907
1.88821977020257
2.02196504032029
2.29379814309789
2.459523596333
2.16658588337996
2.24461714213662
1.7292658413066
1.11345064379302
1.77555194138212
1.32562786796358
2.28915218441271
2.32315807658961
1.86565896079988
1.92876646833334
2.19249887551808
1.49268673768289
1.54365353154956
2.08266568053972
2.29396420071725
1.79871404970118
1.59191977039447
1.83369491550029
2.05221262409461
2.42264205323493
2.11141965343422
2.33607955839072
2.22618588608817
2.01434210753456
1.80374488025534
1.88055874205482
1.78816202705837
1.90029250853162
2.26722696333064
1.41353224216915
1.52170853353927
1.82656011148445
2.22974131034351
2.35597205472608
2.09431032056501
1.52746479547367
2.27689678680239
2.17335286373377
2.15910054565078
2.02293131181499
1.71535986791316
2.1017429480349
1.98269368894782
2.09524017664879
1.83745968140458
1.40714352258117
2.00560255852051
1.78883681445324
1.89545248349782
1.36147672950262
1.44176036343802
2.32555782290804
2.39776367570763
2.46578261139571
1.59935493894644
1.17550047509312
1.1464743950568
2.45279729750105
2.4004926591142
2.35420562279209
1.90156440378099
2.27055565733386
1.85610085970053
1.42425330671624
2.48557131458748
1.22444706012573
2.18266590516494
2.21004575933354
2.18147092953686
1.61378038133308
2.18725172536348
1.83098912240994
2.08127189104535
2.29266968948939
2.22637989742716
2.13916816174036
1.41429575360531
1.85891567347418
1.39286547394205
2.12288712633128
2.28117945321612
2.33922517105871
2.05978852870704
2.44718646687675
1.99470473289392
2.33270757376593
2.37118243966421
1.64181565248568
1.2599773877142
2.14220734478173
2.39183661224156
1.17535280238019
2.39919535275104
2.41287911695188
2.36975637437844
2.31967402370715
2.3620550631596
1.28489671760208
1.3225735503422
2.47347857876056
1.93848609109856
1.81258831513943
2.23744342772465
2.1706397093255
2.23728940633166
2.20844888944481
2.01134336168192
2.20995854477795
1.63519326966877
2.36851499942791
2.24645328650404
2.26115640945806
2.25069750891013
2.45419808530899
2.46935013586656
2.38623412902126
2.39801478891442
2.35342280470206
2.32993084726374
1.70853999672087
2.46846072088027
2.36283118989444
1.98219918409887
1.81022722481167
2.32142498733575
2.18195317778186
1.96796725833184
2.34968442013571
1.84816043326283
2.21277397483875
2.32531865530253
2.28333677845804
2.15822606172212
2.26705332677912
1.88550696422021
1.40892628140693
1.71389515982736
2.02806543634948
1.83575622474266
2.02134953973068
1.88373452705089
1.44309284185981
2.37417243188872
1.6900826946606
2.18802240602932
2.24008620438276
2.1095936875117
2.42204643882548
2.32385396615456
1.65790565984779
1.10480176570448
2.47908138477899
2.31162307106963
2.39630244460336
2.02366280299234
1.47900085792034
1.8850246410967
1.87181446972786
1.83641194625128
1.42974656171347
1.82979283975151
2.22363725162659
1.76534990936788
1.91671179809861
2.13532518586649
1.81700111684917
2.27073362499482
2.37555753791674
2.45094338628905
2.49898022300982
1.39068193406363
2.21508143255868
1.45495653877992
2.09334936816302
2.2702719329057
2.2871096466031
1.83833707634764
1.96489513848462
2.34904957199873
1.78177507872557
1.86269493178111
1.20218894674352
2.39739468267459
2.41564483207321
1.17547913592157
1.58260168498095
2.45917058845116
2.08094221366423
1.42092505566902
1.14520302192188
1.88488582763453
2.48621379560423
1.16310115849252
1.85806851502224
1.11574170509154
2.48405463489958
2.49120314956467
2.30525680591089
1.43789504673099
2.33044732436092
2.00627320098615
1.73081933458897
1.85294578031689
2.19858391853451
2.12420302080213
1.90634777440155
1.53292851547118
1.9676131907098
1.57976123332372
2.2877762290022
1.3948546786774
1.90506827682754
1.77597916168027
2.0441199368016
1.70253222722086
2.12724400917411
1.67416759341648
1.84270915519794
2.17569378451416
1.74098752075598
1.97891324945663
2.24222522356446
2.31689423622444
2.25318826243248
2.18389070739427
1.09786417659841
1.69948985034213
2.4534599626448
2.1760861608373
2.10074302604225
1.58258314484977
1.80478848747194
1.83822798954234
2.29510496922108
2.43488173974075
1.90467729074061
1.170185075197
2.48892571178792
1.73770084704153
1.52380100802146
1.747525103609
2.07891420172565
2.25387334017457
1.77018648338779
1.5575790759995
1.40616269081603
2.02700801594026
1.58192364082636
2.22844568854355
1.00823584813609
1.31605790281274
2.46196565806187
2.36114746801908
1.98945613591395
2.16405785728586
2.36673303436883
2.13710242687917
2.47623427905926
1.93234986955783
2.33713986332614
2.11621794200427
2.25178731436599
1.40266066467512
2.20064540110782
1.57000531558686
2.26395066728572
1.86725674392979
2.12771502458576
1.33688845574291
1.58363581807321
1.89707660293975
1.80813373562373
1.41158024829435
1.95747910071184
1.7099680504187
1.93019212885021
1.42993884596101
2.41324255422419
2.25551924993024
1.74583260283037
1.75723134729834
2.18316342378361
2.38984887659505
2.19638608474816
1.84407722096933
2.18260174135336
2.43941850329675
1.98642705261485
2.01510966326916
2.45056262268828
1.20472110366989
2.00020223328798
2.02348843068904
1.95588833409928
1.56024955384581
2.12620884384471
1.6871734024649
1.93476880952115
2.19112227455285
1.88437593829336
2.0993304974986
1.18202098252595
1.59828248954132
1.83687567031128
2.43724748008573
1.83307420052395
2.05481592064996
1.60297726202672
1.76287681259002
1.90531471885937
1.62178999066195
1.67812009467419
2.0414381524418
1.69089504859146
1.44646423535257
2.46635240626996
2.37315865068209
2.33310147298722
2.31031480967682
1.85264395352907
1.96977412847466
2.07398942707335
2.19751180633628
1.31220916770289
2.11654057783218
2.47752848408885
2.28099803530716
2.31869217908976
1.61842823934287
2.21752642494824
1.67354672714581
2.01441747882365
1.45559286488841
1.93147119496554
2.29180639332345
2.29020318293249
1.89277892696548
2.14364388570068
2.45182628606041
1.9097349520727
2.23086084157489
1.87202813202492
2.07825418237111
1.56157939450852
2.23044419089114
2.30696663645092
2.31517934968694
1.41747320074853
1.93606780321283
2.24287282107383
1.32650069429618
1.7963373128191
2.25209583913392
1.61137352986546
2.07406289434463
1.44112703038529
1.92465883113042
2.20465177186466
1.74250863349014
1.91283147026269
2.01634907907102
1.70141345292943
1.4367631736178
2.39239879316451
2.39517304030792
2.29232723454769
1.89809627710564
2.14055040577032
2.16585057784489
1.61291135269934
2.18113370066168
2.4628429650712
2.31035190359957
1.97053563895569
1.56015525811763
1.82951887372278
2.06331903143132
1.88167844117112
1.7227614306052
1.99297747422032
2.2655709282064
1.75270850207195
2.40257493579534
2.01418624823385
2.33359348695458
1.91349459983034
1.67936544861911
2.19695458231928
2.3815191339128
1.93018945545051
1.42394734318209
2.08600446350464
1.91830682757581
1.84646230334676
1.96288680894455
2.26240903777868
2.12381469443814
1.74890582493264
2.40193880692397
2.4146647664189
2.15259901645564
2.38482256958785
1.71758877575831
2.35665289078446
2.1294321708607
1.39527548496219
2.07167908520715
1.11855274819339
1.03873118184502
1.07632393248909
2.09076642009584
1.60480433958523
1.70354161416929
2.13332735322964
1.47571231949544
2.2296288201101
2.40258832085169
2.2998396513172
1.94949881020443
1.56478848944422
1.67682691626703
1.81764788229447
1.93216954728032
1.36883416092484
2.136477806386
2.06923694696086
2.02079057319002
1.73853678351195
2.4133074332366
1.4528615777618
2.18523030005695
2.31681191552273
2.4573459786752
2.43836955404592
1.86350240852842
2.1076817288234
2.33436512807545
2.41302959752567
1.70941633938205
2.33007345746346
1.04463512728902
1.16442214670604
2.44675391253143
2.28199073733369
2.48674822496842
1.53917550865289
2.2505376487571
2.40575936247911
2.09080456924867
2.22918470801141
1.60740597323837
2.13801878839066
1.48209418254578
1.72209759836474
2.24642904447685
2.4197852048855
2.48033366756379
1.39202832128113
2.02403908320547
2.19116452647925
1.90262809824244
1.96860882781977
1.82008862758419
2.20835840539707
1.75417996893353
2.21790995267945
1.31258727031962
2.26126447079495
2.34983275851865
2.07453195437556
2.18160472976917
1.79045002667344
1.83583467769362
1.39999107710202
1.4287209951121
2.41244185257583
1.6939073830811
2.31453603342405
2.09058158482902
2.15466330161294
1.90101896443841
1.94222388104532
1.75767120510783
2.42481722072414
2.02208830595826
2.41833729899981
1.59587476984629
1.61484982155082
2.3291285565223
2.0763202013473
1.71665334667567
2.39900986382216
1.10630273342346
2.10151534589841
2.10369874036577
2.48533095388193
1.09593326084684
2.31701534181201
2.32049977476115
1.8908191794834
1.80093521483924
2.32694569344262
1.58513520195997
2.14256517995617
2.17595965031701
1.64938489193543
2.34178099074438
2.37261199235739
1.26269655532
1.39429941142931
2.21794696166181
1.55955687472287
1.88791476073818
1.80622537546912
1.51776129191757
2.04170131098431
2.06724894228202
1.41130753021012
2.29518747210455
1.70935462367515
2.01926984268219
2.44058349544864
1.24601065120726
1.28756200223403
2.38002408855511
2.00957667307676
2.29674542011204
2.45994371276738
1.82538659960714
1.93544667776153
2.35910769750937
1.67803508778676
1.11563843174494
2.2887310008795
1.59461388255448
1.75863882148013
1.30006037659897
2.05483902178367
1.31872966282547
2.33184934248348
1.28394084670748
1.21219621508771
2.35871475209885
2.42567674475492
1.73668765272199
2.13096880235032
2.4652581122764
1.7593974179095
2.34550455893888
2.32651985189552
2.06321953127583
1.91987259291896
2.35151259907973
1.6314912696007
1.92581803543298
1.82259831935175
2.1265895613786
1.79781903743931
2.42301106038774
2.02310046670306
2.2986419543463
1.40169185678813
1.7296992524646
1.44891559506015
1.79586542482598
2.40747650555137
1.73636292747649
1.92878261373926
1.72555044059757
1.61340902548314
1.79808242871625
2.15260154220487
1.57604707467669
2.01687283283678
1.22969269107022
1.14230036629687
1.15437548910246
1.73096999752061
2.15836416328878
2.25017329729154
1.83542856859052
2.32549986970606
1.72700143239275
1.7116513402388
2.14716676217268
1.35985800927804
2.30202269286733
2.42032723927997
1.55660248898805
2.00985476962984
2.32071432459845
2.38169198537832
2.29188035624151
2.09067824589398
2.3340007319147
2.35973671367953
1.38757487476593
1.19212869472744
2.40726915429277
1.07151948314425
2.30255444995191
2.18588181467012
2.1546805975199
1.81073277856397
2.20223305707146
1.98342493142311
2.33078281152492
1.58786129865204
2.33857448164828
1.78737948912491
2.33022502815931
2.1284753638733
2.10705327993055
1.41401730713621
1.91096707353793
1.89891433595465
2.28379435000807
1.72522361913766
2.24975697506954
1.98311280684001
2.40384566181382
2.20777979224566
2.43456868994867
1.9681005396189
2.22602882908877
2.17631663781659
1.87260347027841
1.83524154467557
2.16933314017109
2.08457155617255
2.08238155480973
1.98559575461496
1.99956187846598
1.51599009591476
2.2876540008475
1.70989740293715
1.62275354550265
1.35165857840796
2.11742968713956
1.37710557671182
2.38598792350217
2.4681506476854
2.34420533659974
2.06206211966062
1.63595521389469
1.48440505691595
1.92864365408627
2.13773310197898
1.9678648523129
1.41453014063821
1.31060263598107
1.95618593180107
2.00080237599058
1.87043379161109
2.09882348046225
2.11957487505994
2.08099094594594
1.9419720668226
2.09134705068789
2.29669390727226
1.81034278795488
1.93176660930004
1.86792446550457
2.41912166016229
2.17410204741103
1.58864460298096
1.42396066787387
2.17961799045288
2.0820937191495
2.31133332391762
2.49180918513348
1.80491053663972
1.8254037361979
1.9848915030414
2.28862187114772
1.9689824900284
2.10976016712704
1.94733406295838
2.27739590847575
2.34956151552343
2.39676960720509
2.19768451585922
2.20131107672841
2.18646278412533
2.44661340704585
1.8965940498853
2.25238365800236
1.94025727559575
2.37214457683442
1.99772332056192
1.13726774531187
1.36652968160112
2.49211874749467
2.13015955593727
2.23103699283512
2.46776400931764
1.32545016124736
2.28062450129254
2.29117202156095
2.24359025156056
1.25098331024159
2.25057256399542
2.38623641779891
2.25770934749861
2.16499688790195
1.95825983630915
1.53780026307569
1.84658336048486
2.44460056819961
2.02209238266277
1.82621104278677
1.97480630157464
2.09420617096475
2.36788751564847
2.2027600187645
2.09584060649958
1.91041975616271
1.72608090408923
1.66823205073053
2.24216326873864
2.08893906832991
2.12473067649919
1.55377457075195
2.25183279828855
2.45251968848387
1.62831534330568
2.12001443079776
1.92624633000276
1.63314062798846
1.66045507434587
2.28107296139029
1.77301543130252
2.25881697789724
2.31102280696925
2.15327329111297
2.13976296374497
1.96415584179619
1.88555374343288
1.45803445502824
2.39978888968917
2.1000776848759
2.4276390282908
1.50774222481929
2.34994234368718
1.45659936866374
2.11289192410133
2.19532028718045
2.20411636290153
1.24809137239056
2.05154451007852
2.42501948442434
1.9372197051976
1.44458781202662
1.8119828736841
1.70529308595619
1.85676708596518
1.05951070813371
1.6614807748791
2.10731634366031
2.28552784751634
2.27237569920082
2.22547109491151
2.06179273390128
1.9648965261128
2.09313427546445
1.40809948610378
2.09858569049413
1.40100227066609
2.30633134591834
2.39808730538793
2.25779844222586
2.31461401584762
2.00142886588272
1.53322682560088
1.39181455080537
2.00977711641643
2.15112212592941
1.90787992590405
2.27100227552554
1.55926624993628
1.32372021451175
1.52078369401428
2.0826469188867
1.90885648162874
2.36836644246259
1.59643037260149
1.57468109407406
2.01417453387671
2.11929907605846
1.67944913975507
2.32980746631413
2.32405886685416
2.41153641890932
2.05502540453164
2.00729036205804
1.82185793032388
1.32335846450361
2.21020002751474
1.58499683156054
2.13544757016964
2.33647696093657
1.57959574631945
2.44765755098361
1.70579675294733
1.27277021939274
2.08623250851939
1.30397428606809
2.26776492659725
2.13470290129379
2.32952783716015
1.39639710854411
1.14102796679453
1.98945556224207
1.32243309039758
2.44696917067014
2.31840091887264
1.6753471741174
1.37820135498975
2.03041821863531
2.22287281702752
2.43350556408876
2.35819771508945
1.94266860729445
2.15579597834086
1.90046236038038
2.42476423384301
1.46121016119434
2.1199912825654
2.06529299290789
1.94544902879697
2.23917747122299
2.08944439295866
2.32886433699322
2.42966907865701
2.13960164194368
2.40109667310237
2.26638752218487
1.2933452769602
2.33347478646831
2.44444651547772
2.15100885336772
1.10234764614649
2.08893362711044
2.00575657868674
1.44105170654693
2.10971517163245
2.43095207423314
1.5994912233925
2.1262525013043
2.42758102862065
2.48982625389833
2.4852469728151
1.54903739509065
1.65095985005289
2.07686116885973
1.15467643111436
1.49759920861171
1.64303437830756
2.18603469571997
1.91474541305713
1.94057237302803
2.39938396999163
2.18327491757939
1.69325282187859
1.77018602014449
1.75030541903359
1.92141641994921
2.12671053556879
1.45264913067371
1.53391610016168
1.95053001766225
2.0670900800853
2.0522346226082
2.17185930712519
1.22246909854333
1.84837113261312
2.14487125188711
2.34140259709697
2.29640582895784
1.88016584334371
1.42349602238065
1.1875797590263
1.27693447336134
2.12311168647963
2.48496637460849
1.70130024642938
1.11798934447152
1.73444107479443
2.45249954590484
2.44677329464417
1.67310366822867
1.43740614461584
1.40215617008619
1.78629774280273
1.99640253756984
2.39712973762333
2.16440717787982
2.29681968132725
1.78552594132687
2.35203397924381
2.27167695839991
2.3585463011748
2.17340899951113
2.23055199974906
2.35517185975251
1.95389836091019
2.00691835423735
1.82673493167025
1.54773221776605
1.68812879351984
2.07692156504362
2.1475449333207
1.85877070274145
2.10280592026059
2.47366113194507
2.36236902077101
2.2910243153121
1.61845524900062
1.17001529623637
1.58978527360061
2.14419376610065
2.42240287714499
2.27079156604667
1.34321754694741
1.64318587729262
2.41732525855074
1.4360591904491
2.09048369260079
1.41992308640289
1.72499691259336
1.309584204719
2.2117870903783
2.25116353102463
2.36828018462738
1.31995054752343
2.16435688244796
2.28958055938489
2.31362224949487
1.68235129090297
2.21966886972632
1.77641596149765
1.89555944017066
2.32656022596106
2.02459842424051
2.32586011683538
1.99832596293955
2.49164555579058
2.49179973154872
2.45340953630318
1.98871158105248
1.98776047182828
2.18919804818375
1.98432047120756
1.86495373377197
2.07627072184189
2.29811188551716
2.21463650994101
2.02603782522994
1.46467950180283
2.33190711607494
2.41896645603275
2.25222924527568
2.41797198837464
1.51425264918943
2.00158342798457
1.81787230487584
1.98228292745766
2.46677998102308
2.40888504097664
2.45372084747599
2.21239419480651
2.39636452070712
1.76196200617711
2.13160491881263
1.93306487996344
2.14241973707717
1.71515120605902
2.28470638853905
2.38163236538716
2.16435965080564
2.4619139791549
2.20962639853068
1.89617608353649
2.44228427470061
2.42738653290701
2.14138199156132
2.45090187427471
1.96395569140373
2.25983366196736
1.96946544448427
1.80835947755961
2.02492868108293
2.04362361628908
2.45051676655541
1.91326825618354
1.96065472698967
1.66194901972523
1.75895156912052
1.68541434675373
1.98473260444354
1.36827117154767
1.59392490109779
2.27670169842121
1.44324636653737
1.92996986621247
2.14377128983457
1.90916275311977
1.642634961622
2.42374495999197
1.64425915938141
1.6417318583843
1.77114910825907
1.98345171454631
2.18800230410028
1.98873581910491
2.0292388562587
2.38929478302168
2.23043560545288
2.24922509792631
2.35523060710979
2.31721068762537
2.32989805254243
2.24125921585741
1.9747383873017
1.41969416604444
2.1875896573659
1.60697919542147
2.3953962828425
2.06934790484135
2.13223435689284
2.01631182404687
1.79463056126497
2.31834175777291
2.43975518881943
2.08622084084339
1.17946841000803
2.13318754567773
2.4481430259616
2.19296468234891
2.31266937621086
2.31833246439413
2.30035029382679
2.17405123814776
2.35472872262202
2.36759492414456
1.64485627085261
2.23335265034359
2.42346410519043
2.20826091588659
2.43211779506819
2.24285314429379
2.33534841188434
2.4639599785255
2.48169775218299
2.43734019455048
1.37677761916321
2.40099092156835
1.51109889590635
2.10036744873714
2.4483800304618
2.47078287660891
2.21141347276883
1.29252221550247
2.11393543961567
1.51694462430085
1.62793196748572
1.4798170080554
2.3367177345214
2.35098678192441
2.28203536387438
1.06789027711324
2.00804893489515
1.87779147325895
2.22506570845827
2.06594413702109
1.89894838926255
2.21181184668058
1.85590375163773
1.93059507164508
1.97408964695985
1.98386922177921
2.15275192837911
1.55374484328898
2.09310710127895
1.99766503731586
2.13508480433713
2.2330760599163
2.36756480235699
2.01483385234521
1.85458101088357
2.34125926613407
2.19338011243857
1.96794326807624
1.82255497900345
2.42418068744547
1.60186702914118
1.87011023250071
2.28421346588681
1.15637865413673
2.35965643803223
2.33407837524438
1.84699638352362
2.41670865937458
2.18537109516278
1.56943365355723
1.37188250559657
1.9858722937034
1.98372674787223
1.15270368160454
1.36172290638685
1.92188821264927
1.80287326444651
2.19154932594272
1.43582810619955
1.5597461861356
1.97773377010875
1.46928255777395
2.19704844915572
2.47681231259778
1.74556035598901
2.21108430891755
1.70737453448812
1.96691599546682
2.17775142690113
1.84289191751831
2.09030154700337
2.36023035582917
2.07648231347655
2.19371919012609
1.40442168564056
1.91331412047764
1.83707308536262
1.89825564147872
2.1589701923239
1.8343614975029
1.64297427269395
2.29046209371477
2.25151664657247
2.31190685982131
2.4187482950822
2.0982480605148
1.39123519412943
2.25777067913648
2.2816040718286
2.36714212929134
2.1983900975784
1.92389562962814
2.05614958307463
1.15605148603571
1.39307616072438
1.60322176097615
2.17392440760719
1.80783096249837
1.78349311036916
1.37643660221194
2.1531297329373
2.21554781353727
2.07892579619216
2.31411628118952
1.26399344457792
1.78410411275384
1.36257751236182
2.29436120677465
2.37139151999198
1.85255546780628
2.45701551377088
1.58221108022177
1.23384790277448
2.22009220743407
2.30079267998609
2.08402355708623
1.54510159781601
1.57017289079728
2.21473764931116
1.78086183780939
2.29018138187784
1.47242091029959
2.18628239784049
1.74708004440792
2.12292624196197
2.32451582742617
2.24919348925192
1.69878753055764
1.26108612297644
1.91297970851745
1.33202648787174
2.45731797965363
1.71770719339894
1.67327641399634
1.94357438628943
1.59234558677573
2.44978326299794
1.01759582190119
1.86652806263476
2.31673504103901
2.36584686487521
2.19934544259921
2.35497156631306
2.29669849165644
2.05895393238287
1.00517837553605
2.2980619621693
2.47727840910825
2.14013455412649
1.55147866108458
1.7153960364444
1.02030879183504
1.36129062423915
2.3238877500215
1.56046276354061
2.03920886573299
2.48395880100802
2.09074364115653
1.64902646254799
1.92048367891111
1.83511592665987
1.86322591552193
1.28776048287542
2.15863446027099
2.14771916504947
2.47833819522603
2.06175298380595
1.73897806933307
1.80283501718137
1.81705060154002
1.77373401275976
2.49803546514715
1.96566135926834
1.81962647032452
2.28223041174237
1.60184474146823
2.48347655645835
2.18552390320774
2.03127084626547
1.39292658836892
2.38462205954766
2.22498558126087
1.86408718461766
2.43902740302213
2.41456433789512
2.04866107658307
2.37997117231689
1.89032367669671
2.33606377063838
2.39514440566218
2.32253666888888
2.42152743952339
2.44903131153833
2.3389338093325
2.01990551440539
1.7699827477155
2.13884023348543
1.99770694017466
2.37150751851208
2.36948125778939
1.37340429747465
2.37947357708136
2.28660481503853
1.79402411552311
1.89510077435298
2.38811171398633
2.22854829673285
1.77372176166239
2.28652089110417
1.6555029608154
2.00286034200978
2.36599548466637
2.16899018880273
2.37351236385034
1.8311829480086
2.01582023231543
2.07922383304098
1.63677244642374
2.02541138295612
2.34466698912337
2.42974769936392
1.71396953830327
2.33783084051085
2.20485465607202
1.86530921491929
2.36236606975885
2.30117840239855
1.75978548319315
1.98211372083786
2.29036491589837
2.17688293359426
2.18095460628332
1.72193897638784
2.28789265419382
1.9324353122634
1.48274453128251
2.29693014207828
2.36255709417147
2.13547174588122
2.4304508650058
1.78604301484663
1.95005483755483
2.27531932293708
1.76155238511204
2.04179230194974
2.34911582159416
2.29158542288671
2.25407018402197
2.25275313778756
2.13861095148925
2.38028376619873
2.10770120316438
1.52889863313664
2.18364396866658
2.42793531440014
1.56865431331606
1.16600527378864
2.33924160094263
1.19446592040219
2.12372430286257
1.78045369417675
1.44667330351898
2.29664542046976
1.22348587971192
2.31239130983678
2.25700537651681
1.37308724033497
2.30176386359328
2.00171356146362
2.12926883561011
1.97987977586015
2.27208061018138
2.37486020682229
2.18115602318594
1.24345724937747
2.39362646420629
2.37923194518422
2.16231974304232
2.19527345620614
1.77281628697455
1.85494100774683
1.94279262228995
2.0726174733694
1.77014899807813
2.35870625543845
2.39930507783235
2.05488766845625
2.30579019806299
1.98327450580253
1.61126415656293
1.9016519036798
1.42524712259713
1.29451802749534
2.28700308923775
2.30174712940693
1.73597927760986
2.13890455812847
1.56506131703989
1.70332401964568
2.35532973731254
2.29591290363773
1.4846762320573
1.60895598454271
2.33112177529324
1.80245933852707
1.9223383625583
2.42670074337535
2.0129191873309
1.97191801527644
2.40042622991714
2.14279761828953
1.70329657838148
1.79169874489113
1.876548391579
2.12661124405479
2.11548591063936
2.48613796217189
1.24263586676957
1.84069037084959
1.27204634171797
2.09282314929888
2.02199392653411
1.57178481571409
2.25882719562714
2.1926984920093
2.15204620302304
2.00082163300788
2.24796858252399
1.83452765807948
2.16933973142723
2.37153833901069
1.8753876318105
2.01670845997149
2.12913528016819
1.53904321397885
2.03390685006861
2.29191572453157
1.82763373022372
1.87094633209717
1.488748060136
2.06743497538356
1.15173343494057
1.40967939435973
2.37251025906466
1.70266939072048
1.4668582059339
1.92909870613405
2.34731972231408
2.09759109957952
2.0989459281646
2.19778430996488
1.83224776312029
1.45311287051067
1.78043551102863
1.7290129705625
1.88293371786251
2.46319633827941
2.3860958584894
2.23284511316134
2.3086361385391
2.15810530732345
2.45573602189161
1.67773307155391
1.58229756550319
1.56923333243688
2.03352112488676
2.3202052362544
2.45624427278903
1.50680538326128
2.48847711631995
2.27649475024189
2.2079077607962
2.46648300591399
1.68596665162538
1.84657926823636
2.41129921347616
1.82120011398433
2.44954265057101
2.04771932029451
2.31121945267152
2.43897667624804
2.01784195228153
1.86485503221112
2.45886017169682
2.37608479653634
2.11058926967315
2.1918479780265
1.81875662269482
1.56794628041419
2.35724342766271
2.13869237584928
1.56228316087034
2.07461835423629
2.15010213198964
2.16162382516019
2.38083120524478
1.57535458704757
2.17674544770896
1.32970511677371
2.44141576126827
2.0363510719478
2.41171488306791
2.20375926595131
2.41466260719685
2.24304821158463
1.91864691205694
1.79187151517976
2.44107669889134
2.34773913650107
2.35529523718585
1.99359949041075
1.92969136447053
1.10168143789607
2.11258439419633
1.58845630356485
2.1164858054756
1.88645426419446
2.09060546099731
1.76860628218384
2.1362123764207
1.66112403629163
2.41521789375282
1.71784219010291
1.83790419872169
2.05706191593275
1.86363950762856
2.43863816005775
1.83483260906769
1.99459057230028
1.69137819943411
2.36660345375135
2.43910399420883
2.41495077878583
1.32909226407924
1.83333654732684
2.17669597507477
2.39808351578076
2.10195160173995
2.27047553133094
2.21947385956954
1.89451000110955
2.37604060182614
1.77325230650823
2.43414220263127
2.14002515278187
1.56849070043318
1.97518254419129
1.55778867868632
2.02485090816711
1.76155354945556
2.01473085081538
1.94671469054267
1.82156843265856
2.31204612859862
1.59350151989172
2.21980976987033
1.9593267809758
2.13355967044526
2.13360125458578
1.87962642838811
1.6530201079724
2.11954667132237
1.9029882790911
2.31075490167639
2.15205763350454
1.99714931556511
2.33690290607962
2.01127157871057
1.36829227332717
2.35634830997152
2.176814503332
1.85347911489667
2.2076905434894
2.12420441862718
2.01144013895353
1.75965589279584
1.90042644782786
1.3650993443129
1.9345502529276
1.54624497359555
2.23089302783082
1.66764994862551
1.99763491451404
1.11706581194067
1.93379089508416
1.76829513515107
1.87394245456443
1.8453673628664
1.38796686646211
2.41528113293698
1.57617223622974
2.15408538963454
2.43703157092619
2.13852870855744
2.3963737856072
2.35080758034277
1.82301058210898
2.30053536245162
1.32056327472687
1.68191712384628
