3.57893010144698
3.96538598973716
3.00424381182613
2.72092840204975
3.3006919328033
3.14893887518628
2.52039759446402
2.87024723871034
3.12773673896242
3.29695221558174
3.11775725849626
3.17635918224883
3.2960121016694
3.26415339156294
3.43176844831425
3.45471624943988
2.7226586826966
3.16159458936194
3.11304917431438
2.38310653503335
3.21223993030774
2.61331559381845
2.77496239164153
3.37663711356375
3.31607185891274
3.26693006540093
3.34609036222476
2.78107349183787
2.91346881473813
3.465473780226
3.73499742704285
3.01083081397069
2.94795879406371
3.11758467658871
3.21223794400737
4.14592792198107
3.90834078669593
3.53641537960664
3.93948412884072
3.13514018815056
2.80233328754128
2.12003631062851
3.09494189370469
2.71134804619521
3.68117357661993
3.31246025481118
3.10348505686921
3.44594774215521
3.51314879681023
2.68001454469787
2.71587754283627
2.31634787573075
2.57693930088603
2.73245856567472
3.45691276091337
2.53009948834849
2.71795623477683
3.29669377679901
3.3073761435874
3.30665642426362
3.56723456001441
2.84174073730196
2.78926959199699
2.94378701320076
3.54904647452915
3.10422058638343
3.56180440915906
3.0480164404022
3.1314695926435
3.31860103785332
2.41072779204443
3.18363389596959
3.27171582141355
3.32719380435081
2.71314111378523
2.64187757574199
2.74562512287073
3.5583068144771
2.55383605429622
2.68215061851706
2.69767657096426
2.5144571988467
3.55965367517227
2.65437370382646
3.05691245400929
2.77324806635851
2.62143219558173
3.58574842756089
3.88948691230341
3.96512204468324
2.80593003035961
3.98587196442736
2.8507025897755
2.85224101842207
3.25387294507412
3.58235189341887
3.57828517115189
2.65987562617733
2.41846974470167
2.7362335617326
2.7003468349248
2.46478934801782
2.08803167558288
4.0732550978755
3.99443498939089
4.06056323448009
4.04916249189502
2.76091277183343
2.82679564541361
2.69780959364182
2.93649004407912
3.30037939002731
3.04210201906845
2.85013640136331
2.39067310070902
2.96487749744917
2.85728396427509
3.24645242652547
3.15015711477731
3.05105075475452
