8.02333568136221
4.314828842478
4.41770924896178
5.96131746315385
5.51648254089855
5.22987474306106
5.49763935377897
6.20677746359335
4.54490079816507
3.95139877583908
4.21413894735353
5.0866237649888
5.57484581174405
5.76982679676341
5.90521964516567
5.28872082354658
4.35180051410728
4.09686623780745
4.63180103746
5.17664612011613
4.72907616773677
4.30384640623876
4.45218431732811
5.20020388032749
5.34751407721519
5.64277131029844
4.64207482341778
6.02321265548569
6.33288665384389
5.96393100719934
4.67300048832849
6.49857834762961
5.66007276474566
6.39321478865177
4.95158985661498
6.33564181192002
4.67854748837805
4.96769366305476
4.99171700099099
5.01301643814507
5.11693101341341
6.56029156094853
6.30734391661797
6.02334075944934
6.02369991665922
5.74789575742774
6.40834235748493
6.08920847647109
6.28751140993532
5.38814515852407
4.954833903341
5.31540536636654
6.01977360656652
6.10648577463049
6.01692099439147
4.96241380682382
4.8600404573304
5.46995029399892
6.07178897921624
5.53096676990103
5.57828535684206
5.85786400907495
5.3714339873959
5.63961696862028
5.98115989578991
6.31749751580419
6.07754900293413
4.37784631350997
4.48426361741486
5.70966738166564
5.95982489811533
7.57402456069642
5.76121069983528
5.75402020094447
5.30721982989647
5.84562215417392
3.59593400055311
3.57272759334884
5.16062921307749
6.15324823999546
4.88864805198974
4.83406113832483
5.27769134565482
5.18531988793278
7.00248909414971
5.4257100044933
7.0879084794179
5.41220650825207
5.09832552497764
5.19255881526996
6.46760601435448
5.37841642439956
6.17508413770301
6.32650935512933
5.95449465841952
6.12476777196277
7.08803040412046
5.34872847143905
4.91390083804086
4.7347068705532
6.09980460541581
6.04221418552359
6.59032751635924
6.99701844738784
6.48375895503896
6.70084622256011
6.63582947184816
7.39975116434991
6.8774145666377
6.99814590692847
6.88253251189501
5.93721930559313
5.8478945956338
4.94155889661171
5.31057558575131
5.25012551756177
4.93575012217352
6.80468799545506
5.38941009760911
4.98110502373141
