7.05627552357536
6.10169868248549
2.5471837949791
2.29404421477504
4.09146721111294
4.71039262329843
5.88638235474458
6.17967651739307
5.43161609653986
4.21171089426455
3.49953109097508
3.43421180990365
2.8574431246259
6.68002821236111
4.72771068736565
5.12318006744262
4.05839664563191
3.54670907118943
4.24543012566518
4.64419844370056
5.70643302328605
5.81642306871433
5.57794881391164
4.91182761463414
6.32041464802886
5.86605915390963
4.26318063969801
5.34250958879555
5.39844547950763
5.70933014380846
6.13444407976333
5.40172883430705
6.52147195469797
5.52194849148044
4.44272978629568
4.16624018314225
5.3935249955107
4.93433812490595
4.71585175068778
4.77889326752683
4.24760714479582
4.29981736729064
5.49979083083712
5.54561631225192
5.1927717267705
5.32052614890012
5.76320619998473
4.97715249444685
4.80990250707931
4.07569773561648
4.0123072077646
5.15729246905625
4.50994649075523
4.01966244599402
5.85827033233449
4.57888202194676
3.5959618260394
3.27024366953428
3.68125153253804
4.88560565901007
3.29747248189409
4.782464548583
4.66469496308884
5.04874370346835
5.18952047738305
4.97909597704289
5.04902298986656
4.80082041036589
3.72093893273053
3.89916417107237
3.90490487592693
4.10417228427182
4.84310050357531
6.44876322431888
6.06027547705732
3.84739671574264
4.12247124139689
5.67224669112537
7.25567377247561
4.89203529128292
4.44353901545383
4.47736232911102
6.25758566844143
5.01168453302146
2.57884497942501
3.78448124231869
3.88052319640323
4.72804160879954
5.48638891212316
4.01137566256942
4.0448171577353
5.99311349652074
4.32191487093754
5.79099206239753
5.76542142066009
3.65609449832536
5.32235859817725
5.02615783643319
5.31195424368515
6.03686069196
4.20673810282632
3.64836087899577
3.00478289090886
3.43674620623951
1.51674043164839
2.85322578075592
3.58681554869999
5.79342307952483
5.65467991271307
5.454640278232
5.15286136289378
4.81357540666376
3.98462376660918
5.79846189278599
5.9462407377125
6.58575529386711
6.67719387277451
6.07293778532606
6.14352419195187
6.03258289825511
