3.24808434852274
3.88809232925253
4.74599966545778
5.13438314768228
4.33285917444828
5.57091927305537
4.53520077756348
4.7368294630267
4.4056612784088
4.9057872616731
4.87459874665816
5.14908275883213
4.59850832391099
4.36103975505902
4.72943111800922
4.16010110278037
3.89698437240329
4.02026413638617
2.96973702894996
4.55229624338921
3.3868568723696
3.76997386628885
4.28323976906397
4.54199014651423
5.03011906051754
4.91500963895692
4.76650152607932
2.83156431204053
2.92644495328409
3.8493292480473
3.96019790603665
4.22843000742339
4.04051235385202
4.22353786295519
4.52705904394627
5.54199935971263
5.03443710288898
3.37143564286575
2.59100570251199
3.00478533028372
3.82251429629259
4.56610407146373
4.31270072587513
3.60859544828702
3.78992475663452
3.75607302802116
3.13152953810164
3.92451173250062
4.2339558449647
3.99633970177533
3.65222798404914
2.01468349787254
3.53344927238604
3.24120869277349
3.71360057894444
3.37457750139247
3.42221429066222
4.30784272706818
3.96819636384735
3.86743308483401
3.91028078355353
2.80707666779395
3.85271717364426
4.09710876819204
4.16313746939325
5.02723103337833
5.22086444492364
5.04093051113419
4.02749170428765
3.503845669056
4.81931642508757
4.3760910787484
5.33215510090566
4.6373214774438
5.23907183618275
5.17320899612654
5.33402513701952
4.91046021956757
3.68342433109686
3.99096655217565
3.26250776579238
4.27761299419783
6.01808129472766
3.5607968171883
4.10883403010774
4.19859980599962
4.15021906867197
4.43929410613647
4.4894290108191
2.27854627584612
3.05831477306356
3.05920108807778
2.74077447558204
3.23419629741495
3.26784733588052
3.63313175689605
4.12351388016892
4.65606628375586
4.1011527788293
4.67676856191231
3.07076775989938
3.51241661523911
4.25419486261656
3.6587686001789
3.12084239847029
4.21729718808403
3.59364332382878
3.09544818164521
2.55793590959109
2.92708641083585
3.14261709006758
3.14524143787356
3.51461427977564
3.06037345552749
2.97010155558518
4.3147832618647
4.99045928611732
6.06798616417926
5.07273728673588
4.43664273706507
