7.01848415425341
6.95579388997699
6.67921469806874
4.52275566644216
3.93917368193338
3.818913335489
3.76508370511782
4.25585261469256
4.23916878986653
4.4363843915416
4.33870637430801
3.71646686638465
3.81684213033637
3.72337236935307
4.33416159098483
4.61040743760942
4.21062215138864
4.32836801243865
3.76892806951582
3.86826256652057
3.34681313288092
3.8584737138699
3.98435813923061
3.83177350668151
4.41394978539031
4.24571806574261
4.73535467227942
4.30191714796958
4.54496614119069
3.93488282753186
3.59144982552187
4.69393526712464
4.31671724891191
4.29033995814356
4.81327766528526
4.6174918440745
4.36659275410853
4.28649899886789
4.34802302732064
4.42295548845945
4.49919018349541
4.14138719328694
5.06026962205523
4.35500193481993
4.74485592825066
3.23299125816401
4.47561592844109
3.74981030591558
4.27129262856664
4.12840199827673
4.20470612337538
3.82803265461715
3.82608286142366
4.57052307892607
4.45549675903973
4.30420984159819
5.02124688768915
4.34181571264439
3.9212488337969
4.21000932905899
4.51847175948906
4.65426340834973
3.70578162257154
4.30931090441946
4.22136188483378
4.7073974397465
3.64761473680506
3.68978058849121
3.4101539111277
4.56353796252538
4.73200648051814
4.73591227962365
3.73766089607604
5.42032651747219
3.44840940371729
5.08845483655684
4.91355176367439
4.55259556704985
4.03284637544843
4.87821528642214
4.44876547495476
4.48346434872414
4.3641905068774
4.14194782472383
4.63126233502898
4.71029841564619
4.33482702913687
4.33400761094612
3.67369341563533
4.08738008599828
4.67818124957483
4.38936961018215
4.17983019085011
3.9913183628895
4.30370781947511
3.93176940553474
3.36289851837444
4.564374156805
3.51677102413612
4.04125320160775
4.06800752032918
4.3323044756216
3.59495386217757
3.82203944599217
4.33461850956548
4.36631073654764
4.337682227097
3.70986183635473
4.3317764548628
3.9658095814
4.1636378159323
3.75501519406248
4.08545846535765
4.42245842560135
4.17189379684252
3.66321587654901
4.77656026882259
4.13739933165861
4.0168341510558
4.2058492724958
