3.03865501404423
2.20745155697624
4.09700336497052
4.6017247098848
3.88404444981141
3.5163014610648
3.86184625644734
3.53604706973334
3.71674033237823
3.30597557530009
3.78045884067766
3.1620773888623
4.26078957146607
4.51675351909004
5.15249598000323
4.04585606874766
4.07536685942433
3.20681418348795
3.18504149000552
3.15340618568467
3.46688945091324
3.57598826598211
3.70795247821673
3.61479187068206
3.27285985239458
4.16476188842815
4.85831430279726
3.89243800595668
4.06339455286853
3.73313200644098
3.32351665891889
5.50745764834988
4.54962636984452
4.84484896145328
5.39659531356334
3.6272871725963
3.05307694885447
3.1454691308321
3.48009869910344
3.43085788713129
3.1725311341063
3.44575445226588
3.86216539147868
3.35698330692464
3.68805214818374
4.55180479036451
3.61665500663028
3.64159085327745
3.74114918900639
3.62281885179656
3.51799439494463
3.51799777645816
3.12906239594185
3.68210838571776
3.17267188023071
3.00070613190815
2.57037949333655
3.13358339066373
3.04967628922726
3.26247205436642
4.5466112633277
3.62156269457604
4.5887003223453
4.46792935266685
5.04861226629376
3.63079753609284
4.18122408790267
4.93566463036236
3.78552591880557
4.56910869419348
3.35438688016438
3.27569262972974
3.41808672457777
3.78567897337703
3.7648585619324
3.7311013654691
3.7605742560008
2.89030961080057
3.42585632058395
4.12000136256752
5.47710791605696
5.58612013068707
5.95627542371587
4.5729943511142
3.23266889313893
4.22347906344296
3.94366842108504
4.88947613329019
5.09295441984814
4.73169455533387
4.02215250623883
4.10995219599201
3.23379088656722
3.6874927338001
3.69686533922146
4.07646139843205
3.91232911304981
5.19984267645926
4.89343721506596
5.13937224627883
5.30032280686722
5.31426538893432
4.84823698404656
4.3321227017202
4.24927599248723
3.8949298317016
3.2933350860757
2.19320108868752
3.32904970832888
4.23949648673433
3.99893848226193
4.1349010320682
3.38474696161133
3.52835673125369
3.84636891352495
4.47093845100642
4.56142122007476
4.93203086654103
5.0184033384212
4.67988395786712
