1.21176353433945
1.22775353938272
4.31035453343849
3.03169116060656
2.9867604068428
2.97389577617344
2.6308096106526
2.70943858096269
3.66910369981465
3.82344535699499
2.70152350399511
2.62994106123999
2.6126044738184
2.82901399965242
2.48912952919017
2.50454987314239
2.28279730472007
2.30891405739694
2.00804921560793
2.16441370122938
2.52103909519373
2.80540520944515
2.72186305574024
2.80946583314681
3.37342708293541
3.56676676325692
3.65926399664555
3.62281039927859
3.56128251700867
2.71019760965714
3.10017321610249
3.41375893659316
3.13593461064048
3.13089526889272
3.12519080133484
3.62522862369981
2.94068259530459
2.16100350181594
2.45187354215034
3.78458977889791
3.49511519287303
2.71828192126527
2.67967499354262
2.59002444175411
2.60526759810154
2.60144454804088
3.10016071335252
2.8291125153641
2.92886588975932
2.59109306868311
2.68091555259523
2.67623890722625
2.91723339624622
2.10104709669867
2.82215668719181
3.19008283516712
3.29788722576893
3.48111117085762
3.02689634044043
3.63681594882436
3.16267533548452
2.95349060476765
2.82246371929541
2.50213094347164
3.1624336895813
3.70273306558847
4.20125856402337
4.07104543329224
2.56515709721249
2.96159426715514
2.99720820492423
2.92260057846761
2.54756717634337
3.06690949591758
3.20726496336478
3.52025718999151
2.570971540297
2.95544302220333
3.9851475422862
4.26065115999757
2.86224957793695
3.22540582917049
2.83186606541335
2.69943442183341
3.23683669405784
3.28549897751565
2.95192930206827
3.32174097478985
2.86002937746023
2.72479803366403
2.16029052408228
3.20531223639662
2.99181723287145
2.76068621550726
3.08417741613108
3.35184569661065
3.39662487848088
3.04940909408372
4.0093138039146
3.64288846385073
3.66894325362857
2.94171706615355
3.45053766127979
3.42316207407082
2.83484443282619
3.30581622029517
2.53044720322022
2.9484529334301
2.99989895804785
2.74857366134413
3.27764632229693
3.05596851404053
3.36292994422147
3.19204446256747
2.61238307135765
4.30577803003661
4.32463603486367
4.2092947585155
3.94482811340566
3.74832142410304
