3.2583802267909
3.2583802267909
3.2583802267909
3.75280268102155
3.87827477473856
3.88635520820255
3.98179847721086
3.99989496140398
4.04355206577869
4.05253531945776
3.92681303079174
4.03515909360179
4.02596393179149
3.88769343933967
3.87997085113704
3.76526898067166
3.82973189637785
3.83527711865937
3.98762236058645
3.93193242260729
3.77495419952135
3.77790625018633
3.77790625018633
3.85999231972952
3.7926140886207
3.94715829966354
3.82512312285679
3.69177380354572
3.90823774025797
3.87767852983548
3.86290971807701
3.92538729728192
3.74213634962352
3.82948711340876
3.68834648485196
3.87779509595951
3.60629506008076
3.83865956955364
3.76959714892678
3.76965525109496
3.77107872744153
3.96047470436692
3.96160618025302
3.86025854491402
3.87514221558448
3.79273685765494
4.03385638644397
3.83700320577486
3.86465035599822
3.9187562424449
3.67506185268208
4.04594550151053
3.98258786529079
3.8136827447245
3.7967200087491
3.83599056944029
4.05310923108594
4.07309541439548
4.06534128320558
3.79901678849106
3.73161950614308
3.68257779546557
3.86474759594079
3.90843972827558
3.78861375183915
3.78861375183915
3.83105052807631
3.84352696532936
3.87332157811253
3.88761966348378
3.89577403387776
3.97001277067033
4.01576865458278
3.90472421492055
3.75230005169775
4.00109438496791
3.79524260066896
3.92174391328721
3.89620419984152
3.89197979206192
3.93617269416533
3.83330061333462
3.88249581092203
3.58690511008074
3.58690511008074
3.64712841862097
3.8430950265339
3.97380980041012
3.78037701678004
3.8059091362523
3.79166355987751
3.64426643130861
3.64426643130861
3.64426643130861
3.64426643130861
3.6764243192436
3.60675801179341
3.60675801179341
4.03054197692394
3.67170760353328
3.72619090969265
3.80903627045845
3.74302314991746
3.97488051987028
4.14339890988871
4.01888262182038
3.90439685890075
3.71151512913715
3.64403452665839
3.68284537228742
3.70165627349683
3.84824060169982
3.95232860668226
3.80700633528361
3.81949300620004
3.76181683715805
3.88583502045988
3.78688112651515
3.98766781121037
3.96587731424395
