18.5929574534558 42.8843627032965 4.43941006910689 19.8818304429651
14.0127066536937 42.9156455575812 5.33883776756637 21.7447756535896
1.7771752078292 44.8644032594837 10.6246316908576 13.0572124520807
7.71988277066627 43.2012022666412 -0.295172369974054 18.270512411513
10.8989373786336 45.3494665127772 2.80485950445444 20.9548547210446
14.1308105744707 40.8054941599516 6.16026893431297 18.200033775995
1.88549062802036 38.1755799330448 6.78966238103783 19.7385707879425
11.620762118665 43.2493314941517 -2.44688243630086 22.8504726338894
17.1731316374755 35.451899860344 0.563060812447235 22.025385955383
15.7812414642003 40.5709514580761 2.46019568024632 18.3627273446835
5.54520143442766 42.651020479398 2.12117506664718 15.1713267855301
14.0070148493742 32.616856522523 2.98538719311829 23.4964766797565
16.2151997405416 38.941136005159 5.42878753676356 21.7753844057351
10.0799869156838 37.6180583719028 3.6669620259972 26.908035831584
16.2442633923183 34.622688678761 4.50180664960509 12.7922601906992
8.9938469900789 34.7033490133585 1.27165007711015 31.2509818074703
9.76501889828824 39.293555674078 2.9027269795902 33.9005361970187
3.01737790903746 36.3444679150226 5.81790402338824 15.4482383870193
4.12880443445307 45.3209834091553 7.16559149597756 17.6947724130362
12.4060184814573 32.9236887324914 3.83732828817315 14.818934819397
11.9722106937087 36.0990190645062 1.80922525509245 23.4071511990505
13.5661039756041 35.0339054331201 -3.4414709819831 19.6147598937665
12.0920091214019 45.6631301544624 1.37946569662768 24.8541294176124
3.71972213110828 39.6499395950497 6.80046799196158 14.3228717986755
12.7013039064039 38.6713953570262 1.17255396511633 23.6613501153332
15.0084848724109 31.2808246525136 -0.100931525232252 24.5559555884827
16.2751151107987 25.5180231300268 13.9358019140712 12.48057656562
15.8729822937051 40.7022751808202 -3.43181561341741 23.3828200806309
19.8282170275896 40.01008283792 -4.01341689380445 20.9965975779485
19.5640894995318 36.0174454341677 -5.07219261854716 20.9672593115854
17.5049249633463 31.9631367608251 5.30028438994832 22.6741977654886
7.2726102281609 45.8982040496398 5.12008909711125 20.9195884760372
9.22667940516656 37.0567444591638 5.66291458864226 29.1549558962323
11.0653219045558 38.4908302502813 2.41649276403135 12.7948951745211
12.5245101119912 39.4254049117985 -1.32023883691632 10.051384019334
11.2545702672086 44.4966292119893 2.23553373881882 27.6686970942349
10.5056948739436 45.378341619973 -4.57208193693459 27.4996551663151
10.4638531434956 36.429862301913 6.98705548734888 16.1964898338487
11.3226763441103 47.4687163352662 5.36981810938134 16.5466558891832
13.9768133998408 41.5685863468785 6.56883630801907 23.441926094092
13.7656919515864 33.7040030151985 -1.27388052469219 23.8563530750978
14.298631059675 41.2306713227366 -1.73162364517643 7.51802499315054
14.6721001302725 41.2440450372528 -0.43135645159546 16.7448370035393
12.6135626745311 37.9766562021691 2.4947936128543 19.5269534418333
6.0542727082869 43.0673721641655 3.3847486617693 14.8809058050183
8.53038155928953 39.7528989496063 6.60171604056958 21.7610723936615
11.6523906426381 29.0638086012918 13.9073062067364 23.3607725225448
13.2679545024637 32.2743092226839 12.0768673050661 23.8590087865672
8.21055369683742 39.2198788648712 -0.599105918938521 26.3920099753952
15.6681982607567 32.5912317900845 3.92971114984691 22.1968262131786
13.6288423573584 29.7634356277419 4.17775455138072 23.8026088848158
15.0193517066524 40.4909552539328 2.70019945895656 25.369573546719
16.9277144717096 35.9532641116734 2.02862105259874 19.6355903847776
9.72145787487246 40.7053094904485 1.8078369189969 19.2609317402226
9.66074483168608 49.8622116872266 0.884462460828217 25.1039293675709
7.26771794862341 42.7359327331751 0.254831436192156 26.6880475637445
10.0565314442368 45.9977619207612 2.82721633738311 19.7154750974661
9.87130852979441 31.2844474987834 5.9495726444792 29.6152828630803
4.8415062659438 32.8569373165181 4.84505444116867 20.615417446551
5.40516584893167 32.1388354131876 6.44218809952242 22.8446021830487
5.76886187554747 49.9004103393382 1.10089942233658 16.5875820436003
10.4627678874852 33.238279373487 3.18243416664974 17.6582411134103
15.4176399478456 31.1168891294947 -2.36996958373559 25.9138715935359
19.4885944346151 29.8759776201868 8.79685657921734 23.667684627202
16.9407074586071 33.6920085231243 5.29457482495176 13.9175624022158
16.3202000632464 34.8156761903586 0.688631553692596 22.2081180140147
17.4917929330423 28.1190631956717 7.36126690220632 23.0417990260499
16.6053437548272 34.2420048505446 2.15916161485161 26.4919516648838
11.5312913108552 38.240333500473 1.70881642740366 22.8279482274953
10.5090159675908 39.2027397805566 10.4226914485719 14.1682724753717
12.6394362873442 38.5878003386716 -1.90328048965469 15.1316642674009
12.7107521501682 36.7439214355634 -2.426327957358 28.7537944625454
14.1673400214708 41.994619014402 -2.34685791351357 14.6565980785128
13.9383908439443 37.9810673723747 7.10087367405659 14.8932046414723
10.8158622031441 37.3281575882626 0.32045535561668 13.7982027195168
19.0545594263762 35.7689274012861 3.80261698556172 25.4926559070154
12.7576045562769 37.6412292924838 0.823819538766148 26.0320720577411
3.92413620858567 40.0277047889435 1.0951477475779 26.612630215267
13.6353770031887 40.7211343163815 4.27834393444072 20.9864519386207
8.65460960702698 37.9342529258882 4.27145655818938 22.0112270282949
9.23207123573597 36.3014469252964 8.25036630120783 25.4175279389627
13.2803512451938 33.1271549073971 9.94071200552104 21.794933434508
16.5810198810333 33.1359014198859 -1.09803947547724 20.7619421858594
13.8531846374655 42.1446451534327 -3.83363666780469 20.284806287314
13.3026544070577 43.622143800724 6.61047556715763 20.9830114782276
14.5911478233047 31.0327476343862 8.0051829926551 26.773783646967
17.1297641384754 33.1775906462688 5.52701221279082 14.6111312594705
16.6573065714257 35.8469632002059 3.05331289733974 13.0854690806
17.6627280851172 31.2895197409893 7.51730285840678 13.4732028749926
13.3943091369606 34.7013667470532 4.0755084485245 30.0568617311843
11.4145717926371 29.3827913910114 -1.83410109553039 31.0969337874394
12.6782647507246 30.9655433830548 -0.170958748254375 18.3595532837626
17.6055189519403 36.9595018525351 1.6806441812108 24.434544562507
18.3727876347703 30.5812642744165 2.15945914220204 16.8364648191776
17.4774878458847 33.610611996593 -0.73336533253804 18.2319584811624
17.79585501978 32.9744043443147 7.40534733066544 14.7084603917276
12.347758001255 32.5216209836281 2.88358630163804 17.1136135470564
11.1674260521104 35.089947473628 2.96328236831561 30.7184115094386
15.3122471310421 31.5866019759974 3.74298251976358 17.9343027546985
12.3398952316715 33.359181111572 3.7849154467425 18.5542467469491
11.853189643181 32.5814387423045 2.45956427845735 21.0471199290037
25.3083991258802 35.0882635249551 0.6899507216158 21.6081200202939
17.7405575685675 31.0633309954751 -8.65995830134624 26.065016047844
18.185623264382 38.7911195518423 -9.13285430621669 23.8920526611334
17.5137786026806 42.8582152404678 -9.93200303659472 18.3733338964819
17.3573600181117 49.713883933783 -7.88973773603666 23.3840354029003
8.27250983365469 36.6288557169712 11.7286037326929 16.248851012524
7.13447578092758 33.8979203566662 7.40592963967443 22.5890711379058
5.30476296394785 37.0816400238066 4.8453574205932 11.4536789751251
7.76329697416817 35.2040471592686 7.65746571314288 10.8107514905383
16.4834931150329 36.3972941706656 8.19450559518067 17.8558570472584
11.2210391885462 30.9365162208951 2.24393976344494 21.6946137091206
22.2956806415432 31.2012582705778 2.66172026561969 20.5473991689783
6.68560769589029 35.9962174985327 11.0194765454943 21.7907030877236
9.94304470084448 33.9433867248708 4.44591104401568 23.4516022177346
17.4897847005093 38.1543041063902 6.1337611671042 22.299273655909
13.9166993127247 38.0157222980879 2.75813320199689 21.698906475047
12.8766761759347 28.491879470935 2.05486951409569 18.7433996651062
18.553959549596 32.1847099425536 0.360691950327812 24.1630960762241
14.6808901957287 34.6051021275328 2.28930726749828 24.2200615181328
