20.2547129247346 13.4376636681928 6.58595256836255 27.3774912362296
14.336670135758 19.0965114572807 5.87857640511325 24.7383836834069
10.5282814187511 20.3437126373662 8.78877059065098 22.1413894300536
18.4430576393559 27.2473141183726 5.44636142350206 13.5403991630488
15.2402755639694 35.3368899668205 -1.85928637961494 16.0792300966756
16.3484229192316 38.0193806436137 -0.0661321297158484 19.3013596574649
9.53441123917117 37.6602539626175 -1.12576443633362 18.8792893193543
14.2027430054473 36.8899278129675 0.346060551923517 24.3056580373898
12.4172007354146 38.4743184173704 -3.27583081253171 17.1404016433165
14.1504333905114 37.2956820410901 -5.10662292832669 22.8842936192091
15.8001313274716 36.7996019221513 -4.67402915280093 25.3856001845637
9.35474321712691 33.7741790204376 1.61862584021162 21.2924445611501
7.51378224186153 40.0692160607392 -3.20179567714933 21.5445718831133
16.2535352232076 31.964415082995 -4.41626922579784 26.9565519871976
14.7117192875161 31.4112649539979 5.33583807710078 15.8467200253945
16.1838355445802 30.8146095161651 7.02295374870317 15.1391657521057
14.9780973273116 31.5102476836583 2.75710344039128 19.7016142853576
18.5721933977728 34.0078976909454 4.25376563319468 18.4656827051402
7.07480738774598 35.1693491504684 5.59006991607654 19.7944377428099
8.27029838920705 33.6373146372647 8.42677385590556 24.2014499586253
14.1904602176058 33.9216487731954 3.72203413907024 19.997833621232
13.6126907064985 35.0539369286375 1.76724725912842 17.9372220751924
16.4680592797171 36.8720077109886 9.9391940042741 14.5779595645154
10.2939136779389 33.3004856427563 6.3830841781773 18.222183399369
8.99903276597078 27.9145032764775 5.04504403166625 24.0053676214045
12.4974578794737 25.1296119174352 3.64238749866123 22.7487680787197
16.0593676998925 32.0877016630387 -0.13699685081159 23.3505247585452
12.4584206957854 31.1755799051737 1.34238961527805 22.7823268042232
12.263393209615 44.1629872231335 6.72983665342155 16.8701843566609
8.53534636854359 40.9873942660633 4.01634926997769 15.0750174232176
10.1322817646263 36.4628158046398 8.5174877042574 22.1320682268672
5.79992049228935 38.2562638983883 0.430352572320878 24.8231252392836
4.97493226321734 37.8386918457046 -0.197626399579382 26.3089709568695
7.57712722340115 45.3138148343943 4.74924288347155 10.0737569251224
8.79651186646553 40.1928193403229 6.37819087662325 13.8365592887376
10.8265576591245 32.904706737195 4.66249890456498 20.3015168626544
12.5295712948307 31.188809514008 2.68602256028504 18.3008665822807
12.3094263799019 35.1787769406087 3.17961907257604 18.4744220224575
14.8607796393796 35.8804793135947 6.49292094923128 12.3623866748431
12.7867883206794 33.4218176912269 10.6991083483355 22.2973636950463
14.442077663651 31.0144129798343 9.36660903330465 17.2983411447512
12.5745007635027 32.0358303039467 8.06562960093662 29.1434661303083
10.9761775151226 33.4281027555031 3.71993571938251 13.5264001412055
11.9691164911922 31.6799771860739 2.53358727387864 24.3917147533862
5.13015024711301 30.2676433562798 5.6764918246966 22.983821872425
9.04615389297748 26.1133564532237 5.546939787532 24.3745467157929
14.1454795852586 31.3642265956082 1.11888616762012 26.6919395744695
10.367661270194 32.5993744592347 3.82684615665684 21.576872255922
14.4765067010859 35.666075654658 2.07715627029062 21.6404479359051
10.5506998735301 42.5166619633093 -1.05173187805816 21.2391424514462
8.7688562534314 39.1223969607383 1.80601441291616 21.7844157610654
10.9089915998662 33.5148182334938 4.86996853248671 18.8499832474872
11.0833194175979 31.782856717296 4.49925670918986 21.1126277448513
13.6514367977401 31.8432178900982 3.14359057747737 23.3357390119908
13.2483851932233 42.5402028910708 5.04420684985958 15.4319777218073
10.7033710419752 33.4036131133678 7.87761601256348 26.7748956717034
13.5705475581004 31.2594018398796 8.37861960035108 25.198466648296
11.2100953506509 36.4685487600982 -1.74834311727144 19.8849272314545
16.1887837914022 29.5715910259641 -0.494935647786482 22.2351717656613
12.4393700566346 31.426250953447 2.50512026928656 26.1471366683156
12.2191218167118 37.1420158193653 6.8973014438801 11.1483882373332
10.6453442004202 36.47918897579 8.28451619532859 13.5564409737609
12.1157320745588 37.550832098912 3.40163725943273 25.0213268768733
16.1323115330772 39.6310709230705 -1.66354522687807 17.3682314969358
16.2851195042436 36.4243123494659 6.77001324136318 7.5405077694464
14.5459573651147 35.6756948424142 3.23395513583482 31.4288889001827
11.0642867285517 32.2198773809546 1.27631985003636 13.7878554738979
10.1408304383655 43.9315538460863 -6.59816864861492 24.2608207028209
4.57866906301345 47.1354998341834 -8.64736446029259 17.3287658865413
16.9853386029879 45.0045904140991 -11.6740657024899 18.3260404584791
15.0024910495526 44.5830681986248 -7.95996402033567 17.0753180711392
10.901850023391 48.4263977670542 -6.55829922472178 13.2171465094063
11.0262852596029 43.6187979096046 -3.28499938305224 16.4162510224479
13.352303828525 37.9948876571341 -3.20549865160857 25.0345103382926
15.4535476574103 29.1505670390523 11.0661127078275 25.6031982008787
9.44893808735483 34.3844276738924 4.19305917899336 20.1009215195151
20.0212674224965 30.1389271461126 2.27906183248196 20.5016581831524
10.16862594385 33.1752898154357 -1.19034987034465 23.767277996617
15.6634202842859 29.0455317889692 -4.44541092354994 25.417005226109
13.2918004026895 32.7540913965905 1.3329475806262 18.8850876385304
17.0923084768758 34.4306375994 1.7452663756143 19.6189526697444
11.5736526766152 35.0211916817005 5.63470048272793 21.1545953523192
11.435851151184 38.9625959756186 -3.01791613081659 21.2716972705649
13.3819646309733 38.6110183048811 8.50677351509516 16.9068801047953
9.16805738715946 41.443159816489 -3.70092300615886 26.2394437021676
12.8475644406167 37.1177796464878 -0.0993388882992576 21.1414816617134
12.3832796317761 39.3668100482111 2.79758270693483 24.4191289720439
8.15506453480814 36.6731370507998 1.05979464502221 21.063825160885
8.76437191935494 40.9235391823693 4.64146214891728 22.9685085626931
7.10953725808496 38.5149166562754 1.86888280470815 16.6201464496818
13.8903092841485 36.41684530285 0.278250921116735 21.269280955879
12.4121029504442 29.9003212431521 0.751850058399948 26.3971735478695
13.8901030682365 28.1212201851083 0.778958311379763 18.0097113146438
14.9183719706306 29.0626563897019 0.376576465164187 23.1153500820072
14.7590234836785 43.3008528884139 1.7106894296015 17.4035655394003
8.15853752983523 38.657872254179 4.56979332435828 17.9499948598417
8.37040018890557 35.5905534919921 1.7321616261994 19.0731802887425
3.71887922080702 41.3469815882791 0.807567761724952 16.1113649678559
2.4011870755317 40.0325230183016 1.4234419856017 17.4326428303033
7.96264532731714 31.8077293932452 7.31933992191493 16.0477849958496
7.37019942153113 39.3854214074104 7.5393248565802 14.4495062048321
5.89787076283221 37.6420732131242 6.72234010834238 21.0196725053484
10.8722827216608 32.8488714047722 5.07756991107263 22.9515210592891
12.966318049561 34.0998832992914 -1.27505992783748 22.5190855578201
14.8634255675702 33.873171736795 -0.996556356666164 19.0154222064605
18.9723927346134 28.5791368762325 0.860415340288258 20.5830609814603
20.6629604036065 39.4743245377499 -5.2425852739641 22.29106040799
19.4777131441496 43.5545686599659 -0.743710373569219 19.8738022105595
18.7797676146249 29.993887859412 -0.594897133344749 20.6791234951293
20.0446295391986 29.0507235229169 2.81605249452408 13.5216378470709
13.970764372799 31.3672393447739 1.30657278415751 27.5289473633435
13.4634129134914 38.733719265489 1.36147482502278 25.0849896067612
13.3524436093292 41.063998117937 0.211459259385466 23.6870133204131
17.27931196859 37.7114670374805 3.258529218773 25.3529760900804
5.5139921063638 38.8721253467166 4.03404040673991 17.2057715135545
12.9198277287857 38.8583540683986 -2.67034031155047 23.5664860725322
10.8907118699165 38.8425084296988 -4.27217034094495 27.9065838049924
14.0045480725761 35.3496678849125 8.06015496976159 7.74468368919023
15.1738611283046 36.7833679542319 6.48570825015612 10.6759447725488
11.0854656412532 37.854287607156 6.4322782647372 18.3782592490314
