22.5963168231148 37.7054126512969 6.20794482120219 18.3363825064947
17.2669335395125 40.0471998748917 7.43259204415176 16.1845978502437
19.0088833241632 41.8821838139024 6.07085644300088 15.2186962346971
14.9985385690023 43.2799443322403 6.27922141759793 14.346996767187
14.5039080193099 42.7799554758019 8.19778114159728 15.9815332635744
15.5801517933848 41.9722534485853 8.37994832573587 12.61819835684
16.0156604206689 40.3224286749085 12.0367739614584 11.9679922271567
14.1883410840794 39.6721376929867 11.6183903835326 12.6514208331021
14.0261932603583 37.9615974450351 10.8663052892154 13.8557934333505
16.8557973399514 35.0994410195719 10.0806416868183 19.1342526329289
15.7410341436662 37.921301039527 9.69128351835043 18.9844484805208
15.3836675880721 37.0830270057663 9.02566657075474 24.1270701664078
10.2726589594746 41.5371314576321 9.27451812212876 18.2904842783959
13.3795109174432 39.3102877991716 10.1166040259072 22.5867783968723
13.2122807077629 38.6969163487808 8.78154272752044 25.1975608721798
9.78790814529037 39.1972203462123 9.14539154136811 25.4528942382808
8.72234036288549 36.665902231454 13.8645816149673 24.3021868399391
7.16382712355596 40.3350914497304 13.5833281257048 20.8456796851204
7.73619757696728 37.2874370733087 14.2186449958801 20.5610383028418
13.2215719993506 33.2429932518434 12.476809386157 18.0271861091637
17.4093050041592 34.2053862077045 9.17661738223638 23.1546371690018
17.2265001711054 33.1443117223845 8.15796039697372 25.2767160727087
12.3928935177631 35.344932364552 5.39344314298877 22.2383612416635
14.0506617435444 41.7616467462391 -0.514265469482498 22.5352908221664
14.1026456481036 45.2438990586488 -2.71745772153682 22.9675448008341
13.8231064145723 43.8047225698522 5.27412957988393 15.5048280572981
15.207679681646 43.3063843967789 8.0086258105972 12.6224102215539
14.1228351299316 41.5861735635775 7.72694241630004 16.8344815914377
16.1322565955201 38.7701374239362 8.93628408280361 13.541535204118
16.2435905247363 40.4591365100247 6.21219007144842 21.5245915847648
16.3748052974235 31.9460133987863 13.9980943179994 19.3304680488143
17.1006567868694 32.1168634090726 7.76918789447084 18.9976567941343
19.5916941054978 34.8037617086574 10.8544834352833 14.7901779703482
17.7388952741025 37.2359608245223 10.3025771846166 15.439000174285
15.0214517096149 42.1940293595275 6.21083363947549 15.9988260302187
14.5985041631311 43.8464391437277 6.74460958097883 14.3506800838403
15.4644146539213 43.9232765827089 5.54663345557459 15.8106965891561
15.0725764267774 42.3914150631665 5.11045399399102 21.955681626279
13.0810180632525 42.5111033641156 6.7236186492063 14.1089100641289
12.7097684845559 45.3360595611442 8.06898594333557 19.7253411386591
4.69480079142251 45.2106952549379 7.50024051521399 19.8771961684018
12.4014432220145 34.2523215151499 12.5403943785881 23.3217194775975
12.375617331341 31.2149857237121 7.36932523822538 30.490342199293
12.7251964522264 29.6769819611747 7.31918928721938 32.2375965430216
12.4806111759308 26.9230047783884 7.91312096683327 33.1464150240811
11.5331161778222 31.4923803117758 5.49251992003148 26.0137966173178
17.4083456977294 35.9281010339653 3.29489053896539 18.5405577287367
18.7620233936753 35.3781517943139 3.82140353964107 18.586447053711
22.5526997341492 36.5298074943628 5.35402677184276 18.4588189390095
22.3501245693354 31.5895021244334 8.40661906533545 16.0687186616435
21.8211552563174 31.9267418339708 8.74933829893029 22.4947512752557
16.4833582611944 37.3542830470751 7.96354290673392 16.5027475054434
16.516169363658 38.8841008562768 7.4488275697 15.7130911490691
16.7331784235954 39.8297892300501 6.08525997975493 17.8543365688662
15.500356588831 42.1073920831528 4.66151359811052 20.5456314060977
15.0135952852125 44.7823302270627 -0.727661115488202 22.0960081006914
12.6650936658956 43.1961093230905 3.43728745198137 16.9170379518025
12.3064233054739 44.431866593521 1.40495581583535 23.9181377266244
15.9062164811609 39.3526160017817 3.94039169961214 23.5266413001269
14.3187175775186 41.8736090960029 3.89763744546332 22.7968531704071
10.5927113422507 44.3244233311948 5.54015001260813 16.3082562756642
10.5613354313646 40.7429358000649 10.4032468444402 20.8285774326418
11.1967372097052 38.980515924182 9.43611306201355 21.6373652484847
14.0970568735628 34.5830495549262 6.28004306549534 21.4258507400781
12.9175277853878 38.311131071382 4.99068317266089 22.7827801381096
15.5135294375245 40.5621766076361 4.43609755160846 18.692140379892
16.4159549718044 40.6360680852955 4.97152298632096 18.9822915474271
15.9789518959604 42.0148964435728 2.2405500543023 19.3324424769614
16.0287089430511 41.0377503526229 3.65853551036665 20.0505080315549
16.7539472670489 40.4042201519157 5.22948038461821 15.2217802643583
16.2225728877735 41.1657537616133 10.0552000765401 16.060268560077
12.9388569728839 45.7793936465152 9.90525969826978 10.017127509835
12.0786869733199 42.387016998253 9.12618757886741 15.404213391875
12.8619818291291 41.8102923937897 9.35443593844803 17.5873483900432
10.1477872528731 42.4283390566685 7.20950543396335 16.6335543604411
14.3384064496683 41.9290344470365 4.62403122865653 21.4951211995928
11.930826820452 39.1968726591015 2.34252357919759 29.1734962721475
10.9128587091504 39.8130011526376 0.0567323661871182 30.8506796140073
12.920760654411 38.2350015002304 0.476956446254716 25.5924051126471
13.4319957316669 42.6701342315632 0.7292533778307 26.8332209146588
10.5795317094022 42.3808068324222 3.09088684199541 24.7404618926953
13.1784759256616 43.0157331484095 0.0343146442857361 25.9353759301878
13.1733255112998 39.0622569660432 1.11574684531892 26.0758287644997
12.2219287809607 39.2496469683838 6.84565388143061 24.3429422898236
10.6159907517005 39.7135166657572 6.21822698285802 23.533847658702
15.8659769738983 39.9124652849117 2.53521836868619 23.9492091808896
17.7876152007925 37.6062289715474 3.22518446233973 20.2359671388691
16.6160648398295 39.6770718481121 2.55364976574585 20.1730844055548
15.9627200337524 38.2883085027998 7.28109623940322 23.8472206092453
15.2471152901601 38.7206684158558 7.46813888474116 16.004336601221
17.9608265193131 36.1140149479687 8.76939930041593 17.1678934703628
12.9742616453686 35.855522806786 11.2854385121846 15.6736658783221
16.3179848088638 34.9394781397027 9.13203948665017 16.0494490220499
17.5465445624931 36.0660155650968 7.95715132517347 13.9748664356653
24.125310520204 35.1068986132986 9.30671917063722 13.9360499602641
18.9721516554669 38.6439076083637 8.35659519092718 19.1245159713655
15.0315105557792 37.4548566080005 6.31581128584854 17.8840918437847
19.1916936070544 35.2671875693439 8.16494677694188 15.4999141584056
20.0035902312908 36.023696821836 5.92966684295321 21.8208732228094
15.810053465548 36.635865536095 4.82692138523994 18.287698461718
19.1041115559632 38.6680768035039 6.22338381811979 16.0155650985285
18.7778265125067 37.3423079169042 7.0859856254394 15.8375774180499
17.0696366366362 37.4160065176584 7.06816426604091 19.1115565792985
16.9783879767535 38.2674574040758 6.77524812070747 18.327014688201
16.6447354885016 38.777097916595 5.35975542533838 19.1431616244731
18.52443297635 36.8976279201236 4.08521609927233 23.7574419470397
18.9621894626382 34.3811670964391 1.58528840014449 27.4109575169193
22.3217474401138 29.9255771346667 2.50107299281571 25.4417165147847
24.5122033874697 30.38231992102 2.46364329074238 22.9923976218669
23.1859647431554 34.1519880357383 0.989968543340157 25.3496894572272
18.8666599528023 35.2654968690656 4.38793316431738 25.5455687967427
14.605867374388 39.6918723127785 5.42466326312402 21.2155805343301
14.0297793967266 39.3757590531569 4.57991985809047 21.7409128591689
17.0838433344296 39.2950052000148 1.42609194361235 22.6050960436764
15.0283109795681 42.3153571102557 5.07367249547838 19.6831932811844
15.9272485462396 37.9670089251351 3.68758529168878 23.0303463799893
21.0851461564715 36.190317295174 5.20637351931456 21.1939188755945
18.5942736178875 35.9370078106429 -2.45645290287063 21.0218713169531
27.0551438508151 36.4970442216861 -1.60271683227943 21.0193989074232
24.3476175895956 36.6247142823409 -0.908245640938617 17.1944963007946
