0.113209982898499
0.391796798435971
0.30888765587192
0.407860673013609
0.581909609431829
0.57736035879189
0.413524469260116
0.587332862299168
0.575522629742384
0.28423561999551
0.265144453231595
0.414013173494079
0.46369630357621
0.537242526226197
0.633409771163948
0.649531432864121
0.603744099945063
0.581817434978206
0.543916973478626
0.518175140562612
0.558463019935677
0.650098858159066
0.57325803968478
0.438215586039471
0.645526807517977
0.457159875315327
0.363990736991123
0.227340980745624
0.463844296185294
0.635882002709557
0.610586987454438
0.648331841138342
0.570078271622131
0.55500590363506
0.646497402791118
0.573793369480542
0.634282231413027
0.619969656572357
0.543217051864295
0.561818982051526
0.534340561277273
0.650043729860471
0.496784690796084
0.598612419548212
0.593473831742304
0.552832953126611
0.533378993947746
0.477981034441829
0.470848506538607
0.639789979887428
0.601079667726785
0.307923837381186
0.496840615815317
0.627809111366811
0.465028741655911
0.450831169264158
0.556648844791361
0.564851734687341
0.632776662953873
0.641624107783889
0.618427131197705
0.569797763300285
0.610405529402895
0.568230326689555
0.594253824060084
0.566708369268918
0.542909830758581
0.602076443678137
0.588902587677204
0.570889453477692
0.535780190670535
0.650053359562042
0.55613355257262
0.58039602742409
0.559114018740764
0.588796971118605
0.638703068444828
0.633823094238489
0.604118888464823
0.512251449261459
0.652301295170328
0.572326883903705
0.631711209372957
0.470777873134473
0.632418356923909
0.534272996603038
0.555567317901004
0.618945289958412
0.463522698084804
0.639509543378543
0.635074285882837
0.591003818726241
0.64031428221683
0.525278338609031
0.554016182126703
0.379450227261288
0.472915403856829
0.547659549010219
0.626969358261644
0.526119011380968
0.500725524638641
0.566022741609958
0.631692304040157
0.490394435175229
0.523360046610886
0.611226055616979
0.54964629315767
0.597030764605349
0.513013260604333
0.582055332140304
0.560496524942573
0.617435145976075
0.495913506873899
0.598200515641738
0.617713425513055
0.628278351360932
0.358180048978334
0.601861958081136
0.636139613574649
0.569910953121725
