0.351623747030782
0.382607749867719
0.473264965224025
0.543385188426822
0.43538630000868
0.619414787845383
0.500345185485937
0.523638777194463
0.536180417731355
0.628602140569594
0.424841292681638
0.564331791299162
0.545802640701796
0.440562341017183
0.574611051197889
0.599393759019574
0.332420877728146
0.574456699891323
0.523557098389194
0.505919745156309
0.606963643124094
0.391988638739759
0.40839510491494
0.401990311958343
0.284353125290587
0.0664674487358425
0.303773453810718
0.347741080878313
0.383812567259544
0.395601770683192
0.372473620883953
0.59753874438027
0.407399152209051
0.442636813750723
0.455872659494325
0.543110464665803
0.607987532663089
0.568125503434717
0.462593130196356
0.498637824832784
0.475546030812229
0.578219479047869
0.540849565953348
0.352328520498239
0.365805236886534
0.603182273493431
0.570824911936237
0.606827554567668
0.58221021100739
0.647882990268331
0.326309995086415
0.239780170825163
0.310945576183731
0.363952516204678
0.494708498612978
0.445200075225672
0.445350542031015
0.309669208060146
0.650964460198302
0.607285410678014
0.587084144181572
0.577664489395611
0.501570082197376
0.485584799564058
0.554719703964812
0.436240246606525
0.39520428511221
0.454077450989989
0.464426917757994
0.506572612798549
0.554359994141562
0.585465130787808
0.437152101851153
0.610944968755033
0.579425288058028
0.61634498900121
0.577632426927014
0.563802880312984
0.577911467609526
0.585053464244676
0.565302969512935
0.55712971830227
0.611683413913939
0.480386819559848
0.574861561477678
0.528570938302652
0.479411415054297
0.443068809760269
0.613054313667742
0.621774609452579
0.578162195817495
0.475434302480209
0.314364170852859
0.423459907104864
0.418292545713636
0.400818352515166
0.464165018188567
0.542483372163976
0.586292256284743
0.516838215700747
0.411607749833226
0.581764814406213
0.605033979416527
0.54010614040421
0.464359406376845
0.382144951448039
0.446141854656627
0.451568516632309
0.56464117014165
0.578100450983264
0.521927599765075
0.568501824770682
0.566392704249072
0.454083263087318
0.560342744716422
0.426021741277726
0.456761981097695
0.609930978255406
0.354868587887648
0.601885645775063
