0.17
0.100547375854205
0.10849629162416
0.119874697347255
0.0932563478131942
0.0929921468110147
0.0804282328835572
0.093116603859043
0.0838529446310433
0.0719760605533757
0.0822518391609173
0.0863681280434136
0.0981367059911904
0.115970349759793
0.10227046880102
0.114652854619006
0.0746434870426431
0.109445413874394
0.0994185042592216
0.0997522647649136
0.126036877443482
0.089405342377626
0.0985619252403928
0.119125763723047
0.0935186862268095
0.0859824911620783
0.0755510672652912
0.0805624794998267
0.0731428786606243
0.0958678790927494
0.078989818994555
0.0806062320772273
0.0784894299094074
0.0910870577540498
0.081596321501059
0.0960452245746749
0.135076886560063
0.111010511807611
0.101595473134116
0.115683113576189
0.0998076537995609
0.0917431249265986
0.074649450056126
0.0891119268728872
0.0930516079989542
0.0984678160296425
0.112573314515967
0.122578718901291
0.0797714963469065
0.108181900888524
0.090579329678151
0.0804740961944456
0.110828232124396
0.0898324443296697
0.0983056349623833
0.0889849753754078
0.0926897227345879
0.129597761042582
0.0932538775466816
0.105044766488975
0.0884549825536956
0.102033413818339
0.114236570866323
0.106352797685409
0.0745106899163701
0.0943064105547254
0.100315891582046
0.0868733457651872
0.109759740297154
0.0606546914414157
0.0828372056332823
0.106534481753001
0.101524635546164
0.102572153730849
0.134100387924437
0.107390441679901
0.110766382612313
0.0793859122690845
0.0913199749501844
0.0905455690627782
0.0616146705159985
0.0796778337341442
0.0954286361984728
0.0921738719419272
0.105261548651436
0.0935307663340074
0.105285916150534
0.0822361963987709
0.080894896449555
0.0798653445382925
0.0773339486524816
0.126951095664164
0.0735493396091231
0.0706739502725844
0.0806492495987004
0.0813297396446651
0.0712000491997187
0.0856639544432519
0.0685602329288119
0.0946034147120006
0.0862237130715066
0.106741170718213
0.0891226011517354
0.119555587767128
0.0915253593160091
0.0853996002367543
0.0898246544166053
0.0748665159146907
0.06602455723588
0.0787973248470381
0.101875133023553
0.0960507592146122
0.0804088503628241
0.0786182369123999
0.0854666021197403
0.110563238762041
0.0958146550033188
0.0890473730055745
0.101300305421005
0.093755131678781
0.094287084674183
0.0823793774682707
0.0946787491230024
0.0734695619373864
0.106868002537355
0.109058670279024
0.0867439369963261
0.0866968892496787
0.089134247104945
0.0918775144411631
0.076646376828216
0.0990141737123353
0.0631901674479713
0.0754281662012689
0.0877531603737436
0.106470282583603
0.0707301912389477
0.0836312067559189
0.122301546602899
0.0759985151529504
0.103097726551288
0.0855373974025052
0.104289577312972
0.0985863289637792
0.0851824469723456
0.103555641033419
0.0776535613135331
0.0678004361156172
0.0979558217347973
0.0774939132142613
0.0798991295789863
0.0922790299895795
0.0963274565026577
0.0993136203287436
0.0891848476518944
0.0782945097894009
0.1184991101104
0.0954030122532831
0.0826244788067106
0.0962691474364469
0.0909296887338242
0.0862797990672267
0.0720320933664286
0.0792605113201836
0.0810693861482031
0.0927927766883642
0.0848541465519312
0.0917402307763745
0.0939586658238009
0.0945500550233562
0.0862633132378866
0.0935983028524562
0.0944054382904969
0.0811691342197714
0.114062321555542
0.0716162236731526
0.118808228001136
0.09367033080644
0.0836142053221886
0.0943688704354189
0.0647491637276408
0.104353433497872
0.101645631753144
0.098207092117181
0.0947857551169772
0.0980535205995055
0.0876123043690898
0.0948401952729451
0.0881269817028525
0.135015012450433
0.0943203118270321
0.109209042503219
0.0977938540531927
0.097634393389464
0.0906426928443063
0.0771687215563207
0.0922627824428666
0.0859992657423283
0.102019372331529
0.0934008482010513
0.0938302553981133
0.0908531410296626
0.0940153259785961
0.0858369697178848
0.0804647790350015
0.109120454985662
0.10639673307591
0.0906376357333392
0.101285453558626
0.121908411962986
0.101274367492935
0.0921025976984594
0.118529009442241
0.0952495328254676
0.104889224186486
0.111650992503421
0.109196565295569
0.10150361870273
0.102933666683449
0.0838457662539891
0.102350172639333
0.0813247677278514
0.0961792552626222
0.119429298346302
0.0869386697803354
0.105858143573733
0.1029633000484
0.0973067576522169
0.108149021087485
0.0718261776075476
0.0800720176722374
0.0872384494665472
0.0766323955665793
0.0957953781821867
0.0716392620019292
0.120814605994504
0.0766420865951172
0.0988461178429777
0.0906362808878034
0.0922903825507013
0.0958317535666958
0.112100082545162
0.0834846534793469
0.095536232301739
0.104385107427684
0.0978756422339715
0.105269511216274
0.0921821894911323
0.108915024415156
0.127180505949483
0.103431238842924
0.085290297760561
0.110417180764642
0.130551392070459
0.091761283451583
0.0833040644481824
0.0743197370055117
0.0972830853541504
0.137292135971001
0.101337043338173
0.100257261507886
0.110475595975755
0.127158555825316
0.105838052943801
0.0825163759574238
0.102377116428815
0.107940865613094
0.112070010045976
0.0738746676482814
0.0900078399805311
0.121840562428304
0.116347653232076
0.107929810435308
0.106328807573738
0.104392164057739
0.0884749953643614
0.0859118972011663
0.0699077995708426
0.0906094399526424
0.112452836905421
0.0825626827529634
0.126986169154689
0.093106230950277
0.0881103079731055
0.120609060704898
0.081543393422638
0.0928985819105483
0.0930174088176481
0.0895473161025681
0.11309764131305
0.0737025818994939
0.0873503235434935
0.0822303542468973
0.0918853510797972
0.0851238499461597
0.0767438806532704
0.109536531044583
0.085250672522311
0.104490398200841
0.122405205710109
0.121167662983249
0.0844537594609076
0.126119301979399
0.0913179765080363
0.0964160628802111
0.0914343579109487
0.10739502158122
0.0843892212833067
0.105219699805219
0.0897142302458946
0.0840154498685377
0.0726926638890431
0.101303865520888
0.0832060684914128
0.0981628964567207
0.106481500253686
0.0862017790735283
0.115503178741304
0.0950372873448764
0.105659438446192
0.0951740819397315
0.0887516592984629
0.100813942598527
0.066574042148128
0.0863527697525541
0.0983850401068165
0.100830867797722
0.0645268856463995
0.0944843710422615
0.0991233959539543
0.0767794174986101
0.0944068332169279
0.0850286463628609
0.0902483150392158
0.0964156082556363
0.1147399430334
0.138053078947458
0.131010324393576
0.0988586497637355
0.0710245536776913
0.0957616802323631
0.0785819855431957
0.10532970590584
0.0953967008326443
0.104065783242896
0.0981514158336563
0.0849694594811638
0.0895563113719766
0.115822962568668
0.10538532704059
0.0834665393230164
0.0966643991920941
0.078148163364985
0.0785253305242825
0.109771797325893
0.115528658330381
0.0926481168070791
0.0675784293541859
0.0898777706159735
0.0807785296322699
0.112952376449058
0.0859398083341732
0.0923764789585562
0.104881167861942
0.0853067268800816
0.107559489144386
0.0881600766538624
0.110897844173099
0.0864456369546376
0.0960512508019373
0.0919315698538268
0.0762252611760224
0.0895358267632925
0.0878468121717082
0.0903744577724162
0.107513578037359
0.122207668249722
0.0949785388772743
0.0851753748506709
0.0842819394559359
0.079311641207835
0.0765991651946971
0.0950415886916705
0.0787090501712639
0.0891670727245689
0.0755327886942599
0.0795611573167005
0.113000335667637
0.120987390241074
0.0894159863370447
0.0719792735938767
0.102989501665114
0.0909282531907083
0.0977995517105535
0.0723880379628098
0.0866865120175386
0.0773940126765137
0.117142398354205
0.0833055328353546
0.105666097331876
0.101945467446438
0.11289122528966
0.0741632479845078
0.0790247753330123
0.0805224360138726
0.0818056326174348
0.0825278815472702
0.121463284629306
0.0930795224919982
0.0890842171839202
0.0682572700029329
0.0951605480438955
0.0962759410457211
0.0834322346798223
0.0964825824272273
0.106582995175801
0.111256683675872
0.0972175671854953
0.0778187607857638
0.0792833096574823
0.0671884474715601
0.062811196185115
0.0884385803870288
0.0780491990109362
0.1299150304805
0.0901920382150982
0.11606131266662
0.0713122208212458
0.0890439020136586
0.0751237821941082
0.112960321294966
0.10858091666727
0.112272040734459
0.0772902347037159
0.0840938292824085
0.0916252058759394
0.088450408867842
0.108362198969998
0.11013193348282
0.097717652383116
0.0834480135970821
0.0757104501988133
0.0712698143541732
0.0749630891758666
0.125021470917019
0.0998971431963774
0.0914645750209803
0.127784279422049
0.100897875756357
0.0826260421273314
0.100715032593072
0.093230934579811
0.0901458825986642
0.0762502780647965
0.119557439947759
0.0948263438822516
0.0903876724838455
0.0827591445185341
0.095456967339339
0.0947384095192222
0.0924445016703001
0.0988395198104322
0.073007009189499
0.0680834193101457
0.0869919984704077
0.084434545318933
0.0990651191518225
0.0800179503110501
0.101631348714688
0.0907467285336055
0.103969195890449
0.0624789360505118
0.104068858447623
0.0736380290101792
0.086592663837769
0.100415781333718
0.104628793357302
0.0904273998185916
0.0848716745010075
0.103081032990284
0.059554159176958
0.0828491814595074
0.0920919280606548
0.100392420199618
0.129130699897968
0.0897536153922255
0.0759971316766018
0.0739854082878993
0.0974757375018217
0.0990887837438687
0.109819556009966
0.104954961067272
0.115230155104213
0.0777581007015402
0.0721275816044998
0.112952817249534
0.0841755166462771
0.102592212534876
0.0840763396615045
0.0987691682931295
0.0950209571583298
0.11682015430446
0.126137191375063
0.108309313045005
0.096579231272467
0.112425545240253
0.119557674725383
0.107644059566946
0.0840402133579082
0.110304761450111
0.10941750272072
0.108332811054533
0.10715956844328
0.119325996574105
0.125448138828386
0.0989463287330039
0.100447878596198
0.0923901888417144
0.0832285181717315
0.0894325499477717
0.108061906638457
0.0904533612061428
0.0972124176018166
0.106706824159803
0.106314341777555
0.0914509929258673
0.0807374350109056
0.111600903213608
0.0826744855684496
0.115326473486931
0.107881145347576
0.0794312837793004
0.0911060732835034
0.0751462646562269
0.0723572020570322
0.0669501855991728
0.0956128327774794
0.0922753382048511
0.0887524669098419
0.0807771519458429
0.0668789117241775
0.0697751603735944
0.0923079907900198
0.095231508834944
0.0960352341197192
0.0836570282813928
0.0961908972622367
0.0918442965220359
0.0766053860857264
0.0739204146517276
0.101432049053851
0.076718384033158
0.111247951542433
0.103609692917786
0.0923346626230057
0.0800504275451074
0.0927514724024515
0.0750436700501042
0.0857079964287129
0.0897441235966726
0.0553279946794929
0.0969278898666767
0.0729282478251532
0.132913232103795
0.0575509393517718
0.0779483010990405
0.0826680544360122
0.0798122501206119
0.122096141490398
0.072998748667726
0.0772734001044188
0.0900656619185112
0.0838837251170455
0.0627938755702158
0.0719804432431393
0.0841576743624965
0.101614768058699
0.0906841984511964
0.107188689079426
0.0910548836693954
0.098569648960083
0.0726286587260008
0.114454934248299
0.0936969973270295
0.0737969517209885
0.0873392929624039
0.0933856602232778
0.0686239529717634
0.0674650011298541
0.0972544669117134
0.0994797811142605
0.0898339935530897
0.110941658027048
0.0850745635299237
0.0895683497793276
0.0959637134681038
0.073521456230352
0.105251300225999
0.114586018877691
0.103971465022607
0.0849407696949483
0.0668238268509974
0.0659627733490937
0.103152818087687
0.0984571623597277
0.109826043262806
0.10697369893245
0.100515269129206
0.0956918295529984
0.0764092100838491
0.0905015080533892
0.0786333704931213
0.0952269230025055
0.105244933609516
0.0932127568598856
0.105960800501365
0.0963970543039208
0.105095741559919
0.0975868273776348
0.071131658198827
0.0655680489563625
0.106016648570078
0.081215866769449
0.0799282073455961
0.0935874107304302
0.0763831804773785
0.080007912098016
0.082637366082352
0.102465368411367
0.0992817305007097
0.0976107659806926
0.1060580824122
0.102847755687182
0.0910320511440103
0.0714277559909034
0.102655468177415
0.104335319232894
0.0936340989862858
0.0824043773371278
0.0797759408347435
0.0953993038520299
0.105141117988816
0.0905902900034659
0.085961449919573
0.0980870300320443
0.0939607800439614
0.0930457119359148
0.0882862072339135
0.077384380331301
0.0900204319496158
0.105809619694443
0.13814399768166
0.0881876691904023
0.117940809347569
0.0822102978361915
0.0808388586457862
0.112675423690929
0.087312487886549
0.0984382411974932
0.112336350956164
0.106981482456512
0.0769858903988015
0.0861210659709842
0.108118899075219
0.0660172165380655
0.0731750869822542
0.094960654519378
0.0846509496998812
0.105893268069005
0.120646808895797
0.0943203702429954
0.0932814408108927
0.103559316486252
0.104157474793853
0.0836294860059827
0.0752846295595702
0.0964843566473693
0.118519234236407
0.0760418920350142
0.0941656297795051
0.103694734954683
0.0890281383803109
0.0988033581402672
0.105760956797338
0.0813931858611471
0.0940935270055343
0.0734331795275249
0.0913152340596221
0.0928668718488281
0.0877174102453482
0.0848189239455712
0.118588343968417
0.0830996739368953
0.0744897304388687
0.0659861546552328
0.0920506307580602
0.113291163853885
0.111848405905204
0.0931889325984745
0.0908317160051882
0.0829034487345861
0.0847924435395758
0.0967982899108609
0.093163488748028
0.0710927177410292
0.103944713102191
0.0845955089037655
0.0883936889394387
0.0910713513310812
0.123239736250628
0.0914418938149472
0.0914023612988212
0.108688809998639
0.0765485831776418
0.0924301928711173
0.0879540077945335
0.0879948998591066
0.0777443569585133
0.112655664758743
0.0821005807862677
0.0856325703277713
0.0940604209029829
0.0808857819438748
0.0951262128729951
0.112694176118802
0.0763843976646181
0.102317116518087
0.0713631400239305
0.10413084177849
0.0861260436390795
0.0903627251758186
0.110607438188903
0.0798586827859057
0.104938448500525
0.106601670445666
0.0943805238743416
0.0791088494639378
0.0945405140449872
0.0756464351589245
0.103455271575131
0.0782120061529812
0.0872432089156765
0.0870954376559023
0.0687467035284803
0.096202206139315
0.0987394502756311
0.0971653695200162
0.0804144306101155
0.0865277074487809
0.0791296275612345
0.0880692522448631
0.104326748346152
0.0896942557696205
0.0845183854224121
0.0890723699934826
0.0933732809176191
0.107449049190568
0.128712795638263
0.109345691462659
0.085547714528177
0.0734529617741207
0.0922104824212922
0.0990476303554298
0.0813918881876354
0.0892936199157005
0.0717849099177395
0.075178908755227
0.108228778846522
0.107103264309749
0.0815193750889176
0.134579655223195
0.106240361610164
0.115841829889554
0.0761926211478641
0.111345286058727
0.0798776404950922
0.0927989915926214
0.115123375596418
0.0795102339601268
0.0738645909312317
0.0798979403151057
0.119886696123953
0.0693647897564936
0.118763156902108
0.10566935602458
0.0946417074852348
0.0813200508717935
0.0978524451334882
0.0900783283358992
0.0873652566792537
0.0880149324869358
0.102942126128403
0.0982433064307191
0.0979122412559551
0.100097579022943
0.102411730692476
0.060749249037468
0.0974561977522991
0.0719001035577092
0.0817064679546911
0.0725254937171585
0.129803965306519
0.114790047453793
0.0820137894646471
0.0896131574079555
0.111934563549216
0.0975634685635846
0.0983862420119648
0.0939262514313483
0.0992361491689936
0.0741159105997109
0.0969741744695648
0.0975585926388355
0.0932067292340425
0.0739438309174987
0.0874133810165732
0.10647851212615
0.0894629253772511
0.0617280243524228
0.1190881710982
0.0862327439829452
0.0763461773658208
0.0955546349289065
0.0968439133196703
0.0864231668531474
0.105548314704719
0.0951097757240479
0.105611884681468
0.122856033846774
0.0968485546713227
0.0769998294371916
0.0814334459876855
0.097246816114633
0.087358134270631
0.0779282659655956
0.0786731733908339
0.086146207332495
0.0984218787492677
0.101883009939746
0.0788193956666909
0.0925834024929128
0.128629916713257
0.122352043378032
0.131108747745358
0.091782129892886
0.0988235182417274
0.108990765361886
0.117680101081409
0.083168915602103
0.0808533359389
0.0993016747917369
0.100749186429717
0.10735601376712
0.120462612432909
0.104716933291549
0.0599423874282963
0.108115128471249
0.100082655607178
0.0797195306747323
0.120984826728103
0.112362374667979
0.0722638421978372
0.12456160442885
0.116978897460949
0.0788762911389451
0.1185999746844
0.0822592188508896
0.0883437109882071
0.0726937224993364
0.0967261733329579
0.0694310422130616
0.102977474943609
0.0837490487143128
0.107105235527683
0.092276871282805
0.092102313970833
0.0936949985744966
0.093086801528224
0.0733322888329192
0.11700327147466
0.077523026749565
0.0899166635045372
0.0993560960059102
0.111035128730328
0.106446588747979
0.0833290295748016
0.0813906073961921
0.0835311221277611
0.0729346007421196
0.0946569659912823
0.0862416166065919
0.101412499946925
0.103348590821318
0.0847043498707684
0.0897979675672986
0.11229297478407
0.10617059945167
0.0658288543979924
0.0900526775918904
0.125298052570693
0.0920737293707185
0.0956480454580582
0.108209870864192
0.0699855819488616
0.0771991463463022
0.0980753669624406
0.0833816635969129
0.0927554069605376
0.106509817595496
0.0952732750641339
0.0764498839113655
0.113483259445528
0.090653381176005
0.0881363476291182
0.0872059341516579
0.0981372973128734
0.0989483279454446
0.0768117013683201
0.0963968942429606
0.0925156341329783
0.0827244545672079
0.0740627229764377
0.0987158714811146
0.107630072546808
0.0616058129457354
0.0966547623457974
0.105292033904913
0.10242319795646
0.08724755249582
0.0803261732653163
0.0923304733170981
0.10860949100562
0.0783372496843185
0.100945919483661
0.0681770664161238
0.0750048611224976
0.0664835380247526
0.0983864676072646
0.0873783826911453
0.122115496063084
0.105282835925294
0.0781393484401778
0.0900225981612637
0.0854264493971871
0.088645823296183
0.0966163195073521
0.0943319319846033
0.0958806542691363
0.073437055947739
0.0935074943305481
0.0794774777378748
0.0963788432138011
0.0935619886246941
0.0949765656405184
0.0959922762086862
0.0942350781742377
0.0999414136986357
0.0778340976866168
0.078479036009276
0.0987968618010695
0.0901400427347412
0.0920925409799659
0.105617426216342
0.0946669257681904
0.0632022120543815
0.104382849667513
0.0943343637330049
0.100067170722208
0.0888845319176734
0.0984475326264913
0.0843448525770726
0.0932084092205917
0.0986855649729943
0.0935716303566622
0.0869882241303948
0.0882844205966929
0.109240039525725
0.0953552476173137
0.0998203803321173
0.0952629322619398
0.0742383511952494
0.0913811453287161
0.0857314824001351
0.0811189328857724
0.114752616395095
0.111891038949259
0.0916733803739984
0.12428754343169
0.099688276698429
0.117382614961859
0.107821926069045
0.109236009554928
0.0978316534515196
0.0908401071774058
0.0953346501193917
0.0896729613290465
0.0999814208510704
0.0675036120325793
0.100368133123517
0.101036218161965
0.097717067709042
0.0994631401471969
0.0806432182542426
0.0915568080807621
0.0783878410888063
0.0700117942476968
0.0810301235620932
0.0778945894021049
0.0679843241370674
0.108332519268898
0.102458032890325
0.109342828922976
0.077638181686811
0.0892168754133223
0.0940033976607653
0.0944291364857372
0.10858458706013
0.111316657094133
0.100304243088753
0.0791345934372168
0.121733421434618
0.0874490034924771
0.095575417073553
0.11553635328322
0.100661995433601
0.0877224668887871
0.0944980299105313
0.100039557055927
0.0664788290534536
0.118450213510726
0.111904997732255
0.108646972353623
0.0757349159377042
0.0863345933106787
0.102968384716729
0.0849431489168684
0.107192659640406
0.0902840791899763
0.10146119641116
0.0914562750057121
0.120519089617932
0.099392584374304
0.103224650759286
0.125874985951694
0.104077352327452
0.0779161465840796
0.096149976029059
0.0957306635581286
0.0871365344325866
0.0851772689047682
0.109767777684046
0.102812215968586
0.0938582002885511
0.124423496538473
0.115870931407267
0.074200474283127
0.096219862995119
0.0986549188208954
0.0740955655435445
0.108923779938655
0.0822304965901113
0.0957200779202788
0.0789471067851663
0.0915107799696119
0.094800332141287
0.0856174575643589
0.0858082037162826
0.062385125785794
0.074145015972488
0.0761878080720284
0.0934366145548783
0.076237758175747
0.1044491139599
0.0968545257166244
0.078310261497387
0.125583406549046
0.0974099305566661
0.0970763223760009
0.117752217770838
0.107374474658488
0.125490616484508
0.0928187882812412
0.127589064693705
0.155361764317322
0.0781330783806595
0.120565044075644
0.099095815713608
0.0907178955793335
0.0746547761285224
0.0934621108412711
0.0948089231331722
0.0974330525199393
0.0978587835977623
0.0987701444818599
0.081565105299839
0.0922492929245702
0.0924609454595406
0.115097342569583
0.0719021122171934
0.108806256773853
0.0763003129356562
0.0717242226125904
0.10946548830095
0.108271111249979
0.108977495986421
0.0936959592763154
0.0988712093281864
0.0847473147353731
0.0946128222431419
0.0838712308771818
0.0950419490127227
0.0964272709031456
0.0985479094208533
0.0991418371626689
0.101953996728763
0.0706177491289033
0.0940526414066621
0.0995146543238653
0.0912166406700676
0.116359189819888
0.0863033602977258
0.0878773033834736
0.0977122447402898
0.0671816179189744
0.0820490804988106
0.0712477181473995
0.0803757558790199
0.0744269100724461
0.0920135708449196
0.0958534688337658
0.0683735682712518
0.0755087804291359
0.0615137523292759
0.0851843543627871
0.0959812675877858
0.078456094083564
0.0918673424839904
0.114116448670187
0.0802465546407989
0.100215204371056
0.085872225385522
0.105773309589471
0.0873402958582496
0.0770645878892357
0.0839424526093178
0.0920596075231301
0.0990553180521999
0.121282791402718
0.0706989617630845
0.0670931049827253
0.0958290552182209
0.0939419341234561
0.0713772538675073
0.104183073512246
0.0928992438995071
0.0805463444931403
0.0861576249254831
0.0978841478238131
0.0872299243160733
0.0751406460205419
0.0882668759211875
0.0801624448490887
0.105794149718348
0.0846857031443121
0.0966952172368387
0.0887893165757486
0.0690139716894268
0.0961046522705419
0.11350505671251
0.100052430164847
0.0902578788801632
0.078635768957409
0.0765214269586441
0.073789959604048
0.093109775867721
0.107958423647769
0.0932075548215019
0.108116375304441
0.109164624540285
0.0767065342311028
0.121533562303204
0.0939411839884436
0.0677575614868543
0.0948849604975903
0.091614183475113
0.115099904915455
0.09206095940746
0.0994488057538873
0.092260525529621
0.0913881296857339
0.0996801304578013
0.0820806145819159
0.106658689528879
0.100812269200729
0.0954458350394738
0.0816696682783887
0.08178680896196
0.0716332457818938
0.0643853160190443
0.0946883272827547
0.0872659300041163
0.111591610577984
0.0979423086492354
0.106716234409942
0.0935002564804807
0.121949985603006
0.0741977551312532
0.0872712406801598
0.0705247654793785
0.103235373983404
0.0689849149584157
0.0739786758525158
0.0775791472559886
0.0874523377670096
0.0797224443570219
0.0782589533747408
0.0975409915657721
0.0934474403992598
0.10017612597903
0.133176490461143
0.0940880199984856
0.0888494267042419
0.0989346909905539
0.110063198099387
0.116563437676983
0.0978144678940329
0.0961913894535913
0.0744642774063786
0.107206021746151
0.0979071623017781
0.077123551880195
0.076578006620575
0.0982123494906009
0.0830775228062616
0.0668151641952112
0.114778584793167
0.10052764565784
0.125979445388666
0.104511982447272
0.112019322933902
0.0837482066278719
0.107362650423769
0.0923608260980714
0.159308373029071
0.0870321589588203
0.101480827552046
0.073433094485725
0.114429849033402
0.104047756467248
0.081585642931153
0.0931949878213914
0.092788631303451
0.0989300027960291
0.121846491491802
0.0978659571113938
0.097422713528043
0.0775141063005934
0.103538642921168
0.0783148021517388
0.0796896524155182
0.0796829803749521
0.0660548335117672
0.0949027356057097
0.113129392139048
0.104184495148115
0.087220604906608
0.0882434040656596
0.0605758393690519
0.0921147156148824
0.0938298435860669
0.0965535740461939
0.104180462557882
0.119076480954447
0.0717470575153929
0.0804539626332523
0.100205400722145
0.103415287948855
0.0745472963099389
0.0665342729641236
0.104350505864667
0.112722992441159
0.0935701755228598
0.0893098095699689
0.0987758613064606
0.0788464984783461
0.0787827352784708
0.0761139781588861
0.0593053410905145
0.0689318987621355
0.0833931695119082
0.0905417035226024
0.119296028393029
0.137147185340975
0.0861146365628168
0.111737418481795
0.103409051782751
0.104416856496022
0.0766860996835875
0.0966946061148718
0.101142313090556
0.10867858182097
0.106787855014677
0.127278526160171
0.0943726705405465
0.0918175060152684
0.0816540905785376
0.117697730157833
0.0963970303415403
0.0956368354546708
0.12462345430913
0.0968861709787481
0.0986034742254642
0.128165025329401
0.0828511516949514
0.0991666589948818
0.0808855133488126
0.081509227462588
0.0941168250793041
0.0868639866772632
0.113290949454278
0.0713471018271776
0.0753776833819564
0.090205570775105
0.0968693891780624
0.108802316627044
0.0895189434918816
0.121095532658485
0.0992274085591968
0.100465192302925
0.113317274464931
0.100479757515995
0.11197836147122
0.0776717518888972
0.102152269927123
0.0737188267660796
0.0983840543105014
0.089087293835479
0.0825125531311705
0.0851949907806063
0.0831866017553018
0.0679177831171627
0.0745717412046561
0.0938660647361143
0.101106231975453
0.0992028369654896
0.0989981900362751
0.0871354662844895
0.103549757631242
0.103277694022492
0.0724631107219681
0.106710774307498
0.103279536488408
0.0995055850353637
0.0819671833258847
0.11687677149317
0.0842790852289879
0.0930378116798789
0.0894227729075286
0.0944594467704894
0.0998532826087149
0.114500513224591
0.0694131679272718
0.105860483386207
0.0934704495655121
0.124227530804726
0.102429855567272
0.0700379377985042
0.0876604736164812
0.105828781515984
0.0778127708234405
0.0966079977801138
0.0849052390835707
0.10174299608361
0.108410725043405
0.0812680646215458
0.113237306863083
0.104016286622584
0.106827063519613
0.105066870439002
0.0670052790214477
0.126460740500078
0.125324695715095
0.126968751575581
0.0702792090582783
0.0853766870003753
0.0890227547419401
0.0820895734457522
0.0936393093391267
0.084159428456967
0.074980076063084
0.0986379658733955
0.0865896045744162
0.0782911537590788
0.0836762287291476
0.114023754889441
0.0772309835798137
0.0768723446263353
0.108683375039644
0.116975998189756
0.0957439688942554
0.0894939695522642
0.0789479813758225
0.0904879941003894
0.0916278878182565
0.106235286128833
0.0855429573876779
0.118567317270449
0.0880645667094531
0.0721236820459206
0.0900676062679275
0.0687567600823484
0.0916248597728454
0.0640505919454764
0.0830439345059421
0.0868139175824238
0.0803222752587039
0.076237387874597
0.096120522322099
0.095740586690338
0.0855417862605681
0.0965508263419737
0.126829118562876
0.0905951399603297
0.0976349732617865
0.0799020233984706
0.0884129509121236
0.106289714917263
0.0945402578153303
0.105162715316945
0.0987571451447776
0.104388191315904
0.0827333398117393
0.120598497599822
0.100393658412923
0.0803362327543577
0.115868401978926
0.0910431608033047
0.075189122296173
0.0841267695725963
0.0918323686775193
0.0908830503918923
0.0697038019349431
0.100035758779938
0.117194205792369
0.0874723743107601
0.0687576787254024
0.0856181573883234
0.103360498850613
0.0794912730617491
0.094078185436512
0.076220906359915
0.0777065605688013
0.0820308696593281
0.0833245385604908
0.0928558341615457
0.122373875125717
0.0990308636887036
0.0884158521450817
0.0936818795761526
0.118049953874732
0.0790433707130113
0.107808084981294
0.107823206094986
0.0848306237077345
0.0750320187537365
0.105790926583509
0.0791884567997605
0.102397033974609
0.0741094149865414
0.0871144174599587
0.0967057311442029
0.0744173976532718
0.0696370107125361
0.0807654714639029
0.0797170573890263
0.0734038772516046
0.0961835753179082
0.11290050049378
0.0846502421924384
0.0856002303746805
0.0929665307795744
0.0894958846092731
0.0848627030774289
0.0709512790206473
0.113907728441608
0.0945286622327392
0.0984071542336603
0.127078179160153
0.0796558276003171
0.0874034323904006
0.094963765153579
0.0785801788851963
0.0840499419285056
0.0833555729652747
0.100463963993433
0.106322268243125
0.0984070936289679
0.0930358794910113
0.106997326319232
0.109305809643503
0.0821664718134924
0.113123224489844
0.0962464829109053
0.0829401437450163
0.0990295006346024
0.108548849903796
0.100972486409729
0.0815317061111894
0.0919296974982261
0.102494845884497
0.0845700666152222
0.0942253759151495
0.0936023850344141
0.0857726150333552
0.100437229927896
0.0824491030592486
0.108408215088144
0.075990029107651
0.0774649259261327
0.0863195461077717
0.06780279507033
0.077836069642743
0.0757397899862638
0.136037506528184
0.0913973054729893
0.106260004724155
0.12053136744841
0.0808809069895474
0.0850059112512643
0.0776135242453682
0.0670063862314459
0.0894923854848187
0.10407716512272
0.150433161294304
0.0899011542394219
0.0883333880586806
0.0866055889864382
0.105597720390148
0.105622289602633
0.0783263550034211
0.0844087768008063
0.0926071305695239
0.0867289118847636
0.0976228547196694
0.123485726689176
0.0775425467126518
0.0841703428502628
0.107915094383343
0.0846992833694985
0.0721999973857696
0.0704035444612853
0.0840269176137011
0.127912900329941
0.10561404293968
0.0939518865687074
0.100189987349242
0.0889092615287531
0.0711949166893446
0.10680702847947
0.0730649116006916
0.10802499222036
0.103877671909064
0.0982040700356786
0.0882545119147121
0.106182115387024
0.0983891518872395
0.0806706776151351
0.0839369421741694
0.112415093712276
0.0900532397465181
0.088505784989054
0.1102156916238
0.0880739201166366
0.0824039662812691
0.081154915595532
0.0992465050666449
0.0713043527644984
0.0934672605163623
0.0691382304366386
0.104342478842089
0.107636044659249
0.0649233988542829
0.0839225901673764
0.1074070360318
0.101420796861354
0.110439926828131
0.0913872305318798
0.0784412465211617
0.129974369781561
0.0755369843528958
0.0930712849279756
0.105070744140135
0.0900765790446017
0.130884505762622
0.0915672757749391
0.0909397472231537
0.0978485684568795
0.080515540935415
0.0872005892474724
0.10049485249214
0.102462157549139
0.0728944676501836
0.0979011262654948
0.0759241164252869
0.0996403049836287
0.0884793104083719
0.0796621824633405
0.0598660894689072
0.0865780041816448
0.125486688535325
0.0796993694015535
0.0989473033118643
0.0818829469535345
0.118494209541581
0.0906123077528505
0.071296610902492
0.0914184491000735
0.0899241705005618
0.0901136496969345
0.0960066547641574
0.0868267460406342
0.097657017770932
0.109719801968198
0.0913584783389498
0.0868586574214868
0.0806296287644642
0.101313751123214
0.100697844312657
0.0923457676223403
0.116636477379871
0.082358556371021
0.0751081262640276
0.104924764798134
0.076860309958747
0.0733213963873509
0.085067137060801
0.0811572990577532
0.113261814249011
0.077906542968492
0.101578165585735
0.0920553476426009
0.0763688392404656
0.106123582640621
0.0849646040935052
0.0970168698136187
0.0838664558876431
0.0852207980104429
0.105694595106843
0.0851969540465416
0.093688327985962
0.095978736218282
0.0758032104330281
0.063933076600431
0.123900147140815
0.0800983159571199
0.0883307060185918
0.100472228553759
0.10232178259898
0.0906499630173505
0.091130754192618
0.0857189435457329
0.0926978037642176
0.10145557879141
0.108304044200843
0.0955933964676122
0.0699033059396697
0.113409100827385
0.110667928532864
0.078614945662463
0.0760954602450568
0.110194416134078
0.119324873796162
0.0882854591528677
0.116028643332582
0.0914806185145527
0.0977332418711317
0.0969562549341818
0.0872649228998046
0.100210350537143
0.0735017674407547
0.093913480611221
0.0805229012449205
0.0739565790723101
0.0729901814179533
0.111862084122617
0.0798593343773873
0.0908509005201949
0.0799458449236972
0.105756039701112
0.10368227365016
0.103190315277239
0.0877151609346767
0.0697942318634155
0.100832877497195
0.0934746674412013
0.0881957036865522
0.115484291749917
0.0910391729510063
0.0784298419232721
0.100317933395676
0.109081925447883
0.118422116426864
0.105548806454023
0.0939302195288955
0.0986264802324443
0.0929931737617567
0.113982444838634
0.0991389966738013
0.0696314680335495
0.113045108085709
0.0835433640298152
0.104160414906578
0.07446156587508
0.123907313219495
0.106257785543801
0.102500378972388
0.0888713983426034
0.097703699850887
0.118216786265322
0.0998913888469966
0.080595412643905
0.0849512047917268
0.111017516156643
0.0867108484128147
0.0993160817218191
0.0960596715163696
0.103083170765413
0.083523345704444
0.109472629110236
0.0820740123766988
0.0818132899461513
0.107408886311346
0.0813624934796668
0.105296987741764
0.10500205808424
0.108219957348461
0.104575178297869
0.0971421506798064
0.122096111370941
0.0842981076442706
0.109696415051482
0.0911632369058532
0.0825395995598501
0.101675057657991
0.105912275758177
0.0906600642260699
0.131400086064736
0.118967011710735
0.113317970424449
0.0953798711760523
0.107461283076953
0.101759310885616
0.104877019270796
0.0654768068752461
0.100826949362264
0.0998486822235469
0.101044312742989
0.0959522165573342
0.0989487455990641
0.127000531594665
0.0931965832809958
0.105498170995414
0.122936778393156
0.0779038759979218
0.0732996833407056
0.0737884475134658
0.0795005894811633
0.0852590024052291
0.0999772314986684
0.116731118714502
0.109184202751581
0.0877702211244929
0.11602015101307
0.0781367728859485
0.0845203435888375
0.0672911671877932
0.0782534663793532
0.0922182749586741
0.112494901250684
0.0889689407649551
0.100094271778528
0.110314215001232
0.105598513263195
0.0858713175610609
0.0945631564169084
0.115588471373215
0.077033386801295
0.108391896643317
0.101159901580637
0.0865788648145764
0.08135507532774
0.0852854206917882
0.103480551875193
0.0625976739693073
0.0775864007902121
0.0814713640179624
0.0693741623796483
0.0773673665604577
0.0895161769634258
0.0869505773663452
0.0925592435080977
0.0838451367108771
0.0919065800647653
0.108350289655003
0.117837438426632
0.108831488399485
0.0766682442475002
0.103581815507634
0.125666841157815
0.123951484899168
0.105567391004247
0.100721970612401
0.070158145697335
0.132062677278537
0.0934357731091194
0.100816260356083
0.10380561165916
0.107023869212824
0.0980614385692543
0.0841058714911692
0.110548810137673
0.107663191933079
0.0902507168217304
0.0819034784544396
0.0886087875733637
0.0917708166753781
0.108951821478557
0.081962781085681
0.0848502556666035
0.0976995912353788
0.10445554528262
0.120072032249986
0.0846280235630312
0.0761224086801034
0.0965207391511631
0.0737796808530402
0.0901378004338842
0.114947645220841
0.101723675086789
0.118746917911499
0.071260917331122
0.0800103213955192
0.097770303367572
0.097992688150665
0.102560421028557
0.074562415258866
0.0985353309892415
0.0982856706602305
0.104238513913753
0.0936708771023189
0.0779033491874989
0.0780696990233631
0.0852084633916149
0.0848796902107263
0.146252494337398
0.0845921761765212
0.0975237511071546
0.0978837710392401
0.0849586741860592
0.081431194581601
0.0968074957285701
0.077965796974613
0.0563899353042428
0.0718023223463399
0.0980813094949804
0.0929800873659815
0.0733867748663181
0.134566978328014
0.0932893281295227
0.0951354369293018
0.0919741021063731
0.0902766946813405
0.08905970879683
0.102196300777751
0.0642392937142628
0.0844039459331096
0.084339346726585
0.0820136579920125
0.0835717578843042
0.0580438457533431
0.0655508002285873
0.0873265331418099
0.0822487107545692
0.0726268954681873
0.118481771925471
0.105046434068548
0.102467298139876
0.0738945330538343
0.0877097430785992
0.0777195123962808
0.0789592554416888
0.0688288155514161
0.0650950979218929
0.0873619126447015
0.0814480992302683
0.0881228179883062
0.109172801618735
0.0867479741172872
0.0796086618277754
0.105384860820367
0.121048624181768
0.0759303273771826
0.119252393216443
0.131753108978573
0.12782871377666
0.0862385725770765
0.101782363838492
0.0811892872881274
0.0754450722603557
0.103873130017609
0.0706488239134937
0.080188335160864
0.0814692024212629
0.104194468461834
0.109597966358565
0.110397915258347
0.0616644726349172
0.111204832907022
0.112860279234248
0.0940611426797099
0.0830998602370067
0.115387945166467
0.0919759034913927
0.105623874156135
0.0931344453019837
0.090437462637815
0.0822161542467547
0.105580576962851
0.0691404980134251
0.102572283499399
0.102822472006745
0.0771307253118541
0.0953109169506373
0.100165027710514
0.0984425290866548
0.0790317394223098
0.118001951989488
0.100809421195143
0.0902341704788945
0.0948014841620473
0.0731042115481728
0.109537356897507
0.103712485481908
0.0613245656821044
0.0656870577717814
0.0755601598625909
0.0729096487200749
0.078289209243246
0.111522093844711
0.0934359758809653
0.10047535380057
0.101596387434772
0.0862057014786207
0.124909141060485
0.104403334272918
0.094221310842824
0.0957159518664961
0.0935480739209531
0.106232923186493
0.0833322362972233
0.0958698817044711
0.0827069545740429
0.12279314328135
0.072495467133135
0.0868866971793872
0.0876771137009551
0.087840526369586
0.08268113520334
0.11243431878
0.128127314372683
0.0805411718739887
0.0944793388971714
0.0933505800370481
0.0764063043517743
0.10623524842971
0.0968336461679269
0.0995906509376671
0.0772724788591178
0.0994930043823765
0.089904618119142
0.08196069916729
0.0819792398196782
0.104136106657004
0.0958005614088817
0.0886423229484782
0.0826876639344444
0.0939005748513054
0.0933417607672727
0.0751774540061909
0.0859660052204238
0.101135223317384
0.0830554200435467
0.0913880365773298
0.0880279098213677
0.0813961351920701
0.0826902890579632
0.119420946249022
0.0723042268285831
0.098221496684733
0.0786040512803388
0.0779864352732017
0.0859225335803651
0.0826280011227299
0.104345831501507
0.115859952256195
0.106784029434196
0.0831512198299047
0.132068233187695
0.0993677905907623
0.0992465240025355
0.0945495877101724
0.0970363389706802
0.112839759801413
0.0599791359441807
0.0941112435126398
0.112781169795543
0.0995136718032571
0.0921112446908498
0.108342464503824
0.0812393949806423
0.0934004654627775
0.100274696511043
0.0873612688827294
0.0928735534814502
0.0837929697090885
0.091749243182459
0.0991723582730487
0.0651501142393564
0.0863426076915226
0.07593629281733
0.0764222539473785
0.0949424658805219
0.0995587110256741
0.11495098033594
0.0984197601185491
0.120607722429044
0.115080335935802
0.118256769137813
0.0835094646536808
0.0685582581604171
0.121061920156144
0.108023209050724
0.0796177696257292
0.0741188739959761
0.150652976758468
0.082098455044412
0.0902447164417356
0.0961117781034636
0.107071295071658
0.107164956364017
0.0881294106306247
0.0916638820490888
0.0825991844998753
0.0863898419538691
0.0944842067140105
0.0924792734809271
0.10047735950769
0.109168877094891
0.0633056771902521
0.114268846850547
0.066257986538197
0.0831510159244827
0.112260673922079
0.100704608865136
0.117003316124924
0.0944801604917284
0.101929170488604
