0.17
0.0855387795067524
0.090058127002962
0.100113922201469
0.0734021743068617
0.0851992897944213
0.0856375752739576
0.101601702728536
0.0914197306164704
0.0698177166375189
0.108055022217851
0.131006330176999
0.101243137059509
0.0717581581609193
0.0824152097940122
0.111028914953139
0.121053058340385
0.0586362525623069
0.0950140097339546
0.104077251311873
0.08633985108721
0.0919581919977008
0.102664595005476
0.102924523133401
0.136312339252357
0.142889045809195
0.0961468857311302
0.0666174364091468
0.0682765226741025
0.0886795013669646
0.0977273008247862
0.0984215819914831
0.123583599310821
0.0832049066474091
0.0846351571411814
0.0990533835535705
0.100112103106518
0.099089254846766
0.132282053604072
0.105613944448542
0.0999993316650154
0.0759524449840369
0.097023007128862
0.0807246778476593
0.115615351922316
0.110447592121309
0.170764554316316
0.135059139895526
0.10702658213825
0.0782141145002833
0.081483737470011
0.136398964234377
0.0888813825992788
0.106973643237169
0.114670692402825
0.144505101953959
0.109215967742953
0.0697986903382845
0.0923950237479392
0.13096041732746
0.084517603126844
0.116553367350665
0.0790983531531481
0.0740105757746476
0.0840223603067015
0.0719877293372797
0.0901946420444032
0.0839458419138319
0.0798847774464149
0.0724689463872563
0.0849180879150348
0.0786582454044065
0.104664586214913
0.118194409715051
0.0770170985791147
0.0875830035149272
0.100195562311702
0.0929210763270811
0.0854302365595512
0.118269834282504
0.110876078943145
0.111325190023734
0.0955217072083636
0.0706059928281268
0.08854622639755
0.111931787694013
0.0980578119283421
0.111673051957576
0.0824865579535944
0.140703319262665
0.0852896416410669
0.0869793338915704
0.077117812033334
0.0704442734044522
0.0731207414163339
0.0850464992001234
0.059775659147543
0.0864727740556348
0.0723546357053863
0.079717826821602
0.115376608245251
0.128016409298034
0.125570055976173
0.0710062628199055
0.0888567175237313
0.111807974590367
0.0894753369319319
0.104935431551933
0.145758320740983
0.079859957294494
0.097683778911422
0.118180272133213
0.146283007342802
0.119766667856733
0.0921135025999548
0.0795465190643624
0.11316417900818
0.130032267287154
0.145513374206323
0.125826752897439
0.101275685495757
0.111594939200659
0.12938227697472
0.127293051994944
0.0918930453160976
0.0846840976580957
0.124983781156097
0.0753096002924428
0.0852773284289591
0.0787607170343324
0.0987435464165425
0.116752550997762
0.112900019989201
0.105763320252434
0.0662246958316774
0.0558854539754098
0.11900722936213
0.117114934774217
0.0861610673169918
0.0754485623949204
0.108506234089312
0.0914211482771115
0.109434702577501
0.102102794567665
0.104216924923
0.0947625257144824
0.0864601416297777
0.075734398036343
0.0920709220806314
0.107571985444513
0.0778278963049675
0.0954549980774702
0.0632388260959172
0.0636158796536668
0.0760972422479423
0.0727192850415589
0.0970782315697088
0.0863176213687087
0.0888202325779645
0.104702452279737
0.0923036177313069
0.0797910356615003
0.0767930736713309
0.120490271686408
0.119724965818115
0.0870012824153182
0.0957512491340872
0.0970864669611479
0.0926686921614261
0.0922519716873244
0.0929173583497696
0.11207085889268
0.100427538204345
0.099904457276189
0.101979573525969
0.122541670800318
0.11585635107246
0.0758419939548788
0.0840613232561862
0.116486523732987
0.132108582654818
0.142702123136436
0.121783737453858
0.0999823793784466
0.0965475574121622
0.0801009123161316
0.089102202448401
0.123538301127763
0.138919969963239
0.0988686805301425
0.0735944761645258
0.0935107921249664
0.0921482521959507
0.118392712662775
0.11836245740725
0.0817249451996857
0.104002630792683
0.0877541333594207
0.140376222727188
0.0840704774375594
0.0817739448610317
0.0750238090192679
0.07992400271554
0.1198832527701
0.0763618116386667
0.0582125832799679
0.0817125123889264
0.0915606172293398
0.134906704035431
0.108701921894372
0.140436794724959
0.128158231927869
0.096278189432558
0.120395133017247
0.123340265586145
0.103051273147987
0.122275303073894
0.0911101578207306
0.0807632786081312
0.0847165005647047
0.120639765742349
0.0970245446428792
0.0700575270465659
0.0910812382481911
0.0953191956839675
0.0838491065439937
0.0937169992466342
0.104902054124207
0.123794179919137
0.076341817259678
0.105065116624572
0.074198687014941
0.0932393376980442
0.0896845589788803
0.0740198220931
0.109824592098685
0.0682715473703274
0.0858933525134342
0.0998432229144551
0.0631776158418883
0.0865431864976994
0.0968348830839009
0.0892219184277091
0.10556218696343
0.0822044312627063
0.0785344750233786
0.0654008863153733
0.104355950757261
0.155195678328079
0.109271469835216
0.0698593018759741
0.0886020841783768
0.116355021230705
0.0938136408042987
0.0668341605040133
0.0966773090959406
0.0981080083788277
0.0670757499662457
0.0982569560181175
0.096387678639846
0.090273418161142
0.0729121981282135
0.0914803268290995
0.100715550652188
0.0804253446219595
0.0744247772460775
0.0857226711399149
0.166264240683517
0.0982607383075076
0.0957676885967818
0.0659813863330359
0.0830999178299833
0.0768096888974486
0.105386666357247
0.0752969306826286
0.0880840347321373
0.154068936204287
0.116711229932124
0.0921048854374987
0.0769442924506349
0.105389130418085
0.106879923106626
0.12486301960609
0.0770028563076221
0.0805979477208571
0.0904305965307072
0.0737509778682072
0.0827408192353368
0.0714387950120293
0.0768142840377207
0.0854219372716294
0.0982978294281206
0.0727697402129317
0.0939657922901872
0.102036760908463
0.117323671388389
0.0969199822507559
0.10195566468323
0.0754124941834651
0.0850447962027856
0.121225262923614
0.101869425171868
0.0883087260150269
0.0889090159553034
0.0875781316012334
0.101395492448723
0.0923397097231101
0.106197519806776
0.108867579118685
0.0908941536089745
0.0968211962477587
0.0916029726834249
0.102766115280388
0.138558246002541
0.116161695017958
0.121594761207871
0.100398103090306
0.118184360496045
0.124778365612783
0.0984992656007612
0.115592587611286
0.109031966563607
0.0787145438279861
0.124645455291993
0.112062874846846
0.0848272568768649
0.0923992778967691
0.0965944875347115
0.0991675784665925
0.0836026017364641
0.074638531779643
0.123686919468043
0.107515081779033
0.134036921399139
0.114033594616638
0.0894852389109818
0.0932159188593596
0.0639333027894166
0.126566977049355
0.0638649554964975
0.137207657383764
0.107472664006667
0.0933923363579837
0.119467227468769
0.0764958109788021
0.0908042045425129
0.129514815752104
0.100745513786332
0.110866614537595
0.0900474804908617
0.0982930808805592
0.0919168059545938
0.0866346660375213
0.140516031884562
0.108982979761906
0.106472275072519
0.0805096561810762
0.0877196472101549
0.0864684679532378
0.0979785537138444
0.105076110116711
0.112658696669554
0.110097497636735
0.107322593875742
0.0989770313132596
0.0738218436907351
0.106923101068671
0.096540263065832
0.0802775767508787
0.0802875399954122
0.0858415291424461
0.0795283463294445
0.0735005727499695
0.0732608524264486
0.0986031603535845
0.148546063092923
0.110677958842175
0.083203371686705
0.104824929210217
0.0922861205378661
0.108028457461059
0.0964184180826006
0.107829153758764
0.134096375125998
0.103340472277636
0.0937906263488602
0.0704701877409169
0.109142824832642
0.105730049141381
0.118975418735263
0.0770028075858488
0.130316216942158
0.0829805502688654
0.0818681239199452
0.103419489227585
0.111449005077573
0.109098322192351
0.0941847492355785
0.11477595240097
0.115401241561393
0.0799938290924413
0.108594256287214
0.133548656399832
0.084917130218574
0.113492473831636
0.0953992207169555
0.131056451086237
0.0788062884237095
0.0939275327825823
0.127432858885541
0.116083964673227
0.10322061155006
0.154541031705755
0.0894280962770793
0.129915436428292
0.121682728949805
0.0883388861396152
0.0900919994088731
0.105473273439254
0.113373868645513
0.0626213042990461
0.0792958325788936
0.0914454863384259
0.067641919833625
0.0830982791393457
0.0734794543821636
0.117090646622143
0.0718719036572691
0.0877692249208233
0.115676061900215
0.117561027600254
0.0934111137815517
0.0924724405596375
0.0827559345639844
0.135168850129409
0.139612976819853
0.0705283819918026
0.0773295373244952
0.0947007204766418
0.130438237951634
0.0906609787707409
0.100118441949421
0.0880163156950269
0.107544930865511
0.0629500162291609
0.106534891083259
0.109001323263752
0.0669345895750671
0.0684746091648731
0.0989882202853092
0.128306499295071
0.0798391712666761
0.0896657253268766
0.0862892946063736
0.0896223345879929
0.0841097913517339
0.127815031070366
0.105572306649791
0.0810262274834089
0.0807229411223795
0.106575975745797
0.121187201536849
0.121559624718844
0.0941869261234458
0.103307152240134
0.109908020744432
0.0663566820896843
0.0863282294014297
0.0806484741067911
0.114752083480392
0.108245550923899
0.0947957717500745
0.115829631429605
0.0766486785486585
0.0734383058677569
0.0813514747296213
0.109745982733418
0.0837612592097748
0.111594722168848
0.0825508985277534
0.0988659454176442
0.089389862803218
0.11064150104711
0.0969795278629771
0.0758498530158297
0.096877250678994
0.0883559651605425
0.0878772991456131
0.0832042450963645
0.114638101319814
0.0966931142843564
0.0906713418750476
0.0931059264211134
0.0840840372531836
0.111404857890961
0.111457822109078
0.0710059004771815
0.109528477366566
0.0978470788386297
0.0984175729266958
0.095446149191064
0.0914910981924224
0.134417366166433
0.137569336387257
0.0864755808592834
0.12341465676182
0.113523367009306
0.095143707921321
0.103891427223696
0.135721256187009
0.0887445862999169
0.104983557151573
0.0935962866678736
0.0797568110775009
0.0823567845716716
0.082017005127244
0.0726043097513659
0.136549284787787
0.0915474258242042
0.119301891567071
0.0729287521071634
0.117303876000392
0.100147640950673
0.0759381891536949
0.108628524058146
0.104823418694231
0.0908662515288975
0.127233651605309
0.106309553860709
0.0909496200288457
0.116104507575042
0.113799707200852
0.0847220040195304
0.130584303736298
0.126184072226602
0.0894296751635412
0.0990489901528585
0.0767068795052168
0.142625721679154
0.102735870298912
0.0819493205751489
0.0921599815181879
0.156203610991956
0.083369026821108
0.0760770111392242
0.121075074186507
0.103455809228896
0.0969271996963983
0.0883805792268717
0.0921945884995961
0.0943391096786563
0.0924267639657245
0.0779791710660704
0.115138299692082
0.0976561972614566
0.0679987967649315
0.0946669174652778
0.0801361236888579
0.0961707624397849
0.0930503431771956
0.088532075099131
0.110660506349047
0.105600913256366
0.0867771229100372
0.0814159904962973
0.0946727789978372
0.102600421130761
0.0955335990596885
0.0953195168932408
0.0930878779204554
0.0765838781757096
0.0785730695521932
0.111104228315728
0.0859583174743071
0.0806780333969141
0.0874018525181995
0.10643708376554
0.0736693323489394
0.085213522988069
0.0666514975154879
0.0936144077690012
0.102431197712116
0.0827864309616375
0.0830885269878741
0.0740266174679476
0.0725744743423747
0.0929717625356772
0.0809089072308184
0.114315864361605
0.0831777007062522
0.116497979041753
0.0907931038270034
0.0823517928943813
0.130849248852044
0.138724212976335
0.0853274457642808
0.131113128772897
0.104015443994436
0.0937094110371564
0.0981244785053943
0.125413208673007
0.0738723901310462
0.119825476507538
0.0902081518742425
0.0834692145776421
0.0832933847662434
0.0700367951314905
0.0962465582428478
0.0793152392275936
0.100976057007245
0.0993477792623731
0.136803699905298
0.0712530086680878
0.120730381336538
0.0808495542576703
0.146178460426819
0.0734153388308186
0.0947710622694662
0.0909129805930576
0.0619481999526542
0.104759387984751
0.100139727667121
0.0840844435943065
0.0698284262422498
0.106871330034805
0.125086188750909
0.115435224346324
0.0874248184015132
0.100378585822751
0.114934070924555
0.0877127536571364
0.0675982327898377
0.0740913920665335
0.1338391658466
0.0951649252978988
0.117683222858975
0.0882383268235985
0.111585801140046
0.0908595014873825
0.0777541787460193
0.0886836019813467
0.133523827988037
0.119396184276926
0.0792443029562388
0.098374091785191
0.100426744756777
0.0952917185993859
0.0742790301172454
0.0902540579646817
0.0844599973830035
0.079886138417884
0.074508634429343
0.0940080681576111
0.0701532625833029
0.0842797651660654
0.126431994838083
0.0993606503847594
0.129677208518748
0.0905658152347442
0.140727219216723
0.0688906152025218
0.106778067984647
0.0757174073589529
0.0950283778856212
0.0887971878761641
0.0999686516849895
0.102256837364383
0.100434780295672
0.0843562719184887
0.119442087415287
0.0919545918695132
0.0608682314473326
0.0724340984146921
0.0836116277388016
0.0953386535814906
0.0985311901086175
0.0606877638593908
0.103233079819096
0.103399145672736
0.0654569719575317
0.120573169493526
0.0994983168394125
0.0744141405357011
0.076466964022378
0.068300327695078
0.09615183174232
0.107521021465921
0.0900006297745825
0.137463036017201
0.109706431691857
0.100041683309169
0.0993356809928855
0.0740765779088805
0.0987612696049327
0.101264029857672
0.0968802085636531
0.10001108666209
0.0975174552565015
0.0725294764025171
0.13368120670978
0.0740043242303537
0.0825403208935478
0.0709214042913182
0.0718791104616358
0.103060767225166
0.0946343848683618
0.129016078025881
0.0665538530865298
0.0818277397689999
0.103389792694334
0.065806046411731
0.0881136861028641
0.0964056054039484
0.0901565418858557
0.099282338437402
0.1060734620478
0.104204027989508
0.118923756532447
0.078149026813259
0.0801303847142595
0.100025893312288
0.107246725418857
0.094218359415652
0.0789793622913483
0.0834482070448833
0.10085868668195
0.0782432583866983
0.108025987642659
0.0995607961712433
0.0789104754625796
0.0995761432152714
0.0964910703905916
0.0780893628545558
0.112620121430635
0.0970234827792688
0.0756060648740576
0.114806747637906
0.0966422937123124
0.0731111651243017
0.0815417132585524
0.128397350908634
0.0900227647191628
0.124059025586157
0.0909930845012118
0.0822412212103829
0.0679687187288011
0.0862877274459431
0.0708518184094777
0.0947447592687965
0.112004160782476
0.0957380258610389
0.0840125739648004
0.104615642929357
0.0710357526013558
0.0961772141920635
0.0807270350088346
0.0742474040755784
0.0898280437028337
0.112159321227508
0.10708907539906
0.0948127646093141
0.0958596058857789
0.104372868978018
0.0795326934872824
0.145175170488334
0.101228360722531
0.0949671331371997
0.121992547604555
0.0778498068737918
0.0703311473743564
0.0827656513820556
0.13501991868869
0.122444812570193
0.114756441238989
0.0985205438141449
0.118646815310742
0.117230688031578
0.112505931446336
0.0812347877408456
0.0988312406351879
0.107562484344669
0.0821720430555872
0.104615251690502
0.101978289375869
0.113571093071136
0.0857875933800219
0.0986174489929436
0.0780376167354439
0.099332749275412
0.087508111280375
0.115617924236582
0.135346186879849
0.104186925371529
0.113923319381645
0.0770297990528773
0.110931863767673
0.119207535451564
0.0798384757285244
0.135297302187625
0.122310774620971
0.101717047587445
0.0967632097382237
0.135675615270428
0.0910610746318632
0.111948476963217
0.0991929358933352
0.0972186816063757
0.114231602914237
0.0957256782299656
0.0800186537985299
0.0708743473631629
0.074627137781553
0.118715677408204
0.0987861104818108
0.111723462682239
0.112377499948397
0.0954993063010469
0.102064402486572
0.0988255020918166
0.0922899738277906
0.0907630334123105
0.0938574223858171
0.101524063484709
0.118054630078523
0.0736896976137502
0.0975695201810686
0.0844901519131139
0.0951027868773792
0.100253752743594
0.0936189366208266
0.102812802708262
0.106832802028728
0.0752513430792582
0.066112253305535
0.0744361675004927
0.0868666170660076
0.136529409181156
0.131984438395565
0.122277847883255
0.085638531868385
0.11550215508752
0.103434756482958
0.134488863463697
0.12489817690187
0.103855970378662
0.0968300540213894
0.112603139750884
0.115880313544132
0.101898802956739
0.0738486559242274
0.128024762785306
0.0896929779948468
0.0657760336564002
0.0655741156008246
0.0800266537635304
0.0838054894135597
0.0865929823048081
0.105724681120903
0.0887917160765763
0.145118691914515
0.109865235122231
0.0924810637685775
0.0898148265183114
0.107645686990432
0.0906162713664066
0.128247252148419
0.091648543586484
0.0745409827557416
0.0801974013376804
0.101143305650732
0.0795496149671721
0.0693111622806122
0.109838389231267
0.0875995105552452
0.0806934445407437
0.111341197571566
0.0834045614444734
0.0642890773486236
0.107377505650265
0.127693781126144
0.109186076932616
0.0744352315533119
0.109230754324811
0.118920896398363
0.0628478479923781
0.116227787127403
0.0766921800061446
0.0876448005853876
0.130568752291485
0.10001743359452
0.0800777647143459
0.0819768596362466
0.0733584161813771
0.0660535099134854
0.125683740981998
0.105298702671153
0.0723126790019441
0.0955534312431755
0.0892781722101441
0.0765706892785178
0.0697992351743618
0.0718093026027394
0.115859501405052
0.130016393242756
0.0921045042732916
0.0722469398372637
0.0741279817021408
0.0942429185790553
0.0884907430705337
0.117333325434726
0.063651656093025
0.0886906056722206
0.0835181353748065
0.0866237070969963
0.0778844789949379
0.0759192002508883
0.088051098518159
0.13273475344781
0.0988409800972282
0.0850737987120835
0.132432740735286
0.112760125036128
0.106048506882952
0.0823746983443486
0.124460612673501
0.0898718821511665
0.0948242460772601
0.123560456521773
0.0860982827204181
0.110565351881323
0.0830866980334249
0.104765318883507
0.0840176527693015
0.0946888279786304
0.0903645168397235
0.0916542869601945
0.159044135043593
0.12361241079153
0.0786517704023646
0.0898600519892761
0.103141050914228
0.0869521224079984
0.0761083610454606
0.109538090413499
0.0869362185690745
0.0804628249896203
0.106413294551745
0.0715261235562403
0.086507383336381
0.0726781950758954
0.0797483161533235
0.0905171630737532
0.125840231259075
0.119996517845779
0.0784448165487836
0.10951639728528
0.137197605684611
0.0728101941714731
0.10233778893999
0.110241469557783
0.136515328866072
0.0796911167847302
0.101933299098478
0.0966803855971197
0.0928830707667289
0.0869709299837901
0.0785247196010972
0.0898518616354544
0.0913492767113507
0.091252465668916
0.106679864795414
0.108688986956581
0.10887775396714
0.117810112597322
0.10874579563014
0.106570779333115
0.118607218773015
0.100198519370668
0.124559340847585
0.108077580244816
0.150925296636894
0.0943425267427827
0.0798149239380494
0.103913931713023
0.0970223133298365
0.0891496541908648
0.119087876786616
0.0934472382068289
0.0861311342072171
0.0778345883445112
0.117175019353213
0.0726049094635492
0.086768496288363
0.0716023074770815
0.0819573017187201
0.107423446518108
0.104024107701049
0.142089732044796
0.0860379587790592
0.102172746485771
0.11710294817956
0.0847608557309347
0.115209381897834
0.116246092177315
0.110203921914472
0.0865126940386127
0.15125223444974
0.0974314809577978
0.128884736704332
0.071169364708223
0.0578852838504322
0.096270054193732
0.0769933465764169
0.0721624976630783
0.0741507842085874
0.089310470766951
0.0814744611216497
0.0907163517829886
0.081055197973783
0.110833147787956
0.0763275177535899
0.0878075399191278
0.134936976763273
0.110874449678977
0.0802212611443447
0.113661135076817
0.118040177666517
0.111807188639961
0.0583742038188314
0.0738659090192728
0.121741896365959
0.121113226901279
0.0794430302878444
0.0982686618970636
0.0923238690371697
0.113043984648212
0.105743902532711
0.125278115861226
0.0847309441680415
0.0767168923551409
0.173523755254582
0.0966415502025179
0.0903520056871537
0.147674853309287
0.127642227987284
0.106701953149792
0.0918288110635106
0.0808150490694556
0.095630004913854
0.0849163036535762
0.125737624815902
0.0878544797547665
0.117129854961692
0.099452547298179
0.0741355495788574
0.0782633272794836
0.0774010304808523
0.0549491772805944
0.118413257226553
0.0679159497816553
0.100116621658172
0.0849493978798654
0.0790068204324523
0.0854254694885656
0.0970691119583695
0.122617269422663
0.0967359274590953
0.0859430317250068
0.0726674878397987
0.108580037130985
0.0920814860001534
0.119414137488152
0.093978425080482
0.111882950061019
0.113693484024514
0.114320323693143
0.0891768608558589
0.0983051440935653
0.0804974009833683
0.118094323606032
0.10516098904087
0.0575393472947154
0.101870657926442
0.109843986093053
0.0856093995892856
0.0636241808624333
0.090876607165039
0.0777509790982822
0.109071630337225
0.0656396355989455
0.0823540666185894
0.0944081089774379
0.076909869875518
0.0893999233329428
0.113115056159365
0.0667787108297548
0.0926209580223716
0.117502753383084
0.0980494531494727
0.0949023133834571
0.0981648475038504
0.0752154862010448
0.0752994203123575
0.0970293442074998
0.0852305169565811
0.0882922462822108
0.0757186544120884
0.0767877373835955
0.0617794550257016
0.0639887262793524
0.114924635793347
0.0663263064709623
0.0714151651090671
0.114170319419014
0.102786002392299
0.0818384474643687
0.0825086821026911
0.0939165324779102
0.108317915701555
0.0974735785752646
0.132723290530987
0.091988340730691
0.109909957495866
0.122115711312631
0.0806076122992035
0.0972221881241842
0.0928357520428928
0.0850629858092713
0.0781523898344127
0.0574588124336265
0.0909041457154663
0.0664430926094728
0.0723992805445458
0.139696936155397
0.119457930674136
0.0766104072679286
0.0941399420475808
0.0955904156981362
0.06058499036036
0.146879319309629
0.101837799118361
0.0756630487934839
0.102829938989883
0.0829486120050693
0.11166001538081
0.0530597195303898
0.0673268757896032
0.0957644970001382
0.100240882688949
0.0700183544380574
0.0997785932185802
0.104633616477144
0.114324587263946
0.10932091325311
0.0895168243165376
0.115964614111495
0.0777436336432294
0.0949578026223294
0.0715494244981987
0.119682670822422
0.135721892169642
0.117743701025876
0.102860990470601
0.102591762619284
0.0834436572896046
0.0886942459526548
0.101927960027347
0.0984776643059039
0.105213418344404
0.0713908216092247
0.116596863573609
0.114109047049979
0.0891161915604611
0.0957384782845949
0.0875750966244767
0.11542928578212
0.0846231654329768
0.0930393808362233
0.0779753534194226
0.112855440518289
0.102107834817231
0.095495098027103
0.0872013276293988
0.0852511766566725
0.0969465692533973
0.13567846597024
0.101524765218734
0.13296518027317
0.10509586596425
0.0874589233375478
0.132032580581411
0.0980853604917234
0.0917960631356532
0.113122880291588
0.0764043139592945
0.0851242422027502
0.104181146325935
0.109934333054714
0.0949757116266286
0.0650878164310953
0.0872062535612032
0.0755560917562838
0.0981444962565777
0.129260777964927
0.0973874992599771
0.0944770119830911
0.086887010414338
0.0822360782493479
0.116727985212977
0.133846753553857
0.0854948720568398
0.111267964445844
0.11981689133543
0.0832374022911399
0.0864840057980656
0.0885773783125244
0.0623984805646423
0.0896035536045244
0.089135052358252
0.0910604742927501
0.0820677917844469
0.0936413126747725
0.100891927069134
0.0882309881829994
0.132826896589973
0.118782036727949
0.111646350312748
0.0983187213139989
0.146858519853974
0.0848068966154411
0.117792438319617
0.112530578484781
0.132768656373104
0.115371161540504
0.100847467062024
0.0994580519424249
0.0913267415866048
0.0966286506327203
0.0880232419114112
0.105872975610731
0.0941463294534195
0.0898772770108333
0.0944720175709403
0.0938557256413777
0.0668806426347522
0.111730260942384
0.0970635174024131
0.141402535995837
0.102085222386736
0.106163409727576
0.116812542482453
0.119484126136513
0.0704551954019404
0.14026434183664
0.0860976827396143
0.119893408423904
0.122818043383661
0.0763666968224336
0.0712614013944808
0.0577115681445354
0.0973129313781492
0.0809384144587136
0.129455391452375
0.102468705857076
0.102681026533988
0.0707251041643317
0.0819877466424416
0.118895002050543
0.0974465386435105
0.0810440676167173
0.132274127697284
0.095234681614088
0.0997220273716087
0.0632028300879406
0.0828579382700561
0.133186343572652
0.112950995733707
0.103126216536559
0.125516154414688
0.0947638351190711
0.101521638351559
0.0846093701805766
0.0671867583176482
0.0764525555543349
0.101300678406562
0.0949435613179681
0.102822288666611
0.0970147029969686
0.0879821756688195
0.111087984288634
0.0925752250544602
0.0994409804615174
0.09309911942355
0.0746477782560699
0.143342565092686
0.0732873678276194
0.121724033960525
0.0744958261247411
0.117996846329792
0.10926459893748
0.0999881056711153
0.0784944294330154
0.079249416391065
0.118065899773717
0.118116400042672
0.0932018183920299
0.109765615028908
0.119275470586912
0.0971886647940612
0.139171364520992
0.0897790057063694
0.113995806109444
0.0905433487287794
0.135914566261713
0.105909900564151
0.0796785179536878
0.131387014081007
0.0870015915818055
0.0905589585745416
0.118463342877862
0.129486800631998
0.0947453516816377
0.0881280216958788
0.108720913295023
0.0664879321493003
0.0944270108513437
0.139977093681838
0.132775327323338
0.0692595731606463
0.1028595381188
0.0858382486197521
0.0908596368884678
0.0844315631776577
0.0781158100688863
0.109610228732131
0.104989825473342
0.111949460413847
0.0872446438913841
0.0959834604797839
0.111317924843146
0.0659015850757137
0.0901093476220861
0.0788367771682459
0.0843699396605816
0.0801027826182795
0.0814804348001034
0.107739232324175
0.104201950882241
0.0811202881663333
0.139386456853803
0.126608661422025
0.0810314103747706
0.102074715099074
0.107782374337978
0.0919199845018984
0.117311524613258
0.143229433782979
0.0961174897083375
0.107206493360855
0.101176246705418
0.140468281610156
0.0684565888764476
0.0939670506845691
0.0874559680967224
0.078512358581444
0.111096494036788
0.0834819680104728
0.096757326270677
0.128168331621103
0.112257736019621
0.0900907580761253
0.105680954380606
0.0757259929058891
0.0805425163943686
0.110337240943438
0.10861842845229
0.0834764463327428
0.0738999354768621
0.115633736986117
0.0894860968007291
0.118670459201521
0.142926106974473
0.0874829196697434
0.0731262385681316
0.0929840394844567
0.0681045442102658
0.121042684169696
0.0963468216948444
0.135610569978943
0.0944168555204302
0.0892712477661256
0.103401927734864
0.0909495075393698
0.0795110081706051
0.138734903060585
0.100103243938266
0.128991624886313
0.0745976164288734
0.089554309981712
0.0881241475820939
0.0977417080531451
0.0882666034503636
0.0905595362151213
0.100415363059939
0.0784862478522681
0.113328358334089
0.0862553158859152
0.0802655629465355
0.0936198515780452
0.0817086193167544
0.0646731204834142
0.0782674887917599
0.112760763201238
0.107927084096276
0.0815743247268193
0.0855475682167534
0.0930567401843374
0.10872014714559
0.127108791647232
0.111128503526476
0.111455678556459
0.0860910109828222
0.0781137408539207
0.0899795100128014
0.119581086622606
0.10048450208593
0.0905701197400548
0.0897411025017232
0.113414679547467
0.0794689864311721
0.101037036586229
0.0904995520256582
0.0936045567038614
0.115957381229388
0.146049464854634
0.086044879714555
0.118911748264642
0.0916121835354151
0.106577351728112
0.0797057642944246
0.0866845040320402
0.0752692532928584
0.092909560164125
0.0933144646776673
0.114147226237651
0.0860695330617331
0.0854642361778061
0.0876564905129179
0.0951776756831747
0.115879829567652
0.116161503002456
0.0875503315575569
0.0915238392542609
0.068907549308005
0.124769911938406
0.100088180498658
0.0849643675248
0.0968738656530422
0.111403702832724
0.0990640206319714
0.0862638285176697
0.110644889360659
0.0799403538591939
0.098611766614639
0.107541660295567
0.116418969291156
0.0840745227671034
0.110284456343596
0.125669276462823
0.11196256666203
0.083981653121377
0.136893993572691
0.160939244567247
0.079952464872382
0.122034680901145
0.131531630514617
0.104522834828073
0.0824099509576751
0.105226125966931
0.0921611421482653
0.0726969839181728
0.145877756839637
0.103496487811512
0.088792481561189
0.114926632921025
0.0774197113144402
0.102225862908803
0.126116606847968
0.0828809577812398
0.106310836240748
0.120761725931326
0.10015065608919
0.0846410836187715
0.0842872900716029
0.103410713101275
0.116166445702725
0.0822896244634095
0.0773399045277653
0.119865315119417
0.0889646909156376
0.0814861424795826
0.114952008406331
0.0854986158975005
0.0718360621704209
0.0880178529648657
0.135236687170575
0.0880531908717347
0.127543401228536
0.0966943181607859
0.124595598331921
0.0881345149974539
0.0999964400867464
0.11115626287101
0.0771740431032846
0.0994769185288969
0.0674647464346093
0.120983391954337
0.0974239785459269
0.0999493564063134
0.136839104855247
0.0943168504236621
0.103967120266107
0.0927372581861125
0.0853829649920894
0.0782620234000528
0.0746541617217811
0.102266645693442
0.106481808262709
0.09983694080829
0.0854633252355594
0.0790225248788492
0.100461371013192
0.0694529475771884
0.103770073346484
0.0685487000386645
0.119770876801954
0.124786618220624
0.0805714320454528
0.103568645886429
0.0808557372688355
0.0924549186342373
0.0779120402464607
0.0938007012294952
0.0909553548933959
0.0856529115888048
0.0839279028058589
0.0882569574211925
0.0924182273828433
0.102984941496178
0.10161382566043
0.106729386310448
0.103628868707797
0.08853077332539
0.104031628019001
0.112269788703362
0.116568389349337
0.105558040928528
0.0860493964520369
0.0734518937608998
0.0916255626658567
0.0816037348812054
0.110731728250266
0.0903536462638153
0.102209046271911
0.108646316138715
0.109851413594153
0.125621395403345
0.137042688057391
0.0794806255800246
0.106008484229274
0.0708600148948853
0.0991723452254196
0.064780700451034
0.0993610179824407
0.0936491764377574
0.0629454260645593
0.102883053410453
0.096148832217155
0.088997009182149
0.0878847861822773
0.107442656875728
0.0979852587866957
0.0719416054781931
0.101471444960056
0.109098478343069
0.0816394295618425
0.0768374782355782
0.0735158687290696
0.0819091016022865
0.100148286701959
0.0949004016323365
0.0831654848412233
0.117215153369337
0.0923912852099867
0.0929562004875173
0.0698536713504031
0.0722458705199709
0.099059280838935
0.0930711475956963
0.0672741793220451
0.0989008000918767
0.0748082486982191
0.154853382565781
0.0704847634581542
0.0819323956747502
0.0915517779688688
0.0951500224289107
0.0787318223692573
0.0871751742563295
0.117893928674931
0.111049837338125
0.0804334777549768
0.0971005739237789
0.0943696181768816
0.0958440124479975
0.0855337004710117
0.0707270372563491
0.0683898469369577
0.114454435580213
0.0927239743997226
0.121072293550298
0.0748341652421157
0.0726310053896895
0.0814437134254899
0.0969217741111616
0.0758182336493865
0.0985293942604594
0.0826263452047035
0.0838408204770636
0.116795719896514
0.107627044698089
0.0831825764775683
0.0893479618824562
0.05856339827233
0.0983305492789429
0.104089734398047
0.116696201310027
0.138656144696745
0.0789463339862782
0.0856947765022239
0.0733798411491607
0.109102879536329
0.0966499050396686
0.0929446696243014
0.0977965479018348
0.0839177422071375
0.0948395897533625
0.161957847632053
0.0785709382252466
0.0792279365361284
0.0963756116618625
0.106447825797764
0.100285567114666
0.104904835313242
0.0810124714709425
0.0957602664579463
0.0742677387006269
0.0827254326513003
0.138603682199306
0.110069706044205
0.0856151743512557
0.0700739485234216
0.0815731083848881
0.0976030097139768
0.1023463929052
0.096527354256111
0.0843032824892288
0.0785425205521222
0.0833024021177655
0.0813425274585679
0.0741443074673028
0.0742133070097636
0.103552797504481
0.0767057713455626
0.127529164197375
0.0637507226791389
0.0748218283268578
0.0995145646711431
0.0934111139007896
0.126842596040381
0.0924219546038737
0.116024316665452
0.117003363496579
0.103838816653671
0.0971503187475547
0.0890817904411447
0.123149773762862
0.112319688243493
0.119240995888407
0.0947018063293667
0.0962541768697851
0.086755123048818
0.0749730326263929
0.103627003466668
0.119802712107724
0.0854593237926163
0.0947005593219946
0.134780615273423
0.084286511769332
0.0898760037501612
0.0835802429105014
0.0945560298154117
0.100411566917231
0.0817183087796604
0.0765053884698063
0.0945926105415402
0.121824664227104
0.11177821368244
0.102352650671627
0.103741041060696
0.098769842722898
0.112145939679008
0.128645636490423
0.06866518269401
0.109157899557033
0.143489750193433
0.082761825973457
0.0806732433878286
0.103801994373993
0.0870047939925255
0.101151085485492
0.106917357815649
0.0704380126312134
0.0617313364789158
0.0724707048183529
0.0757965962556958
0.070422024373893
0.135671526605965
0.115741772648504
0.099334776357717
0.118528887805515
0.124959962915663
0.124529859463967
0.105474808526844
0.0884606197679141
0.111679455791066
0.0925062600566424
0.105678536858703
0.0908258996958122
0.122794311148784
0.0809699792253397
0.108869510640919
0.0889286504095335
0.129797432015574
0.112958614459937
0.111942442688534
0.0711449571734677
0.0815668752057968
0.0893974835168466
0.0799068569384306
0.0884777389086048
0.108526971952236
0.103281368610631
0.0974227288066051
0.122747366262254
0.104936409470607
0.0997698989047237
0.0975399107365099
0.0938187355929758
0.092554136936955
0.0721369041285453
0.0868980886060745
0.133994545363575
0.111684030077556
0.0915059554438645
0.119629344224726
0.0829575201055979
0.102215047285565
0.0872586268279348
0.0772579006815588
0.109491460738325
0.111546888352386
0.081371966981481
0.114136576588431
0.0925009086048884
0.112945663295395
0.0979294725691901
0.124774656171271
0.129467747638324
0.0824777753874355
0.101702782144551
0.101330606289313
0.133019174792646
0.07889328440292
0.10388904009947
0.0630047312529515
0.0856385915687832
0.0862709041363006
0.0766111075969718
0.0905481913045817
0.0823867445068356
0.0737003232315424
0.0856706448731407
0.0878030395349252
0.108649487667824
0.110618690195855
0.0774531247319915
0.113264405361463
0.0872028118629855
0.0706874999840062
0.092732724063082
0.0993491118026097
0.0964577708433292
0.0915181661994322
0.0885298825425142
0.0888998499306824
0.0788473360569218
0.0637376327023629
0.0871190426428214
0.0800025691758825
0.100454081989248
0.0979399697233957
0.0967724233195016
0.10482306564698
0.118837827505723
0.123140384543608
0.0781803219971996
0.0866038618573007
0.133221321650197
0.127056433738708
0.0898511521167795
0.120029513223608
0.0902083426922792
0.120631976849726
0.121160784998047
0.13755752565531
0.0954294523214568
0.0731562709949802
0.0739838930898993
0.0940287192782628
0.0924949093630686
0.106908076885754
0.0828142324533024
0.0924065816670325
0.114941077934149
0.122585885140566
0.100572086547082
0.0794320922046839
0.107301829744813
0.0940926518776398
0.0899755537859256
0.121668967446513
0.107561449446939
0.14411710088332
0.104147531389199
0.126530608358981
0.0905178631922032
0.11014361773928
0.0878651768612096
0.0870421643226046
0.0697603211361794
0.0882336339398652
0.11504341084275
0.0960557485436404
0.10830389013954
0.0813732555629544
0.0973952756790637
0.0984551745129955
0.116082081974339
0.0721722967713331
0.129399767929162
0.0585270192248259
0.0840612887207836
0.103533271575374
0.0737683109977496
0.0774420959369498
0.0574664170151742
0.0724155292135688
0.107523543106292
0.0784678023278201
0.0786234711889432
0.0978337012752637
0.105777336918728
0.0822610969139595
0.0768379201444514
0.0867033669868169
0.0569854159491671
0.0661996438360377
0.0861155404837302
0.0997772130166402
0.0941937277429948
0.122832987640919
0.0975566959435338
0.101561353509905
0.0874122328347064
0.0841382266319605
0.0818686526243779
0.0852295175374419
0.088329955511489
0.0741198588818442
0.118520861099004
0.134083259214763
0.0836364698418616
0.0934542850401274
0.110535632819271
0.0834785109442734
0.0745313116884381
0.101694721138791
0.0860373782431357
0.0763463102179945
0.0667003759162678
0.0755535921750275
0.0537971310944727
0.136533883879485
0.084360972278523
0.115983275983131
0.0877048476402198
0.134151786501253
0.100830532453623
0.0887875183221339
0.0947043371497425
0.117545129642192
0.069877529883679
0.0704719321534942
0.0849502536405058
0.114249975415086
0.100906432094751
0.0687887393682818
0.0805295173208662
0.133935024205934
0.118596437604623
0.129484560492931
0.0735087717341246
0.102122626157922
0.0882455272104601
0.0775206382448368
0.0967886898490313
0.0704749559035168
0.103166441491186
0.0846924811955764
0.0879806632079716
0.106866867556567
0.0778368084734147
0.0767493890896729
0.140712185882425
0.11940123294551
0.0946220285382841
0.0696242649603708
0.0738949238692712
0.116045318070027
0.086038000497412
0.0835053133232045
0.0906679297032547
0.0892830998084541
0.120241713949996
0.11106038277339
0.083614428748151
0.0703054916630578
0.0924617831244247
0.092248429514281
0.0612607758803181
0.108514779181473
0.0816763817573284
0.0697971486185773
0.101282533768802
0.115976754736379
0.0863490875617281
0.0848930297080479
0.0830960285675726
0.0992505143940819
0.0928510054331308
0.124459466283477
0.0862828499205281
0.0928879351814879
0.0949093211629612
0.0962102614782609
0.0707898856484223
0.0867307909659186
0.101859476289231
0.0914246072758423
0.0953226520196632
0.0892536704120725
0.087874580880066
0.108208474039601
0.108035955940832
0.101413785404852
0.0884957030395569
0.0637397830026478
0.0916834672884108
0.0919734038704017
0.100261252234767
0.0893112104246084
0.0951080630931616
0.135151011966463
0.0758757144320363
0.126166578666037
0.118045742140419
0.0694513375254582
0.106793620957229
0.0710208729193623
0.0728408236050239
0.0739217150506947
0.0653296197996959
0.0623235728511238
0.0742858195326569
0.0985758814214049
0.0786106404248592
0.117927712726425
0.0655491345769411
0.134384332612929
0.0916478178715257
0.0856888823035165
0.0920336953513032
0.0844976763041047
0.0635736763333906
0.105568161850989
0.10706667277918
0.0863873781465926
0.0782909250242403
0.105130350688348
0.105002805206098
0.0992829773075107
0.0804457314833323
0.0900701210981178
0.0943535963874282
0.0978645968644132
0.0635995944070785
0.093593453120508
0.105745399240737
0.0959912075354556
0.128724206941404
0.095917357057637
0.0888179568066354
0.0694056657385906
0.122366963640269
0.124001771995155
0.103767265885074
0.0848266371829034
0.110816532053466
0.0795272540946991
0.0930124469644396
0.111058674799107
0.0739316072822329
0.0873279061874552
0.111940563506747
0.0941387583527551
0.101289738651762
0.103374269926609
0.078869592409496
0.112379377474048
0.0862610080020772
0.0868254339574391
0.120011448162792
0.12973118680462
0.103021686692684
0.0705555946692516
0.0757219091531251
0.0986653614791209
0.0993053114038948
0.102513230188508
0.101529026488049
0.085880202748387
0.100588147321032
0.103277534845164
0.082049612838562
0.0934612046500411
0.128029854500203
0.102518791896202
0.0850734211333603
0.0645468065735323
0.0782448026451396
0.0820437614064469
0.0778706007811405
0.084038216529269
0.0915317719562971
0.0919936248211126
0.0950121372595486
