1.7103
2.03012031748568
2.19001330137382
1.74683363038652
2.27343407855425
1.72829757632352
2.33980984901711
1.00682899469214
1.04239507730488
1.00236305245537
1.00054813785782
1.00001307549066
1.00002218922801
1.00000210167585
1.00000000371249
1.00000532557564
1.00108512607211
1.00749421948579
1.00057131072176
1.00000373887317
1.00000238165119
1.00000017511596
1.00000203380096
1.00000662708866
1.00058821294506
1.03212793976496
1.41846724958235
2.24573810361109
2.30045156778999
1.76721539317859
1.39091210082594
1.00314290855277
1.00881570960555
2.16662322284741
2.47203602956671
2.44395038271719
2.33418477273704
2.45874158135277
1.96621383557914
1.1383568792041
1.54424680063158
2.17789444960325
2.48040072994534
2.18982614986653
1.91763653955299
1.41850399949268
1.85877675826742
2.23506393058374
1.62657327195422
2.31700116236703
1.89692890593101
2.474220913761
1.69268612528661
1.71027635677414
1.6816228028995
1.95762145497228
1.79578357881107
2.15197200291909
1.63457976244385
2.37159300714659
2.05623442044675
1.54416488521474
2.18983174328999
2.25107812909305
2.17764471690559
2.20773074473346
2.40626484062618
2.12291983050467
1.88937528504769
1.65800833550334
2.0686636621199
2.09770803098173
1.94431865775551
2.11154572528589
1.32977992154211
1.57292531007177
1.41128976322902
1.54922313010579
2.02517314622745
1.6017367665796
2.17624282182253
2.08524725489879
1.92600621607667
2.10102636273341
2.30694709771641
2.09312162382378
1.32580265707261
2.18772912620485
2.39988357965208
2.29389552890787
2.13070905844297
1.96268239558478
2.26864273528511
1.95903415513706
1.91583816221325
2.39940767964789
2.11404763226812
2.34553219321375
1.77808307717846
2.12432400504498
1.80215951447932
1.93898393876352
1.83502756681182
1.9835836228941
2.32068872238973
2.16754241772157
2.00842753781219
1.9515744548944
2.19830450236761
1.6028384502616
2.08376551037109
2.49514563102813
2.33299875915133
2.49007682758976
1.6994448503025
2.41412432942508
1.80988693408893
1.65130163191376
1.7414227236143
1.36690536835171
2.08631740572553
1.75174843421173
2.00804701940984
1.49050075703485
2.07848077022342
1.93105043602607
2.26320951754607
2.16912604241484
1.63260605054318
2.34990751540462
1.39047038957213
2.17650810265468
2.48332481464357
2.37503155877581
1.73291707157235
1.39197603885634
1.7636621352648
1.59997442917423
2.36713370485287
2.23259276767623
1.86333088686844
1.78112688621439
2.45111240532435
2.44534282967968
2.46958156449715
2.02917334901343
2.02170290492713
1.56296302491921
1.20557605985586
1.2175546386198
2.37257497831929
1.74675696424577
2.19744353360996
2.01628657976178
1.56131286768178
2.31542758600882
2.35717308902465
1.634340581611
1.29928846196308
2.16943531693152
2.14841095052537
1.86184964594049
2.23064099784812
1.29376299201967
1.97562126353824
1.98033023265245
1.76197536537031
1.41337813980364
2.10321938524373
1.88764446519568
2.10055617918504
1.83627211203566
2.35668437359104
2.40472710933612
1.79342167971036
2.31910590256596
1.90294293366115
2.26459578073172
2.28163085214074
2.17742334974315
2.16452446721246
1.86602632116073
2.09661505354821
2.18602903214081
2.19372176700307
2.11070544144412
1.70895671231087
1.7214523638894
2.32926151697275
1.64225955470695
2.06351630292921
2.17107527669519
1.91088764374246
2.19970600315914
1.87540092313708
2.3809199339064
1.44579949931929
1.5104899762692
2.28761258671662
2.31209257590432
2.24817879961004
1.63590130997477
2.1867019862157
2.15668753308436
1.58514302442579
1.90881341103798
2.4533239342489
1.89108028957061
1.66351274916711
1.72898892945177
1.78998636028617
1.36406503578483
1.74076500123648
1.63830500780564
1.28410462683907
2.24539402327542
1.38689997525676
2.48077213735732
2.18873480383044
1.83037103345563
2.06646693798811
1.99311473407769
1.38773879755945
2.29987205279398
2.27279916931943
2.03977481558316
1.38899601387708
2.45473931556518
2.31994352896797
1.37566908846837
2.3776663317131
2.24915578791957
2.24711811991757
2.33208290904325
1.85223191148709
1.43520932124836
1.94180907599181
1.59871450200902
2.00735151336771
2.0673701044928
2.11111844655628
1.43968065407688
2.04371393763786
2.32326380367716
2.12374211467751
2.08142928213274
2.36767115476236
2.28336669136322
1.96097334960591
2.37817708738373
1.97085184958992
2.42310768847593
1.05929324431459
2.10791056624929
1.56040433242334
2.26455828823306
1.84662697790134
2.17732350808012
2.01335878227592
2.49480361956302
1.35873054031041
1.76037030610006
2.34655092688808
2.44877006870816
2.30126463803148
1.80381668710776
1.05338544309866
1.2765734251131
2.11309026862424
2.31981249048991
2.15636221829563
1.13649932057166
1.7894986061736
1.67955341207096
2.318751857506
2.15875443144376
2.14434941215706
2.23631691718617
2.08425577824368
1.45934581706154
2.11578183398901
1.71352792849336
1.50293541649041
1.78997525819267
1.7893376368027
1.98413589536185
1.35147232031605
1.27007465512591
1.8133290457926
1.77677361056676
1.48545293246967
2.05040767759311
2.43024136911583
1.86489501075064
1.97398440596872
2.07753329796611
2.07704776782401
1.91183774123585
1.52487233090572
2.10910837281696
1.88077193194263
2.227949578986
2.42660484900061
1.85368827658935
1.89273707670838
1.8536189130978
1.81931422489525
1.80455773678118
1.58637238732415
1.87932084943751
2.3674160525647
2.15581047076232
2.31602809183176
2.25948892077451
2.39556270029393
2.16335002160452
1.9090241341738
2.28234965690463
1.3503663720578
1.71568014344692
2.12412485460412
2.48633704599784
2.09641124657428
1.02576123732988
1.91008136214028
2.33977935063321
2.46892243759442
1.97145741867631
1.6814033901608
2.33445647243877
2.05329317384271
2.16772957858365
1.71348447057412
2.45033133557976
1.79290763861493
2.47851615912032
1.91263564609465
2.26680677862399
2.48321169053032
1.72431566026789
2.16852799521017
1.25016814804935
1.38345226257981
2.06208076684856
1.46067399678275
1.41482175236598
2.46299574041244
2.12093926578392
2.29925866543813
2.4375619439297
2.06045660979435
2.40711887943093
1.56407272434795
2.1072713512257
2.33129350775011
1.85228362923399
2.29369848914065
2.4426004964496
2.085565733898
1.86527391070081
2.30940617050478
2.16269473767917
1.913497878844
2.38394702651038
2.34651145401495
1.77055098738871
1.94802802750122
1.83605200510548
2.3311713936981
2.31879051598741
2.39879582748076
1.40090889751773
1.63005914305755
2.39048822574977
1.43346827012172
2.35561627844459
2.31941102996386
2.28121232554826
2.2828535960113
2.13471718578439
1.2649148187485
2.14558225518188
2.09959668029971
2.0213698184544
1.7180766061291
1.41350896011506
2.12437560168222
1.22334243622139
1.81914942588224
1.55045017928171
1.93952110961573
1.72080283194912
1.8949129377671
2.02082700892663
2.18617579109758
2.24485885255586
2.07834622865272
2.12927444254111
2.07225227476573
2.44206989296118
2.1784155503688
2.17175313975045
2.04485578832522
1.86197690352968
1.54146004051109
1.52587166086562
1.66754160791667
1.99398493836903
2.23713445967044
2.09390276650434
1.97286784014312
2.36976653357196
1.46859388224087
1.24508115066168
1.69507906121256
2.22659407733501
1.84838089283492
1.93901528331735
2.19880977536921
2.05964848586545
2.12849258404867
1.89136584054076
1.77457323097564
2.01883503202574
1.72305805617692
1.18075818047068
2.12687048388678
2.08651149052396
2.42225652886235
2.2842144969898
1.07783543187182
2.35140294160209
1.77346932323255
1.47105721274783
2.44435298246897
1.95192672306724
1.67370106522908
1.56674508054875
2.32902308362922
2.20825358310773
2.44600598902574
2.2221099499085
1.47522765207236
2.47858571179085
2.00544855343449
1.96507981811403
1.32181542225913
1.62532653011721
2.26496863957345
1.76041946920952
1.79474475026196
1.97304352423564
2.31888013491852
2.40121334151734
1.87501792371028
2.13862315476233
2.32542764305063
2.42935887379684
1.93479916525454
1.93763527503874
2.29215028315296
2.23330004359504
1.85196913370376
2.36973629756679
2.1179917832253
1.88727605902537
1.93800337845813
1.12276960681094
2.12159844378552
1.43066077260964
2.45102582213443
2.374401134289
1.91671175250582
2.05075792881222
2.12505767633651
2.36594360250645
2.13298641327394
1.96180598064174
1.7972195226239
1.59839577747777
2.17821527644525
2.24793620847125
2.30393128840661
1.44993367753473
1.71402574595436
2.07740147145799
2.07339444770409
2.10061702596635
2.12365107123411
1.8176348676179
2.42124494499445
2.12345938408576
1.92589820445703
1.76958960752746
1.80005600255147
2.00953248542157
2.08179885199789
2.12332235510117
2.03722630336979
2.07490348271456
1.80444980383069
1.97208643057187
1.89506024215995
2.2319456692154
1.8415908831157
1.7108593822403
2.16372039238658
2.03459438784906
2.34329211341476
2.31428425029203
2.12716985679687
2.241421809202
2.28491465594279
1.72656409673706
2.39225482076701
1.4310170221365
1.95639882793232
2.4100684285259
2.13738469216762
1.93446059578389
2.20992154546751
1.97128755866531
2.10732512327795
1.44136172709508
1.346702182019
1.90218545886219
2.11905786850271
1.25220089242584
2.32307010685386
1.57466229964488
2.31499060417123
2.24086170623757
2.02815553014345
2.38986735438738
2.00548724488999
2.46578441242465
2.41464597908272
2.07985548692108
2.4563305235342
2.20841226625196
2.37214065107543
2.36657774583079
1.27660750511093
2.17406966714998
1.64045813461593
2.41146033940692
2.06420705573335
2.19716798665525
2.46908692132157
1.37625638476917
1.93158950278717
1.74589549190649
2.41274374271158
2.34095528586143
2.06623603950362
2.06711079435695
2.21847563144999
2.14426239977438
1.52628605874185
1.94075825278428
2.15952845834983
1.94215297960069
2.04316775174598
2.15187214830417
2.23837912502598
2.12536210503423
1.5272408253319
2.00768488587072
1.4126455315603
1.69319906358483
2.25888412731559
1.91376633406818
2.46531689807679
1.58471105108157
1.71381636582998
2.2477634184233
1.97338086795977
1.74638850700645
2.16959824658218
2.14798336903733
2.04026453381632
2.35977502692686
1.56375539232382
1.93984823990358
1.65819577432724
2.0468621184484
1.21778814948904
1.60181914306646
2.18554976970001
1.88665283728756
2.36837337371543
2.06984600898634
2.02902732404363
2.11508543258813
2.13548624370826
1.6724868109401
1.68656760776505
2.34062896212003
1.79074082552276
2.05867451556622
2.3429631129963
1.72541246378395
2.09562821841443
1.92572138352151
1.73127324789387
2.04715793482084
1.82912556119044
2.42905094759379
1.08361776568505
2.47787637335977
2.43499465148254
2.00586137637774
2.41836209841603
2.18809983529542
1.29752363562965
2.17553116467509
2.33844244804743
2.19433704907288
1.94210997336889
1.99321401689203
2.20028897323579
2.36756424815271
1.86851071396175
2.3678299814306
1.12661455607692
1.76410883741768
2.06928650149581
2.48681877333211
1.78177936733357
1.72026094699793
2.11226833593303
2.04123552728639
2.22000996264511
2.19398135054476
1.60676901942517
2.13849818617902
1.72414695150329
1.89110285603448
1.46627805484032
1.64483028650498
1.99923698320587
2.18880781278061
1.90158413763078
2.2502517147292
2.20895259155276
1.90200118484591
2.18605464994947
2.25585059445476
2.44208705247769
2.44233804852113
2.31086715512389
1.96462894705436
1.18132862710688
1.85982838070758
2.10843240107183
2.11801034197212
1.22678605693955
1.29445022597094
2.25977980923521
2.132310576349
2.4343046422893
1.3786022489776
2.29209619427677
2.43720281526603
2.33723940077297
1.51271817555708
1.24939208817049
2.12703760375297
1.66915340041078
2.02618907712153
1.75469093879681
1.98985135739055
1.64038003492177
2.12524000958489
2.22294054862439
1.24199956436533
2.39977135355426
1.84297951065602
2.21009643362444
1.76221412577619
1.79786097655367
2.20281952341151
1.78433954286243
2.39446904168801
2.03999262336886
2.11569325163107
1.8009051582247
2.0184194352306
1.68988986423565
2.04191000218727
1.73980328357052
2.0645174676691
2.04450870443223
1.47817765557694
2.45248801528446
1.741389060898
1.97768339328438
1.92403737375615
1.83149752720956
1.79589326359116
2.05860136806878
1.72515778914625
2.2310908629051
2.01072329759284
1.5448250752919
1.3737288683792
1.68315289267893
1.626110262111
1.99882304973566
2.31626282447572
1.82078837408951
1.391230125199
2.41977699359591
1.92466799704657
1.3525679995791
1.29393690867455
1.50981560102578
1.26784538194553
1.78164730206769
2.34097459391854
1.86189331826127
2.3740876537812
1.58767179805246
2.17460415195523
1.2864456169722
2.01690308241278
2.37892446029227
2.35818861498651
1.14183391296334
2.34827483665896
2.34552350168012
2.34423325673994
2.48310331435298
1.78475152077038
2.41314043041226
1.96406324973767
1.08383392598339
2.38033245966158
1.87878933058642
2.47983927199504
2.47246587678315
2.34982020735604
2.06389092633676
2.49863969213567
1.87565832044193
2.12442497331495
1.659640094335
1.75633259603263
1.36452039835622
1.07345112305555
2.35821483483575
2.41570377239082
1.5897218719472
1.30740693534084
2.05204205391016
2.14517017766089
1.19153582509433
2.16903702561655
1.93498674364744
1.7160496178678
2.39738384544404
2.08730512804756
1.57159678493126
1.77272569791533
2.31903211552377
2.36352282827956
2.15159151394658
1.81595826188736
1.49927334706119
2.42016284034101
1.4773243278012
2.35504730952732
1.71252592471933
2.01004254663321
1.31521804411606
2.11185675785065
1.35895958597123
1.52618762239313
1.67961368917527
1.32125660368339
1.58823828150867
2.31060667763979
2.39261551632163
2.14352147802938
2.07341632059523
2.47567351597163
2.35896367976829
2.19864318883439
1.88469177244754
1.97576028134995
2.09386459573373
1.76869329412988
2.05421269006055
1.59748142199468
2.14335491805009
1.74199707310347
2.08602951941903
1.85880930642603
1.84470341715338
1.77969839809809
1.46929853445583
2.02890730406732
1.4052060339469
1.69770881100576
1.95052454167889
2.434806642643
1.90466048189203
1.26883681810028
2.02822490468696
1.66504511731247
1.59720525637327
1.78422464820888
1.89948641218433
2.2382513415595
1.82659199578991
2.07386614165372
1.54359621650773
2.00024403498464
2.12880266088685
1.11910949871564
2.44090207649193
2.44450164545521
2.13580214332321
2.11212469350256
1.41752459865084
1.74367332530424
1.71988301636116
2.02342696613378
1.41047031156578
2.46599914101228
2.42332770698841
1.2727968582182
2.17978882394687
2.48695179220467
2.07601069619141
1.78778559825601
1.16305539563495
1.89467790431609
1.3508877883783
1.48636340878064
2.08281891906654
1.39240168456498
2.05548766131296
2.34182198960846
2.01796547938005
2.47221581673855
2.09076366956263
1.58026120433668
1.98862830505674
2.21407202201661
2.40732216221662
1.47504409463832
1.87437047308751
2.05413754723393
2.29193810655019
2.13401951451455
2.30742862802275
2.1393064386086
1.50483753133652
2.04591030668956
1.97373326758006
1.92481871736902
1.84283983232356
2.2344237078524
2.40014533353077
2.1102135373204
2.28146080169917
2.00877426731631
2.18956455842077
2.28051218688429
2.44136161701666
1.24229737571321
2.21647094402676
1.81954589631953
2.20388429319396
2.43357047401482
2.20950044250585
2.12641813474592
2.1959807739819
1.54987732833549
2.27964413810089
2.15551181074949
2.11631218456628
1.71773045149418
2.40598120619418
2.33658761073538
1.98383814812133
2.38110776310047
2.25708139744831
2.08003649085705
1.8571554354933
1.81450438145381
1.48165788171035
1.4913937060823
2.08371797194957
1.93110971483167
1.73763887806744
1.81739407342185
1.84800095686514
1.43789429298255
1.91582340485296
2.11313985045096
2.22920825415887
2.34154327519108
1.84603061654631
1.59674483982966
1.89176262482554
1.96323746462249
1.7666704935002
1.98819209416801
2.13754050100399
2.2623986346901
1.3636702212336
1.96979520337829
1.0891503765412
1.53972647610369
2.42594485959097
2.1836031493132
1.33189708422808
1.71540787910505
1.56294694460602
2.10788275368049
1.31650898720135
2.30275463047794
1.75528125454609
1.98590329792003
2.04417776773478
2.25253731089944
1.99926444940161
2.46404167009052
2.00490947953385
2.28720786290448
1.28522966850319
1.12889997490829
1.58774383024872
2.28581944355523
1.03997834921538
2.12836371883148
1.96008533895262
2.0040423485762
2.05773907569289
1.96680463429789
2.29182050660826
1.19819174856106
2.24547955315564
1.47652365581449
2.04244390513142
1.68174860719744
1.39350222918888
2.48220793451955
1.90689617198441
1.99867775721264
1.96883020107493
2.09042158105618
2.17524231350488
1.98462203808546
2.00790938538296
2.05710123768467
1.98286288882914
1.50426232529421
1.93363193796902
2.27257184975109
2.12036772543009
1.76482082157346
1.75762162753832
1.48001972860062
1.71431180620041
1.47314148127394
1.89166862199546
2.01542275414793
1.87635082599926
1.58289397094463
2.07921360080255
2.07602390673952
2.08600390970514
1.55923148801084
2.26683366785545
1.91527394761477
1.90740727753135
2.21351162938495
1.66507067460483
1.45067293034253
1.72191761792717
2.36558911016506
1.86279291336175
1.69167450654404
1.99087006220308
1.58695267298442
1.7490936018651
2.25283021186828
2.11788373201858
2.07630501022668
1.81953969679337
1.85302220847876
1.85588908531739
1.68719851896217
1.4215686135036
2.16697966679066
2.20160494083756
2.23305829744419
1.71763539756732
2.13300287115443
1.74865985738561
2.14302044235051
2.09250656329252
1.93782668766657
2.32334352528374
1.77672909904287
1.57794794990996
2.02476523627522
1.47607161181125
2.44163618949327
1.42740378492793
1.88991082154453
1.92302463711127
1.74306723498698
1.82194149242534
1.85999866321253
1.70743559191557
1.64985943851992
2.0832496977095
1.79334522300237
1.43294048214327
1.37560654484741
2.23038525838395
2.16900722627273
1.24591893354468
1.94079765394019
1.94883521261425
1.44433541873099
1.75422230631608
2.3548809123859
2.39907807133397
2.42393482755323
2.48120313910792
1.82391200514345
2.13235633157536
1.80660765808359
2.08961527025037
2.08572685707359
1.62416697276443
1.41732094797171
1.60462642502444
1.41580440083971
2.29266593610808
1.64211887152168
1.81511915147089
2.05731796659505
2.41376287471608
2.08814168620795
2.26348018467857
1.80596105727266
1.73348515794052
1.72298352412619
1.37215863239683
2.19186749647994
2.1447191778315
1.6571196877403
1.74782628170818
1.57228134660201
1.91952256935223
2.05578683528965
2.38278285250051
2.12247006450816
1.78653700726228
2.00057903971689
2.1560366322561
1.32316520504816
1.88764233550782
1.83611376079627
2.3137395137279
1.32220403589979
2.1360498725982
2.31437636767564
2.01637173474827
1.82199925189206
1.8783971390295
2.291566531003
2.27726252844297
1.6900598359408
1.80191149399867
2.24839055229608
1.89770833928918
2.03426777105562
1.95482402015806
1.70199601797058
1.73069245421931
1.52306568109405
1.54958918319553
2.08134192615319
2.25839646405375
1.69968488145339
1.10559997348668
1.69507198488174
1.86097282820796
2.07508651788319
2.20301204798836
2.28577211299002
1.9065511542563
1.84285726408265
1.64820644618272
1.8443540328485
1.50902246528493
2.17141200061101
2.29816721402336
1.80373599637533
1.96905630538092
1.62604006975168
1.80988021327582
2.37173641259766
2.11678204755213
1.78109276120826
1.53695334988424
2.18717106612223
2.14498625551507
2.14417177101023
2.14913309057036
1.877850186639
1.95628197450359
1.95454447096333
2.3045581504923
2.25784318652661
1.8362409137759
1.48881184122182
1.84513206800503
2.35669988053188
1.9530902901722
2.3338014806865
2.10748043563621
2.31204954000305
1.73825196353932
1.493664709126
2.20456720614399
2.15066412814803
1.06177082385202
1.87397248093801
1.59833353432364
1.88528622775825
1.73664463749857
2.20860509192388
2.36087971555216
1.70301507836473
1.30485331989691
1.02472303731261
1.83980038159575
1.25432570399247
2.46170371036253
2.41638031846873
2.49082148456005
1.41221458609378
1.08957891344446
1.9042533925038
2.22092814724355
2.43348971370263
1.97750388744324
1.06872200655007
1.51108841902698
2.41859653087043
1.52007573107466
2.31927548272517
1.94907099969402
1.80200403247575
1.4284459484205
1.45459094883563
1.92691885920041
2.27582007862318
2.12859762438184
2.08550830015437
1.79093478125958
1.70040298530562
2.06087571104041
1.90745267010165
2.38495676928331
1.82266631528243
2.12539647363902
1.86821291990049
1.53446883476046
2.06352502268112
2.3241141740559
2.06572001163321
1.59203103489559
1.51981526820436
2.33081005481527
1.1282903560022
1.94162168388577
2.08792154412057
1.96780911328329
2.258959102588
1.9707705980584
2.27389669890496
2.38692178675917
2.41624465813777
2.22905581197156
2.09374834812201
2.16927173958695
2.21618685918795
1.85050892689791
1.96288810233513
1.61354332363315
2.39446312965729
1.74349205734619
1.21594543281478
1.82655520861682
2.43079233596448
2.16167484448926
1.6524670637921
2.31541978749545
1.64951565140111
2.33671931499874
2.27681902991867
2.1665678223667
2.37886780486023
1.51443975576932
2.44367703551717
1.72918708578348
2.17784162015447
1.96678402690215
1.8587618902297
1.87837274252543
2.06958476509541
1.47792494629665
1.93640104063322
2.45869673392953
1.64479013475852
1.66673454000437
1.66051529502962
1.87133394227332
1.90185690074584
2.18577971045015
1.78497132075261
2.26075822950058
2.0208184185836
1.55947755625788
2.45060073005231
2.23710006872058
1.78381775670639
2.09926837581781
2.15228182265506
2.12717323154542
2.11243906727077
1.70001548616816
1.42564897041842
2.29695422097337
1.38252093358464
2.09624994817479
1.71080031900992
1.9433497074461
1.68321665954612
1.23366543478073
1.71174728367121
1.72412207304876
1.70367903181311
2.09212543340979
2.31468574207113
1.80656104652529
2.18761220530726
1.21690688088302
2.24083771955484
2.10916326284764
2.02348257909615
1.63505741201931
1.69748501754289
2.17428384462936
2.38448013795817
2.2163091263428
1.7501315830366
1.39978494148687
2.11020930270722
1.71199435649613
1.62088762960703
2.33659981330227
2.33887657841729
1.74008535950385
2.20602825574069
1.4775250760195
1.85168450471071
1.71844245381404
2.15414939970551
2.29786551400077
2.12952413097867
2.35594139545971
1.87342073747292
2.30801579233259
2.12428391291264
1.62749543945775
2.22486928968013
1.68791447002635
1.84803578334618
1.48794601913017
1.57212346750236
1.29943554741511
1.10224141202988
1.68419840802534
1.20761665482041
2.02297132776424
2.2676545853691
2.38607217843901
1.86722791282969
2.21742765560787
2.16662801196618
1.2842984351287
1.91771622589046
1.92449179936197
2.01322443629819
1.65619841061333
2.38951966185299
1.76169432343169
2.25052369481705
2.40744161623948
2.34515974880696
1.35803031884909
1.71715709508302
1.98482611634847
1.91406624464232
1.19434861894012
1.57423891951564
2.14097190104036
1.58084537273831
2.46401457280759
1.88008950763341
1.7956175705642
1.71114001989206
2.0122001611102
1.72036578061238
2.49125099375288
1.90002661161482
2.22110359449142
2.13812145737097
1.92222078166472
1.60935439269063
1.39186677721194
1.69855005265277
1.63950683443422
1.85919113758356
2.06984940108937
2.09399684407476
1.99556369404909
2.05821796494809
2.15222868889608
1.24299417263281
1.68260868799409
2.365595437207
2.07798602119537
2.30235707022557
2.30949400756696
2.1273295896308
2.19235575588178
2.04388074103058
2.43801220095241
1.8678029239345
1.96515771976875
1.90362904937083
2.20075910990085
2.01348627234548
2.0928636231205
1.9954880520386
1.94211650409506
2.14340722534917
2.03590105669194
2.4637424103837
1.74198963976761
2.44077752683421
1.87533980460465
2.23985368468954
1.60792818251596
1.72269222799036
2.03060682046424
1.20049340513886
1.99444333897064
1.70815859803715
2.00876435339147
1.56648130136836
2.38378909644055
1.55520057857335
1.5722329988556
1.20575972632235
1.36270469460435
1.08259597306315
1.2410730728278
2.27680706330353
2.12447251863821
2.33264242533823
1.64677570189615
2.12468070371656
1.76197724363313
2.05305915823815
1.71752313790649
1.52974450414652
1.59197337557491
2.30671061474
2.2478628264738
2.32426237965526
1.84425864440083
2.10381499390896
2.40730543749087
1.86461923448147
2.29532272451944
1.90170191350016
1.97704980298054
1.99404538167148
2.03669678532651
1.96803199967738
2.24534552274733
2.32757442092802
2.07089944546134
2.16636035548239
1.89877236850688
1.5569478535643
2.24505286783194
2.37700619343776
2.18099473470831
1.81574934543411
2.2268269467143
2.20470766672162
2.13500297627634
2.11004645386861
1.63267658543374
1.79444156710326
2.14105565618817
2.11538084254526
2.42134316349817
1.53737249510404
2.36132661918269
2.20940290049785
1.61077292601349
1.8565559424191
2.36714541707463
2.17798370092537
2.20225512041967
1.97020023565451
2.09275809328913
2.32152349496078
1.63273325057681
2.1664026861601
1.85951428894663
1.9487720940037
1.9073704299949
2.44529104732212
1.76900711084235
1.63764757607288
1.72928974583526
2.18940242995438
1.63496749152801
2.06765261522928
1.85941210904464
2.36437454821385
2.04251539454531
2.06847795999891
1.84172102018111
2.42675201482105
2.03847541620257
1.64427755203961
1.65092173901148
1.6779274549327
2.21371046875799
1.79365855594346
1.87258148829792
2.19950480525683
2.19041823636315
2.22365180735432
1.96445958396418
2.01283295413445
1.72478459475553
1.79818758554332
2.07026985849296
1.65065509284191
2.19467042904786
1.87562186303525
1.95692379106715
2.23004316386048
2.25545246485581
1.92371798618008
2.27200052718235
1.66959476531217
2.40201666090324
2.34855899858
1.90688382904588
1.84544989055192
2.32122296241326
2.26352725295755
1.85612335510555
2.24737281480251
2.21811441094055
2.28127892100945
2.23907321773124
2.03331080845418
2.34893854968012
2.24453764089401
2.16699035811361
1.93705114227667
1.03701442449353
1.99278979554924
2.4526197909731
2.44545118776012
1.54768900422532
2.21586291073466
2.0243934613148
1.95910645037573
1.79021962662755
1.71650897183522
1.97069092954393
1.5271781800324
2.04127109298758
1.54328662004418
1.38333668044903
2.11579348965011
1.19278381825059
1.92633649233093
2.30960681287144
2.32316281163259
1.91406940435958
1.86705946705648
1.97350090637193
2.17832069916516
2.16739199390437
2.17441884551006
2.41850072281577
1.97743648239807
2.21349642127449
1.70398677737173
2.15163917902121
1.90826102579432
1.50144871248905
1.34169644106259
1.87742480700387
2.20419959299232
2.41884835123154
2.3873450798505
2.30777327327366
1.36889513350965
2.08925728805732
1.86032669937425
1.43479580253883
2.44414907056055
2.40347096532762
1.57512813740289
1.91706340739397
1.89243804356162
1.85706635245729
2.05380560945787
2.37361701551055
1.30305775964794
1.0874780664805
1.84999558374376
2.37643192377436
1.44313473214396
1.43116935733978
2.41787412140754
2.31547456751144
2.29574995858792
1.97642219435031
1.44310837149552
2.25958427269172
2.16156824736471
2.06362230217192
1.65349741357295
2.19300031051216
1.59111403663792
2.283459629957
1.59304886709471
1.57100782919343
2.04377291962042
1.99134656896652
1.69937004113122
2.3605661114874
2.35843256851967
2.25852617197917
2.10870136260605
2.27667890244259
1.9226083661045
2.28400232703388
1.96591328823207
2.468644147843
2.37000707057274
1.17859567854481
2.29856257707854
2.43740776648101
2.36949624396256
2.38603928595445
1.39501524022108
1.18737824827275
2.39883612855257
1.81330556534731
1.23006709778261
1.54944383133888
2.36462429988093
2.13477834886063
2.00688084573489
2.05577288470479
1.76743437527691
1.34667433365578
2.06429491858285
2.18911665458324
2.22930301946471
2.0689874897656
2.15472999276014
2.3592975549433
2.22632710365747
2.23091005369594
1.71937422096787
1.75178718986304
1.89365614560424
1.54351602720449
1.82032991144984
1.31417920189026
1.8175580454806
1.72427812007846
2.14357693774633
2.18004119777378
1.9157187519688
1.82444011767125
2.11282598379136
2.09059628156943
1.93507009932735
2.1207663258301
2.09948873223427
1.8968690492605
2.0456399223878
2.01488789271025
1.7919556606289
1.39454509690578
1.83117050574798
1.93604555023255
2.18728151304051
1.11662600916662
1.70859625450789
2.39179128539868
2.06237717178408
2.20238493547717
2.24022360147928
1.90595427133558
2.18402273693734
2.38193446448549
1.97210229675896
1.69439289008126
1.29985363470032
2.14326810114219
2.01883881826351
2.15969709347956
2.16394495347039
1.93407229870195
2.1384341518332
2.21503595924197
1.45981308415249
2.45499664813714
2.12728576808816
2.01007054864733
2.4588531870764
1.86253380722771
2.1994574659808
1.88875379828583
1.61192775423475
2.27298297595284
1.9257738398006
2.18091916900549
2.24155202096628
1.67417769924309
2.42329152638425
1.31985752465914
1.88775651127298
1.70302856609604
2.18335658136091
1.90420062549059
2.32775851580672
1.45192886530266
2.0365204304593
1.70062138216463
1.76851836917768
1.72797531947739
1.88957248290791
1.68832798576338
2.20061034552374
1.64813359890978
2.09461836852859
2.17993324752368
1.77103855491396
2.16077010436934
1.92238231366057
1.95039885578713
1.83643480045762
1.54264111382432
1.28281367397814
1.51123042016521
1.61953726458274
1.50629144642331
1.62201302415058
1.74964229699319
1.97116496796869
2.40054258850898
1.59597412370536
2.02274243621014
1.66628491357756
1.28079237611335
2.18377328514462
2.40484852240202
1.67602112787562
2.03265110719895
2.31479376224207
2.28972198439936
2.07329325702516
2.01976248607199
2.10744660374667
2.00624053006991
1.75161691834469
1.49790116212649
2.1047031413483
1.65792330317808
1.89633723465295
1.98297149693655
1.81830846812382
2.16528137256061
2.17249806172546
2.13999495132018
1.91698583743318
2.10660366787466
2.1355686037196
2.33789094719108
2.42741643646481
2.11535316957707
1.69858930885703
1.38230100956886
2.38246096221116
1.66612697299125
1.81407754184251
2.23345780171354
2.11877522563893
1.45966231801858
2.00277411462565
1.46916597563992
2.28256321996888
2.1633147367189
1.89843141211376
2.42161645363868
2.17322592736228
1.74599339744587
1.11562639906675
2.43901750719583
1.65299271452197
1.799250904844
1.66910826352198
1.84258170523798
2.13119568024671
1.35158986856836
1.62706636105316
2.20875389319938
2.45438115522701
1.27771651155103
1.29860078398302
2.23568640883562
2.13739217204454
2.21494258568501
2.28595004938842
2.1239690643787
1.3581566626241
1.7225562683908
1.1186467912718
2.18950112926998
1.33387334453215
2.13516324554064
2.30093069058496
2.10132907022844
1.7807419430432
2.35200557002522
1.47725171605378
1.90043332730929
1.86605926154989
2.39966102855136
2.42297656477029
2.13084834687907
1.58761511948914
2.01032597730522
2.06742672832892
1.4934297440057
1.78717409411081
2.03820503135637
2.41768450386489
2.16555650632921
1.05651136496892
1.58004491521241
1.51628821924521
2.21438251631315
2.4585934972484
2.39006812230582
2.39748787411531
2.20759627465421
2.31148170089897
2.12403922067854
1.98921939151448
2.43088120681069
1.96594958738901
1.82880329388818
1.82648412812214
1.96284390885451
1.76662336376232
1.37201803292597
2.357268479931
1.92837632326405
2.37269246243037
2.10566978469366
2.33274934759158
1.35240455449377
2.14827113810152
2.21003356335408
2.31475334628978
2.40352450580726
2.09367294868999
1.32650726147746
2.4014584878969
1.32859092872188
1.41733882443628
1.96760990857928
1.57865521998563
1.56981573834539
1.92777767111654
2.34184394883312
1.79061551720559
2.07263060985725
2.22219836166192
1.80793194396749
1.57109768392401
1.90889955506915
1.6317885431634
2.05410484512724
2.14123289255421
1.51620430255247
2.35067869988719
1.89763648295545
2.30837905792524
2.06452211836292
2.32204928242222
1.83325010559465
1.64483896858806
1.60854957033825
1.4633441566157
1.79900760958779
2.16224993518649
1.33387430241406
1.69222555105794
1.70471492212546
1.67509943703798
2.2215959137844
2.18045939720196
2.20425088543111
1.95310755907757
2.26500417758696
2.01984398411293
1.77626289559265
1.58510005213764
1.64249539673203
2.2068922800782
2.36317919711509
2.28173931200927
1.96924428871648
2.34936929864766
1.74279128790079
2.08169178616911
2.39764409410951
2.1267352501787
1.83017863456141
1.82722562182686
2.14438256642494
1.81752724131927
2.16390585833159
2.07527171741422
1.95131085292168
2.32218748285754
1.81372567369305
2.10272359899585
2.13567522098812
2.10371284057943
1.53383987376772
1.7562648138585
2.0399613280487
1.50909985723579
2.42482623988122
2.1019153053055
1.3400351445917
1.97781001996594
1.31323975740513
2.07352522501674
2.12477199949566
2.21911438546758
2.05865928741704
2.42695694635745
2.32342251775527
1.54142324596538
1.4751019095359
2.43612447236229
1.62188734269611
1.16731871104182
2.19800689727806
2.48973637361045
2.38974068038462
1.59309354100935
1.23696526714162
2.33777876366875
2.25836098277394
2.20425025961878
2.22587307316962
2.13359006138127
2.41750850923996
2.37139306206411
1.60170954391164
2.01752179765939
2.16847129295255
2.44677933009922
1.8230358785113
2.05282397594989
1.99600359812304
1.60533385706438
2.25202804133636
1.6778574540612
2.09823595680404
2.41601804459373
2.25311069569195
2.44923740930912
2.08918566303008
2.36302148533592
1.80090049651994
1.36886651652787
2.27481736938101
2.06110133031836
2.21925031715362
2.17547233207157
2.29261973466014
2.42002537196384
2.11435958670015
2.33508476887511
1.99011496612474
2.44134956629598
2.36252922839045
1.66512332251291
2.35388103165732
1.82157473900617
2.37291289506492
2.15305348404855
2.16830675664226
1.30229910788413
2.3283878579424
2.20736691656747
2.05453997145358
1.9542417798069
1.76497371753546
2.02997735198375
2.27708723410936
1.45620803251274
2.08409878045855
1.67535034288138
2.03447230875955
1.97263948484963
1.49774704801156
1.60494408491423
2.19859492714641
2.23436410649238
1.5410944319848
1.99436601437793
2.38479240315882
2.08619721081521
2.16094138802184
2.19380858756072
1.92294164294928
1.72691044902757
1.54462741687153
2.1498178820717
2.34319667324675
1.75713649921094
1.78440666150242
1.92610202610268
1.96388415249143
2.43872584042243
2.34232448432309
2.05947929845817
1.38012783491002
1.95800619390952
1.87527852398813
1.78357702904782
2.05162696655401
2.34688408419827
1.93015949889712
2.29489309234211
1.48004370860796
1.79090118808892
1.87109750442746
1.93398410383096
1.58686242687068
1.82743809143928
2.31643675672803
1.67114240200582
2.18617061063334
1.57078079262047
1.17417467321871
2.4646732591247
2.45913149870713
2.34213474347167
2.38004139659501
2.2723624279831
2.01848626981708
2.22701730567042
1.96910601123849
1.58496822615703
1.34825544550083
2.40945800642197
2.01370289002968
2.11417920333391
2.37810130217172
2.06681628511359
1.69539129467755
2.24119722746006
1.61081729024347
1.31665735532689
2.0553862830734
2.24191767689891
1.83864091933019
1.67700702690587
1.60376526661647
1.51649778450429
1.73211390772527
1.44087889207859
2.42276334355249
1.10942921472318
2.34993511080102
1.72051185284337
2.37431402523096
1.99751065666345
1.99244669805291
2.25176604180089
2.27240221324425
1.87955760427149
1.97452355039929
2.1677411668746
2.20313629032423
2.36694651049347
1.87334481913497
1.88513527060244
1.5891378410018
1.84797796324127
1.05844601036947
1.90899904503079
2.08928946926579
1.84404217560506
2.01107350972552
2.17057501548652
1.86177072154208
2.4582768333985
2.41941944329302
1.26564273677658
2.43092352132313
1.38364427913274
1.11000537410041
2.25831244146478
1.48080776980536
1.82264061884505
1.06475384291076
1.50244660985691
1.87292485176894
2.07577603798775
1.40324610899362
1.84236616559358
1.91296603917766
1.68160569868216
1.42611989354044
1.85637802673886
2.13693935467117
1.24591791436081
2.14889681656843
2.43868289996513
2.12837300344041
