1.393
2.30877281498369
1.84052250475122
1.40835410801381
1.1056585821062
1.0706979285457
1.00007792043527
1.10213903890738
1.13156953380513
1.0123771639524
1.06717856233797
1.55379957357166
1.30661389653528
1.01203948625243
1.10167789134042
1.00978770801883
1.04415938168328
1.00208643751659
2.48433975197119
1.13467881887269
2.27751138241654
1.09389231673024
1.03896900739163
1.00187956058994
1.52214113756793
1.08576138897158
2.03574158209574
2.230165708785
1.80726517064814
2.06395448339146
2.18518690146872
1.28683039052395
2.49263875880919
2.09490983665228
2.46914640025585
2.37674952100702
1.73364039688846
1.53952458671103
1.17196542587913
2.08145369090293
2.30835120776946
1.98386295938781
1.54901655879586
1.70756893981323
2.06721395752303
1.49570245086425
1.74403386663479
1.63108206289206
1.5569714344143
1.67240369673336
1.1889400209137
1.6885211143433
2.32586710958992
2.12905299119206
1.05054278523557
1.08696849606077
1.37921533108185
2.45261989484262
1.79089916615328
1.95801797789891
2.34723230920072
2.04741697234285
2.05662115038833
1.6830079101624
1.66867073633156
1.97101615245091
1.20900425643536
1.5763114802987
1.8250412110657
1.3241744350711
2.03286127980296
1.96497826805008
1.95940214057799
1.88657597571332
1.30768497195055
1.74864341651416
2.19177898730515
1.44139359966786
1.57692665315072
2.19672772558758
2.14857909999411
1.95810731001282
1.64071243498506
1.93621653176025
1.7864604094571
2.31890696954537
2.2745513446981
2.32856474419564
1.6018429316669
2.18419062135284
1.57176916129366
1.24758095551448
1.99733755040453
1.81713022544321
2.23556121492941
1.79198375826679
2.1319677061525
1.75786286781641
1.68377998729037
2.30087351660403
2.10112831027673
1.8952332944849
2.0435245877946
1.97466734607973
1.95481790942125
1.65234293921155
2.0143006824125
2.09060842685287
1.8937199342969
1.4153433079205
2.01884712059447
2.03822435345524
2.35087188395542
1.76857922465566
1.55575565044239
1.80433031412251
1.66064650315132
2.06121729897606
1.9499912077315
1.81228218482472
1.54561216618333
2.08286596746618
2.14836143498266
2.12814514682879
2.4160884382113
1.77922597048584
1.62486120956962
2.13166068277754
1.25476015038004
1.65629342312399
2.38674967506115
1.64532659066785
1.7257679018168
2.444479497879
1.71846963680564
1.34939521516789
2.4253835050746
1.5949227843428
2.39724233154699
2.23520344605982
1.32816611901501
1.94452360960197
1.56349304393963
1.10172127379349
1.39454753181326
1.78952246485779
2.09421783693783
2.32221702112447
1.53642478878427
1.75668949601469
1.8532831619131
2.06918243037892
1.23023387643765
1.37264507502915
1.87640247854283
1.20242955462743
1.322610768945
2.20155765834175
1.7355398602209
1.85843679055066
1.98074453179167
2.14374533084938
1.84040616459847
2.00303601211892
1.97928719054567
1.7370561570446
2.03103626830557
1.80624169663866
2.16547857745205
2.01986309126121
1.48937298621183
1.77155983978901
1.46008587542914
1.66324486491332
1.60764908208874
1.18359981921144
1.33906082216582
1.88781274130064
1.84657226781149
1.16707398723256
2.14115526135853
1.17383641756768
2.19441624310954
1.93719971841437
1.54042065326374
1.95523191258459
1.58935136028832
2.07047340819703
2.07943805055071
1.59623471171213
1.33792780443831
1.97851266750006
1.83352797476961
2.21292606264565
2.12923161967186
2.35812722186929
2.04503285836382
1.57699797270315
1.80505194396124
2.01986904261475
1.31202606000733
1.64282293312235
2.13071138704695
1.73330724502712
1.98754753632335
2.12806316213722
2.04900714639237
1.70236719722498
2.04878810174558
2.35275796327333
1.33272633960772
1.45867391046137
1.90538774879872
2.07450480154121
2.23268516640539
1.21241123590454
1.95628957779075
1.62105857723279
1.81491430242896
1.86668936213587
2.49190845683229
1.70191832383793
1.81859639696729
2.37841647897481
1.89400395950725
1.13788654584111
2.11475519045401
1.94616236729062
1.75663549047547
1.44368243156037
2.20349105964007
2.01373507538166
2.01349838281831
2.16391391669658
1.99754048862522
1.42780776782576
1.69758142017017
1.68310388792668
1.36399032569059
1.99986068226547
1.7052002736088
2.25868969051316
1.63295530930803
2.06403250486418
1.7931839070911
1.66456754667841
2.36236373155288
1.62370887963433
1.56894011734394
1.19946402934173
1.52721103916463
2.09350365133942
1.04571152245367
1.82602069233557
2.30415188514085
1.91695860869028
1.38513604359506
1.58928860159548
2.33081145282109
1.02443582681379
1.64966443892681
2.45496053290245
2.45569177976872
1.70197409644804
2.16039572894391
1.59595571096939
2.31314129522838
2.46782870266261
1.62004782089928
1.62446587711014
2.45452306199292
1.55446804890331
1.53885934883459
2.25276742477866
1.84323317333114
1.77542834211307
2.1852293285869
1.19582637109144
1.75338810518552
1.27262636607359
1.85951502192802
2.0951182136849
1.61020411566126
1.78344072963428
2.05801252368159
1.59831801925317
1.8719946270549
1.50808992787487
2.22846760706729
2.2454411016326
1.61316866814876
1.73610076947025
1.48529548601687
2.19693562188206
2.39409196920967
1.29422472315449
2.17665754560715
2.1108997350162
2.07832000852261
1.37355841806254
2.04387641400957
2.43473257337232
2.00993956590915
1.61872509488801
1.85969747792202
1.71185159842633
1.67020515225446
2.25701126768684
2.34029884085276
2.16251244132607
1.76515625737033
1.75676406096106
2.03728935457759
2.11644564818165
2.05802979744658
2.40602493884901
1.96847680734171
2.46468020954573
2.34439968281947
2.27924588726702
2.01566708860511
2.31957798587101
1.61112826743588
1.34208654826845
1.04146582934038
1.01100939413843
1.52332904690842
1.00321847014355
1.74642535810005
1.34683595594524
1.57762578148301
2.48344350602573
2.44816425348407
1.17807387616997
1.88550892449102
1.81612673960203
1.09393444028786
2.13056468507025
1.02348830845178
1.09052179115233
1.79747645969535
1.73855654663059
1.89103027536663
1.80358615644484
1.32356778343972
1.88065829222747
1.12047647897007
1.03433583382526
1.01236416298459
1.96829139469751
2.10278920063709
2.14134707753232
2.2027949899588
1.43196562721732
1.5240003533322
2.05177563365652
1.92244456428888
1.71164119299117
1.79436333572553
1.80006211817972
1.82049357605044
2.08223028100953
1.56873470096586
1.91371202581698
2.18969909401078
1.96517164766906
2.03154289844932
1.98723178875335
1.25463418238519
1.86084483437117
2.26743899015745
1.74105447736783
1.61205794547246
1.16493492748131
2.0744621000277
1.86577968506186
1.83604266544469
1.72350526043154
1.39210564538653
1.0529416562994
1.33995857952048
1.72212258969543
2.18667461425907
1.90576470420884
1.73692901954613
2.08659405193834
2.0055175264904
1.9345221061603
1.88482229029357
1.8143547893323
1.51834008072638
1.97263128220862
1.98319328251031
1.61006549000202
2.07285452519301
2.10255978227526
1.65664064858637
1.93102738489449
2.36800130020698
1.62272408624155
1.7565553724824
2.10274044058383
1.15926280258447
1.61567717552011
1.77362199401289
2.23104525429072
1.45039654453654
2.17503274335736
1.54296231210461
1.98844027480365
1.63797395449757
1.70640270228324
2.25036909205099
1.60151732727211
1.2078864430197
1.78538245170194
2.31584565839493
2.47306200233479
1.55997485683779
1.76474676269486
2.17876892090415
2.02905337141072
1.86374717230779
1.66447737972356
1.49845929169793
1.40615289588358
2.1782340704854
1.54379623425879
1.80557928461507
1.60019607189314
2.28014376300636
1.63265695582183
1.58829574340982
2.49014993977547
2.34308822226702
1.53901236479044
1.12536940729039
1.50486509174492
1.36522657507833
2.45793475115643
1.22291592897971
1.64380759525597
2.22284343999968
1.82630597403423
2.16513523216657
2.49050489832746
2.2200085290345
1.3089734165467
1.28315446361059
1.76393398365001
1.30013831543026
1.50735855632233
2.35471712097742
2.20707971518086
2.3959291923402
2.13600760258914
1.70548490048488
2.19408969025818
2.40238123107396
1.71785754025778
1.17510813754144
1.6584718833456
2.32125156065015
1.88188393339438
2.05810344833707
2.41740459210036
2.43420665505667
1.16134704380241
2.16074072379055
2.0332215668486
2.20759095185557
1.17220715007299
1.90588471068809
1.83972241923257
1.60633795172952
1.90392369167
2.30686890227924
1.81380086934797
1.65484790245437
2.42700174512753
1.87772761379781
2.05046455036797
1.45616592611433
2.10255581760847
1.64156929069614
2.15892993048603
1.90238727220675
2.01403598886517
2.09053657022239
2.33548962468893
2.32798330078432
2.46609950644263
1.6402938968763
2.36945794320604
2.0223926251774
1.58606846295954
1.51016088454864
1.77904805238466
2.13675729187994
1.66431514939331
1.99356500990711
2.03008898685744
2.10601558760352
1.8199356921249
2.16935571144334
1.85701590134298
1.45367417938924
2.16566667322349
1.51972912234964
1.94923120199778
1.9057911086629
2.28101743883801
2.20762511683885
1.65469388541858
2.02431239816541
1.9756317248531
1.59338458400876
2.41075163399006
2.2830888403683
2.17239197389508
2.05992627511454
1.93696945679469
1.88319811884152
1.41151801338004
1.48724322486434
2.0422154989379
1.9055829622474
2.20458062603792
2.07469823691912
2.03683827317995
1.42972272103462
2.00159251695731
2.18263780252169
1.64592812835478
1.56979983057576
2.43497847771868
2.35441219621377
1.81892998722385
2.09331565661554
1.66982446317935
2.12098195396886
1.45183464372894
1.6774264046257
1.97970093869444
2.29952720831374
1.94730730721436
2.11303080492087
2.0942997790573
1.89048586315343
1.46046093025046
1.48078682175089
1.96390708030338
1.88238974878791
2.35244187020341
2.33579210341026
1.50762745340109
2.04033376969081
1.80046242270361
1.26431498774559
2.06904789223648
2.00167347198358
2.02884570093258
1.7328060386499
2.26130480788592
1.15939761227646
1.75175651811246
1.89224133738014
1.45646787585558
1.59092184243836
1.98669446075594
1.83918053160716
1.43084161643933
1.86453934604425
1.44272186190799
1.05968857721675
1.87241684565327
1.65659459237001
2.07911823854083
1.67248999161993
1.41077082458304
2.41406668507488
1.98494773760509
1.30686939471697
1.27748638360753
1.36327711461859
1.96852914616951
1.18737767308275
1.28454149815622
1.28708648707355
1.8248896527646
2.03148774816737
2.19328506522525
1.75552901333137
1.73102487020093
1.42736256599957
2.15078673561294
1.71594270292645
1.39695050423765
1.57582582074979
1.94270692189606
1.91809773080551
2.27639672178511
1.68020248230074
2.0875820032172
2.1739758298857
2.30667916780159
1.99932171806333
2.32169897762039
1.20139293318047
1.10449237695189
2.24099418543534
1.28342595786567
2.1890750494763
2.12659450320227
1.70422477200283
1.95982110028502
1.93525539537073
2.00239698138827
1.68903803913572
2.34586366342652
1.70464628183724
2.10364584680727
1.52163042532954
1.12550769234882
2.13295235582659
1.96373715959321
2.0128206199779
2.10639298940168
1.19159309506879
1.71776604967409
1.78379776038725
2.01923621775508
2.23106712355767
1.5303197574556
1.91669654910716
1.77437219854001
2.2000406731218
2.28244680009929
2.02699963742265
2.24703415755343
1.76295438224912
1.57249432703368
2.43594919881596
1.92635941185972
2.38645893517182
2.158463964423
2.23456840075963
1.5021329570944
2.20621952864358
2.01987381564582
1.75478405660664
1.44330471502166
1.90190460069159
2.24572071367888
1.89513580945615
2.21998234258982
2.11480996440068
1.83157658433395
1.71063658143225
1.27018589908056
2.29891536677762
2.04086215120203
1.63145412660449
1.88168267856415
2.02675535024587
2.22705284771322
1.56000989187638
2.07492353515894
1.08231803944042
2.01628235222554
2.02032628532048
2.25035920976439
1.65227794348164
1.55535294688972
1.82302862166162
1.80266189221008
1.79080423040827
1.79182366549369
1.96840503217205
1.69679511764181
2.13435687728971
2.01085031158972
1.54394586879857
1.60350015834245
1.86294398643087
1.84813050949702
1.31258420725694
2.27755945826667
1.96635995286055
1.31108094727725
1.83818722980403
1.74437455758035
1.81208111582062
2.11984350576443
1.66432046343625
1.54004552290032
1.4657234646141
1.67997539910987
2.09199801651349
2.14067400942538
1.67914046893676
1.35775782921847
2.10125874375015
1.83766380424288
1.93766711342991
1.92989935426147
1.94400173756713
1.47593754272611
1.91731017434054
2.06898449255763
2.2547598987856
1.64788228413544
1.28436795126773
2.09292636635006
1.56976313242775
2.39404764487919
2.11855151515809
1.84509402119531
1.480059282387
2.28276328565951
1.68716336357477
1.61334265516666
1.96853096681715
1.86463151339494
2.44131158189544
2.44536538740165
1.61822024273134
1.03549972888482
1.0003602869548
1.00043658715911
1.00633515949295
1.02462209115381
1.93829155677414
2.30417899480654
1.41810158527194
1.15361482928013
1.21376890680365
2.42099484437562
2.32019013941769
2.48323124857732
1.93543229372711
2.23299873772534
1.90810106825321
1.42992282504542
1.67521113672646
1.05086876579933
1.09380943702386
1.57441482283168
1.19895799041468
1.53991821122875
1.41620849260231
1.6115564676163
1.82897456899782
2.4813851758175
1.05872688677081
1.43389122437042
1.53158381580065
2.02967150377685
2.27433852199497
2.44840902261251
2.4909492763592
1.84205713238117
1.81813948390391
2.21974918967162
1.58979590268983
1.33020188129306
1.73956780616643
1.45475146082549
2.16978210509946
2.19833920303056
2.05648053879691
1.83037880662755
2.37030133415021
1.74343324485549
1.62193642462421
1.50418045788363
1.95398055719203
1.70542229524115
1.24128605905552
1.56608485438066
2.0850266690582
1.62168107780813
1.11356922476245
2.38710701499444
2.47519146085596
1.46956440739822
2.13375710449692
1.81684944415617
1.77761051697345
2.03462399699105
1.55663076289754
2.30170110244471
2.1826173710612
1.59948209712456
1.33202008510091
1.88118463834739
2.20366675567257
1.84759739457721
2.1088631651376
1.35917950826576
1.88526157355861
1.54897001788952
2.07693470390204
1.66085356897841
2.3180450524238
2.29016782311521
2.03127255771803
1.75516170746806
2.11553425945247
2.14484358234506
2.31604135897473
1.79349466451975
2.04150454696449
1.7384531090695
2.31183404884511
1.57991744990353
1.48867084858696
2.47534127452841
1.65228925013628
2.06017979578427
1.55423467627746
1.5005897352743
1.67948502854185
1.38746601899508
1.9327725137706
1.93506426538465
1.6011889556218
1.40591214033468
1.95166360370681
2.21020522940199
1.42886758568933
2.08623543945317
2.18339996426225
2.21591286800695
1.66000217391208
2.28665716908104
1.14954525433618
2.08857823454519
2.10520249739026
2.40939192519738
2.36149931790413
2.12257589325307
1.95601615476343
1.91403385514656
1.52799492470377
1.87613049333319
1.82058139308382
1.99429948358682
2.10008107522682
1.94290994145328
1.91707049901897
1.92513827801811
2.10939302432622
1.80751636785755
1.71178592019877
1.54173636060847
2.08307799499743
2.08706997353523
2.12588282478248
2.13925009334298
2.19902060049636
1.99872080786738
1.57883398060132
2.1681193940165
2.38714366371817
1.28374973967487
2.1106145922691
1.99508926063588
2.21715336164117
2.04904787362343
1.86851130044607
1.40602489314444
2.0805653298588
1.98985196704217
1.2680187335957
2.43919639082104
2.17948719974887
2.37670083136184
2.02554322387046
2.44374138221048
1.60304466707308
2.42323112419587
1.60178764516427
1.60870989135447
2.31181830250274
2.45402527266508
2.08749291120666
1.62458652178729
1.69218661676817
1.13837224305238
1.80603299914217
1.65851276826217
1.70795331808186
1.80997818503355
1.73620383126737
2.12079097519422
1.89127555698114
1.76011431804559
1.67864387183341
1.7762926001376
1.66574603016914
1.47978268691761
1.85726972585648
1.48305231358706
2.22997718586015
1.48845080682259
2.10866000918464
1.82652770951227
1.79066077652113
1.84255637316222
1.99108721768112
2.00054610770569
1.5419847330302
1.81092910493
1.86644350517926
1.82688237603002
1.96379007806973
1.79858897899625
1.8750439995384
2.07312946360571
1.59543705518364
1.78853688633008
2.25491323813519
1.79196566304075
1.55445735527592
2.14167656734145
2.12221694062249
1.52833937051818
1.91947591619829
2.11275093300012
1.806060279292
2.18875799680215
2.06484299925629
1.72667847693451
2.04344987527843
2.02179284652393
2.26244864007428
1.89615236894632
1.78435845219816
2.16626363941131
1.54854912206198
1.68155917184794
1.93459275569664
1.86456859016801
1.91215010625587
1.65094789169545
1.12298776447351
2.00402039451752
1.66084111510235
1.92096131295085
1.14702540630627
1.18812790817243
1.79123013967211
2.14745441741346
2.21302298585383
1.57501822592908
1.74381461009946
2.313505267145
2.18875966755267
1.47863351439144
1.81757131279311
1.95858593827991
1.81553080230242
1.80598033658166
2.17187706555053
1.78442817177085
1.94196936339825
2.03641338563771
1.88897674953176
1.78694387903359
1.95593704874577
1.56252671207863
1.76159769095379
2.11018755393904
1.70198398109873
2.34171888506261
1.29893509314703
1.60977631637407
1.80281605195885
2.23719680580138
2.01480057260359
1.76057665081262
1.92478352736971
1.92353135804744
1.47214984024792
1.85070190448978
1.61896782833153
1.42495958376041
2.16842554453601
1.96775096395699
1.19342368894917
2.19484275890222
1.83087908914413
1.40270522765832
1.58008830553015
2.24302538734525
1.7176281408825
1.88661406950612
1.97606340472527
1.9229701727102
2.25048089906184
2.11873859903068
1.87321207325017
2.23361112422599
2.26657617514045
1.29911101443611
2.09319996472596
2.2131843167742
2.02072974171053
1.69447853342902
2.05664006364431
1.43433634453754
1.79701161727486
1.6732653924183
1.41983418837508
1.95049279028701
2.18094151648891
1.60603728052578
2.02744248890166
1.61976980731637
2.06230004799707
1.1552843163023
2.44518064926574
1.18609665929038
1.62046314171407
1.10827291580535
1.3520414979712
1.70605215772523
2.24947547529064
1.44365255244938
2.01240303665049
2.14669280192323
1.93992330479048
1.66701209462878
2.46932003892543
2.13083333999907
1.88648265573127
2.24282127298943
2.17433763377127
1.87999438158953
2.0047263869427
1.70185536099834
1.46448392810192
2.09672873295597
1.96983352018192
2.01037877286092
1.78606110826486
1.8576484574566
1.55252351358414
2.02839542700654
1.73315287825565
1.39772654383806
1.87028044136799
2.05940175211724
2.02985797060453
1.45457884678459
1.63948922952334
1.55097959239621
1.70879462300212
1.7849233059891
2.35224730930074
2.09225622810596
1.52997961232402
1.82120436777574
1.72571943373752
1.44819459926272
2.09186584304589
1.26731880429381
2.325623442484
1.53371551945848
1.99862603166184
2.09732901383553
1.95762166605503
1.81982930527861
2.28625671258283
1.89959070947943
1.71274067831394
1.48537264619423
1.71866050627176
1.93338026397022
2.04613952855397
2.34162740114447
1.81302704224856
1.35993703280457
1.87205519367408
1.6202306514155
1.46302434407446
1.82481339075674
1.74025515018842
1.36619928365355
1.70194614546765
1.90558038491426
1.97709238561394
1.75729025829878
1.38680909445103
2.17596151819216
2.41868062256464
2.21462948052975
2.24830387741145
2.05479286393163
1.97877306205736
1.62826389767549
2.16755843635406
2.44356985520442
2.00039462672461
2.04270576447217
2.24945476132864
1.61936560671131
2.03794270833509
2.36170635312992
1.49361861634211
2.19942776669054
1.18586462471317
2.25578089073829
1.80010380696823
2.05811366814601
1.42523573927993
2.0143585726021
2.1159708567194
1.79939654247873
1.48580034437842
1.96580268372576
1.91044021878963
1.97738461735955
1.80737872785485
2.31833489162749
2.34179869922977
1.76463002448382
1.35298449510559
1.35477389782847
1.47553689055428
1.67511837334489
1.38696430354158
1.88210048206909
1.5325255509071
2.25945826305848
1.8369354934391
2.07057439408255
1.28205858471039
2.07185609322138
2.07305574601522
1.43030916059382
1.68724708074049
1.6141797644299
1.7916486117547
1.05995108828721
2.49131706212565
2.18519437630095
2.44479072060958
2.49712028892708
2.32291081943018
2.16516719073188
2.26553507797354
1.17057249107517
1.52089275555415
1.22610149076675
1.64918866514872
1.61635321172488
1.27898644295749
1.49147364915527
1.12221589821421
1.95256370191737
2.18738774796898
1.10946928500154
1.33628491276852
1.56941419197163
1.98063440736748
1.59397334177534
1.89446633760789
2.19605749195657
2.20269225345378
1.91615008679465
1.78245788368131
1.84212281774418
1.97710228478152
1.60148744219301
1.84290679463959
2.02094833852842
1.69086069747722
1.56240622251465
1.41009040780396
1.14038010849558
2.03177951912307
1.19589379656892
1.60264058838157
1.4992057168548
1.30258730897832
1.56331193012846
2.08203640746635
2.05056462137954
1.97455293926581
2.26388871939312
1.41864093309078
2.15715434496142
1.96470775668417
1.27716019455378
2.2331745031996
1.97058457963452
2.40181494262257
2.43399392296159
2.3607043286186
1.67529353151208
2.12015196962274
1.42917573522404
1.38416959123402
1.56797677397649
1.41378407948577
2.06755754785925
1.96692602361699
1.91239826505388
1.68744369182724
2.26231963662292
1.74018589128002
1.27915893195247
2.1851026487071
1.83518956911805
1.70569470767769
2.23409713423285
1.85186347797835
1.36030767344316
1.79377414963108
1.80804945007096
1.91442778376354
2.19523265172901
2.01705822872965
1.84898596840226
2.14073534383676
2.11930401854358
1.9750362910243
1.96419690882524
2.14428899854528
2.00756251224991
1.87127801134324
2.11368436344909
2.30021313650359
2.0465977995321
2.14608363860758
2.38637383483977
1.93920518709801
1.27032034414332
2.05758148937708
1.55423064387977
2.18882792893641
1.23972603721064
2.05023192130897
1.53538616369729
2.32614990435783
2.05761146485447
2.06076340150606
1.25408679190926
1.82055924335283
1.9406077433128
1.55816419318715
1.65307107407318
1.79425502865856
1.87742019237194
1.26357686121616
2.18593286434689
1.70668001826113
2.39164800778174
2.26071891017807
1.16271992361392
1.90131651694389
2.13724787643676
1.69842281333661
2.07512239591144
1.06311434579051
1.13913022518347
2.01825547670584
2.40806115100628
2.20180444335222
1.80656087349019
2.04038188857997
2.13667597963251
2.27318962340288
2.03855448559258
2.02406430078534
2.19715284167132
2.23229364941962
1.88159635310061
2.35615548136368
1.6417703127238
2.33124120550555
1.41471030597459
1.37272529211089
1.56227725068045
2.14063062406354
1.92329639583414
2.1691245202979
2.05227580826482
2.40381088961644
1.73628212751007
2.39856679078557
1.82606336510635
1.54291049038874
2.29484285495756
2.43106546467326
1.62562022425876
1.8893117304531
1.83544822195491
1.90804107940953
2.31971689838274
2.38302179678101
2.08864177016828
1.26052318439595
2.00832335384569
1.98746032424526
2.0849157951379
1.76024345178218
2.47608302826154
1.70168004573393
1.91320569455929
1.66765807581437
1.65733385455156
1.05926864823158
2.22236882186637
2.39523456757091
1.78036442967164
1.3624636368304
1.85411515279484
2.38403437862515
1.45590733732476
2.45491942526847
1.96155696395658
1.87178031935179
2.16133611072743
2.22329133760292
1.36179944188906
1.81485911899403
2.01717942315994
1.65275834800351
1.97419647323459
2.17515407876924
2.19101709610081
1.64985222345263
2.10261919017135
1.68643251590592
1.35214904586518
1.86117689172533
1.47636888238791
2.17876892700653
2.15611324537234
2.36701898866541
1.95308114623482
1.56179188312826
1.50454179546794
1.83474920898553
2.00869712812466
1.34875836792426
1.12092940687433
1.92881253010876
1.54723919311135
1.8778258817666
1.43773354363896
1.65715718031954
1.33689469257011
1.88445659336917
1.45050736919615
1.31523102286108
1.52803921146806
1.87243521289633
1.91560459883869
2.11020114026368
1.08487592423775
1.87699028053577
1.75857734782846
1.7094131661355
1.81179207171077
1.32847760009421
1.07893635317644
1.58145198832664
1.87995606546791
2.22804887631494
1.6678798623366
2.06034368355749
1.54743388515382
2.04050825713351
2.42751039870211
2.29793902422181
2.01860576532013
2.32739802964005
2.39628643397056
1.09850742129175
1.18065718541173
2.18801946058407
1.46316602113817
1.82221020478544
2.11884740102305
1.73320834943699
1.4659784288412
1.96970654845381
1.66649146578879
1.41114074171738
1.79428896204061
2.16294565162019
1.80652495261056
1.82925818001243
2.01017414267955
2.22664020317194
2.06936003607048
1.80570895968695
1.87196031976027
1.82839380036652
1.91885355665326
2.07374580262517
1.96247357628417
1.87003007018204
2.04927491632428
1.90306855579858
1.75914929240929
1.43092122590493
2.22211736870931
1.7479954371234
1.74139398525655
2.40121848312254
2.31371098545701
1.80962324208828
1.62915487448586
1.50463494925334
1.53979255976716
2.28290553434456
1.47261887507947
1.85794290953956
1.68035186786874
1.84776535068742
2.02865551195617
2.07560912731536
2.13507355749006
1.97544506984355
1.24010662494442
2.09906609394995
2.04912466646195
2.26107142699526
2.35511921027101
2.17907323136247
2.03777849682093
2.21151033912636
2.10112456293525
2.17747921596075
2.2055549744883
2.16623668044945
2.39824923203067
2.18539623343019
1.92490819184156
1.99391505418377
1.39993797120149
2.31873134913918
1.87788380523148
2.08042336393744
1.99931638759556
1.36039911091811
1.69079591195497
1.79031579519148
1.99243181276193
1.40137925041974
2.22567013887634
1.94714488085209
2.01720847801659
2.17276561788487
2.02106692166868
1.74986180652506
2.06162589660498
1.57539363727334
1.45142842188427
2.08155442979318
1.86747370494546
2.02677331755129
1.76936421667339
2.05654832957061
1.97117755799137
1.8582924210971
1.4976303022098
1.26825529976886
1.96034097688797
1.52071886001844
1.88348218587288
1.13727238738711
1.96176581550479
2.07480268340085
2.06257765556683
1.95891169439627
1.36760106208065
1.3295148086322
1.91584165563608
2.1493408976482
2.22718427683082
2.10051037253187
2.43778309130539
1.54155864497964
1.92568574515342
2.38461661332103
1.67640377415697
2.07271285146127
2.20879447576326
2.05123710006403
1.36807267716571
1.91447507763949
1.88441940939478
1.80657489079431
2.19925619493068
2.22387640821989
1.96188574872582
2.18452917633384
1.79789368889223
1.59864972599539
2.07111691056542
2.37261637745117
1.76834917838543
1.45502626341657
1.56514493477691
2.03564091744624
2.41376645734181
2.35271290398156
1.82090818515558
2.4666488977915
1.50481551051128
1.74876951030231
2.32720991746881
1.54409819839161
1.12609346905482
2.47960492313343
2.27328872456872
1.64927390977217
2.27724941632498
2.08647982909501
2.14136912659144
1.5953207816902
2.0655766390235
1.32966950754586
2.0003529248343
2.40842057090186
1.94573642354846
1.86974766521846
1.09717118775934
1.27731103759278
1.95205402419749
2.3594871086356
2.38265102901124
1.91906730397336
1.68314138470789
1.42222608209333
2.4172909342025
2.33039576673513
2.19882120429407
1.81450199037098
2.3138048183839
2.27524296870057
1.6203642996549
2.38087107067091
2.24657810579605
1.70904189598447
1.29716658364189
1.93133056975338
2.03521690797768
2.07875657135022
1.25524916004122
1.84765413232574
2.28597055180327
1.44946227247542
2.11104915664558
2.29001628790444
1.91329767825058
2.1871040298402
1.81705247931767
2.25201855758518
1.90442819422094
1.91263760969085
1.5085658233462
2.22212077046263
1.9431138751567
1.64979661054455
1.2858953424189
2.37902413351059
1.93017656925609
2.3255805261511
2.27773007217281
1.65675555953478
1.24372893106567
1.09804422548656
1.22409582043633
1.41059586994256
1.32741216150327
1.12756257566912
2.41050638249318
1.38757376983552
1.45379486296186
2.17158580785635
2.36880831374756
1.97290032067969
1.37305376178159
1.72403683225216
1.76931314993326
2.09524728241008
2.16280584084013
2.08218988941894
1.71963671454171
2.13807557981492
2.0075889835008
1.17130872277661
1.59501438180763
2.12088544324302
1.46994867964071
1.86377424818366
1.64763955705568
1.54256715694612
1.84254293033911
1.77847457109615
1.9457805013171
1.31826959239316
2.08860282032543
1.96398170534161
2.12381733602248
2.20350620576773
2.22027632627604
1.56105928873215
1.74381949085259
1.97488493831923
1.80822588033499
1.80640153555792
2.10114886638305
2.30908900234773
2.037103295718
2.18823819062632
1.77100150583785
1.58753499900829
2.02429459252837
2.21088189282514
1.64965427253461
1.73127876213788
2.10016393479097
2.39846691887091
1.8222418889988
1.81883234460509
2.28592867680366
1.83628519638127
2.3731679876027
1.75182633320468
2.01728350777728
2.0980240633752
1.65398611773333
1.93997592445981
2.19851801381118
1.8132277976994
1.90413127597393
2.10160901403313
2.02868433009381
2.31797045679671
1.69507575262191
2.05960834031093
2.26742793762609
1.78889771153572
1.91171823573842
1.77599035925534
1.6181292852735
2.39845723351437
1.29113709726284
1.86817435097644
2.2587219230239
2.20382922740864
2.39063365491997
1.62543150800621
2.331069122891
2.20786783378305
2.24000024950161
1.87382333805503
1.38389383479951
2.26654563464378
1.5891359781741
1.44568064584289
1.60554018403762
1.93837702423929
1.7816710384508
2.13437685940536
1.32772416295686
2.0219479142204
1.71667674918076
1.62129163326009
1.87215797455868
1.6257539149116
1.70420594902674
1.82143689361205
1.82014431707653
2.05066153910036
1.57865715347279
1.78341406766529
2.01168322531664
2.2086034560062
1.55913240239165
1.80620242989985
2.27141449720489
2.4597284115374
1.7918481248638
1.74710588124917
2.06706154683804
2.31341096362936
1.1859337600141
2.29367167490856
2.31182672136323
2.00287548262558
1.88914669860714
2.18415096600865
1.76548094636717
2.14246754771815
1.64567822890343
1.9011765359635
1.93537265926347
1.91927942227127
1.922979875573
2.08906678882183
1.90071975528112
2.08672289530586
2.10470111576411
1.89761717174135
2.03196211813812
1.8910507177795
2.15292689652438
1.60318117589775
1.86432803425978
1.57113274239416
2.28020644287984
2.16379210246006
1.58364401925924
1.88104595762847
2.12114330681937
2.01578538267116
1.56673353965363
2.0695719969048
1.64714021957327
1.72375510492715
1.98786508418263
1.91042930452363
2.09270517514725
1.27120327699886
2.36210754035466
1.98731359510691
1.99583757010713
1.54878060555948
2.04179541735175
2.00709267600408
1.90759391568136
2.22069355637253
1.54973411041959
1.95585143992168
1.81702667338338
1.84509732991179
1.91910172609347
1.5688830944516
1.87735919547783
2.37520460420342
2.24588972527738
2.29209347421957
1.03698311123162
1.7309094050312
2.11718477645429
2.08830960209725
1.81113294116161
2.22301255745179
1.31009322132518
1.88013256426925
1.24393057520477
1.0044330482773
1.40590571673762
1.00795001892344
1.41796630702848
2.42335293766665
2.00249392536129
1.59385081703747
2.32044110522262
1.04422469729474
1.12783526815764
2.47530247664264
1.31076413788859
2.40222174377311
2.41744994658247
2.31224281136999
1.6499127886198
1.05279102448031
2.43341602779889
2.49268799678168
1.56993415049099
2.25345323600577
1.81845890410712
1.80853421479603
1.55872390327812
2.29000397664138
2.08093769611812
2.19527295235865
1.23189981505561
1.73233836068274
1.48703075363048
2.32330403390091
2.28654066535826
2.46274731623218
2.43029980358232
2.33154713544649
1.99551750348014
2.4675252651221
2.29679483421247
1.17558656478606
1.92702264133473
1.06514456676974
2.1686549296269
2.02008332141201
1.75151921771244
1.83508814797277
1.58873197898376
2.43197918582361
2.05708283611583
1.43300930177701
2.13872378551836
1.66314797798156
2.3617305525002
1.76761751246491
1.75599312411518
1.52337694895139
1.9797335076287
1.62613478387177
1.71947236214825
1.5897970639644
1.44384807553518
1.777440329065
1.23554099776916
1.75585941768224
1.87273541671905
1.97774781397564
2.34437208792293
1.35991615574216
1.4930686435628
2.16620430731298
1.76601242568415
1.56491067077151
1.97130473583169
2.22223894530822
1.46514448928915
1.68187157348383
2.40682624443171
1.5728171535675
2.35312572341495
2.32804120220675
1.6705987129118
1.67985075913382
1.44609775357562
2.01091431823984
2.38599511543709
1.95957792642906
1.58990110680392
1.4358871723691
1.92901054562338
2.27537586986979
2.26211172029777
1.65329900475855
2.1534367327721
2.19920181359567
2.29092350627623
2.0394090503006
2.23345176380325
1.6224089353823
1.89904034361795
1.96637901752547
2.25181665279161
2.26014106219159
2.08113375431618
2.06186667122131
1.21448931541811
1.49657919525304
1.92496491041364
1.99642686667456
1.70293205069804
2.15562752582009
1.95706313924474
2.02766827638185
2.1512292305306
2.04025766775425
1.37547203463781
1.88037536162028
1.25809639741318
1.24047107664152
1.35056115352287
1.63815126983484
2.16255025020537
1.92548115902654
1.99462894752213
2.41678895536147
1.26258669825371
2.46826431638194
1.68455906537953
1.71938341532144
2.16298617662835
1.93466608084366
1.47989050559554
1.91385017817756
1.1585924540001
2.29264988991956
1.82036734130528
1.23091093702961
2.36200786790244
1.87974582463703
2.2645937135615
1.98404150359769
1.3922079159932
2.49055664032058
1.59058419957986
2.45282210881299
2.23612293681687
2.20497684626995
2.30888446157627
2.27071016797579
1.98167007706959
1.32812243356062
1.99807090991843
2.04951250119287
1.99271474434678
2.10619143680791
1.4940100397047
1.83512282119645
2.48682871896013
1.76362933047237
1.57260465909227
1.73942633291151
2.10202190023024
1.98436142473205
1.45228695057221
1.4172739136807
1.42126046945511
2.07653622733507
2.34015702800188
2.27313471357909
1.23852213114088
1.03058246715294
1.16596823205538
1.69378068575922
1.0778351196558
1.12937793980673
1.47949111003509
2.17476018356534
2.18564137700458
2.22374834465312
1.91663318190573
1.78173875546005
1.98483280433352
1.87415482832284
2.16294498417359
1.67829033682371
2.09558856679848
1.99335133326403
1.49014727308438
1.47553626338512
1.96097436026467
1.48934718458656
1.9784000992559
2.138584773592
1.65012764220007
1.89470773861933
1.82206183831345
1.23296896715859
2.13481635056057
1.57035886613127
1.66234004578847
2.29120131504711
1.53706045093766
2.08335827895619
1.4574763666391
2.17199320570615
1.70555793553877
1.80088746535045
1.98372120951833
1.87634211175835
1.6145865804479
1.64457152949366
1.64872045687402
2.02312400580927
1.87733544173447
2.28840800974034
2.42732400440012
1.35721195840723
1.96760289750302
1.94206794771035
1.8130081971849
2.23868688169334
1.67952845131001
1.8894607424108
1.88269408888856
1.57012953157964
2.01083873516956
1.96561312936038
1.59921242364232
1.81665972661874
1.78893125029238
2.4803930949787
2.29827194613204
1.35331215408131
2.16023951523686
1.83399330046679
1.3631222190588
2.13803317387622
2.43704627954542
1.23378997015619
2.05029946384938
1.76118817662453
1.94478853233768
1.64185527028725
2.43615423618827
2.2526138437448
1.86006556055118
1.64548075182942
1.76466229496176
1.72914198825031
1.99885851441382
1.96848863369281
1.70478063955236
1.76615762667412
2.09277171784352
1.9399741897511
1.41129530285084
1.26978392959462
1.44237024304102
2.25036981607342
1.6122500581467
2.34130570994093
1.55589401638783
2.43584480254469
2.35430097021925
1.57611833652185
1.89749686123207
1.51998622879083
2.03716744938406
1.57233023521447
1.52564513972845
1.54229025520799
2.34191551889563
1.32827530450417
1.19201173176047
1.99257337431646
1.71611918181938
1.99837334384905
1.50352009977867
1.75476419417154
1.71200503745859
2.06046630102716
2.17444882914815
1.95414073319689
1.89709099810262
1.26193874373215
2.31963812055299
1.57870341892915
1.538554429865
1.83893537878413
1.72085281927814
2.16296902072394
2.39228057700242
2.14295203440451
2.46999380509228
1.37860373355534
1.60444317837784
1.90671835111499
1.94073475381526
1.4630717248011
1.08961907951912
1.77819721395569
2.09994137783149
1.63142299068308
1.97637094004659
1.73046906597327
2.03020019220889
2.12656713527687
1.17955435856391
2.19179198941992
