8.44573171607037
6.29059193893064
7.7688806680583
5.98571080641294
6.77005692667277
8.62691029504486
6.7184678608494
7.50216645619101
8.79130140833179
6.66310688321777
8.68261878198209
8.62910962566439
7.20535229079747
5.95629228872248
8.20729678618419
7.3882017036657
8.38426812263961
6.05350401730795
6.29337262423319
8.29681065369905
8.26055954105884
8.27755240827702
5.77975851337507
7.91268844395873
6.27086864131732
8.25678173983971
5.62571116268252
8.79116043597465
7.17894601310338
8.36008782494814
7.93605844197607
6.07688306728025
7.1007237431533
8.51649090446133
6.30999844416601
6.57057789819905
7.31120725705838
8.75547843101041
8.17201249829163
8.09813164737109
7.86263894133149
6.49009724696374
8.01690728758069
6.83997138659962
5.90362651229905
8.4979192286454
7.66050058752759
7.32311913346503
6.95895340455331
8.63729316880919
7.98397923772572
8.45168519350442
6.33495284968911
5.7542393907519
8.22286274628779
5.53235850266673
5.96571249840497
5.84978708427548
6.9872638965801
8.73561344546558
7.14056147575633
5.8360395299633
7.52538670569259
8.22479842361878
6.97169733761225
8.33662253896801
7.50830150073138
8.37205878399902
6.92524895446494
7.29166482346644
5.6222178694044
6.02349568089805
8.16597324041131
5.9691161866941
5.67036256446507
7.45573915751272
6.24385714331245
6.90444282199711
6.24335651175462
8.51310753593274
8.73049407528161
6.43320120604171
7.90269677999679
5.64624277454075
6.11057532710612
8.33551828464373
8.57132971283301
5.83082745258221
7.05074086600647
7.97493989887058
5.96478135195048
8.23186741760187
8.00551314446768
6.74399600514448
8.45920042002615
6.32504923532589
7.41438558464651
5.733655975865
6.39469075317154
7.26367028943565
8.38848478298026
6.71186912850333
8.51372319922121
6.58578036089874
6.54408439319612
7.48590871770654
5.78812612164503
8.39079935795993
5.93810320135376
7.22925804889682
7.90599273154959
8.44139356628037
5.88019729285728
6.4935047164993
8.39354733963643
8.01485390757316
7.4818243843019
8.1908801962966
7.95574941338146
7.96615305873869
8.33122563900423
7.53600164258113
8.7643648798484
7.74516487463047
8.55749630018011
7.89795715963439
8.74361322447795
8.54388570700064
8.49283031053945
6.01671842346851
7.1057563430737
7.91533023681684
7.29398230544781
8.75392108247668
8.64855165418735
8.03063798855597
6.85221428967807
6.30076906556915
7.67681847632743
6.91204304281591
6.78623664704877
7.96249816333381
7.8163820233579
6.56817177440162
7.38676087329344
6.56374077680799
8.02135300953952
8.35992455314749
6.16321941712667
8.38682194931474
8.44273865215861
8.35536606817871
7.84691352575767
6.35504478369693
8.27618108317721
5.61429259213161
8.51227632591899
6.6142800155528
6.90362191847885
8.70904268450431
7.20990522787204
6.20780834080509
7.22218433994606
7.24721193383905
6.16572721338452
7.94519267900553
6.01917644199169
8.08028297489888
6.41705003295865
7.84596275147187
6.78881129404527
5.73179157899528
8.70971813043645
7.92235213391093
5.66310471020498
8.12904719748901
7.30684379043129
6.2441698829953
6.1674428728307
5.73080970679747
7.36145004003024
5.60954354235102
5.79754806825998
6.24814876480641
5.52767887207076
6.28712241045385
5.55831393296915
7.84047425775478
5.81601256557019
7.36984272549669
6.29874190648942
7.97343095616672
7.25381279459091
8.02750991986387
8.54728138970665
6.17172708869024
6.3544390541949
7.61197664903746
5.93852953440948
7.17222987418957
7.63117695603498
6.40194420014697
8.12572179035356
5.66990963518984
8.7872090515973
7.3613557784275
8.10300473293403
7.33619157940344
5.74237158061438
6.24480191655102
8.12935284998309
7.83886702228536
7.4656216353536
6.46982503164128
6.81084056847782
8.094473562271
8.40878563597943
5.50505549168577
6.30600748440491
7.70799413297842
6.63332212600244
7.00460837958988
5.68252650317986
8.77906229843917
7.55465150802071
6.5853276769853
5.51075615713895
6.46034048192596
8.37149487745859
5.50526599065611
6.45860595916639
7.88446488528672
8.38413293810259
6.89651659875525
5.97851187880226
6.53362796063027
7.73331015617631
8.63630426385388
6.0715427293317
8.64058329830286
8.2654142263342
5.73051225201265
7.08825689684933
8.73979940393526
6.01647533594758
8.63309901350616
6.29831177676995
6.40623342212996
6.75667995784959
5.60620679945347
8.10038012327963
8.59455583287371
6.47571464540839
7.14273073252561
7.25959198480312
8.53904513183661
6.5715455514284
6.52470614816951
7.6173946897877
5.6081131773001
5.88668635498284
6.16300511410543
6.51661235774509
8.77668257308064
7.12468670861843
5.83838391058358
6.71678337100946
6.92210066325917
7.77510828712855
8.42653527262292
6.71318525841728
7.01769808478717
6.86351208926442
7.22999456971451
8.70759536960287
7.43879034800259
8.16297047491398
5.93726672258538
5.97353914221757
7.379632879281
7.53093988759269
6.07449753025053
6.654497821587
6.08854921234393
7.31249534510794
6.35518144170461
6.92629660999894
6.75391504018317
8.0683750151516
6.49904378262047
5.99024544980924
7.83376616847541
6.01719225279396
5.83904392612723
8.7572818576651
7.07074036929362
5.77994674434511
6.50705132841805
7.99716043629111
7.6767213018405
5.74936884249693
8.75444370131439
6.96800098608961
6.64056821271098
5.98434509735088
6.40686188969087
6.55245322150014
7.62094995386421
5.94580334867729
6.21574797040159
7.80904648332205
7.34272933905497
6.69240757848605
6.96915441662813
7.04078310719808
8.57578973191829
6.79729860016837
6.98835212520576
6.77364619314056
5.65794702117735
6.6674704924937
8.44342531764557
6.29699750710942
6.90932606877659
5.78823556396788
8.15512714553321
5.99481906800709
5.92090363428239
5.65965634214906
5.82173900439889
5.61096175682606
6.35820285972173
7.14125815319207
6.69163749613911
8.16839322985216
6.7426217564001
8.05557287302259
8.18975222619525
6.30791817184774
6.94944212092514
6.51506917559223
8.27611715196164
7.3516670459143
8.15350520689947
6.84871099241521
8.76981490374139
7.82922422226634
6.11910683179
8.50847073615175
8.56954317578539
7.20521699616933
6.91330700580414
8.66146776790142
7.48134497090464
8.05931252888406
7.27546804692511
5.81419324592501
6.59526931949927
7.16615910307507
6.69191996747802
5.65164485440417
5.98072872441824
8.02472188675326
8.24434445713458
5.67820499734085
6.31212706189506
8.00660359819833
8.57898873664251
8.00219832792549
6.32354700771828
8.21377938062878
7.68325371018841
7.7023001639207
7.22366254778917
6.25838813670943
5.83569923732959
8.76222196960049
5.99145211855574
7.53076275291438
7.41301130770456
8.29401041213166
8.1290393867415
5.74805502910864
8.37678413748833
7.77794422873644
8.26891267049396
5.81576293292986
6.17504165838468
6.50996834778493
8.53984301570914
5.66759414213132
8.08471635859086
5.88639515300125
7.25152413681609
6.55613321274396
7.8147546540429
7.66464138427907
5.77442551914917
7.09621069365767
7.24491372644178
6.67737191818006
5.8411711095387
7.63740803020873
6.94163153241106
8.08376040613191
7.57550680076061
6.18092221654283
6.82442675752315
8.26926516214647
6.26691055999527
5.74400841130889
7.85918349017595
8.48130269598204
7.13504725441928
7.32110508641698
8.53780333901242
6.68816160670824
5.93989698975872
7.01632452495938
5.94386853630583
5.93046602115117
8.06879438647103
8.36975698551829
6.23124298354302
8.14063730355975
8.72663831024624
7.47168908060983
7.7609861928231
8.27940805069369
5.76281601409691
7.06970968101359
6.21958939598837
7.37170378847092
5.79448876927975
7.75369174896909
8.2404612139814
6.19635012242921
8.02676002014634
7.03258561324208
6.5539319275293
5.54784489981639
8.66162468217214
7.3393855582203
7.05855792842948
8.42946924576641
5.65837164333719
8.22463815206363
7.0241229124846
5.68666712690843
5.86166576283843
6.78208689285453
7.84856132062372
6.4698076648086
7.89426595032501
8.07331004395637
8.74232738464405
6.864442568277
5.93133852156315
8.57838697779302
5.87956174916109
6.23090915936635
8.4184263211069
7.10198078141754
5.61222070662737
7.15278317139388
7.05220944463639
7.59621348987714
7.78565455725131
5.91267325724182
6.37295223194968
6.43350806569456
5.54879621891747
7.91457194634772
8.32594657225726
8.77192017113058
5.85484248281164
7.10270819914049
6.91719595969549
6.63611100602478
5.72063923704279
7.01628488379113
7.02141270982061
6.7420974311238
8.49115761458404
6.6958742810595
6.50406019092851
7.66221428900029
8.01657075345497
6.69461265139511
7.97500722363863
6.79099564182436
6.18595837604629
5.89802956050646
7.24099414822476
7.39533500892061
5.51576296690036
7.94441587032827
6.61362676015116
7.79466853814972
8.34657112533785
7.26800698258284
8.18212253506827
6.29463975494187
5.71904502286427
6.56351344875752
8.17574891646539
5.65327414281016
8.06307892854767
7.28138743172461
5.75640431522724
8.05824103189711
7.6970772989175
5.90034857287597
5.9831457415873
8.29357354864308
7.31787595689923
6.90644269042831
8.19740466524526
7.62072224717092
5.91975387399428
5.8831785333979
5.54139643786197
8.09703859945049
6.06047004184899
8.21525317136473
5.81267820814477
7.27919320982187
6.55345392141479
7.23728720564536
6.16451926172846
7.88454722432891
6.71744703889261
8.2160486914692
7.60195468561078
7.78454987923285
7.96007018711906
8.32964022968024
7.23692370686633
6.31084168105341
5.93397293530122
8.01028862999008
8.35247547587996
6.23140178193025
6.36675012519893
6.99237949585632
7.25733970774442
7.79728589460381
7.23298284919329
8.13515141932605
7.48503048778154
6.75832571822972
8.58503818952748
7.02194497427155
6.49461758056267
5.72871484746693
6.59126924884744
6.02732037430253
7.90543704571417
6.16135668945882
6.11361160305574
5.9596338525949
5.82738172135239
7.98004735152755
6.89892881327595
5.92781640720121
5.78879829295794
6.00421718905922
7.07696878150295
8.38725974109751
7.55281005273705
7.36899439138772
6.22054887672635
8.19383196933825
5.54474804045072
8.21756858352266
6.1958549836504
8.79564944691679
7.92808784975345
6.25279794960709
7.0343794981818
6.72148600951361
8.76338360809883
6.22903720909745
8.63860368446416
6.65175434718871
8.47866896850906
8.15329274797797
5.51014892025073
6.51523842649354
6.12316658447359
7.58150650291238
8.37454130341186
6.99739577108051
6.00719259381517
5.81949189505026
7.7471009531401
7.33333434685864
6.1432461312467
8.61314928739256
6.02540185356161
7.61885068098691
8.66648229722006
6.39551767127571
5.98497584484941
7.84719677033128
8.4014595511572
6.31755058076042
5.75987585747901
7.59058137305901
7.0662435509965
8.69143652502021
6.30832161786892
6.83277275666907
6.06964434130327
6.74120235301091
6.82349478278052
6.97176121742822
8.56311609421728
6.64085592810834
6.02886010676916
5.58376138356676
5.52518311265186
6.25994788036534
5.75913749071842
6.37096752113629
8.3845004733008
7.79538717987165
7.62256472307762
5.70516129034651
7.89121099308973
5.92402443132367
6.57531314639929
5.50177420807131
5.73847519502607
8.17323162806843
7.77492158903429
8.46005778186868
8.31203441824442
5.64054632997233
7.90017649453136
5.8568976795783
8.74093643885763
6.25113050177825
6.00154548148228
7.18868323196404
6.98094310958789
6.77250418448641
8.70691014489884
8.67086352002712
7.4870254749064
6.95970320813607
7.62652305156877
7.49538783846892
7.13092213808981
8.2938242065897
7.57747976126983
7.73106241952622
6.96885061089822
5.84390211810183
6.66103077582245
7.66425755762704
7.73902633532785
6.43672439365893
5.63306345898488
8.3881565418789
8.12809321731224
7.27573871273589
6.08406377609403
6.99039040020147
6.3605373927665
6.27497495909483
6.29597905797958
6.33174903974473
6.90464760525252
6.03976772189535
7.64253651070559
5.80103548153523
8.4675675278114
7.85402503097274
5.82592934883501
8.72967617513062
8.6106836676545
5.61412531944279
6.48276635372572
5.90502558885114
6.5340738605777
8.54341852540769
7.15320000479475
8.13277039074854
8.54431414943421
7.23102532467056
6.14154684370109
8.46901745514114
8.02146502491783
6.11531560834161
7.00742837639351
8.45800299777157
7.10572365499703
6.48343658560023
6.23755368559943
8.63044042342494
7.77897239789096
6.11296413061013
6.91988568719635
8.3271682859475
8.24633499877694
8.09209662192381
7.46956288962259
5.60967167887396
6.32907814022531
5.53920752020256
5.70641256860234
7.22166099982353
6.45076494608335
8.46141224659443
7.83227034710276
6.26653521649103
7.72304318784521
5.56120916613745
7.8267742695737
7.0900095562817
5.96866865740672
7.66203753388713
7.74900227833928
8.48864643600951
8.58054323977693
7.658067389617
6.5105128517384
6.56418944355693
5.99453398390504
8.18196065038978
7.087766329712
6.15301529231474
5.76950823295016
5.68098961010684
6.87457814019071
6.38257208579125
6.77721376375177
7.37984958134919
7.31951336438242
6.42599848935954
7.59503905219577
8.44648745894598
7.52776707476832
6.29273213799629
6.36556681878327
7.98511443503244
6.83757180185704
6.64296390752232
8.06154003351465
8.27699799599909
6.88824823728881
8.54868834689667
8.01108668614795
7.95068324968659
8.56438791984267
8.77138282123485
7.83751983881321
5.57420316254309
5.58017746086873
8.13275582747
5.61459570889882
7.24027816679722
7.38001001476404
7.30437341885865
8.4228926666839
5.74853795871032
7.22092372782055
6.51343823571825
6.57462347508116
7.51676217625927
5.59589694407907
8.54285262883094
7.73811865543119
6.2427336171249
7.40717848558806
5.60444502735943
7.45951447403244
6.68166137465977
6.64635803956941
7.82096376507387
8.47406008711017
6.09696971671012
6.27207747506499
6.77645364355445
8.52502737765881
6.68004298881448
8.33937007201732
7.35681745596831
5.70197291371104
8.66495276482496
7.51246859877157
8.57057023489519
7.39088302319954
6.83196872442789
6.97306447139522
8.10060571390136
6.17261564181872
5.67041958982112
6.32708134854866
6.17448901908843
6.10673373044506
6.58663807278922
7.23058727378363
5.72015615795798
7.02453783845498
6.56426627061548
6.19539170637949
6.76159436986208
8.23894797204603
8.70756366869177
6.69806873937237
5.86545922433492
5.87077303237917
6.65158507565653
6.3422321167753
6.91342106631169
8.5800586169556
6.97962922371607
6.7538906702207
6.88129105448398
7.92825148800589
6.18712742620741
7.9135314886581
6.53577867643899
6.69097861735519
8.02636709677502
8.07280723707686
7.91249410940001
7.52134298048074
6.72429165459553
6.42739333246655
7.34443465035268
7.5724562892909
8.58305603706182
6.98872572559082
8.71958592635228
8.48984336059923
8.38596928337708
6.34124012308624
6.65407779217488
6.28716069873788
5.68733421930866
5.66229719324684
6.39224861710723
6.45128179115467
7.3705933359571
6.70024222273019
5.63973253201759
8.56840508592224
5.74038006096214
6.50523411119378
7.62627900720827
6.04365081650541
6.06708568973205
5.58671622724002
7.82467278794066
8.65448054553219
8.39254796324121
7.1254120115789
7.40400927188051
6.58229627927376
8.45353989742562
5.90568030799492
6.73444575238272
8.49109455958761
8.15709329500862
8.40079434101942
6.70028580249161
6.65241814689556
5.91078415505554
5.84699973905977
7.89846969247584
8.06320349385627
8.44612099612102
7.8193455828345
7.16206662042294
7.41243164721798
7.86915866583588
6.63259721877044
6.39634723430587
8.70765621430094
7.40833686191144
6.48429849929827
8.31242262613381
7.573705438291
6.46937537776895
6.8722500565388
7.33380943520725
8.22035316363103
7.69325010075019
5.81256119575636
6.16495261649243
6.43686249660259
7.735122872687
7.23636883611332
7.06613070056986
5.53268313741401
7.3858798134307
7.18672558449006
5.8724602190898
7.27629806969181
8.35192497671989
7.33415646535226
8.03581198362037
6.82829042864024
6.85703406275794
6.63100256507228
7.86425925001733
6.89788764162221
7.99483307027317
6.87170678863881
6.66650790994775
8.63725450409421
7.24923722525562
6.786114682654
6.23304196489963
5.80285065295935
6.49840340293195
6.64988305432138
6.05062370030976
8.60576906101031
8.57112052595419
5.82819134267635
6.72908382118846
5.64613006685795
8.32792873623004
6.70177828680534
8.518245963536
6.83446096743127
8.63200385544834
7.43530346809546
8.58310178486996
7.86321210145636
7.25270880379973
6.58397335822297
8.16155230005021
8.48341878828497
5.84523130454187
7.18077784109923
7.78652996072477
7.80261704526371
6.4728512030871
7.21793514114229
7.84250526883677
7.35093581831062
7.07898691185722
5.50980779081481
5.79772464633106
7.50213187766885
6.42414843393175
7.38736783499953
6.71932474189179
6.82805288661017
8.1635412629682
8.05705753606538
6.68920541951444
5.5630937820413
8.1222895046751
6.15044061210512
8.10043962169848
6.22521474249664
5.65822274046223
6.85609266312866
7.02303825258195
8.27136724642772
8.50762316966271
6.29435878238576
8.74107333626475
6.72588163669214
6.31102850605883
6.79071418106434
6.98769138151357
8.51646557194439
6.1669617164213
7.323758705168
8.71263641466424
7.42280329197964
5.6921407845406
8.55662840033519
8.36758916136684
6.30431709192196
7.70742165826776
5.74639187304296
8.74263016263519
6.2468377545838
7.05988423415597
7.78275620815098
5.58880978909223
7.35366191854581
8.72854816300444
8.27405860145545
5.65654093428348
8.22448612424891
8.03151634846078
7.24804244092886
7.01959333697708
7.78860809360471
8.74472883549427
7.25668403392711
8.23720392306409
8.57725859485043
5.54128173353816
8.67876797022225
6.05416264992594
8.21962787530233
8.48281175586209
5.69396595716825
6.7269037425048
7.83567005528265
6.01632936533068
6.99106030815576
8.01714514973114
7.06341436812246
6.55965701913439
7.77929884269736
6.55937162446697
8.53807840923787
5.88649467813322
8.24472834177108
6.88278464252768
8.06717905798679
7.47092800771455
7.85392844528901
7.20768908871611
7.52734439600607
6.73734312143407
8.27710565971316
7.26613645952271
8.05549940126946
5.5173690577631
7.69996168935477
7.64185873300435
7.80106245934252
6.79312052992954
8.72423239128441
5.87107969372122
6.49783339187943
5.55253359645348
5.83209077879977
6.63983863520122
8.76410131105591
5.87578710936302
6.29679611140852
7.55951355356434
5.86410579770757
5.83323280495386
7.65898778512743
6.82506446700184
7.00796349073705
7.93575661758557
5.94718912360321
7.13093557621414
6.04463222879519
7.23743453485729
6.13779180270368
8.38381520586504
8.24270477897165
6.21680943455562
6.25850398022839
7.78530351413495
7.28056778672214
7.4156850472231
7.51528698187857
5.95943648671782
7.54736352678416
5.91383412460286
5.94700870238141
7.78685405658052
5.85898399780233
8.51677160581609
6.56224340340986
5.56102393198166
6.45406254012896
8.42673575116591
7.6696784320965
5.65295864551726
5.79716805498064
8.30752303075203
8.28432979371338
6.64400937304446
6.75990092500982
6.59741103143785
6.92513691284119
6.92798919235331
6.88315574077251
8.5896067271122
8.16168246120215
5.76098527582173
8.00969746660043
7.56263620192109
6.0749366928884
8.01455946428826
6.55188226495372
8.27648746992772
7.84392389206433
6.20527460101072
8.11236003761483
6.30249402190909
7.30716623463367
6.97906787936101
8.77267803845928
5.69694294412614
5.93302777786292
5.57958212987607
6.4587066123075
6.35468838986046
6.53119384998761
7.78134404971785
7.29473053970602
8.00670386543664
8.60648962211214
6.95259079082214
5.86405052927596
8.09038256454986
8.36084946298548
8.50939581594568
8.12771609240522
7.93189465972942
7.76774638573371
6.39312430616807
7.68454079778219
7.05163720137508
8.62075033827116
6.61882594346148
6.20255884120394
6.99969457497681
8.79600787790697
7.98516452694728
7.10533413992713
6.80491285342625
7.50736031994189
6.17389239756485
8.09294913751574
7.79615075281919
6.06921599336292
7.48769771184612
6.07555639703524
6.25542547987048
8.56365746704181
6.64508695330412
6.85465397233741
8.56980341120571
8.75198380437703
8.79443253585494
8.58390108430214
5.73959375216932
5.58650623907852
6.02036310894869
6.22588311893277
7.57470779868864
8.66359199969313
7.51361966829085
6.17049753332669
6.11433498991947
7.22599267612752
8.42208467623517
8.39334260865454
5.93546651692687
7.42248349801248
8.73808475314051
5.81882414398442
6.97569382898755
7.59111196166733
7.21669405796191
6.32415158964744
6.26666064684811
8.23567478222294
6.02192996899582
7.85492503441402
6.35086078101534
8.36033632302125
6.40637412575394
6.67829795280301
6.44091023844015
8.5650466208474
8.72185004194872
6.46859044132611
7.84954549499667
7.87757112837863
7.97562744679759
6.47907375720852
8.52515661925113
7.74841519470016
7.92131521212266
8.58196615641654
6.9265195452281
6.86359657584297
7.45583150751226
8.66143154319827
5.99256689542902
5.90961255574917
8.28901593354217
7.82281837999536
7.9075086318046
7.68825706950161
5.82446099083015
5.84750685075375
5.68388183286161
7.18603039853556
7.81988240019455
6.66571317984654
5.59689031814052
6.58807747853327
6.92974164031048
7.82266287727852
7.24027081224011
7.64459242809187
6.61557145762354
7.47465453250069
5.82553233674997
7.24021068151009
6.56435310506336
6.54850017038314
5.94460152803127
8.14702164890506
6.9987209442616
6.93933568989832
8.42209818475213
5.76307369510576
7.12939146960982
5.52962793904186
6.51581188807012
8.49723058240247
6.40616559602323
7.33355596006908
7.44069879936726
5.54782709145609
6.8413366168476
6.52492460189677
8.7689376049447
8.01596744550914
8.01106771696248
8.2345420526535
6.72777604926935
6.10763134082544
8.37856100670783
6.75787100610159
8.60502586409185
7.60430188443356
8.7063270305001
8.46208382470721
8.78321899850752
7.29792152986949
7.16708334958361
7.09521925043024
6.32407823149605
7.96226358785864
6.20652707204171
6.66641615075508
6.52144173105558
6.54823026435174
5.63422403249083
7.75066647759743
7.3489248081527
6.48420069925477
8.72499615584312
7.0100311273081
6.48924326246581
8.71459484338477
7.47073587070378
8.13152260203974
6.15496154255065
8.06637365083066
7.00112374790789
7.34534687952644
6.10972950392417
5.70041385033427
7.35845966180151
7.5205820457526
5.59751771442415
6.81029394810295
5.80895736417006
6.10125508542968
8.29657916271616
6.22552992563626
7.38937312319154
8.54460515259081
7.49368019616591
7.50369589800695
6.15839303222712
8.499714820989
7.59105105307043
6.34319797854693
7.6079953182773
8.22840807292551
6.22588573228852
8.37584236356949
8.34488546826822
8.66899908500105
7.19595859126538
8.78024037281504
7.20062762563104
7.39560937368485
6.00853053942593
6.58763782699091
6.88399166868204
5.54009874880405
6.19930131374962
5.72575268672003
6.81128765562094
7.77369492391145
6.43462959794728
6.37073765599641
7.19308418721955
7.97154842471715
8.61935248615242
8.60057603728351
5.81061473429261
8.47683279837082
6.7777394592284
8.12168525216045
7.06445994099395
7.05644029026687
6.64631806434294
5.915084684049
6.51044953213954
6.54803484017547
7.90189867678019
5.86470351324635
7.68932773152587
5.85243501152387
5.55535615684707
7.56445598721775
7.56826820903242
7.67345875071558
7.18995067225701
7.96450736067688
5.83748368615555
6.25683120273313
7.9153545227819
6.42763256122602
5.99031101829309
6.45462297822665
7.68538430523875
6.45729481918368
6.44324225129797
7.22609264467355
7.21121281633875
6.68517129636722
7.31700999921458
5.88334487654387
5.63360615389268
6.70596413249785
8.4237930816546
7.64172531443181
6.57649593271286
8.13989868301694
6.24000588162697
8.6211350948986
7.43034482530883
7.92004865355846
8.07781036241544
8.59555224646597
5.8483841760816
7.46831220149412
6.3478113546658
8.42579248692761
6.09441260321321
7.55961940317883
7.9250540375837
5.92581904542915
6.40708664617788
8.18057988591235
7.48970658001523
8.02336137838385
8.09421139410434
8.60078190527785
6.14138267178483
6.72815126749853
5.53151032286008
6.82517575663351
6.77459881303045
7.67941031414237
7.23122381551779
8.30926917080439
6.67902795650725
8.63708360422121
6.9978750237816
6.93147302495036
7.52702914065499
6.69668541800545
5.7637646794695
8.3340755230159
8.22907999069155
6.06077603434239
7.19115099977811
5.68291778358275
5.86177383002181
7.72879133226188
6.95443991044852
8.36015755176772
8.3248507205726
7.0722701751019
7.02623314224074
8.41751907006096
6.74656809201768
5.85763782943221
6.99418987042261
8.69066671539353
6.03565119541326
7.00912389781029
6.52857367551384
8.07891426701602
6.88354500486984
6.77651268918822
7.60590959200675
6.90790767066334
6.36319978961989
8.13927318612578
7.98616415736199
6.65234518281354
6.29710950156349
5.71382713698257
7.06865443184012
6.81079547729372
5.87601630226788
6.99810124869251
6.06159648291947
5.67725364329018
6.29508897653445
8.35155778271826
6.78064995531383
8.5600637978773
8.10480406742293
5.53621725929925
6.66032075533376
6.87027732226055
6.99606640543939
8.29167491523554
8.70404729351027
5.69561492233804
8.38825024493653
6.85247129418848
6.40965839611391
8.78687559454271
8.3846576735113
8.63973742842183
8.60461674147573
7.16112103613818
6.63051651412159
8.10824169341567
7.93207319653242
5.73982714697393
8.28284953695731
5.69811516003998
7.97172393853208
6.38585498188003
7.3705085769214
7.60841930747399
7.24900571132843
7.78463466178989
7.10613918791858
6.84698907196291
5.5717526321339
8.08244069969536
8.16762520125901
5.51446081623553
7.92318743164559
5.96394580405728
5.77370208233216
7.66118967819072
7.69192640782433
7.42188496211753
7.04326027311803
6.69908178450797
8.36385726194107
5.79302498814866
8.53949660342421
6.18343379790286
8.36575611294001
7.02005294085848
7.18571883649587
6.54412295319445
8.19273262434568
8.04983098762566
8.63365721784961
6.72842771183101
8.27722478642163
7.86416680570368
6.91020982903042
8.59915285286417
6.39771951301429
8.62413858846354
7.22614068810087
8.17617953821198
7.00688971730774
6.62633956929748
6.53501208326083
8.75600140706099
7.96319147358442
8.57669574554613
8.59577969564829
6.67396370983092
6.11150193403537
7.56550618311883
6.63147949817017
8.79583219031239
6.3001252628697
6.78630428857249
6.10781666510555
8.74098152031214
7.74987531444413
5.59989327499412
6.84203964154911
6.03439171215212
6.89661710304429
6.93296296641338
6.73142029984856
8.15650865801136
6.73329070415958
5.61645505331838
7.33201614802071
8.39218172155872
7.60755385293467
5.65065179241523
5.63054786707744
6.04270870372457
8.62715475960499
7.62387194468123
7.80347523789093
6.18699246227873
8.1822847358587
6.42253291122131
5.87092449976956
6.84520656984429
8.77482254577377
7.87013910383371
7.39440643613352
7.22832361933759
6.76112690622886
5.61372767178731
6.14024014541494
6.31345105354006
6.96381349173753
6.74627065450301
7.41097465319159
7.31759030200055
7.92793269090715
7.99777682797752
7.18984186460892
6.37759081174201
8.31885174000751
6.72539295627089
8.17257649013787
6.25392693547007
8.42341183184932
8.26911474833954
7.41921455336136
5.76475697084634
6.21000730907607
6.74392629848806
5.70814280070388
5.98944121271836
6.51766744757639
8.43757924988675
7.68067009213197
8.70973681255627
7.28744652979334
6.1622181475735
6.91121409448969
8.19515397667321
7.67765165751918
6.95553475690886
7.27978835164426
5.64992473448096
7.80066486894629
5.54913111608622
6.4344684167855
6.48857632414624
6.52104003702555
6.45471741919865
8.51911261088
8.1126883217094
8.64838946931268
6.62647377910977
5.67809921400262
8.34854061700035
6.01714383913619
7.78786095455115
7.13881828634823
7.38701143899656
7.61123921348522
8.22163879822098
5.69837184804602
8.01259290988852
7.65057555747486
8.36379682844784
7.83168077262096
5.81505029607125
5.64422767558393
7.68163135911752
8.71338609095413
7.73912755704619
6.59116595846211
5.69571443719383
7.72552693834815
7.93778090107902
6.74813467393047
6.64245773235763
8.37186237759218
6.53918608768742
7.4557655205418
7.28811371364566
7.8804886750185
5.50621451353335
7.39128837493111
6.52029652779617
7.87657032331621
8.30479988172424
7.08302722658495
7.7108616196931
5.96790823125304
7.89080678222847
6.21784172959515
7.31363884457142
7.1663626180946
6.8119315088245
7.65991918885672
5.61358404471146
8.58849535119107
7.90672588825674
7.24862132741749
6.92168267480691
7.10080430405482
8.62312344556292
8.77719452237526
6.44997156679451
6.76876138323127
7.45331146755595
6.67985487976593
7.06629636824059
7.80756734919171
6.31379837369101
8.22983857194209
5.56782746050064
8.75202860970941
8.28164374468823
8.51973928120113
8.60398562958579
7.70347944108685
6.63912248817997
6.24455262861649
8.71740160098329
6.85663755071843
5.79921330331732
8.55875071604529
5.85022650642716
8.54570901677651
6.18241694004417
8.44739717956914
6.69303749939501
6.03829512428747
8.60498918768405
5.8852060794965
5.51859752702351
5.57895521890924
7.97430009743508
7.10366082404428
8.62391407399706
8.37455863762206
6.23205861342256
7.4033725989585
7.35234137888323
5.98812616814794
7.29099018015162
5.83321149380421
7.65004290573832
6.40714722408539
7.45393438509511
8.61180883248355
8.48702992647249
6.26178297252881
7.26513212937345
7.87702223671924
8.32926764318293
6.29432701780596
8.22759825966657
7.68300011466794
6.48722062808151
6.68769994460292
7.56289783070726
8.73362425726337
8.41437282829118
8.50291069629602
6.17650539035929
5.73183084756203
6.16916430812788
8.21991055879603
8.73625579733483
8.09442166888134
7.12312539119857
6.41501459977646
6.22776501461781
6.95661663813153
8.06261346686703
6.74202906928786
5.73279817754686
7.41924081421478
5.88783585747466
8.63365574993044
8.34597675892359
7.23074830810389
5.85496781425161
7.44559536601957
6.57925635152997
6.9993178293476
8.34957981824094
6.2363739795463
6.62174829781983
7.89902272521578
6.43138898477491
6.38934213836138
5.84226451705854
8.75255514761899
6.95763010939909
6.35610774433389
6.414209095225
8.65425755269757
7.0741288510339
6.78124479093464
7.08305046830394
8.64841441350397
6.54832272120718
7.24261552316
8.08031166571845
8.00882942845405
8.22368273904831
6.33746472624402
6.63266572522872
7.71130288657634
6.99625536987048
5.73790888655787
5.80157628805697
8.52514619155374
8.72233553862839
7.69909478852333
7.31403671768925
7.16117361788174
6.18122770055967
6.41902731087992
6.32249554331672
7.36493670830066
7.30551333336122
5.68266526470383
5.81076486499687
5.88026287361867
5.78304499201503
6.03024151865048
5.88018586641979
7.28175424499362
8.26446705052576
6.84569244942313
7.36807481170024
7.30934150159478
8.10731029060481
8.63976599898838
6.79887682444851
6.91055111791937
6.38684774478729
7.5404588237349
5.6056505663644
7.45899099255653
6.96713864346174
5.67233177510802
8.28370832814831
7.88462459877352
8.47881094944032
7.34697137976456
7.71215516307185
5.61851367565726
7.19992716096822
6.73376347266998
6.76977029801398
5.65617250412456
8.08449072808944
7.97833602591427
7.02077894534746
7.4794360227257
5.63090124709821
6.032005765236
5.73871390399741
6.57597606930626
5.60801641166114
5.85191565445468
7.79589946514733
6.45413778854337
8.39243921567713
8.66514506222537
6.41947822680056
6.26854943227405
8.61014471308518
6.78961171059938
5.93948145417775
6.95691778346042
6.13253346462641
5.51179394957831
7.5429413010327
6.90240642781777
6.23308567081715
6.64174635329184
7.77490597307382
8.24174247534533
6.87870486821729
8.31720229797324
6.00908397071619
7.73100345982258
7.26047055514253
8.44517225693875
8.10238336756186
5.6614429406669
5.76897788609524
8.09401896164592
8.67558074679286
7.16704119886123
8.567866966493
6.64330561731178
7.45819318546809
6.13532676819898
6.79315652305101
7.05221609037533
6.22121977792634
6.21493998669171
6.44379784801798
7.92386299105277
7.97404064459013
7.11266049660911
6.83808075219809
6.39047560306505
5.56833858728973
7.63596744562236
6.41722009223034
5.80969850874237
8.06975245322488
7.76199201865044
7.49802418475723
5.85877509568542
5.54495698206502
8.43344751738344
5.50621253148435
5.7197479610122
6.82580760210779
8.33763193823954
8.54761298548116
8.59581616531914
7.00909280512868
6.81052294180746
8.58057020433612
7.69786775813236
8.36965107247049
8.25602379625568
7.03849480096093
7.13894258229639
8.26140446797137
8.53115433050975
6.25996710973454
6.318138317119
5.52103875858336
8.10807389884353
6.92836929346178
6.73053048406023
8.57352687435015
7.84272333410206
5.71627970651116
7.79402286150802
7.25486697132213
8.47703554165749
8.18244845921534
6.55302923520261
8.26070428650558
7.12214047263537
6.00996236678119
8.41306101338132
6.1504974316601
8.31616087158591
6.93939852866355
5.64269570385699
6.31737801308778
8.24679401558214
7.82413469065245
7.58707068112719
5.84597813994526
6.04545389763196
7.62509528852721
8.49129910569505
7.45441510574368
8.16565247698525
6.23140513275251
8.5080710869869
5.82584292533818
7.88547851377556
5.6304154004347
6.7054958565281
5.85223833304284
6.03400054057352
8.62645808349265
6.46483662244494
6.19296268129703
7.85214316372614
5.90478520775141
6.02223107192139
6.34230811839035
8.37197844838225
6.07900611083632
8.65994178460031
7.1557269568888
7.55852883699243
6.56025764899904
6.74681516298512
7.10235489581418
6.31602039616708
5.86639235255149
8.64641729496161
7.72425800746921
6.39003986068165
8.16419250412258
7.51853238118685
8.22936238894302
7.32402097951996
8.39177632138167
5.75746744146986
8.29058840619705
8.73452810656982
7.2890265782916
6.34333133532111
5.88780435690784
5.77594896023782
7.87566959999209
8.43995012448611
6.521336056604
7.52739490320345
7.86186935583179
5.73477591312594
7.98303928675478
7.59573361651157
5.77842562330674
8.75421962521692
5.96835901570692
5.54509543338678
6.54171670729062
7.38910223950242
8.152281614626
6.28530626447014
5.96919980059694
6.30811497271212
5.75840304048897
8.07796288527898
5.65657078852096
6.20353833405068
8.68607555463402
6.213621204678
6.94618500428266
8.03361187469199
8.73028072647802
5.6696394896959
7.32850801107312
5.7723545303624
7.27516576218537
7.3414418021419
8.53876078877301
5.69812569199952
6.29942047160164
8.65277602386111
8.4828507066816
6.26592598018133
6.43259595720264
5.83303015051448
8.32877130395642
7.32510394495393
6.15572319401748
7.01874177733904
8.62466085342005
7.35750472907628
8.37322976081973
5.85535238183932
7.57171048635126
5.76400123210434
7.19888130709284
6.83934193578767
7.28378666997412
6.91098293479406
8.14620239132442
5.76240249823196
8.06284344500906
8.39709245024078
7.87686379151515
7.73278932774898
6.11657850590066
6.18878220957676
7.82503512223478
6.59735371890521
8.14985477221127
8.23189136755209
8.72887011589216
8.54755280457558
8.18462107839223
8.70371217987879
8.488893047257
7.56018441283515
6.50677247597536
6.48429646658112
6.24116312897698
5.71025619947817
7.49685719620252
7.83613371687041
5.66762349063421
5.96909567996184
6.45262513152174
7.42682733258495
6.31168698137265
6.40358681419188
7.66338192217734
7.89764549108946
8.64013720150312
6.52974091055835
6.27022596810822
7.21999400447092
6.41409974560089
7.60316337743695
6.07217212345321
8.45866145254167
7.36967484929273
8.40743158841696
8.29357828514664
7.26526725493293
5.75335397114261
8.01718362294657
8.13160653781225
7.4123339453253
8.1156683096237
6.19620242499695
5.76206896252102
5.67846858156589
6.25783308681129
7.252073677515
6.2495539096399
7.49032986692107
8.67497296751203
8.01951220452998
6.75327001389236
7.63667477831734
7.06714916500236
8.46306851352464
6.14496418992498
5.64777067032894
6.18466807484901
6.73353436248734
6.92149926494402
7.87529095866781
5.56537551447235
7.64593775996386
6.17293161751522
6.75201313401908
6.91679559611112
6.65592538292524
6.10385838330831
7.14300322616683
5.54794512561445
8.65944374584332
6.48192100087212
6.87946120413606
5.99756978368017
5.7450346351731
7.50139226294271
6.0118846071464
8.61506884479909
8.69964017224138
